===== Assembly blocks =====

=== CODE BLOCK ADDRESS 0x1000 ===
=== CODE BLOCK END ===

=== DATA BLOCK ADDRESS 0xc000 ===
  0xc000	70 f0 00 40 01 00 00 00 10 f1 00 40 01 00 00 00 	p00@0000000@0000
  0xc010	18 01 00 00 00 00 00 00 00 00 00 00 00 00 00 00 	0000000000000000
  0xc020	00 00 00 00 00 00 00 00 00 00 00 00 00 00 00 00 	0000000000000000
  0xc030	00 00 00 00 00 00 00 00 00 00 00 00 00 00 00 00 	0000000000000000
  0xc040	00 00 00 00 00 00 00 00 00 00 00 00 00 00 00 00 	0000000000000000
  0xc050	00 00 00 00 00 00 00 00 00 00 00 00 00 00 00 00 	0000000000000000
  0xc060	00 00 00 00 00 00 00 00 18 f0 00 40 01 00 00 00 	00000000000@0000
  0xc070	00 00 00 00 00 00 00 00 00 00 00 00 00 00 00 00 	0000000000000000
  0xc080	60 c5 00 40 01 00 00 00 68 c5 00 40 01 00 00 00 	`00@0000h00@0000
  0xc090	a8 c5 00 40 01 00 00 00 13 00 00 00 00 00 00 00 	000@000000000000
  0xc0a0	00 75 01 00 00 00 00 00 00 00 00 00 00 00 00 00 	0u00000000000000
  0xc0b0	00 00 00 00 00 00 00 00 00 00 00 00 00 00 00 00 	0000000000000000
  0xc0c0	00 00 00 00 00 00 00 00 00 00 00 00 00 00 00 00 	0000000000000000
  0xc0d0	00 00 00 00 00 00 00 00 00 00 00 00 00 00 00 00 	0000000000000000
  0xc0e0	00 00 00 00 00 00 00 00 00 00 00 00 00 00 00 00 	0000000000000000
  0xc0f0	00 00 00 00 00 00 00 00 00 00 00 00 00 00 00 00 	0000000000000000
  0xc100	00 00 00 00 00 00 00 00 00 00 00 00 00 00 00 00 	0000000000000000
  0xc110	00 00 00 00 00 00 00 00 00 00 00 00 00 00 00 00 	0000000000000000
  0xc120	00 00 00 00 00 00 00 00 f0 e4 00 00 00 00 00 00 	0000000000000000
  0xc130	08 e5 00 00 00 00 00 00 1e e5 00 00 00 00 00 00 	0000000000000000
  0xc140	34 e5 00 00 00 00 00 00 4a e5 00 00 00 00 00 00 	40000000J0000000
  0xc150	62 e5 00 00 00 00 00 00 72 e5 00 00 00 00 00 00 	b0000000r0000000
  0xc160	86 e5 00 00 00 00 00 00 94 e5 00 00 00 00 00 00 	0000000000000000
  0xc170	a6 e5 00 00 00 00 00 00 b8 e5 00 00 00 00 00 00 	0000000000000000
  0xc180	ca e5 00 00 00 00 00 00 3e ec 00 00 00 00 00 00 	00000000>0000000
  0xc190	00 00 00 00 00 00 00 00 59 01 00 00 00 00 00 80 	00000000Y0000000
  0xc1a0	e8 eb 00 00 00 00 00 00 cc eb 00 00 00 00 00 00 	0000000000000000
  0xc1b0	58 01 00 00 00 00 00 80 00 00 00 00 00 00 00 00 	X000000000000000
  0xc1c0	1e ec 00 00 00 00 00 00 08 ec 00 00 00 00 00 00 	0000000000000000
  0xc1d0	00 00 00 00 00 00 00 00 c4 e6 00 00 00 00 00 00 	0000000000000000
  0xc1e0	e2 e6 00 00 00 00 00 00 d4 e6 00 00 00 00 00 00 	0000000000000000
  0xc1f0	9a e6 00 00 00 00 00 00 b0 e6 00 00 00 00 00 00 	0000000000000000
  0xc200	00 00 00 00 00 00 00 00 84 e6 00 00 00 00 00 00 	0000000000000000
  0xc210	e6 e5 00 00 00 00 00 00 20 e6 00 00 00 00 00 00 	00000000 0000000
  0xc220	54 ed 00 00 00 00 00 00 6e e6 00 00 00 00 00 00 	T0000000n0000000
  0xc230	36 ed 00 00 00 00 00 00 1c ed 00 00 00 00 00 00 	6000000000000000
  0xc240	06 ed 00 00 00 00 00 00 f0 ec 00 00 00 00 00 00 	0000000000000000
  0xc250	d6 ec 00 00 00 00 00 00 c2 ec 00 00 00 00 00 00 	0000000000000000
  0xc260	ae ec 00 00 00 00 00 00 9a ec 00 00 00 00 00 00 	0000000000000000
  0xc270	7c ec 00 00 00 00 00 00 60 ec 00 00 00 00 00 00 	|0000000`0000000
  0xc280	4e ec 00 00 00 00 00 00 10 e6 00 00 00 00 00 00 	N000000000000000
  0xc290	5e e6 00 00 00 00 00 00 4e e6 00 00 00 00 00 00 	^0000000N0000000
  0xc2a0	3e e6 00 00 00 00 00 00 46 ed 00 00 00 00 00 00 	>0000000F0000000
  0xc2b0	04 e6 00 00 00 00 00 00 f4 e5 00 00 00 00 00 00 	0000000000000000
  0xc2c0	30 e6 00 00 00 00 00 00 00 00 00 00 00 00 00 00 	0000000000000000
  0xc2d0	06 00 00 00 00 00 00 80 02 00 00 00 00 00 00 80 	0000000000000000
  0xc2e0	00 00 00 00 00 00 00 00 fe ea 00 00 00 00 00 00 	0000000000000000
  0xc2f0	14 eb 00 00 00 00 00 00 00 00 00 00 00 00 00 00 	0000000000000000
  0xc300	60 e9 00 00 00 00 00 00 72 e9 00 00 00 00 00 00 	`0000000r0000000
  0xc310	82 e9 00 00 00 00 00 00 9a e9 00 00 00 00 00 00 	0000000000000000
  0xc320	a6 e9 00 00 00 00 00 00 c6 e8 00 00 00 00 00 00 	0000000000000000
  0xc330	1a e9 00 00 00 00 00 00 0c e9 00 00 00 00 00 00 	0000000000000000
  0xc340	fc e6 00 00 00 00 00 00 1c e7 00 00 00 00 00 00 	0000000000000000
  0xc350	2e e7 00 00 00 00 00 00 3c e7 00 00 00 00 00 00 	.0000000<0000000
  0xc360	50 e7 00 00 00 00 00 00 64 e7 00 00 00 00 00 00 	P0000000d0000000
  0xc370	82 e7 00 00 00 00 00 00 fc e8 00 00 00 00 00 00 	0000000000000000
  0xc380	4c e9 00 00 00 00 00 00 b8 e7 00 00 00 00 00 00 	L000000000000000
  0xc390	c8 e7 00 00 00 00 00 00 da e7 00 00 00 00 00 00 	0000000000000000
  0xc3a0	ea e7 00 00 00 00 00 00 fa e7 00 00 00 00 00 00 	0000000000000000
  0xc3b0	0c e8 00 00 00 00 00 00 1a e8 00 00 00 00 00 00 	0000000000000000
  0xc3c0	2c e8 00 00 00 00 00 00 3c e8 00 00 00 00 00 00 	,0000000<0000000
  0xc3d0	52 e8 00 00 00 00 00 00 64 e8 00 00 00 00 00 00 	R0000000d0000000
  0xc3e0	78 e8 00 00 00 00 00 00 8a e8 00 00 00 00 00 00 	x000000000000000
  0xc3f0	98 e8 00 00 00 00 00 00 a4 e8 00 00 00 00 00 00 	0000000000000000
  0xc400	b0 e8 00 00 00 00 00 00 d4 e8 00 00 00 00 00 00 	0000000000000000
  0xc410	40 e9 00 00 00 00 00 00 a4 e7 00 00 00 00 00 00 	@000000000000000
  0xc420	2e e9 00 00 00 00 00 00 ea e8 00 00 00 00 00 00 	.000000000000000
  0xc430	90 e7 00 00 00 00 00 00 b2 e9 00 00 00 00 00 00 	0000000000000000
  0xc440	00 00 00 00 00 00 00 00 8e eb 00 00 00 00 00 00 	0000000000000000
  0xc450	9e eb 00 00 00 00 00 00 ae eb 00 00 00 00 00 00 	0000000000000000
  0xc460	7e eb 00 00 00 00 00 00 00 00 00 00 00 00 00 00 	~000000000000000
  0xc470	c0 ea 00 00 00 00 00 00 a8 ea 00 00 00 00 00 00 	0000000000000000
  0xc480	9e ea 00 00 00 00 00 00 94 ea 00 00 00 00 00 00 	0000000000000000
  0xc490	a2 ed 00 00 00 00 00 00 70 ea 00 00 00 00 00 00 	00000000p0000000
  0xc4a0	5c ea 00 00 00 00 00 00 52 ea 00 00 00 00 00 00 	00000000R0000000
  0xc4b0	4a ea 00 00 00 00 00 00 42 ea 00 00 00 00 00 00 	J0000000B0000000
  0xc4c0	30 ea 00 00 00 00 00 00 1e ea 00 00 00 00 00 00 	0000000000000000
  0xc4d0	10 ea 00 00 00 00 00 00 02 ea 00 00 00 00 00 00 	0000000000000000
  0xc4e0	fa e9 00 00 00 00 00 00 ee e9 00 00 00 00 00 00 	0000000000000000
  0xc4f0	e0 e9 00 00 00 00 00 00 ca e9 00 00 00 00 00 00 	0000000000000000
  0xc500	7c ea 00 00 00 00 00 00 ac ed 00 00 00 00 00 00 	|000000000000000
  0xc510	00 00 00 00 00 00 00 00 32 eb 00 00 00 00 00 00 	0000000020000000
  0xc520	60 eb 00 00 00 00 00 00 8e ed 00 00 00 00 00 00 	`000000000000000
  0xc530	46 eb 00 00 00 00 00 00 00 00 00 00 00 00 00 00 	F000000000000000
  0xc540	d4 ea 00 00 00 00 00 00 6a ed 00 00 00 00 00 00 	00000000j0000000
  0xc550	7e ed 00 00 00 00 00 00 00 00 00 00 00 00 00 00 	~000000000000000
  0xc560	50 b4 00 40 01 00 00 00 a0 b5 00 40 01 00 00 00 	P00@0000000@0000
  0xc570	00 00 00 00 00 00 00 00 60 ac 00 40 01 00 00 00 	00000000`00@0000
  0xc580	00 00 00 00 00 00 00 00 00 00 00 00 00 00 00 00 	0000000000000000
  0xc590	80 ab 00 40 01 00 00 00 80 b1 00 40 01 00 00 00 	000@0000000@0000
  0xc5a0	00 00 00 00 00 00 00 00 b0 11 00 00 f0 19 00 00 	0000000000000000
  0xc5b0	f0 1c 00 00 50 2d 00 00 60 3a 00 00 60 4b 00 00 	0000P-00`:00`K00
  0xc5c0	80 56 00 00 50 58 00 00 70 5d 00 00 60 6e 00 00 	0V00PX00p]00`n00
  0xc5d0	60 70 00 00 80 ab 00 00 60 ac 00 00 20 af 00 00 	`p000000`000 000
  0xc5e0	b0 af 00 00 40 b1 00 00 80 b1 00 00 60 b2 00 00 	0000@0000000`000
  0xc5f0	50 b4 00 00 00 00 00 00 00 00 00 00 00 00 00 00 	P000000000000000
  0xc600	4e 00 55 00 4c 00 4c 00 00 00 00 00 00 00 00 00 	N0U0L0L000000000
  0xc610	50 00 61 00 73 00 73 00 77 00 64 00 41 00 75 00 	P0a0s0s0w0d0A0u0
  0xc620	74 00 68 00 65 00 6e 00 74 00 69 00 63 00 61 00 	t0h0e0n0t0i0c0a0
  0xc630	74 00 65 00 00 00 00 00 50 00 61 00 73 00 73 00 	t0e00000P0a0s0s0
  0xc640	77 00 64 00 55 00 6e 00 61 00 75 00 74 00 68 00 	w0d0U0n0a0u0t0h0
  0xc650	65 00 6e 00 74 00 69 00 63 00 61 00 74 00 65 00 	e0n0t0i0c0a0t0e0
  0xc660	00 00 00 00 00 00 00 00 2f 00 4e 00 6f 00 55 00 	00000000/0N0o0U0
  0xc670	49 00 00 00 00 00 00 00 2f 00 54 00 65 00 6d 00 	I0000000/0T0e0m0
  0xc680	70 00 6f 00 72 00 61 00 72 00 79 00 00 00 00 00 	p0o0r0a0r0y00000
  0xc690	2f 00 46 00 72 00 65 00 65 00 7a 00 65 00 00 00 	/0F0r0e0e0z0e000
  0xc6a0	45 00 68 00 53 00 74 00 6f 00 72 00 41 00 75 00 	E0h0S0t0o0r0A0u0
  0xc6b0	74 00 68 00 6e 00 43 00 6c 00 61 00 73 00 73 00 	t0h0n0C0l0a0s0s0
  0xc6c0	20 00 25 00 73 00 00 00 45 00 6e 00 68 00 61 00 	 0%0s000E0n0h0a0
  0xc6d0	6e 00 63 00 65 00 64 00 53 00 74 00 6f 00 72 00 	n0c0e0d0S0t0o0r0
  0xc6e0	61 00 67 00 65 00 41 00 75 00 74 00 68 00 65 00 	a0g0e0A0u0t0h0e0
  0xc6f0	6e 00 74 00 69 00 63 00 61 00 74 00 69 00 6f 00 	n0t0i0c0a0t0i0o0
  0xc700	6e 00 00 00 00 00 00 00 66 81 24 91 32 b8 d4 4a 	n0000000f0$0200J
  0xc710	ba a4 7c a0 b6 b2 79 8c d1 07 00 00 00 00 00 00 	00|000y000000000
  0xc720	1f 98 09 6b 21 59 f3 3b e9 2c 4b 02 37 f1 31 57 	000k!Y0;0,K0701W
  0xc730	f2 6f 06 5c 5d 7b 20 43 b4 7c e9 47 36 14 f5 db 	0o00]{ C0|0G6000
  0xc740	66 81 24 91 32 b8 d4 4a ba a4 7c a0 b6 b2 79 8c 	f0$0200J00|000y0
  0xc750	f2 03 00 00 00 00 00 00 66 81 24 91 32 b8 d4 4a 	00000000f0$0200J
  0xc760	ba a4 7c a0 b6 b2 79 8c db 07 00 00 00 00 00 00 	00|000y000000000
  0xc770	66 81 24 91 32 b8 d4 4a ba a4 7c a0 b6 b2 79 8c 	f0$0200J00|000y0
  0xc780	ee 03 00 00 00 00 00 00 66 81 24 91 32 b8 d4 4a 	00000000f0$0200J
  0xc790	ba a4 7c a0 b6 b2 79 8c de 07 00 00 00 00 00 00 	00|000y000000000
  0xc7a0	66 81 24 91 32 b8 d4 4a ba a4 7c a0 b6 b2 79 8c 	f0$0200J00|000y0
  0xc7b0	d3 00 00 00 00 00 00 00 66 81 24 91 32 b8 d4 4a 	00000000f0$0200J
  0xc7c0	ba a4 7c a0 b6 b2 79 8c cd 00 00 00 00 00 00 00 	00|000y000000000
  0xc7d0	66 81 24 91 32 b8 d4 4a ba a4 7c a0 b6 b2 79 8c 	f0$0200J00|000y0
  0xc7e0	d6 07 00 00 00 00 00 00 9c 2a 42 f0 c8 5d 40 44 	000000000*B00]@D
  0xc7f0	b5 bd 5d f2 88 35 65 8a ea 03 00 00 00 00 00 00 	00]005e000000000
  0xc800	66 81 24 91 32 b8 d4 4a ba a4 7c a0 b6 b2 79 8c 	f0$0200J00|000y0
  0xc810	cc 00 00 00 00 00 00 00 9c 2a 42 f0 c8 5d 40 44 	000000000*B00]@D
  0xc820	b5 bd 5d f2 88 35 65 8a e9 03 00 00 00 00 00 00 	00]005e000000000
  0xc830	66 81 24 91 32 b8 d4 4a ba a4 7c a0 b6 b2 79 8c 	f0$0200J00|000y0
  0xc840	da 07 00 00 00 00 00 00 57 cf 2b 7c ea 2b da 46 	00000000W0+|0+0F
  0xc850	ad 26 78 fd c8 3c ee 46 66 81 24 91 32 b8 d4 4a 	0&x00<0Ff0$0200J
  0xc860	ba a4 7c a0 b6 b2 79 8c d1 00 00 00 00 00 00 00 	00|000y000000000
  0xc870	66 81 24 91 32 b8 d4 4a ba a4 7c a0 b6 b2 79 8c 	f0$0200J00|000y0
  0xc880	dc 07 00 00 00 00 00 00 66 81 24 91 32 b8 d4 4a 	00000000f0$0200J
  0xc890	ba a4 7c a0 b6 b2 79 8c d9 07 00 00 00 00 00 00 	00|000y000000000
  0xc8a0	66 81 24 91 32 b8 d4 4a ba a4 7c a0 b6 b2 79 8c 	f0$0200J00|000y0
  0xc8b0	d4 07 00 00 00 00 00 00 66 81 24 91 32 b8 d4 4a 	00000000f0$0200J
  0xc8c0	ba a4 7c a0 b6 b2 79 8c cb 00 00 00 00 00 00 00 	00|000y000000000
  0xc8d0	9c 2a 42 f0 c8 5d 40 44 b5 bd 5d f2 88 35 65 8a 	0*B00]@D00]005e0
  0xc8e0	eb 03 00 00 00 00 00 00 66 81 24 91 32 b8 d4 4a 	00000000f0$0200J
  0xc8f0	ba a4 7c a0 b6 b2 79 8c d8 07 00 00 00 00 00 00 	00|000y000000000
  0xc900	66 81 24 91 32 b8 d4 4a ba a4 7c a0 b6 b2 79 8c 	f0$0200J00|000y0
  0xc910	d7 07 00 00 00 00 00 00 66 81 24 91 32 b8 d4 4a 	00000000f0$0200J
  0xc920	ba a4 7c a0 b6 b2 79 8c cf 00 00 00 00 00 00 00 	00|000y000000000
  0xc930	66 81 24 91 32 b8 d4 4a ba a4 7c a0 b6 b2 79 8c 	f0$0200J00|000y0
  0xc940	df 07 00 00 00 00 00 00 66 81 24 91 32 b8 d4 4a 	00000000f0$0200J
  0xc950	ba a4 7c a0 b6 b2 79 8c ce 00 00 00 00 00 00 00 	00|000y000000000
  0xc960	66 81 24 91 32 b8 d4 4a ba a4 7c a0 b6 b2 79 8c 	f0$0200J00|000y0
  0xc970	d2 00 00 00 00 00 00 00 54 00 41 00 53 00 4b 00 	00000000T0A0S0K0
  0xc980	44 00 49 00 41 00 4c 00 4f 00 47 00 00 00 00 00 	D0I0A0L0O0G00000
  0xc990	60 24 c5 b6 f5 b2 1e 3b 71 57 5e 6c 59 ce 71 37 	`$00000;qW^lY0q7
  0xc9a0	45 00 4e 00 48 00 41 00 4e 00 43 00 45 00 44 00 	E0N0H0A0N0C0E0D0
  0xc9b0	5f 00 53 00 54 00 4f 00 52 00 41 00 47 00 45 00 	_0S0T0O0R0A0G0E0
  0xc9c0	5f 00 57 00 48 00 41 00 54 00 5f 00 49 00 53 00 	_0W0H0A0T0_0I0S0
  0xc9d0	5f 00 52 00 45 00 43 00 4f 00 56 00 45 00 52 00 	_0R0E0C0O0V0E0R0
  0xc9e0	59 00 5f 00 50 00 41 00 53 00 53 00 57 00 4f 00 	Y0_0P0A0S0S0W0O0
  0xc9f0	52 00 44 00 00 00 00 00 00 00 00 00 00 00 00 00 	R0D0000000000000
  0xca00	6d 00 73 00 68 00 65 00 6c 00 70 00 3a 00 2f 00 	m0s0h0e0l0p0:0/0
  0xca10	2f 00 57 00 69 00 6e 00 64 00 6f 00 77 00 73 00 	/0W0i0n0d0o0w0s0
  0xca20	2f 00 3f 00 69 00 64 00 3d 00 35 00 32 00 37 00 	/0?0i0d0=0502070
  0xca30	66 00 31 00 31 00 31 00 66 00 2d 00 30 00 35 00 	f0101010f0-00050
  0xca40	63 00 31 00 2d 00 34 00 37 00 64 00 63 00 2d 00 	c010-04070d0c0-0
  0xca50	61 00 62 00 39 00 33 00 2d 00 66 00 64 00 38 00 	a0b09030-0f0d080
  0xca60	38 00 66 00 30 00 39 00 31 00 31 00 63 00 39 00 	80f000901010c090
  0xca70	39 00 23 00 72 00 65 00 63 00 6f 00 76 00 65 00 	90#0r0e0c0o0v0e0
  0xca80	72 00 79 00 5f 00 70 00 61 00 73 00 73 00 77 00 	r0y0_0p0a0s0s0w0
  0xca90	6f 00 72 00 64 00 00 00 00 00 00 00 00 00 00 00 	o0r0d00000000000
  0xcaa0	45 00 4e 00 48 00 41 00 4e 00 43 00 45 00 44 00 	E0N0H0A0N0C0E0D0
  0xcab0	5f 00 53 00 54 00 4f 00 52 00 41 00 47 00 45 00 	_0S0T0O0R0A0G0E0
  0xcac0	5f 00 52 00 45 00 53 00 45 00 54 00 5f 00 57 00 	_0R0E0S0E0T0_0W0
  0xcad0	48 00 41 00 54 00 5f 00 49 00 53 00 5f 00 53 00 	H0A0T0_0I0S0_0S0
  0xcae0	45 00 43 00 55 00 52 00 49 00 54 00 59 00 5f 00 	E0C0U0R0I0T0Y0_0
  0xcaf0	49 00 44 00 45 00 4e 00 54 00 49 00 46 00 49 00 	I0D0E0N0T0I0F0I0
  0xcb00	45 00 52 00 00 00 00 00 00 00 00 00 00 00 00 00 	E0R0000000000000
  0xcb10	6d 00 73 00 68 00 65 00 6c 00 70 00 3a 00 2f 00 	m0s0h0e0l0p0:0/0
  0xcb20	2f 00 57 00 69 00 6e 00 64 00 6f 00 77 00 73 00 	/0W0i0n0d0o0w0s0
  0xcb30	2f 00 3f 00 69 00 64 00 3d 00 36 00 37 00 37 00 	/0?0i0d0=0607070
  0xcb40	31 00 32 00 34 00 39 00 30 00 2d 00 32 00 33 00 	1020409000-02030
  0xcb50	39 00 36 00 2d 00 34 00 37 00 38 00 37 00 2d 00 	9060-040708070-0
  0xcb60	39 00 30 00 34 00 37 00 2d 00 63 00 38 00 61 00 	90004070-0c080a0
  0xcb70	30 00 32 00 37 00 34 00 35 00 36 00 39 00 61 00 	00207040506090a0
  0xcb80	62 00 23 00 73 00 65 00 63 00 75 00 72 00 69 00 	b0#0s0e0c0u0r0i0
  0xcb90	74 00 79 00 5f 00 69 00 64 00 65 00 6e 00 74 00 	t0y0_0i0d0e0n0t0
  0xcba0	69 00 66 00 69 00 65 00 72 00 00 00 00 00 00 00 	i0f0i0e0r0000000
  0xcbb0	45 00 4e 00 48 00 41 00 4e 00 43 00 45 00 44 00 	E0N0H0A0N0C0E0D0
  0xcbc0	5f 00 53 00 54 00 4f 00 52 00 41 00 47 00 45 00 	_0S0T0O0R0A0G0E0
  0xcbd0	5f 00 57 00 49 00 5a 00 41 00 52 00 44 00 5f 00 	_0W0I0Z0A0R0D0_0
  0xcbe0	57 00 48 00 41 00 54 00 5f 00 49 00 53 00 5f 00 	W0H0A0T0_0I0S0_0
  0xcbf0	45 00 4e 00 48 00 41 00 4e 00 43 00 45 00 44 00 	E0N0H0A0N0C0E0D0
  0xcc00	5f 00 53 00 54 00 4f 00 52 00 41 00 47 00 45 00 	_0S0T0O0R0A0G0E0
  0xcc10	00 00 00 00 00 00 00 00 00 00 00 00 00 00 00 00 	0000000000000000
  0xcc20	6d 00 73 00 68 00 65 00 6c 00 70 00 3a 00 2f 00 	m0s0h0e0l0p0:0/0
  0xcc30	2f 00 57 00 69 00 6e 00 64 00 6f 00 77 00 73 00 	/0W0i0n0d0o0w0s0
  0xcc40	2f 00 3f 00 69 00 64 00 3d 00 37 00 64 00 61 00 	/0?0i0d0=070d0a0
  0xcc50	39 00 61 00 63 00 63 00 66 00 2d 00 38 00 39 00 	90a0c0c0f0-08090
  0xcc60	35 00 66 00 2d 00 34 00 33 00 36 00 66 00 2d 00 	50f0-0403060f0-0
  0xcc70	38 00 32 00 31 00 65 00 2d 00 34 00 64 00 32 00 	802010e0-040d020
  0xcc80	31 00 33 00 61 00 36 00 65 00 66 00 64 00 32 00 	1030a060e0f0d020
  0xcc90	65 00 00 00 00 00 00 00 80 99 7e 88 ce d9 39 37 	e000000000~00097
  0xcca0	ad 9a 3f c2 12 9e f2 46 00 00 00 00 00 00 00 00 	00?0000F00000000
  0xccb0	53 00 4f 00 46 00 54 00 57 00 41 00 52 00 45 00 	S0O0F0T0W0A0R0E0
  0xccc0	5c 00 4d 00 69 00 63 00 72 00 6f 00 73 00 6f 00 	00M0i0c0r0o0s0o0
  0xccd0	66 00 74 00 5c 00 57 00 69 00 6e 00 64 00 6f 00 	f0t000W0i0n0d0o0
  0xcce0	77 00 73 00 5c 00 43 00 75 00 72 00 72 00 65 00 	w0s000C0u0r0r0e0
  0xccf0	6e 00 74 00 56 00 65 00 72 00 73 00 69 00 6f 00 	n0t0V0e0r0s0i0o0
  0xcd00	6e 00 5c 00 45 00 6e 00 68 00 61 00 6e 00 63 00 	n000E0n0h0a0n0c0
  0xcd10	65 00 64 00 53 00 74 00 6f 00 72 00 61 00 67 00 	e0d0S0t0o0r0a0g0
  0xcd20	65 00 5c 00 50 00 65 00 72 00 73 00 69 00 73 00 	e000P0e0r0s0i0s0
  0xcd30	74 00 65 00 6e 00 74 00 43 00 72 00 65 00 64 00 	t0e0n0t0C0r0e0d0
  0xcd40	43 00 61 00 63 00 68 00 65 00 00 00 00 00 00 00 	C0a0c0h0e0000000
  0xcd50	53 00 4f 00 46 00 54 00 57 00 41 00 52 00 45 00 	S0O0F0T0W0A0R0E0
  0xcd60	5c 00 4d 00 69 00 63 00 72 00 6f 00 73 00 6f 00 	00M0i0c0r0o0s0o0
  0xcd70	66 00 74 00 5c 00 57 00 69 00 6e 00 64 00 6f 00 	f0t000W0i0n0d0o0
  0xcd80	77 00 73 00 5c 00 43 00 75 00 72 00 72 00 65 00 	w0s000C0u0r0r0e0
  0xcd90	6e 00 74 00 56 00 65 00 72 00 73 00 69 00 6f 00 	n0t0V0e0r0s0i0o0
  0xcda0	6e 00 5c 00 45 00 6e 00 68 00 61 00 6e 00 63 00 	n000E0n0h0a0n0c0
  0xcdb0	65 00 64 00 53 00 74 00 6f 00 72 00 61 00 67 00 	e0d0S0t0o0r0a0g0
  0xcdc0	65 00 5c 00 56 00 6f 00 6c 00 61 00 74 00 69 00 	e000V0o0l0a0t0i0
  0xcdd0	6c 00 65 00 43 00 72 00 65 00 64 00 43 00 61 00 	l0e0C0r0e0d0C0a0
  0xcde0	63 00 68 00 65 00 00 00 00 00 00 00 00 00 00 00 	c0h0e00000000000
  0xcdf0	53 00 4f 00 46 00 54 00 57 00 41 00 52 00 45 00 	S0O0F0T0W0A0R0E0
  0xce00	5c 00 4d 00 69 00 63 00 72 00 6f 00 73 00 6f 00 	00M0i0c0r0o0s0o0
  0xce10	66 00 74 00 5c 00 57 00 69 00 6e 00 64 00 6f 00 	f0t000W0i0n0d0o0
  0xce20	77 00 73 00 5c 00 43 00 75 00 72 00 72 00 65 00 	w0s000C0u0r0r0e0
  0xce30	6e 00 74 00 56 00 65 00 72 00 73 00 69 00 6f 00 	n0t0V0e0r0s0i0o0
  0xce40	6e 00 5c 00 45 00 6e 00 68 00 61 00 6e 00 63 00 	n000E0n0h0a0n0c0
  0xce50	65 00 64 00 53 00 74 00 6f 00 72 00 61 00 67 00 	e0d0S0t0o0r0a0g0
  0xce60	65 00 00 00 00 00 00 00 00 00 00 00 00 00 00 00 	e000000000000000
  0xce70	53 00 4f 00 46 00 54 00 57 00 41 00 52 00 45 00 	S0O0F0T0W0A0R0E0
  0xce80	5c 00 4d 00 69 00 63 00 72 00 6f 00 73 00 6f 00 	00M0i0c0r0o0s0o0
  0xce90	66 00 74 00 5c 00 57 00 69 00 6e 00 64 00 6f 00 	f0t000W0i0n0d0o0
  0xcea0	77 00 73 00 5c 00 43 00 75 00 72 00 72 00 65 00 	w0s000C0u0r0r0e0
  0xceb0	6e 00 74 00 56 00 65 00 72 00 73 00 69 00 6f 00 	n0t0V0e0r0s0i0o0
  0xcec0	6e 00 5c 00 45 00 6e 00 68 00 61 00 6e 00 63 00 	n000E0n0h0a0n0c0
  0xced0	65 00 64 00 53 00 74 00 6f 00 72 00 61 00 67 00 	e0d0S0t0o0r0a0g0
  0xcee0	65 00 5c 00 50 00 61 00 73 00 73 00 77 00 6f 00 	e000P0a0s0s0w0o0
  0xcef0	72 00 64 00 5c 00 46 00 69 00 72 00 73 00 74 00 	r0d000F0i0r0s0t0
  0xcf00	54 00 69 00 6d 00 65 00 55 00 73 00 65 00 00 00 	T0i0m0e0U0s0e000
  0xcf10	31 88 48 ae 0e 4c 40 35 32 dc 95 7f 06 47 b7 77 	10H00L@520000G0w
  0xcf20	52 00 75 00 6e 00 41 00 73 00 00 00 00 00 00 00 	R0u0n0A0s0000000
  0xcf30	72 00 75 00 6e 00 64 00 6c 00 6c 00 33 00 32 00 	r0u0n0d0l0l03020
  0xcf40	2e 00 65 00 78 00 65 00 00 00 00 00 00 00 00 00 	.0e0x0e000000000
  0xcf50	45 00 68 00 53 00 74 00 6f 00 72 00 50 00 77 00 	E0h0S0t0o0r0P0w0
  0xcf60	64 00 4d 00 67 00 72 00 2e 00 64 00 6c 00 6c 00 	d0M0g0r0.0d0l0l0
  0xcf70	2c 00 45 00 6e 00 68 00 61 00 6e 00 63 00 65 00 	,0E0n0h0a0n0c0e0
  0xcf80	64 00 53 00 74 00 6f 00 72 00 61 00 67 00 65 00 	d0S0t0o0r0a0g0e0
  0xcf90	50 00 61 00 73 00 73 00 77 00 6f 00 72 00 64 00 	P0a0s0s0w0o0r0d0
  0xcfa0	49 00 6e 00 69 00 74 00 44 00 69 00 73 00 6b 00 	I0n0i0t0D0i0s0k0
  0xcfb0	20 00 25 00 77 00 73 00 00 00 00 00 00 00 00 00 	 0%0w0s000000000
  0xcfc0	53 00 6f 00 66 00 74 00 77 00 61 00 72 00 65 00 	S0o0f0t0w0a0r0e0
  0xcfd0	5c 00 50 00 6f 00 6c 00 69 00 63 00 69 00 65 00 	00P0o0l0i0c0i0e0
  0xcfe0	73 00 5c 00 4d 00 69 00 63 00 72 00 6f 00 73 00 	s000M0i0c0r0o0s0
  0xcff0	6f 00 66 00 74 00 5c 00 57 00 69 00 6e 00 64 00 	o0f0t000W0i0n0d0
  0xd000	6f 00 77 00 73 00 5c 00 45 00 6e 00 68 00 61 00 	o0w0s000E0n0h0a0
  0xd010	6e 00 63 00 65 00 64 00 53 00 74 00 6f 00 72 00 	n0c0e0d0S0t0o0r0
  0xd020	61 00 67 00 65 00 44 00 65 00 76 00 69 00 63 00 	a0g0e0D0e0v0i0c0
  0xd030	65 00 73 00 00 00 00 00 44 00 69 00 73 00 61 00 	e0s00000D0i0s0a0
  0xd040	62 00 6c 00 65 00 50 00 61 00 73 00 73 00 77 00 	b0l0e0P0a0s0s0w0
  0xd050	6f 00 72 00 64 00 41 00 75 00 74 00 68 00 65 00 	o0r0d0A0u0t0h0e0
  0xd060	6e 00 74 00 69 00 63 00 61 00 74 00 69 00 6f 00 	n0t0i0c0a0t0i0o0
  0xd070	6e 00 00 00 00 00 00 00 28 00 6e 00 75 00 6c 00 	n0000000(0n0u0l0
  0xd080	6c 00 29 00 00 00 00 00 84 58 ec 8c a1 07 d9 11 	l0)000000X000000
  0xd090	b1 5e 00 0d 56 bf e6 ee 4f 70 65 6e 31 36 36 37 	0^00V000Open1667
  0xd0a0	44 65 76 69 63 65 00 00 51 75 65 72 79 50 61 73 	Device00QueryPas
  0xd0b0	73 77 6f 72 64 53 69 6c 6f 49 6e 66 6f 72 6d 61 	swordSiloInforma
  0xd0c0	74 69 6f 6e 00 00 00 00 46 72 65 65 50 61 73 73 	tion0000FreePass
  0xd0d0	77 6f 72 64 53 69 6c 6f 49 6e 66 6f 72 6d 61 74 	wordSiloInformat
  0xd0e0	69 6f 6e 00 00 00 00 00 43 6f 6e 66 69 67 41 64 	ion00000ConfigAd
  0xd0f0	6d 69 6e 69 73 74 72 61 74 6f 72 00 00 00 00 00 	ministrator00000
  0xd100	43 68 61 6e 67 65 31 36 36 37 50 61 73 73 77 6f 	Change1667Passwo
  0xd110	72 64 00 00 00 00 00 00 49 6e 69 74 69 61 6c 69 	rd000000Initiali
  0xd120	7a 65 31 36 36 37 55 73 65 72 50 61 73 73 77 6f 	ze1667UserPasswo
  0xd130	72 64 00 00 00 00 00 00 43 72 65 61 74 65 31 36 	rd000000Create16
  0xd140	36 37 55 73 65 72 00 00 41 75 74 68 6f 72 69 7a 	67User00Authoriz
  0xd150	65 41 63 74 41 63 63 65 73 73 00 00 00 00 00 00 	eActAccess000000
  0xd160	55 6e 61 75 74 68 6f 72 69 7a 65 41 63 74 41 63 	UnauthorizeActAc
  0xd170	63 65 73 73 00 00 00 00 53 74 61 72 74 31 36 36 	cess0000Start166
  0xd180	37 50 61 73 73 77 6f 72 64 49 54 4d 53 00 00 00 	7PasswordITMS000
  0xd190	f2 f6 48 68 55 31 86 4f b6 f5 26 3e ee ab 31 43 	00HhU10O00&>001C
  0xd1a0	f8 2d 5e 62 92 63 f0 4c 9a d1 3c fa 5f 17 77 5c 	0-^b0c0L00<0_0w0
  0xd1b0	4e 55 4c 4c 00 00 00 00 43 2d 0f ee 56 7a 53 36 	NULL0000C-00VzS6
  0xd1c0	bc dd 1e 18 ed 37 95 df 38 dc f0 b7 b4 52 5f 32 	0000070080000R_2
  0xd1d0	a2 81 22 6b f6 58 76 60 03 d5 15 0c 17 d0 ce 47 	00"k0Xv`0000000G
  0xd1e0	90 16 7b 3f 97 87 21 cc c5 21 8a 72 9e 3d d7 48 	00{?00!00!0r0=0H
  0xd1f0	98 10 86 48 48 f0 f4 04 e7 58 ec 8c a1 07 d9 11 	000HH0000X000000
  0xd200	b1 5e 00 0d 56 bf e6 ee 22 05 93 19 00 00 00 00 	0^00V000"0000000
  0xd210	00 00 00 00 00 00 00 00 00 00 00 00 01 00 00 00 	0000000000000000
  0xd220	a8 d7 00 00 20 00 00 00 00 00 00 00 05 00 00 00 	0000 00000000000
  0xd230	22 05 93 19 01 00 00 00 78 d7 00 00 00 00 00 00 	"0000000x0000000
  0xd240	00 00 00 00 03 00 00 00 80 d7 00 00 60 00 00 00 	000000000000`000
  0xd250	00 00 00 00 01 00 00 00 22 05 93 19 01 00 00 00 	00000000"0000000
  0xd260	f8 d7 00 00 00 00 00 00 00 00 00 00 02 00 00 00 	0000000000000000
  0xd270	00 d8 00 00 28 00 00 00 00 00 00 00 01 00 00 00 	0000(00000000000
  0xd280	22 05 93 19 01 00 00 00 78 d7 00 00 00 00 00 00 	"0000000x0000000
  0xd290	00 00 00 00 02 00 00 00 30 da 00 00 d8 00 00 00 	0000000000000000
  0xd2a0	00 00 00 00 01 00 00 00 22 05 93 19 01 00 00 00 	00000000"0000000
  0xd2b0	78 d7 00 00 00 00 00 00 00 00 00 00 02 00 00 00 	x000000000000000
  0xd2c0	c8 d9 00 00 a0 00 00 00 00 00 00 00 01 00 00 00 	0000000000000000
  0xd2d0	22 05 93 19 01 00 00 00 1c d9 00 00 00 00 00 00 	"000000000000000
  0xd2e0	00 00 00 00 02 00 00 00 28 d9 00 00 38 00 00 00 	00000000(0008000
  0xd2f0	00 00 00 00 01 00 00 00 22 05 93 19 01 00 00 00 	00000000"0000000
  0xd300	f8 d7 00 00 00 00 00 00 00 00 00 00 02 00 00 00 	0000000000000000
  0xd310	50 db 00 00 28 00 00 00 00 00 00 00 01 00 00 00 	P000(00000000000
  0xd320	22 05 93 19 03 00 00 00 bc dc 00 00 00 00 00 00 	"000000000000000
  0xd330	00 00 00 00 03 00 00 00 d8 dc 00 00 b0 00 00 00 	0000000000000000
  0xd340	00 00 00 00 01 00 00 00 22 05 93 19 03 00 00 00 	00000000"0000000
  0xd350	94 dd 00 00 00 00 00 00 00 00 00 00 03 00 00 00 	0000000000000000
  0xd360	b0 dd 00 00 30 01 00 00 00 00 00 00 01 00 00 00 	0000000000000000
  0xd370	22 05 93 19 03 00 00 00 18 dd 00 00 00 00 00 00 	"000000000000000
  0xd380	00 00 00 00 03 00 00 00 30 dd 00 00 80 01 00 00 	0000000000000000
  0xd390	00 00 00 00 01 00 00 00 22 05 93 19 03 00 00 00 	00000000"0000000
  0xd3a0	0c de 00 00 00 00 00 00 00 00 00 00 03 00 00 00 	0000000000000000
  0xd3b0	28 de 00 00 70 00 00 00 00 00 00 00 01 00 00 00 	(000p00000000000
  0xd3c0	22 05 93 19 02 00 00 00 00 dc 00 00 00 00 00 00 	"000000000000000
  0xd3d0	00 00 00 00 02 00 00 00 10 dc 00 00 40 00 00 00 	000000000000@000
  0xd3e0	00 00 00 00 01 00 00 00 22 05 93 19 03 00 00 00 	00000000"0000000
  0xd3f0	44 dc 00 00 00 00 00 00 00 00 00 00 04 00 00 00 	D000000000000000
  0xd400	60 dc 00 00 80 00 00 00 00 00 00 00 01 00 00 00 	`000000000000000
  0xd410	00 00 00 00 2b 9c f0 5b 00 00 00 00 02 00 00 00 	0000+00[00000000
  0xd420	28 00 00 00 64 d4 00 00 64 c0 00 00 00 00 00 00 	(000d000d0000000
  0xd430	2b 9c f0 5b 00 00 00 00 0d 00 00 00 14 02 00 00 	+00[000000000000
  0xd440	8c d4 00 00 8c c0 00 00 00 00 00 00 2b 9c f0 5b 	000000000000+00[
  0xd450	00 00 00 00 10 00 00 00 24 00 00 00 a0 d6 00 00 	00000000$0000000
  0xd460	a0 c2 00 00 52 53 44 53 53 0f eb e5 a6 ed 4a a8 	0000RSDSS00000J0
  0xd470	f3 91 69 90 73 6f 0e 28 01 00 00 00 45 68 53 74 	00i0so0(0000EhSt
  0xd480	6f 72 41 75 74 68 6e 2e 70 64 62 00 47 43 54 4c 	orAuthn.pdb0GCTL
  0xd490	00 10 00 00 90 a5 00 00 2e 74 65 78 74 24 6d 6e 	00000000.text$mn
  0xd4a0	00 00 00 00 90 b5 00 00 20 00 00 00 2e 74 65 78 	00000000 000.tex
  0xd4b0	74 24 6d 6e 24 30 30 00 b0 b5 00 00 40 01 00 00 	t$mn$0000000@000
  0xd4c0	2e 74 65 78 74 24 78 00 00 c0 00 00 28 01 00 00 	.text$x00000(000
  0xd4d0	2e 72 64 61 74 61 24 62 72 63 00 00 28 c1 00 00 	.rdata$brc00(000
  0xd4e0	38 04 00 00 2e 69 64 61 74 61 24 35 00 00 00 00 	8000.idata$50000
  0xd4f0	60 c5 00 00 10 00 00 00 2e 30 30 63 66 67 00 00 	`0000000.00cfg00
  0xd500	70 c5 00 00 08 00 00 00 2e 43 52 54 24 58 43 41 	p0000000.CRT$XCA
  0xd510	00 00 00 00 78 c5 00 00 08 00 00 00 2e 43 52 54 	0000x0000000.CRT
  0xd520	24 58 43 41 41 00 00 00 80 c5 00 00 08 00 00 00 	$XCAA00000000000
  0xd530	2e 43 52 54 24 58 43 5a 00 00 00 00 88 c5 00 00 	.CRT$XCZ00000000
  0xd540	08 00 00 00 2e 43 52 54 24 58 49 41 00 00 00 00 	0000.CRT$XIA0000
  0xd550	90 c5 00 00 08 00 00 00 2e 43 52 54 24 58 49 41 	00000000.CRT$XIA
  0xd560	41 00 00 00 98 c5 00 00 08 00 00 00 2e 43 52 54 	A00000000000.CRT
  0xd570	24 58 49 59 00 00 00 00 a0 c5 00 00 08 00 00 00 	$XIY000000000000
  0xd580	2e 43 52 54 24 58 49 5a 00 00 00 00 a8 c5 00 00 	.CRT$XIZ00000000
  0xd590	58 00 00 00 2e 67 66 69 64 73 00 00 00 c6 00 00 	X000.gfids000000
  0xd5a0	64 0e 00 00 2e 72 64 61 74 61 00 00 64 d4 00 00 	d000.rdata00d000
  0xd5b0	64 02 00 00 2e 72 64 61 74 61 24 7a 7a 7a 64 62 	d000.rdata$zzzdb
  0xd5c0	67 00 00 00 c8 d6 00 00 88 08 00 00 2e 78 64 61 	g00000000000.xda
  0xd5d0	74 61 00 00 50 df 00 00 60 00 00 00 2e 65 64 61 	ta00P000`000.eda
  0xd5e0	74 61 00 00 b0 df 00 00 f0 00 00 00 2e 69 64 61 	ta0000000000.ida
  0xd5f0	74 61 24 32 00 00 00 00 a0 e0 00 00 18 00 00 00 	ta$2000000000000
  0xd600	2e 69 64 61 74 61 24 33 00 00 00 00 b8 e0 00 00 	.idata$300000000
  0xd610	38 04 00 00 2e 69 64 61 74 61 24 34 00 00 00 00 	8000.idata$40000
  0xd620	f0 e4 00 00 c6 08 00 00 2e 69 64 61 74 61 24 36 	00000000.idata$6
  0xd630	00 00 00 00 00 f0 00 00 10 00 00 00 2e 64 61 74 	000000000000.dat
  0xd640	61 24 62 72 63 00 00 00 10 f0 00 00 30 00 00 00 	a$brc00000000000
  0xd650	2e 64 61 74 61 00 00 00 40 f0 00 00 50 07 00 00 	.data000@000P000
  0xd660	2e 62 73 73 00 00 00 00 00 00 01 00 74 04 00 00 	.bss00000000t000
  0xd670	2e 70 64 61 74 61 00 00 00 10 01 00 80 05 00 00 	.pdata0000000000
  0xd680	2e 72 73 72 63 24 30 31 00 00 00 00 80 15 01 00 	.rsrc$0100000000
  0xd690	38 18 01 00 2e 72 73 72 63 24 30 32 00 00 00 00 	8000.rsrc$020000
  0xd6a0	20 00 00 00 53 0f eb e5 a6 ed 4a a8 f3 91 69 90 	 000S00000J000i0
  0xd6b0	73 6f 0e 28 e5 e0 3e b7 d7 dc 61 75 f4 fe f0 61 	so0(00>000au000a
  0xd6c0	2b 9c f0 5b 00 00 00 00 01 12 05 00 12 42 0e 70 	+00[000000000B0p
  0xd6d0	0d 60 0c 50 0b 30 00 00 01 04 01 00 04 62 00 00 	0`0P000000000b00
  0xd6e0	01 0b 01 00 0b 82 00 00 01 04 01 00 04 82 00 00 	0000000000000000
  0xd6f0	01 0f 06 00 0f 64 07 00 0f 34 06 00 0f 32 0b 70 	00000d000400020p
  0xd700	19 2a 0b 00 1c 34 31 00 1c 01 28 00 10 f0 0e e0 	0*00041000(00000
  0xd710	0c d0 0a c0 08 70 07 60 06 50 00 00 68 b4 00 00 	00000p0`0P00h000
  0xd720	30 01 00 00 01 06 02 00 06 32 02 30 01 05 02 00 	0000000002000000
  0xd730	05 34 01 00 01 04 01 00 04 a2 00 00 01 0b 01 00 	0400000000000000
  0xd740	0b a2 00 00 01 09 01 00 09 c2 00 00 19 40 0d 00 	0000000000000@00
  0xd750	2f 74 6b 00 2b 64 6a 00 27 34 69 00 1a 01 62 00 	/tk0+dj0'4i000b0
  0xd760	0c f0 0a e0 08 d0 06 c0 04 50 00 00 f0 b4 00 00 	000000000P000000
  0xd770	30 d2 00 00 02 03 00 00 ff ff ff ff b0 b5 00 00 	0000000000000000
  0xd780	60 1e 00 00 00 00 00 00 e0 23 00 00 ff ff ff ff 	`00000000#000000
  0xd790	2a 24 00 00 00 00 00 00 19 0d 01 00 04 62 00 00 	*$00000000000b00
  0xd7a0	38 af 00 00 08 d2 00 00 cc 26 00 00 ff ff ff ff 	800000000&000000
  0xd7b0	19 2d 0b 00 1b 64 50 00 1b 54 4f 00 1b 34 4e 00 	0-000dP00TO004N0
  0xd7c0	1b 01 4a 00 14 f0 12 e0 10 70 00 00 68 b4 00 00 	00J000000p00h000
  0xd7d0	40 02 00 00 19 2d 09 00 12 01 16 00 0b e0 09 d0 	@0000-0000000000
  0xd7e0	07 c0 05 70 04 60 03 50 02 30 00 00 f0 b4 00 00 	000p0`0P00000000
  0xd7f0	58 d2 00 00 a2 00 00 00 ff ff ff ff c2 b5 00 00 	X000000000000000
  0xd800	d9 2a 00 00 00 00 00 00 30 2c 00 00 ff ff ff ff 	0*0000000,000000
  0xd810	19 1f 05 00 0d 34 6e 00 0d 01 6a 00 06 70 00 00 	000004n000j00p00
  0xd820	68 b4 00 00 40 03 00 00 01 0c 06 00 0c 34 0b 00 	h000@00000000400
  0xd830	0c 52 08 70 07 60 06 50 19 30 0b 00 1f 34 7f 00 	0R0p0`0P00000400
  0xd840	1f 01 76 00 10 f0 0e e0 0c d0 0a c0 08 70 07 60 	00v0000000000p0`
  0xd850	06 50 00 00 68 b4 00 00 a0 03 00 00 19 32 0b 00 	0P00h00000000200
  0xd860	21 64 78 00 21 34 77 00 21 01 70 00 12 f0 10 e0 	!dx0!4w0!0p00000
  0xd870	0e c0 0c 70 0b 50 00 00 68 b4 00 00 70 03 00 00 	000p0P00h000p000
  0xd880	19 1f 05 00 0d 34 69 00 0d 01 66 00 06 70 00 00 	000004i000f00p00
  0xd890	68 b4 00 00 20 03 00 00 19 30 0b 00 1f 34 a0 00 	h000 00000000400
  0xd8a0	1f 01 96 00 10 f0 0e e0 0c d0 0a c0 08 70 07 60 	0000000000000p0`
  0xd8b0	06 50 00 00 68 b4 00 00 a0 04 00 00 19 2c 09 00 	0P00h00000000,00
  0xd8c0	1b 34 6a 00 1b 01 62 00 0c f0 0a e0 08 70 07 60 	04j000b000000p0`
  0xd8d0	06 50 00 00 68 b4 00 00 00 03 00 00 19 1e 06 00 	0P00h00000000000
  0xd8e0	0c 01 17 00 05 70 04 60 03 50 02 30 68 b4 00 00 	00000p0`0P00h000
  0xd8f0	a0 00 00 00 01 0a 04 00 0a 34 06 00 0a 32 06 70 	000000000400020p
  0xd900	19 2a 05 00 18 34 1e 00 0b 01 1a 00 04 70 00 00 	0*00040000000p00
  0xd910	f0 b4 00 00 d0 d2 00 00 c2 00 00 00 ff ff ff ff 	0000000000000000
  0xd920	d4 b5 00 00 00 00 00 00 80 45 00 00 00 00 00 00 	000000000E000000
  0xd930	98 46 00 00 ff ff ff ff 19 2c 0b 00 1e 64 2f 00 	0F0000000,000d/0
  0xd940	1e 34 2e 00 1e 01 26 00 12 f0 10 e0 0e c0 0c 70 	04.000&00000000p
  0xd950	0b 50 00 00 68 b4 00 00 28 01 00 00 19 27 09 00 	0P00h000(0000'00
  0xd960	15 54 6c 00 15 34 6b 00 15 01 66 00 0e e0 0c 70 	0Tl004k000f0000p
  0xd970	0b 60 00 00 68 b4 00 00 20 03 00 00 19 2c 09 00 	0`00h000 0000,00
  0xd980	1b 34 62 00 1b 01 5a 00 0c f0 0a e0 08 70 07 60 	04b000Z000000p0`
  0xd990	06 50 00 00 68 b4 00 00 c0 02 00 00 19 3a 0b 00 	0P00h00000000:00
  0xd9a0	29 64 8b 00 25 34 8a 00 19 01 82 00 0b f0 09 e0 	)d00%40000000000
  0xd9b0	07 c0 05 70 04 50 00 00 f0 b4 00 00 a8 d2 00 00 	000p0P0000000000
  0xd9c0	02 04 00 00 00 00 00 00 9f 51 00 00 00 00 00 00 	000000000Q000000
  0xd9d0	a9 53 00 00 ff ff ff ff 01 14 08 00 14 64 08 00 	0S00000000000d00
  0xd9e0	14 54 07 00 14 34 06 00 14 32 10 70 19 21 07 00 	0T000400020p0!00
  0xd9f0	0f 34 6b 00 0f 01 66 00 08 70 07 60 06 50 00 00 	04k000f00p0`0P00
  0xda00	68 b4 00 00 20 03 00 00 19 3a 0b 00 29 64 91 00 	h000 0000:00)d00
  0xda10	25 34 90 00 19 01 88 00 0b f0 09 e0 07 c0 05 70 	%40000000000000p
  0xda20	04 50 00 00 f0 b4 00 00 80 d2 00 00 32 04 00 00 	0P00000000002000
  0xda30	b3 5a 00 00 00 00 00 00 20 5d 00 00 ff ff ff ff 	0Z000000 ]000000
  0xda40	01 0b 06 00 0b 52 07 e0 05 70 04 60 03 50 02 30 	00000R000p0`0P00
  0xda50	19 24 07 00 12 64 3b 00 12 34 39 00 12 01 36 00 	0$000d;004900060
  0xda60	0b 70 00 00 68 b4 00 00 a0 01 00 00 19 32 0b 00 	0p00h00000000200
  0xda70	21 64 3c 00 21 34 3b 00 21 01 34 00 12 f0 10 e0 	!d<0!4;0!0400000
  0xda80	0e c0 0c 70 0b 50 00 00 68 b4 00 00 90 01 00 00 	000p0P00h0000000
  0xda90	01 0b 01 00 0b e2 00 00 01 1b 0a 00 1b 74 15 00 	0000000000000t00
  0xdaa0	1b 64 14 00 1b 34 12 00 1b d2 14 f0 12 e0 10 50 	0d0004000000000P
  0xdab0	01 18 08 00 18 34 14 00 18 d2 11 f0 0f e0 0d 70 	000004000000000p
  0xdac0	0c 60 0b 50 01 12 08 00 12 54 0b 00 12 34 0a 00 	0`0P00000T000400
  0xdad0	12 52 0e e0 0c 70 0b 60 19 2c 09 00 1b 34 d4 00 	0R000p0`0,000400
  0xdae0	1b 01 cc 00 0c f0 0a e0 08 70 07 60 06 50 00 00 	000000000p0`0P00
  0xdaf0	68 b4 00 00 50 06 00 00 01 12 05 00 12 34 1b 00 	h000P00000000400
  0xdb00	12 01 18 00 06 50 00 00 01 08 04 00 08 52 04 70 	00000P0000000R0p
  0xdb10	03 60 02 30 19 1f 05 00 0d 34 2b 00 0d 01 28 00 	0`00000004+000(0
  0xdb20	06 70 00 00 68 b4 00 00 30 01 00 00 19 2e 07 00 	0p00h00000000.00
  0xdb30	1c 64 1a 00 18 34 19 00 0b 01 16 00 04 70 00 00 	0d00040000000p00
  0xdb40	f0 b4 00 00 f8 d2 00 00 a2 00 00 00 00 00 00 00 	0000000000000000
  0xdb50	19 74 00 00 00 00 00 00 56 74 00 00 ff ff ff ff 	0t000000Vt000000
  0xdb60	19 13 01 00 04 e2 00 00 68 b4 00 00 60 00 00 00 	00000000h000`000
  0xdb70	19 13 01 00 04 a2 00 00 68 b4 00 00 40 00 00 00 	00000000h000@000
  0xdb80	19 15 02 00 06 92 02 30 68 b4 00 00 40 00 00 00 	00000000h000@000
  0xdb90	01 06 02 00 06 52 02 30 01 1d 0c 00 1d 74 0f 00 	00000R0000000t00
  0xdba0	1d 64 0e 00 1d 54 0d 00 1d 34 0c 00 1d 72 19 f0 	0d000T0004000r00
  0xdbb0	17 e0 15 c0 01 10 06 00 10 64 0d 00 10 34 0c 00 	000000000d000400
  0xdbc0	10 92 0c 70 01 10 06 00 10 64 0b 00 10 34 0a 00 	000p00000d000400
  0xdbd0	10 72 0c 70 01 09 01 00 09 e2 00 00 19 32 09 00 	0r0p000000000200
  0xdbe0	24 64 35 00 20 34 34 00 13 01 2e 00 07 f0 05 70 	$d50 44000.0000p
  0xdbf0	04 50 00 00 f0 b4 00 00 c0 d3 00 00 62 01 00 00 	0P0000000000b000
  0xdc00	ff ff ff ff e6 b5 00 00 00 00 00 00 f8 b5 00 00 	0000000000000000
  0xdc10	cf 7d 00 00 01 00 00 00 29 7e 00 00 ff ff ff ff 	0}000000)~000000
  0xdc20	19 36 09 00 25 34 3e 00 19 01 36 00 0b f0 09 e0 	0600%4>000600000
  0xdc30	07 d0 05 60 04 50 00 00 f0 b4 00 00 e8 d3 00 00 	000`0P0000000000
  0xdc40	a2 01 00 00 ff ff ff ff 0a b6 00 00 00 00 00 00 	0000000000000000
  0xdc50	e6 b5 00 00 01 00 00 00 1c b6 00 00 00 00 00 00 	0000000000000000
  0xdc60	c6 80 00 00 02 00 00 00 8d 83 00 00 01 00 00 00 	0000000000000000
  0xdc70	a8 83 00 00 00 00 00 00 c0 83 00 00 ff ff ff ff 	0000000000000000
  0xdc80	19 1f 05 00 0d 34 2b 00 0d 01 28 00 06 60 00 00 	000004+000(00`00
  0xdc90	68 b4 00 00 30 01 00 00 19 33 09 00 1a 01 3c 00 	h0000000030000<0
  0xdca0	0b f0 09 d0 07 c0 05 70 04 60 03 30 02 50 00 00 	0000000p0`000P00
  0xdcb0	f0 b4 00 00 20 d3 00 00 d2 01 00 00 ff ff ff ff 	0000 00000000000
  0xdcc0	0a b6 00 00 00 00 00 00 2e b6 00 00 01 00 00 00 	00000000.0000000
  0xdcd0	40 b6 00 00 00 00 00 00 84 88 00 00 02 00 00 00 	@000000000000000
  0xdce0	71 89 00 00 00 00 00 00 89 89 00 00 ff ff ff ff 	q000000000000000
  0xdcf0	19 3c 0b 00 2b 34 60 00 1c 01 56 00 0e f0 0c e0 	0<00+4`000V00000
  0xdd00	0a d0 08 c0 06 70 05 60 04 50 00 00 f0 b4 00 00 	00000p0`0P000000
  0xdd10	70 d3 00 00 a2 02 00 00 ff ff ff ff e6 b5 00 00 	p000000000000000
  0xdd20	00 00 00 00 52 b6 00 00 01 00 00 00 64 b6 00 00 	0000R0000000d000
  0xdd30	f7 90 00 00 02 00 00 00 9e 91 00 00 00 00 00 00 	0000000000000000
  0xdd40	b6 91 00 00 ff ff ff ff 19 30 0b 00 1f 34 4e 00 	00000000000004N0
  0xdd50	1f 01 44 00 10 f0 0e e0 0c d0 0a c0 08 70 07 60 	00D0000000000p0`
  0xdd60	06 50 00 00 68 b4 00 00 10 02 00 00 19 39 0b 00 	0P00h00000000900
  0xdd70	28 34 56 00 1c 01 4c 00 0e f0 0c e0 0a d0 08 c0 	(4V000L000000000
  0xdd80	06 70 05 60 04 50 00 00 f0 b4 00 00 48 d3 00 00 	0p0`0P000000H000
  0xdd90	52 02 00 00 ff ff ff ff e6 b5 00 00 00 00 00 00 	R000000000000000
  0xdda0	76 b6 00 00 01 00 00 00 88 b6 00 00 00 00 00 00 	v000000000000000
  0xddb0	dc 9d 00 00 02 00 00 00 cc 9e 00 00 00 00 00 00 	0000000000000000
  0xddc0	e4 9e 00 00 ff ff ff ff 19 2c 09 00 1b 34 44 00 	000000000,0004D0
  0xddd0	1b 01 3c 00 0c e0 0a c0 08 70 07 60 06 50 00 00 	00<000000p0`0P00
  0xdde0	68 b4 00 00 d0 01 00 00 19 36 09 00 25 34 3c 00 	h00000000600%4<0
  0xddf0	18 01 34 00 0a f0 08 c0 06 70 05 60 04 50 00 00 	004000000p0`0P00
  0xde00	f0 b4 00 00 98 d3 00 00 92 01 00 00 ff ff ff ff 	0000000000000000
  0xde10	e6 b5 00 00 00 00 00 00 b0 b5 00 00 01 00 00 00 	0000000000000000
  0xde20	9a b6 00 00 00 00 00 00 15 a5 00 00 02 00 00 00 	0000000000000000
  0xde30	b4 a5 00 00 00 00 00 00 cc a5 00 00 ff ff ff ff 	0000000000000000
  0xde40	19 2c 09 00 1b 34 40 00 1b 01 38 00 0c f0 0a c0 	0,0004@000800000
  0xde50	08 70 07 60 06 50 00 00 68 b4 00 00 b0 01 00 00 	0p0`0P00h0000000
  0xde60	19 1f 05 00 0d 34 19 00 0d 01 16 00 06 70 00 00 	0000040000000p00
  0xde70	68 b4 00 00 a0 00 00 00 01 04 01 00 04 42 00 00 	h000000000000B00
  0xde80	09 1c 0b 00 1c e4 1b 00 1c 74 1a 00 1c 64 19 00 	000000000t000d00
  0xde90	1c 34 18 00 1c 01 16 00 15 f0 00 00 3a b4 00 00 	040000000000:000
  0xdea0	01 00 00 00 df ac 00 00 c9 ae 00 00 ac b6 00 00 	0000000000000000
  0xdeb0	c9 ae 00 00 01 06 02 00 06 32 02 50 00 00 00 00 	00000000020P0000
  0xdec0	01 00 00 00 01 0c 02 00 0c 01 11 00 09 04 01 00 	0000000000000000
  0xded0	04 22 00 00 3a b4 00 00 01 00 00 00 bc b1 00 00 	0"00:00000000000
  0xdee0	f2 b1 00 00 01 00 00 00 f2 b1 00 00 09 0a 04 00 	0000000000000000
  0xdef0	0a 34 06 00 0a 32 06 70 3a b4 00 00 01 00 00 00 	0400020p:0000000
  0xdf00	cd b2 00 00 00 b3 00 00 d0 b6 00 00 00 b3 00 00 	0000000000000000
  0xdf10	01 0d 04 00 0d 34 09 00 0d 32 06 50 00 00 00 00 	00000400020P0000
  0xdf20	01 00 00 00 01 02 01 00 02 30 00 00 01 19 0a 00 	0000000000000000
  0xdf30	19 74 09 00 19 64 08 00 19 54 07 00 19 34 06 00 	0t000d000T000400
  0xdf40	19 32 15 e0 00 00 00 00 00 00 00 00 00 00 00 00 	0200000000000000
  0xdf50	00 00 00 00 2b 9c f0 5b 00 00 00 00 82 df 00 00 	0000+00[00000000
  0xdf60	01 00 00 00 01 00 00 00 01 00 00 00 78 df 00 00 	000000000000x000
  0xdf70	7c df 00 00 80 df 00 00 30 f0 00 00 92 df 00 00 	|000000000000000
  0xdf80	00 00 45 68 53 74 6f 72 41 75 74 68 6e 2e 65 78 	00EhStorAuthn.ex
  0xdf90	65 00 4d 69 63 72 6f 73 6f 66 74 5f 57 44 46 5f 	e0Microsoft_WDF_
  0xdfa0	55 4d 44 46 5f 56 65 72 73 69 6f 6e 00 00 00 00 	UMDF_Version0000
  0xdfb0	b8 e0 00 00 00 00 00 00 00 00 00 00 d8 e5 00 00 	0000000000000000
  0xdfc0	28 c1 00 00 98 e1 00 00 00 00 00 00 00 00 00 00 	(000000000000000
  0xdfd0	8c e6 00 00 08 c2 00 00 68 e1 00 00 00 00 00 00 	00000000h0000000
  0xdfe0	00 00 00 00 f2 e6 00 00 d8 c1 00 00 90 e2 00 00 	0000000000000000
  0xdff0	00 00 00 00 00 00 00 00 be e9 00 00 00 c3 00 00 	0000000000000000
  0xe000	00 e4 00 00 00 00 00 00 00 00 00 00 b4 ea 00 00 	0000000000000000
  0xe010	70 c4 00 00 d0 e4 00 00 00 00 00 00 00 00 00 00 	p000000000000000
  0xe020	e6 ea 00 00 40 c5 00 00 60 e2 00 00 00 00 00 00 	0000@000`0000000
  0xe030	00 00 00 00 f0 ea 00 00 d0 c2 00 00 78 e2 00 00 	000000000000x000
  0xe040	00 00 00 00 00 00 00 00 26 eb 00 00 e8 c2 00 00 	00000000&0000000
  0xe050	a8 e4 00 00 00 00 00 00 00 00 00 00 74 eb 00 00 	000000000000t000
  0xe060	18 c5 00 00 d8 e3 00 00 00 00 00 00 00 00 00 00 	0000000000000000
  0xe070	c0 eb 00 00 48 c4 00 00 28 e1 00 00 00 00 00 00 	0000H000(0000000
  0xe080	00 00 00 00 fa eb 00 00 98 c1 00 00 50 e1 00 00 	000000000000P000
  0xe090	00 00 00 00 00 00 00 00 32 ec 00 00 c0 c1 00 00 	0000000020000000
  0xe0a0	00 00 00 00 00 00 00 00 00 00 00 00 00 00 00 00 	0000000000000000
  0xe0b0	00 00 00 00 00 00 00 00 f0 e4 00 00 00 00 00 00 	0000000000000000
  0xe0c0	08 e5 00 00 00 00 00 00 1e e5 00 00 00 00 00 00 	0000000000000000
  0xe0d0	34 e5 00 00 00 00 00 00 4a e5 00 00 00 00 00 00 	40000000J0000000
  0xe0e0	62 e5 00 00 00 00 00 00 72 e5 00 00 00 00 00 00 	b0000000r0000000
  0xe0f0	86 e5 00 00 00 00 00 00 94 e5 00 00 00 00 00 00 	0000000000000000
  0xe100	a6 e5 00 00 00 00 00 00 b8 e5 00 00 00 00 00 00 	0000000000000000
  0xe110	ca e5 00 00 00 00 00 00 3e ec 00 00 00 00 00 00 	00000000>0000000
  0xe120	00 00 00 00 00 00 00 00 59 01 00 00 00 00 00 80 	00000000Y0000000
  0xe130	e8 eb 00 00 00 00 00 00 cc eb 00 00 00 00 00 00 	0000000000000000
  0xe140	58 01 00 00 00 00 00 80 00 00 00 00 00 00 00 00 	X000000000000000
  0xe150	1e ec 00 00 00 00 00 00 08 ec 00 00 00 00 00 00 	0000000000000000
  0xe160	00 00 00 00 00 00 00 00 c4 e6 00 00 00 00 00 00 	0000000000000000
  0xe170	e2 e6 00 00 00 00 00 00 d4 e6 00 00 00 00 00 00 	0000000000000000
  0xe180	9a e6 00 00 00 00 00 00 b0 e6 00 00 00 00 00 00 	0000000000000000
  0xe190	00 00 00 00 00 00 00 00 84 e6 00 00 00 00 00 00 	0000000000000000
  0xe1a0	e6 e5 00 00 00 00 00 00 20 e6 00 00 00 00 00 00 	00000000 0000000
  0xe1b0	54 ed 00 00 00 00 00 00 6e e6 00 00 00 00 00 00 	T0000000n0000000
  0xe1c0	36 ed 00 00 00 00 00 00 1c ed 00 00 00 00 00 00 	6000000000000000
  0xe1d0	06 ed 00 00 00 00 00 00 f0 ec 00 00 00 00 00 00 	0000000000000000
  0xe1e0	d6 ec 00 00 00 00 00 00 c2 ec 00 00 00 00 00 00 	0000000000000000
  0xe1f0	ae ec 00 00 00 00 00 00 9a ec 00 00 00 00 00 00 	0000000000000000
  0xe200	7c ec 00 00 00 00 00 00 60 ec 00 00 00 00 00 00 	|0000000`0000000
  0xe210	4e ec 00 00 00 00 00 00 10 e6 00 00 00 00 00 00 	N000000000000000
  0xe220	5e e6 00 00 00 00 00 00 4e e6 00 00 00 00 00 00 	^0000000N0000000
  0xe230	3e e6 00 00 00 00 00 00 46 ed 00 00 00 00 00 00 	>0000000F0000000
  0xe240	04 e6 00 00 00 00 00 00 f4 e5 00 00 00 00 00 00 	0000000000000000
  0xe250	30 e6 00 00 00 00 00 00 00 00 00 00 00 00 00 00 	0000000000000000
  0xe260	06 00 00 00 00 00 00 80 02 00 00 00 00 00 00 80 	0000000000000000
  0xe270	00 00 00 00 00 00 00 00 fe ea 00 00 00 00 00 00 	0000000000000000
  0xe280	14 eb 00 00 00 00 00 00 00 00 00 00 00 00 00 00 	0000000000000000
  0xe290	60 e9 00 00 00 00 00 00 72 e9 00 00 00 00 00 00 	`0000000r0000000
  0xe2a0	82 e9 00 00 00 00 00 00 9a e9 00 00 00 00 00 00 	0000000000000000
  0xe2b0	a6 e9 00 00 00 00 00 00 c6 e8 00 00 00 00 00 00 	0000000000000000
  0xe2c0	1a e9 00 00 00 00 00 00 0c e9 00 00 00 00 00 00 	0000000000000000
  0xe2d0	fc e6 00 00 00 00 00 00 1c e7 00 00 00 00 00 00 	0000000000000000
  0xe2e0	2e e7 00 00 00 00 00 00 3c e7 00 00 00 00 00 00 	.0000000<0000000
  0xe2f0	50 e7 00 00 00 00 00 00 64 e7 00 00 00 00 00 00 	P0000000d0000000
  0xe300	82 e7 00 00 00 00 00 00 fc e8 00 00 00 00 00 00 	0000000000000000
  0xe310	4c e9 00 00 00 00 00 00 b8 e7 00 00 00 00 00 00 	L000000000000000
  0xe320	c8 e7 00 00 00 00 00 00 da e7 00 00 00 00 00 00 	0000000000000000
  0xe330	ea e7 00 00 00 00 00 00 fa e7 00 00 00 00 00 00 	0000000000000000
  0xe340	0c e8 00 00 00 00 00 00 1a e8 00 00 00 00 00 00 	0000000000000000
  0xe350	2c e8 00 00 00 00 00 00 3c e8 00 00 00 00 00 00 	,0000000<0000000
  0xe360	52 e8 00 00 00 00 00 00 64 e8 00 00 00 00 00 00 	R0000000d0000000
  0xe370	78 e8 00 00 00 00 00 00 8a e8 00 00 00 00 00 00 	x000000000000000
  0xe380	98 e8 00 00 00 00 00 00 a4 e8 00 00 00 00 00 00 	0000000000000000
  0xe390	b0 e8 00 00 00 00 00 00 d4 e8 00 00 00 00 00 00 	0000000000000000
  0xe3a0	40 e9 00 00 00 00 00 00 a4 e7 00 00 00 00 00 00 	@000000000000000
  0xe3b0	2e e9 00 00 00 00 00 00 ea e8 00 00 00 00 00 00 	.000000000000000
  0xe3c0	90 e7 00 00 00 00 00 00 b2 e9 00 00 00 00 00 00 	0000000000000000
  0xe3d0	00 00 00 00 00 00 00 00 8e eb 00 00 00 00 00 00 	0000000000000000
  0xe3e0	9e eb 00 00 00 00 00 00 ae eb 00 00 00 00 00 00 	0000000000000000
  0xe3f0	7e eb 00 00 00 00 00 00 00 00 00 00 00 00 00 00 	~000000000000000
  0xe400	c0 ea 00 00 00 00 00 00 a8 ea 00 00 00 00 00 00 	0000000000000000
  0xe410	9e ea 00 00 00 00 00 00 94 ea 00 00 00 00 00 00 	0000000000000000
  0xe420	a2 ed 00 00 00 00 00 00 70 ea 00 00 00 00 00 00 	00000000p0000000
  0xe430	5c ea 00 00 00 00 00 00 52 ea 00 00 00 00 00 00 	00000000R0000000
  0xe440	4a ea 00 00 00 00 00 00 42 ea 00 00 00 00 00 00 	J0000000B0000000
  0xe450	30 ea 00 00 00 00 00 00 1e ea 00 00 00 00 00 00 	0000000000000000
  0xe460	10 ea 00 00 00 00 00 00 02 ea 00 00 00 00 00 00 	0000000000000000
  0xe470	fa e9 00 00 00 00 00 00 ee e9 00 00 00 00 00 00 	0000000000000000
  0xe480	e0 e9 00 00 00 00 00 00 ca e9 00 00 00 00 00 00 	0000000000000000
  0xe490	7c ea 00 00 00 00 00 00 ac ed 00 00 00 00 00 00 	|000000000000000
  0xe4a0	00 00 00 00 00 00 00 00 32 eb 00 00 00 00 00 00 	0000000020000000
  0xe4b0	60 eb 00 00 00 00 00 00 8e ed 00 00 00 00 00 00 	`000000000000000
  0xe4c0	46 eb 00 00 00 00 00 00 00 00 00 00 00 00 00 00 	F000000000000000
  0xe4d0	d4 ea 00 00 00 00 00 00 6a ed 00 00 00 00 00 00 	00000000j0000000
  0xe4e0	7e ed 00 00 00 00 00 00 00 00 00 00 00 00 00 00 	~000000000000000
  0xe4f0	35 03 55 6e 72 65 67 69 73 74 65 72 54 72 61 63 	50UnregisterTrac
  0xe500	65 47 75 69 64 73 00 00 b5 02 52 65 67 69 73 74 	eGuids0000Regist
  0xe510	65 72 54 72 61 63 65 47 75 69 64 73 57 00 72 01 	erTraceGuidsW0r0
  0xe520	47 65 74 54 72 61 63 65 45 6e 61 62 6c 65 4c 65 	GetTraceEnableLe
  0xe530	76 65 6c 00 71 01 47 65 74 54 72 61 63 65 45 6e 	vel0q0GetTraceEn
  0xe540	61 62 6c 65 46 6c 61 67 73 00 73 01 47 65 74 54 	ableFlags0s0GetT
  0xe550	72 61 63 65 4c 6f 67 67 65 72 48 61 6e 64 6c 65 	raceLoggerHandle
  0xe560	00 00 28 03 54 72 61 63 65 4d 65 73 73 61 67 65 	00(0TraceMessage
  0xe570	00 00 99 02 52 65 67 51 75 65 72 79 56 61 6c 75 	0000RegQueryValu
  0xe580	65 45 78 57 00 00 8f 02 52 65 67 4f 70 65 6e 4b 	eExW0000RegOpenK
  0xe590	65 79 57 00 73 02 52 65 67 44 65 6c 65 74 65 56 	eyW0s0RegDeleteV
  0xe5a0	61 6c 75 65 57 00 a9 02 52 65 67 53 65 74 56 61 	alueW000RegSetVa
  0xe5b0	6c 75 65 45 78 57 00 00 64 02 52 65 67 43 72 65 	lueExW00d0RegCre
  0xe5c0	61 74 65 4b 65 79 45 78 57 00 5b 02 52 65 67 43 	ateKeyExW0[0RegC
  0xe5d0	6c 6f 73 65 4b 65 79 00 41 44 56 41 50 49 33 32 	loseKey0ADVAPI32
  0xe5e0	2e 64 6c 6c 00 00 d0 03 4c 6f 63 61 6c 41 6c 6c 	.dll0000LocalAll
  0xe5f0	6f 63 00 00 69 02 47 65 74 4c 61 73 74 45 72 72 	oc00i0GetLastErr
  0xe600	6f 72 00 00 d5 03 4c 6f 63 61 6c 46 72 65 65 00 	or0000LocalFree0
  0xe610	b7 01 46 72 65 65 52 65 73 6f 75 72 63 65 00 00 	00FreeResource00
  0xe620	e1 03 4c 6f 63 6b 52 65 73 6f 75 72 63 65 00 00 	00LockResource00
  0xe630	88 00 43 6c 6f 73 65 48 61 6e 64 6c 65 00 f4 00 	00CloseHandle000
  0xe640	43 72 65 61 74 65 54 68 72 65 61 64 00 00 cd 03 	CreateThread0000
  0xe650	4c 6f 61 64 52 65 73 6f 75 72 63 65 00 00 9e 01 	LoadResource0000
  0xe660	46 69 6e 64 52 65 73 6f 75 72 63 65 57 00 e8 05 	FindResourceW000
  0xe670	57 61 69 74 46 6f 72 53 69 6e 67 6c 65 4f 62 6a 	WaitForSingleObj
  0xe680	65 63 74 00 8d 05 53 6c 65 65 70 00 4b 45 52 4e 	ect000Sleep0KERN
  0xe690	45 4c 33 32 2e 64 6c 6c 00 00 43 00 43 72 65 61 	EL32.dll00C0Crea
  0xe6a0	74 65 46 6f 6e 74 49 6e 64 69 72 65 63 74 57 00 	teFontIndirectW0
  0xe6b0	5a 00 43 72 65 61 74 65 53 6f 6c 69 64 42 72 75 	Z0CreateSolidBru
  0xe6c0	73 68 00 00 83 01 44 65 6c 65 74 65 4f 62 6a 65 	sh0000DeleteObje
  0xe6d0	63 74 00 00 6b 03 53 65 74 42 6b 43 6f 6c 6f 72 	ct00k0SetBkColor
  0xe6e0	00 00 93 03 53 65 74 54 65 78 74 43 6f 6c 6f 72 	0000SetTextColor
  0xe6f0	00 00 47 44 49 33 32 2e 64 6c 6c 00 b8 03 55 6e 	00GDI32.dll000Un
  0xe700	72 65 67 69 73 74 65 72 44 65 76 69 63 65 4e 6f 	registerDeviceNo
  0xe710	74 69 66 69 63 61 74 69 6f 6e 00 00 b0 02 50 6f 	tification0000Po
  0xe720	73 74 51 75 69 74 4d 65 73 73 61 67 65 00 14 01 	stQuitMessage000
  0xe730	46 69 6e 64 57 69 6e 64 6f 77 57 00 ac 03 54 72 	FindWindowW000Tr
  0xe740	61 6e 73 6c 61 74 65 4d 65 73 73 61 67 65 00 00 	anslateMessage00
  0xe750	bd 00 44 69 73 70 61 74 63 68 4d 65 73 73 61 67 	00DispatchMessag
  0xe760	65 57 00 00 e4 02 52 65 67 69 73 74 65 72 44 65 	eW0000RegisterDe
  0xe770	76 69 63 65 4e 6f 74 69 66 69 63 61 74 69 6f 6e 	viceNotification
  0xe780	57 00 8c 03 53 68 6f 77 57 69 6e 64 6f 77 00 00 	W000ShowWindow00
  0xe790	de 02 52 65 67 69 73 74 65 72 43 6c 61 73 73 45 	00RegisterClassE
  0xe7a0	78 57 00 00 b7 03 55 6e 72 65 67 69 73 74 65 72 	xW0000Unregister
  0xe7b0	43 6c 61 73 73 57 00 00 18 03 53 65 6e 64 4d 65 	ClassW0000SendMe
  0xe7c0	73 73 61 67 65 57 00 00 76 00 43 72 65 61 74 65 	ssageW00v0Create
  0xe7d0	57 69 6e 64 6f 77 45 78 57 00 b5 00 44 65 73 74 	WindowExW000Dest
  0xe7e0	72 6f 79 57 69 6e 64 6f 77 00 af 02 50 6f 73 74 	royWindow000Post
  0xe7f0	4d 65 73 73 61 67 65 57 00 00 a7 00 44 65 66 57 	MessageW0000DefW
  0xe800	69 6e 64 6f 77 50 72 6f 63 57 00 00 89 01 47 65 	indowProcW0000Ge
  0xe810	74 4d 65 73 73 61 67 65 57 00 f7 01 47 65 74 57 	tMessageW000GetW
  0xe820	69 6e 64 6f 77 54 65 78 74 57 00 00 ef 00 45 6e 	indowTextW0000En
  0xe830	61 62 6c 65 57 69 6e 64 6f 77 00 00 38 03 53 65 	ableWindow0080Se
  0xe840	74 46 6f 72 65 67 72 6f 75 6e 64 57 69 6e 64 6f 	tForegroundWindo
  0xe850	77 00 ba 00 44 69 61 6c 6f 67 42 6f 78 50 61 72 	w000DialogBoxPar
  0xe860	61 6d 57 00 c4 01 47 65 74 53 79 73 43 6f 6c 6f 	amW000GetSysColo
  0xe870	72 42 72 75 73 68 00 00 42 00 43 68 65 63 6b 44 	rBrush00B0CheckD
  0xe880	6c 67 42 75 74 74 6f 6e 00 00 4c 01 47 65 74 44 	lgButton00L0GetD
  0xe890	6c 67 49 74 65 6d 00 00 5a 02 4c 6f 61 64 49 63 	lgItem00Z0LoadIc
  0xe8a0	6f 6e 57 00 37 03 53 65 74 46 6f 63 75 73 00 00 	onW070SetFocus00
  0xe8b0	32 02 49 73 44 6c 67 42 75 74 74 6f 6e 43 68 65 	20IsDlgButtonChe
  0xe8c0	63 6b 65 64 00 00 c3 01 47 65 74 53 79 73 43 6f 	cked0000GetSysCo
  0xe8d0	6c 6f 72 00 0f 03 53 65 6e 64 44 6c 67 49 74 65 	lor000SendDlgIte
  0xe8e0	6d 4d 65 73 73 61 67 65 57 00 34 03 53 65 74 44 	mMessageW040SetD
  0xe8f0	6c 67 49 74 65 6d 54 65 78 74 57 00 4b 01 47 65 	lgItemTextW0K0Ge
  0xe900	74 44 6c 67 43 74 72 6c 49 44 00 00 67 02 4c 6f 	tDlgCtrlID00g0Lo
  0xe910	61 64 53 74 72 69 6e 67 57 00 e8 01 47 65 74 57 	adStringW000GetW
  0xe920	69 6e 64 6f 77 4c 6f 6e 67 50 74 72 57 00 80 03 	indowLongPtrW000
  0xe930	53 65 74 57 69 6e 64 6f 77 54 65 78 74 57 00 00 	SetWindowTextW00
  0xe940	f2 00 45 6e 64 44 69 61 6c 6f 67 00 78 03 53 65 	00EndDialog0x0Se
  0xe950	74 57 69 6e 64 6f 77 4c 6f 6e 67 50 74 72 57 00 	tWindowLongPtrW0
  0xe960	1b 03 53 65 74 41 63 74 69 76 65 57 69 6e 64 6f 	00SetActiveWindo
  0xe970	77 00 13 01 46 69 6e 64 57 69 6e 64 6f 77 45 78 	w000FindWindowEx
  0xe980	57 00 f6 01 47 65 74 57 69 6e 64 6f 77 54 65 78 	W000GetWindowTex
  0xe990	74 4c 65 6e 67 74 68 57 00 00 90 01 47 65 74 50 	tLengthW0000GetP
  0xe9a0	61 72 65 6e 74 00 50 02 4b 69 6c 6c 54 69 6d 65 	arent0P0KillTime
  0xe9b0	72 00 6b 03 53 65 74 54 69 6d 65 72 00 00 55 53 	r0k0SetTimer00US
  0xe9c0	45 52 33 32 2e 64 6c 6c 00 00 5b 00 5f 5f 43 78 	ER32.dll00[0__Cx
  0xe9d0	78 46 72 61 6d 65 48 61 6e 64 6c 65 72 33 00 00 	xFrameHandler300
  0xe9e0	69 03 5f 76 73 6e 77 70 72 69 6e 74 66 00 8a 03 	i0_vsnwprintf000
  0xe9f0	5f 77 63 73 69 63 6d 70 00 00 4c 04 66 72 65 65 	_wcsicmp00L0free
  0xea00	00 00 55 00 5f 58 63 70 74 46 69 6c 74 65 72 00 	00U0_XcptFilter0
  0xea10	ae 00 5f 61 6d 73 67 5f 65 78 69 74 00 00 9d 00 	00_amsg_exit0000
  0xea20	5f 5f 77 67 65 74 6d 61 69 6e 61 72 67 73 00 00 	__wgetmainargs00
  0xea30	8e 00 5f 5f 73 65 74 5f 61 70 70 5f 74 79 70 65 	00__set_app_type
  0xea40	00 00 32 04 65 78 69 74 00 00 0e 01 5f 65 78 69 	0020exit0000_exi
  0xea50	74 00 c1 00 5f 63 65 78 69 74 00 00 90 00 5f 5f 	t000_cexit0000__
  0xea60	73 65 74 75 73 65 72 6d 61 74 68 65 72 72 00 00 	setusermatherr00
  0xea70	7d 01 5f 69 6e 69 74 74 65 72 6d 00 57 00 5f 5f 	}0_initterm0W0__
  0xea80	43 5f 73 70 65 63 69 66 69 63 5f 68 61 6e 64 6c 	C_specific_handl
  0xea90	65 72 00 00 82 03 5f 77 63 6d 64 6c 6e 00 27 01 	er0000_wcmdln0'0
  0xeaa0	5f 66 6d 6f 64 65 00 00 d2 00 5f 63 6f 6d 6d 6f 	_fmode0000_commo
  0xeab0	64 65 00 00 6d 73 76 63 72 74 2e 64 6c 6c 00 00 	de00msvcrt.dll00
  0xeac0	2f 00 3f 74 65 72 6d 69 6e 61 74 65 40 40 59 41 	/0?terminate@@YA
  0xead0	58 58 5a 00 61 00 43 6f 49 6e 69 74 69 61 6c 69 	XXZ0a0CoInitiali
  0xeae0	7a 65 45 78 00 00 6f 6c 65 33 32 2e 64 6c 6c 00 	zeEx00ole32.dll0
  0xeaf0	4f 4c 45 41 55 54 33 32 2e 64 6c 6c 00 00 08 00 	OLEAUT32.dll0000
  0xeb00	43 6f 6d 6d 61 6e 64 4c 69 6e 65 54 6f 41 72 67 	CommandLineToArg
  0xeb10	76 57 00 00 ad 01 53 68 65 6c 6c 45 78 65 63 75 	vW0000ShellExecu
  0xeb20	74 65 45 78 57 00 53 48 45 4c 4c 33 32 2e 64 6c 	teExW0SHELL32.dl
  0xeb30	6c 00 f2 02 52 74 6c 43 61 70 74 75 72 65 43 6f 	l000RtlCaptureCo
  0xeb40	6e 74 65 78 74 00 e8 04 52 74 6c 4c 6f 6f 6b 75 	ntext000RtlLooku
  0xeb50	70 46 75 6e 63 74 69 6f 6e 45 6e 74 72 79 00 00 	pFunctionEntry00
  0xeb60	27 06 52 74 6c 56 69 72 74 75 61 6c 55 6e 77 69 	'0RtlVirtualUnwi
  0xeb70	6e 64 00 00 6e 74 64 6c 6c 2e 64 6c 6c 00 2e 00 	nd00ntdll.dll0.0
  0xeb80	47 65 74 54 68 65 6d 65 46 6f 6e 74 00 00 4d 00 	GetThemeFont00M0
  0xeb90	4f 70 65 6e 54 68 65 6d 65 44 61 74 61 00 2a 00 	OpenThemeData0*0
  0xeba0	47 65 74 54 68 65 6d 65 43 6f 6c 6f 72 00 09 00 	GetThemeColor000
  0xebb0	43 6c 6f 73 65 54 68 65 6d 65 44 61 74 61 00 00 	CloseThemeData00
  0xebc0	55 78 54 68 65 6d 65 2e 64 6c 6c 00 09 00 43 72 	UxTheme.dll000Cr
  0xebd0	65 61 74 65 50 72 6f 70 65 72 74 79 53 68 65 65 	eatePropertyShee
  0xebe0	74 50 61 67 65 57 00 00 86 00 50 72 6f 70 65 72 	tPageW0000Proper
  0xebf0	74 79 53 68 65 65 74 57 00 00 43 4f 4d 43 54 4c 	tySheetW00COMCTL
  0xec00	33 32 2e 64 6c 6c 00 00 e1 00 43 72 79 70 74 55 	32.dll0000CryptU
  0xec10	6e 70 72 6f 74 65 63 74 44 61 74 61 00 00 c3 00 	nprotectData0000
  0xec20	43 72 79 70 74 50 72 6f 74 65 63 74 44 61 74 61 	CryptProtectData
  0xec30	00 00 43 52 59 50 54 33 32 2e 64 6c 6c 00 8c 02 	00CRYPT32.dll000
  0xec40	52 65 67 4f 70 65 6e 4b 65 79 45 78 57 00 d9 02 	RegOpenKeyExW000
  0xec50	47 65 74 53 74 61 72 74 75 70 49 6e 66 6f 57 00 	GetStartupInfoW0
  0xec60	be 05 55 6e 68 61 6e 64 6c 65 64 45 78 63 65 70 	00UnhandledExcep
  0xec70	74 69 6f 6e 46 69 6c 74 65 72 00 00 7d 05 53 65 	tionFilter00}0Se
  0xec80	74 55 6e 68 61 6e 64 6c 65 64 45 78 63 65 70 74 	tUnhandledExcept
  0xec90	69 6f 6e 46 69 6c 74 65 72 00 1f 02 47 65 74 43 	ionFilter000GetC
  0xeca0	75 72 72 65 6e 74 50 72 6f 63 65 73 73 00 9c 05 	urrentProcess000
  0xecb0	54 65 72 6d 69 6e 61 74 65 50 72 6f 63 65 73 73 	TerminateProcess
  0xecc0	00 00 80 02 47 65 74 4d 6f 64 75 6c 65 48 61 6e 	0000GetModuleHan
  0xecd0	64 6c 65 57 00 00 51 04 51 75 65 72 79 50 65 72 	dleW00Q0QueryPer
  0xece0	66 6f 72 6d 61 6e 63 65 43 6f 75 6e 74 65 72 00 	formanceCounter0
  0xecf0	20 02 47 65 74 43 75 72 72 65 6e 74 50 72 6f 63 	 0GetCurrentProc
  0xed00	65 73 73 49 64 00 24 02 47 65 74 43 75 72 72 65 	essId0$0GetCurre
  0xed10	6e 74 54 68 72 65 61 64 49 64 00 00 f2 02 47 65 	ntThreadId0000Ge
  0xed20	74 53 79 73 74 65 6d 54 69 6d 65 41 73 46 69 6c 	tSystemTimeAsFil
  0xed30	65 54 69 6d 65 00 10 03 47 65 74 54 69 63 6b 43 	eTime000GetTickC
  0xed40	6f 75 6e 74 00 00 cd 00 43 72 65 61 74 65 46 69 	ount0000CreateFi
  0xed50	6c 65 57 00 0f 06 57 69 64 65 43 68 61 72 54 6f 	leW000WideCharTo
  0xed60	4d 75 6c 74 69 42 79 74 65 00 2b 00 43 6f 43 72 	MultiByte0+0CoCr
  0xed70	65 61 74 65 49 6e 73 74 61 6e 63 65 00 00 8c 00 	eateInstance0000
  0xed80	43 6f 54 61 73 6b 4d 65 6d 46 72 65 65 00 cf 06 	CoTaskMemFree000
  0xed90	57 69 6e 53 71 6d 41 64 64 54 6f 53 74 72 65 61 	WinSqmAddToStrea
  0xeda0	6d 00 92 04 6d 65 6d 63 70 79 00 00 96 04 6d 65 	m000memcpy0000me
  0xedb0	6d 73 65 74 00 00 00 00 00 00 00 00 00 00 00 00 	mset000000000000
  0xedc0	00 00 00 00 00 00 00 00 00 00 00 00 00 00 00 00 	0000000000000000
  0xedd0	00 00 00 00 00 00 00 00 00 00 00 00 00 00 00 00 	0000000000000000
  0xede0	00 00 00 00 00 00 00 00 00 00 00 00 00 00 00 00 	0000000000000000
  0xedf0	00 00 00 00 00 00 00 00 00 00 00 00 00 00 00 00 	0000000000000000
=== DATA BLOCK END ===

=== DATA BLOCK ADDRESS 0xf000 ===
  0xf000	00 f0 00 40 01 00 00 00 00 00 00 00 00 00 00 00 	000@000000000000
  0xf010	01 00 00 00 00 00 00 00 32 a2 df 2d 99 2b 00 00 	00000000200-0+00
  0xf020	cd 5d 20 d2 66 d4 ff ff 00 00 00 00 00 00 00 00 	0] 0f00000000000
  0xf030	01 00 00 00 0b 00 00 00 00 00 00 00 00 00 00 00 	0000000000000000
  0xf040	00 00 00 00 00 00 00 00 00 00 00 00 00 00 00 00 	0000000000000000
  0xf050	00 00 00 00 00 00 00 00 00 00 00 00 00 00 00 00 	0000000000000000
  0xf060	00 00 00 00 00 00 00 00 00 00 00 00 00 00 00 00 	0000000000000000
  0xf070	00 00 00 00 00 00 00 00 00 00 00 00 00 00 00 00 	0000000000000000
  0xf080	00 00 00 00 00 00 00 00 00 00 00 00 00 00 00 00 	0000000000000000
  0xf090	00 00 00 00 00 00 00 00 00 00 00 00 00 00 00 00 	0000000000000000
  0xf0a0	00 00 00 00 00 00 00 00 00 00 00 00 00 00 00 00 	0000000000000000
  0xf0b0	00 00 00 00 00 00 00 00 00 00 00 00 00 00 00 00 	0000000000000000
  0xf0c0	00 00 00 00 00 00 00 00 00 00 00 00 00 00 00 00 	0000000000000000
  0xf0d0	00 00 00 00 00 00 00 00 00 00 00 00 00 00 00 00 	0000000000000000
  0xf0e0	00 00 00 00 00 00 00 00 00 00 00 00 00 00 00 00 	0000000000000000
  0xf0f0	00 00 00 00 00 00 00 00 00 00 00 00 00 00 00 00 	0000000000000000
  0xf100	00 00 00 00 00 00 00 00 00 00 00 00 00 00 00 00 	0000000000000000
  0xf110	00 00 00 00 00 00 00 00 00 00 00 00 00 00 00 00 	0000000000000000
  0xf120	00 00 00 00 00 00 00 00 00 00 00 00 00 00 00 00 	0000000000000000
  0xf130	00 00 00 00 00 00 00 00 00 00 00 00 00 00 00 00 	0000000000000000
  0xf140	00 00 00 00 00 00 00 00 00 00 00 00 00 00 00 00 	0000000000000000
  0xf150	00 00 00 00 00 00 00 00 00 00 00 00 00 00 00 00 	0000000000000000
  0xf160	00 00 00 00 00 00 00 00 00 00 00 00 00 00 00 00 	0000000000000000
  0xf170	00 00 00 00 00 00 00 00 00 00 00 00 00 00 00 00 	0000000000000000
  0xf180	00 00 00 00 00 00 00 00 00 00 00 00 00 00 00 00 	0000000000000000
  0xf190	00 00 00 00 00 00 00 00 00 00 00 00 00 00 00 00 	0000000000000000
  0xf1a0	00 00 00 00 00 00 00 00 00 00 00 00 00 00 00 00 	0000000000000000
  0xf1b0	00 00 00 00 00 00 00 00 00 00 00 00 00 00 00 00 	0000000000000000
  0xf1c0	00 00 00 00 00 00 00 00 00 00 00 00 00 00 00 00 	0000000000000000
  0xf1d0	00 00 00 00 00 00 00 00 00 00 00 00 00 00 00 00 	0000000000000000
  0xf1e0	00 00 00 00 00 00 00 00 00 00 00 00 00 00 00 00 	0000000000000000
  0xf1f0	00 00 00 00 00 00 00 00 00 00 00 00 00 00 00 00 	0000000000000000
=== DATA BLOCK END ===

=== DATA BLOCK ADDRESS 0x10000 ===
  0x10000	08 10 00 00 86 10 00 00 c8 d6 00 00 8c 10 00 00 	0000000000000000
  0x10010	b1 10 00 00 d8 d6 00 00 b8 10 00 00 f3 10 00 00 	0000000000000000
  0x10020	e0 d6 00 00 fc 10 00 00 63 11 00 00 e8 d6 00 00 	00000000c0000000
  0x10030	6c 11 00 00 a7 11 00 00 e0 d6 00 00 b0 11 00 00 	l000000000000000
  0x10040	42 12 00 00 f0 d6 00 00 48 12 00 00 e2 19 00 00 	B0000000H0000000
  0x10050	00 d7 00 00 f0 19 00 00 c8 1a 00 00 24 d7 00 00 	000000000000$000
  0x10060	d0 1a 00 00 53 1b 00 00 2c d7 00 00 5c 1b 00 00 	0000S000,0000000
  0x10070	d9 1b 00 00 34 d7 00 00 e0 1b 00 00 29 1c 00 00 	000040000000)000
  0x10080	3c d7 00 00 30 1c 00 00 dc 1c 00 00 44 d7 00 00 	<00000000000D000
  0x10090	f0 1c 00 00 aa 26 00 00 4c d7 00 00 b0 26 00 00 	00000&00L0000&00
  0x100a0	d9 26 00 00 98 d7 00 00 e0 26 00 00 1f 2a 00 00 	0&0000000&000*00
  0x100b0	b0 d7 00 00 28 2a 00 00 6c 2c 00 00 d4 d7 00 00 	0000(*00l,000000
  0x100c0	74 2c 00 00 48 2d 00 00 10 d8 00 00 50 2d 00 00 	t,00H-000000P-00
  0x100d0	6a 2e 00 00 28 d8 00 00 70 2e 00 00 60 35 00 00 	j.00(000p.00`500
  0x100e0	38 d8 00 00 68 35 00 00 59 3a 00 00 5c d8 00 00 	8000h500Y:000000
  0x100f0	60 3a 00 00 e4 3b 00 00 28 d8 00 00 ec 3b 00 00 	`:000;00(0000;00
  0x10100	e2 3c 00 00 80 d8 00 00 e8 3c 00 00 d9 40 00 00 	0<0000000<000@00
  0x10110	98 d8 00 00 e0 40 00 00 0b 43 00 00 bc d8 00 00 	00000@000C000000
  0x10120	14 43 00 00 0c 44 00 00 dc d8 00 00 14 44 00 00 	0C000D0000000D00
  0x10130	c0 44 00 00 f4 d8 00 00 c8 44 00 00 37 45 00 00 	0D0000000D007E00
  0x10140	f0 d6 00 00 40 45 00 00 d3 46 00 00 00 d9 00 00 	0000@E000F000000
  0x10150	dc 46 00 00 4b 4b 00 00 38 d9 00 00 60 4b 00 00 	0F00KK008000`K00
  0x10160	ce 4e 00 00 5c d9 00 00 d4 4e 00 00 43 51 00 00 	0N0000000N00CQ00
  0x10170	7c d9 00 00 4c 51 00 00 ef 53 00 00 9c d9 00 00 	|000LQ000S000000
  0x10180	f8 53 00 00 6d 56 00 00 7c d9 00 00 80 56 00 00 	0S00mV00|0000V00
  0x10190	49 58 00 00 d8 d9 00 00 50 58 00 00 58 5a 00 00 	IX000000PX00XZ00
  0x101a0	ec d9 00 00 60 5a 00 00 66 5d 00 00 08 da 00 00 	0000`Z00f]000000
  0x101b0	70 5d 00 00 e3 5e 00 00 40 da 00 00 ec 5e 00 00 	p]000^00@0000^00
  0x101c0	df 5f 00 00 50 da 00 00 e8 5f 00 00 c8 60 00 00 	0_00P0000_000`00
  0x101d0	24 d7 00 00 d0 60 00 00 76 62 00 00 6c da 00 00 	$0000`00vb00l000
  0x101e0	7c 62 00 00 00 63 00 00 34 d7 00 00 08 63 00 00 	|b000c0040000c00
  0x101f0	70 63 00 00 90 da 00 00 78 63 00 00 13 66 00 00 	pc000000xc000f00
  0x10200	98 da 00 00 1c 66 00 00 f3 69 00 00 b0 da 00 00 	00000f000i000000
  0x10210	fc 69 00 00 f2 6a 00 00 c4 da 00 00 f8 6a 00 00 	0i000j0000000j00
  0x10220	a9 6d 00 00 d8 da 00 00 b0 6d 00 00 51 6e 00 00 	0m0000000m00Qn00
  0x10230	f8 da 00 00 60 6e 00 00 55 70 00 00 08 db 00 00 	0000`n00Up000000
  0x10240	60 70 00 00 8f 73 00 00 14 db 00 00 98 73 00 00 	`p000s0000000s00
  0x10250	95 74 00 00 2c db 00 00 9c 74 00 00 ef 74 00 00 	0t00,0000t000t00
  0x10260	e8 d6 00 00 f8 74 00 00 63 75 00 00 60 db 00 00 	00000t00cu00`000
  0x10270	6c 75 00 00 b8 75 00 00 70 db 00 00 c0 75 00 00 	lu000u00p0000u00
  0x10280	37 76 00 00 80 db 00 00 40 76 00 00 b1 76 00 00 	7v000000@v000v00
  0x10290	90 db 00 00 b8 76 00 00 05 78 00 00 98 db 00 00 	00000v000x000000
  0x102a0	0c 78 00 00 bc 78 00 00 b4 db 00 00 c4 78 00 00 	0x000x0000000x00
  0x102b0	74 79 00 00 90 db 00 00 7c 79 00 00 63 7a 00 00 	ty000000|y00cz00
  0x102c0	c4 db 00 00 6c 7a 00 00 f1 7a 00 00 34 d7 00 00 	0000lz000z004000
  0x102d0	f8 7a 00 00 48 7b 00 00 3c d7 00 00 50 7b 00 00 	0z00H{00<000P{00
  0x102e0	0d 7c 00 00 d4 db 00 00 14 7c 00 00 56 7e 00 00 	0|0000000|00V~00
  0x102f0	dc db 00 00 5c 7e 00 00 f0 83 00 00 20 dc 00 00 	00000~000000 000
  0x10300	f8 83 00 00 73 85 00 00 80 dc 00 00 7c 85 00 00 	0000s0000000|000
  0x10310	b3 89 00 00 98 dc 00 00 bc 89 00 00 e9 91 00 00 	0000000000000000
  0x10320	f0 dc 00 00 f0 91 00 00 cf 97 00 00 48 dd 00 00 	000000000000H000
  0x10330	d8 97 00 00 17 9f 00 00 6c dd 00 00 20 9f 00 00 	00000000l000 000
  0x10340	13 a3 00 00 c8 dd 00 00 1c a3 00 00 fb a5 00 00 	0000000000000000
  0x10350	e8 dd 00 00 04 a6 00 00 31 a9 00 00 40 de 00 00 	000000001000@000
  0x10360	38 a9 00 00 eb a9 00 00 60 de 00 00 f4 a9 00 00 	80000000`0000000
  0x10370	6c aa 00 00 34 d7 00 00 74 aa 00 00 db aa 00 00 	l0004000t0000000
  0x10380	e8 d6 00 00 e4 aa 00 00 67 ab 00 00 d8 d6 00 00 	00000000g0000000
  0x10390	80 ab 00 00 53 ac 00 00 78 de 00 00 60 ac 00 00 	0000S000x000`000
  0x103a0	a9 ac 00 00 d8 d6 00 00 b0 ac 00 00 14 af 00 00 	0000000000000000
  0x103b0	80 de 00 00 20 af 00 00 32 af 00 00 78 de 00 00 	0000 0002000x000
  0x103c0	50 af 00 00 6e af 00 00 c0 de 00 00 74 af 00 00 	P000n0000000t000
  0x103d0	a8 af 00 00 24 d7 00 00 b0 af 00 00 21 b1 00 00 	0000$0000000!000
  0x103e0	c4 de 00 00 40 b1 00 00 79 b1 00 00 78 de 00 00 	0000@000y000x000
  0x103f0	80 b1 00 00 98 b1 00 00 78 de 00 00 ac b1 00 00 	00000000x0000000
  0x10400	00 b2 00 00 cc de 00 00 08 b2 00 00 4d b2 00 00 	000000000000M000
  0x10410	24 d7 00 00 c0 b2 00 00 0d b3 00 00 ec de 00 00 	$000000000000000
  0x10420	54 b3 00 00 28 b4 00 00 10 df 00 00 68 b4 00 00 	T000(0000000h000
  0x10430	85 b4 00 00 78 de 00 00 8c b4 00 00 e7 b4 00 00 	0000x00000000000
  0x10440	24 df 00 00 f0 b4 00 00 6f b5 00 00 2c df 00 00 	$0000000o000,000
  0x10450	a0 b5 00 00 a2 b5 00 00 20 df 00 00 ac b6 00 00 	00000000 0000000
  0x10460	ca b6 00 00 b4 de 00 00 d0 b6 00 00 f0 b6 00 00 	0000000000000000
  0x10470	b4 de 00 00 00 00 00 00 00 00 00 00 00 00 00 00 	0000000000000000
  0x10480	00 00 00 00 00 00 00 00 00 00 00 00 00 00 00 00 	0000000000000000
  0x10490	00 00 00 00 00 00 00 00 00 00 00 00 00 00 00 00 	0000000000000000
  0x104a0	00 00 00 00 00 00 00 00 00 00 00 00 00 00 00 00 	0000000000000000
  0x104b0	00 00 00 00 00 00 00 00 00 00 00 00 00 00 00 00 	0000000000000000
  0x104c0	00 00 00 00 00 00 00 00 00 00 00 00 00 00 00 00 	0000000000000000
  0x104d0	00 00 00 00 00 00 00 00 00 00 00 00 00 00 00 00 	0000000000000000
  0x104e0	00 00 00 00 00 00 00 00 00 00 00 00 00 00 00 00 	0000000000000000
  0x104f0	00 00 00 00 00 00 00 00 00 00 00 00 00 00 00 00 	0000000000000000
  0x10500	00 00 00 00 00 00 00 00 00 00 00 00 00 00 00 00 	0000000000000000
  0x10510	00 00 00 00 00 00 00 00 00 00 00 00 00 00 00 00 	0000000000000000
  0x10520	00 00 00 00 00 00 00 00 00 00 00 00 00 00 00 00 	0000000000000000
  0x10530	00 00 00 00 00 00 00 00 00 00 00 00 00 00 00 00 	0000000000000000
  0x10540	00 00 00 00 00 00 00 00 00 00 00 00 00 00 00 00 	0000000000000000
  0x10550	00 00 00 00 00 00 00 00 00 00 00 00 00 00 00 00 	0000000000000000
  0x10560	00 00 00 00 00 00 00 00 00 00 00 00 00 00 00 00 	0000000000000000
  0x10570	00 00 00 00 00 00 00 00 00 00 00 00 00 00 00 00 	0000000000000000
  0x10580	00 00 00 00 00 00 00 00 00 00 00 00 00 00 00 00 	0000000000000000
  0x10590	00 00 00 00 00 00 00 00 00 00 00 00 00 00 00 00 	0000000000000000
  0x105a0	00 00 00 00 00 00 00 00 00 00 00 00 00 00 00 00 	0000000000000000
  0x105b0	00 00 00 00 00 00 00 00 00 00 00 00 00 00 00 00 	0000000000000000
  0x105c0	00 00 00 00 00 00 00 00 00 00 00 00 00 00 00 00 	0000000000000000
  0x105d0	00 00 00 00 00 00 00 00 00 00 00 00 00 00 00 00 	0000000000000000
  0x105e0	00 00 00 00 00 00 00 00 00 00 00 00 00 00 00 00 	0000000000000000
  0x105f0	00 00 00 00 00 00 00 00 00 00 00 00 00 00 00 00 	0000000000000000
=== DATA BLOCK END ===
