===== Assembly blocks =====

=== CODE BLOCK ADDRESS 0x1000 ===
=== CODE BLOCK END ===

=== DATA BLOCK ADDRESS 0xc000 ===
  0xc000	10 b0 00 40 01 00 00 00 70 08 01 40 01 00 00 00 	000@0000p00@0000
  0xc010	10 09 01 40 01 00 00 00 c0 dd 00 40 01 00 00 00 	000@0000000@0000
  0xc020	40 41 00 40 01 00 00 00 c0 41 00 40 01 00 00 00 	@A0@00000A0@0000
  0xc030	a0 41 00 40 01 00 00 00 90 27 00 40 01 00 00 00 	0A0@00000'0@0000
  0xc040	98 dd 00 40 01 00 00 00 40 41 00 40 01 00 00 00 	000@0000@A0@0000
  0xc050	c0 41 00 40 01 00 00 00 a0 41 00 40 01 00 00 00 	0A0@00000A0@0000
  0xc060	f0 24 00 40 01 00 00 00 70 dd 00 40 01 00 00 00 	0$0@0000p00@0000
  0xc070	40 41 00 40 01 00 00 00 c0 41 00 40 01 00 00 00 	@A0@00000A0@0000
  0xc080	a0 41 00 40 01 00 00 00 e0 21 00 40 01 00 00 00 	0A0@00000!0@0000
  0xc090	b0 de 00 40 01 00 00 00 f0 42 00 40 01 00 00 00 	000@00000B0@0000
  0xc0a0	d0 42 00 40 01 00 00 00 10 45 00 40 01 00 00 00 	0B0@00000E0@0000
  0xc0b0	e0 21 00 40 01 00 00 00 88 de 00 40 01 00 00 00 	0!0@0000000@0000
  0xc0c0	e0 41 00 40 01 00 00 00 d0 42 00 40 01 00 00 00 	0A0@00000B0@0000
  0xc0d0	90 44 00 40 01 00 00 00 60 de 00 40 01 00 00 00 	0D0@0000`00@0000
  0xc0e0	f0 42 00 40 01 00 00 00 d0 42 00 40 01 00 00 00 	0B0@00000B0@0000
  0xc0f0	10 44 00 40 01 00 00 00 f0 24 00 40 01 00 00 00 	0D0@00000$0@0000
  0xc100	38 de 00 40 01 00 00 00 e0 41 00 40 01 00 00 00 	800@00000A0@0000
  0xc110	d0 42 00 40 01 00 00 00 90 43 00 40 01 00 00 00 	0B0@00000C0@0000
  0xc120	10 de 00 40 01 00 00 00 f0 42 00 40 01 00 00 00 	000@00000B0@0000
  0xc130	d0 42 00 40 01 00 00 00 10 43 00 40 01 00 00 00 	0B0@00000C0@0000
  0xc140	90 27 00 40 01 00 00 00 e8 dd 00 40 01 00 00 00 	0'0@0000000@0000
  0xc150	e0 41 00 40 01 00 00 00 d0 42 00 40 01 00 00 00 	0A0@00000B0@0000
  0xc160	50 42 00 40 01 00 00 00 00 df 00 40 01 00 00 00 	PB0@0000000@0000
  0xc170	50 40 00 40 01 00 00 00 00 41 00 40 01 00 00 00 	P@0@00000A0@0000
  0xc180	70 40 00 40 01 00 00 00 b0 48 00 40 01 00 00 00 	p@0@00000H0@0000
  0xc190	80 48 00 40 01 00 00 00 d8 de 00 40 01 00 00 00 	0H0@0000000@0000
  0xc1a0	50 3f 00 40 01 00 00 00 78 df 00 40 01 00 00 00 	P?0@0000x00@0000
  0xc1b0	50 53 00 40 01 00 00 00 f0 df 00 40 01 00 00 00 	PS0@0000000@0000
  0xc1c0	d0 7a 00 40 01 00 00 00 88 cd 00 40 01 00 00 00 	0z0@0000000@0000
  0xc1d0	00 00 00 00 00 00 00 00 01 00 00 00 00 00 00 00 	0000000000000000
  0xc1e0	00 00 00 00 00 00 00 00 00 00 00 00 00 00 00 00 	0000000000000000
  0xc1f0	00 00 00 00 00 00 00 00 e0 cd 00 40 01 00 00 00 	00000000000@0000
  0xc200	00 00 00 00 00 00 00 00 01 00 00 00 00 00 00 00 	0000000000000000
  0xc210	00 00 00 00 00 00 00 00 00 00 00 00 00 00 00 00 	0000000000000000
  0xc220	00 00 00 00 00 00 00 00 00 00 00 00 00 00 00 00 	0000000000000000
  0xc230	08 ce 00 40 01 00 00 00 00 00 00 80 ff ff ff ff 	000@000000000000
  0xc240	18 ce 00 40 01 00 00 00 01 00 00 80 ff ff ff ff 	000@000000000000
  0xc250	28 ce 00 40 01 00 00 00 02 00 00 80 ff ff ff ff 	(00@000000000000
  0xc260	38 ce 00 40 01 00 00 00 03 00 00 80 ff ff ff ff 	800@000000000000
  0xc270	40 ce 00 40 01 00 00 00 04 00 00 80 ff ff ff ff 	@00@000000000000
  0xc280	50 ce 00 40 01 00 00 00 06 00 00 80 ff ff ff ff 	P00@000000000000
  0xc290	60 ce 00 40 01 00 00 00 05 00 00 80 ff ff ff ff 	`00@000000000000
  0xc2a0	70 ce 00 40 01 00 00 00 00 00 00 80 ff ff ff ff 	p00@000000000000
  0xc2b0	98 ce 00 40 01 00 00 00 01 00 00 80 ff ff ff ff 	000@000000000000
  0xc2c0	c0 ce 00 40 01 00 00 00 02 00 00 80 ff ff ff ff 	000@000000000000
  0xc2d0	e8 ce 00 40 01 00 00 00 03 00 00 80 ff ff ff ff 	000@000000000000
  0xc2e0	00 cf 00 40 01 00 00 00 04 00 00 80 ff ff ff ff 	000@000000000000
  0xc2f0	30 cf 00 40 01 00 00 00 06 00 00 80 ff ff ff ff 	000@000000000000
  0xc300	50 cf 00 40 01 00 00 00 05 00 00 80 ff ff ff ff 	P00@000000000000
  0xc310	94 cf 00 40 01 00 00 00 08 00 00 00 00 00 00 00 	000@000000000000
  0xc320	98 cf 00 40 01 00 00 00 13 00 00 00 00 00 00 00 	000@000000000000
  0xc330	9c cf 00 40 01 00 00 00 11 00 00 00 00 00 00 00 	000@000000000000
  0xc340	b8 cf 00 40 01 00 00 00 c8 cf 00 40 01 00 00 00 	000@0000000@0000
  0xc350	18 01 00 00 00 00 00 00 00 00 00 00 00 00 00 00 	0000000000000000
  0xc360	00 00 00 00 00 00 00 00 00 00 00 00 00 00 00 00 	0000000000000000
  0xc370	00 00 00 00 00 00 00 00 00 00 00 00 00 00 00 00 	0000000000000000
  0xc380	00 00 00 00 00 00 00 00 00 00 00 00 00 00 00 00 	0000000000000000
  0xc390	00 00 00 00 00 00 00 00 00 00 00 00 00 00 00 00 	0000000000000000
  0xc3a0	00 00 00 00 00 00 00 00 c8 07 01 40 01 00 00 00 	00000000000@0000
  0xc3b0	00 00 00 00 00 00 00 00 00 00 00 00 00 00 00 00 	0000000000000000
  0xc3c0	d0 c9 00 40 01 00 00 00 d8 c9 00 40 01 00 00 00 	000@0000000@0000
  0xc3d0	48 ca 00 40 01 00 00 00 2f 00 00 00 00 00 00 00 	H00@0000/0000000
  0xc3e0	00 75 41 00 00 00 00 00 00 00 00 00 00 00 00 00 	0uA0000000000000
  0xc3f0	00 00 00 00 00 00 00 00 00 00 00 00 00 00 00 00 	0000000000000000
  0xc400	00 00 00 00 00 00 00 00 00 00 00 00 00 00 00 00 	0000000000000000
  0xc410	00 00 00 00 00 00 00 00 00 00 00 00 00 00 00 00 	0000000000000000
  0xc420	00 00 00 00 00 00 00 00 00 00 00 00 00 00 00 00 	0000000000000000
  0xc430	00 00 00 00 00 00 00 00 00 00 00 00 00 00 00 00 	0000000000000000
  0xc440	00 00 00 00 00 00 00 00 00 00 00 00 00 00 00 00 	0000000000000000
  0xc450	00 00 00 00 00 00 00 00 28 ca 00 40 01 00 00 00 	00000000(00@0000
  0xc460	08 00 00 00 00 00 00 00 14 e3 00 40 01 00 00 00 	00000000000@0000
  0xc470	1c e3 00 40 01 00 00 00 f0 0d 01 40 01 00 00 00 	000@0000000@0000
  0xc480	20 ca 00 40 01 00 00 00 00 00 00 00 00 00 30 00 	 00@000000000000
  0xc490	a0 f0 00 00 00 00 00 00 ae f0 00 00 00 00 00 00 	0000000000000000
  0xc4a0	be f0 00 00 00 00 00 00 ce f0 00 00 00 00 00 00 	0000000000000000
  0xc4b0	e2 f0 00 00 00 00 00 00 f2 f0 00 00 00 00 00 00 	0000000000000000
  0xc4c0	04 f1 00 00 00 00 00 00 16 f1 00 00 00 00 00 00 	0000000000000000
  0xc4d0	00 00 00 00 00 00 00 00 94 f4 00 00 00 00 00 00 	0000000000000000
  0xc4e0	00 00 00 00 00 00 00 00 7c f2 00 00 00 00 00 00 	00000000|0000000
  0xc4f0	8c f2 00 00 00 00 00 00 a2 f2 00 00 00 00 00 00 	0000000000000000
  0xc500	b4 f2 00 00 00 00 00 00 c4 f2 00 00 00 00 00 00 	0000000000000000
  0xc510	d6 f2 00 00 00 00 00 00 e4 f2 00 00 00 00 00 00 	0000000000000000
  0xc520	f0 f2 00 00 00 00 00 00 06 f3 00 00 00 00 00 00 	0000000000000000
  0xc530	16 f3 00 00 00 00 00 00 2c f3 00 00 00 00 00 00 	00000000,0000000
  0xc540	3e f3 00 00 00 00 00 00 5c f3 00 00 00 00 00 00 	>000000000000000
  0xc550	6e f3 00 00 00 00 00 00 86 f3 00 00 00 00 00 00 	n000000000000000
  0xc560	a2 f3 00 00 00 00 00 00 b8 f3 00 00 00 00 00 00 	0000000000000000
  0xc570	c4 f3 00 00 00 00 00 00 d6 f3 00 00 00 00 00 00 	0000000000000000
  0xc580	e4 f3 00 00 00 00 00 00 f8 f3 00 00 00 00 00 00 	0000000000000000
  0xc590	08 f4 00 00 00 00 00 00 1c f4 00 00 00 00 00 00 	0000000000000000
  0xc5a0	2c f4 00 00 00 00 00 00 42 f4 00 00 00 00 00 00 	,0000000B0000000
  0xc5b0	52 f4 00 00 00 00 00 00 64 f4 00 00 00 00 00 00 	R0000000d0000000
  0xc5c0	76 f4 00 00 00 00 00 00 44 f1 00 00 00 00 00 00 	v0000000D0000000
  0xc5d0	5c f2 00 00 00 00 00 00 6c f2 00 00 00 00 00 00 	00000000l0000000
  0xc5e0	50 f1 00 00 00 00 00 00 64 f1 00 00 00 00 00 00 	P0000000d0000000
  0xc5f0	7a f1 00 00 00 00 00 00 8a f1 00 00 00 00 00 00 	z000000000000000
  0xc600	a8 f1 00 00 00 00 00 00 be f1 00 00 00 00 00 00 	0000000000000000
  0xc610	ce f1 00 00 00 00 00 00 e2 f1 00 00 00 00 00 00 	0000000000000000
  0xc620	f0 f1 00 00 00 00 00 00 00 f2 00 00 00 00 00 00 	0000000000000000
  0xc630	0e f2 00 00 00 00 00 00 20 f2 00 00 00 00 00 00 	00000000 0000000
  0xc640	32 f2 00 00 00 00 00 00 3e f2 00 00 00 00 00 00 	20000000>0000000
  0xc650	c8 fa 00 00 00 00 00 00 b8 fa 00 00 00 00 00 00 	0000000000000000
  0xc660	a6 fa 00 00 00 00 00 00 96 fa 00 00 00 00 00 00 	0000000000000000
  0xc670	7c fa 00 00 00 00 00 00 66 fa 00 00 00 00 00 00 	|0000000f0000000
  0xc680	4c fa 00 00 00 00 00 00 38 fa 00 00 00 00 00 00 	L000000080000000
  0xc690	24 fa 00 00 00 00 00 00 06 fa 00 00 00 00 00 00 	$000000000000000
  0xc6a0	4a f2 00 00 00 00 00 00 ea f9 00 00 00 00 00 00 	J000000000000000
  0xc6b0	d6 f9 00 00 00 00 00 00 bc f9 00 00 00 00 00 00 	0000000000000000
  0xc6c0	a8 f9 00 00 00 00 00 00 8c f9 00 00 00 00 00 00 	0000000000000000
  0xc6d0	70 f9 00 00 00 00 00 00 56 f9 00 00 00 00 00 00 	p0000000V0000000
  0xc6e0	3c f9 00 00 00 00 00 00 2a f9 00 00 00 00 00 00 	<0000000*0000000
  0xc6f0	22 f9 00 00 00 00 00 00 36 f1 00 00 00 00 00 00 	"000000060000000
  0xc700	00 00 00 00 00 00 00 00 02 00 00 00 00 00 00 80 	0000000000000000
  0xc710	15 01 00 00 00 00 00 80 a3 00 00 00 00 00 00 80 	0000000000000000
  0xc720	04 00 00 00 00 00 00 80 07 00 00 00 00 00 00 80 	0000000000000000
  0xc730	06 00 00 00 00 00 00 80 a1 00 00 00 00 00 00 80 	0000000000000000
  0xc740	00 00 00 00 00 00 00 00 ae f8 00 00 00 00 00 00 	0000000000000000
  0xc750	c2 f8 00 00 00 00 00 00 00 00 00 00 00 00 00 00 	0000000000000000
  0xc760	e0 f8 00 00 00 00 00 00 54 fb 00 00 00 00 00 00 	00000000T0000000
  0xc770	00 00 00 00 00 00 00 00 fa f8 00 00 00 00 00 00 	0000000000000000
  0xc780	00 00 00 00 00 00 00 00 18 fb 00 00 00 00 00 00 	0000000000000000
  0xc790	2a fb 00 00 00 00 00 00 d8 fa 00 00 00 00 00 00 	*000000000000000
  0xc7a0	f4 fa 00 00 00 00 00 00 04 fb 00 00 00 00 00 00 	0000000000000000
  0xc7b0	42 f6 00 00 00 00 00 00 34 f6 00 00 00 00 00 00 	B000000040000000
  0xc7c0	20 f6 00 00 00 00 00 00 10 f6 00 00 00 00 00 00 	 000000000000000
  0xc7d0	02 f6 00 00 00 00 00 00 f6 f5 00 00 00 00 00 00 	0000000000000000
  0xc7e0	e4 f5 00 00 00 00 00 00 d2 f5 00 00 00 00 00 00 	0000000000000000
  0xc7f0	c0 f5 00 00 00 00 00 00 b0 f5 00 00 00 00 00 00 	0000000000000000
  0xc800	9c f5 00 00 00 00 00 00 88 f5 00 00 00 00 00 00 	0000000000000000
  0xc810	7c f5 00 00 00 00 00 00 74 f5 00 00 00 00 00 00 	|0000000t0000000
  0xc820	66 f5 00 00 00 00 00 00 56 f5 00 00 00 00 00 00 	f0000000V0000000
  0xc830	44 f5 00 00 00 00 00 00 30 f5 00 00 00 00 00 00 	D000000000000000
  0xc840	22 f5 00 00 00 00 00 00 0c f5 00 00 00 00 00 00 	"000000000000000
  0xc850	f6 f4 00 00 00 00 00 00 e0 f4 00 00 00 00 00 00 	0000000000000000
  0xc860	d4 f4 00 00 00 00 00 00 c8 f4 00 00 00 00 00 00 	0000000000000000
  0xc870	bc f4 00 00 00 00 00 00 ae f4 00 00 00 00 00 00 	0000000000000000
  0xc880	00 00 00 00 00 00 00 00 6e fb 00 00 00 00 00 00 	00000000n0000000
  0xc890	78 fb 00 00 00 00 00 00 86 f7 00 00 00 00 00 00 	x000000000000000
  0xc8a0	6e f7 00 00 00 00 00 00 56 f7 00 00 00 00 00 00 	n0000000V0000000
  0xc8b0	4c f7 00 00 00 00 00 00 42 f7 00 00 00 00 00 00 	L0000000B0000000
  0xc8c0	36 f7 00 00 00 00 00 00 22 f7 00 00 00 00 00 00 	60000000"0000000
  0xc8d0	18 f7 00 00 00 00 00 00 10 f7 00 00 00 00 00 00 	0000000000000000
  0xc8e0	08 f7 00 00 00 00 00 00 f6 f6 00 00 00 00 00 00 	0000000000000000
  0xc8f0	e4 f6 00 00 00 00 00 00 d6 f6 00 00 00 00 00 00 	0000000000000000
  0xc900	c8 f6 00 00 00 00 00 00 ba f6 00 00 00 00 00 00 	0000000000000000
  0xc910	b0 f6 00 00 00 00 00 00 a4 f6 00 00 00 00 00 00 	0000000000000000
  0xc920	9a f6 00 00 00 00 00 00 8e f6 00 00 00 00 00 00 	0000000000000000
  0xc930	84 f6 00 00 00 00 00 00 7c f6 00 00 00 00 00 00 	00000000|0000000
  0xc940	64 f6 00 00 00 00 00 00 82 fb 00 00 00 00 00 00 	d000000000000000
  0xc950	00 00 00 00 00 00 00 00 86 f8 00 00 00 00 00 00 	0000000000000000
  0xc960	70 f8 00 00 00 00 00 00 58 f8 00 00 00 00 00 00 	p0000000X0000000
  0xc970	46 f8 00 00 00 00 00 00 34 f8 00 00 00 00 00 00 	F000000040000000
  0xc980	40 fb 00 00 00 00 00 00 fe f7 00 00 00 00 00 00 	@000000000000000
  0xc990	10 f8 00 00 00 00 00 00 ee f7 00 00 00 00 00 00 	0000000000000000
  0xc9a0	d0 f7 00 00 00 00 00 00 bc f7 00 00 00 00 00 00 	0000000000000000
  0xc9b0	aa f7 00 00 00 00 00 00 9a f7 00 00 00 00 00 00 	0000000000000000
  0xc9c0	20 f8 00 00 00 00 00 00 00 00 00 00 00 00 00 00 	 000000000000000
  0xc9d0	00 b7 00 40 01 00 00 00 70 b8 00 40 01 00 00 00 	000@0000p00@0000
  0xc9e0	00 00 00 00 00 00 00 00 f0 ac 00 40 01 00 00 00 	00000000000@0000
  0xc9f0	00 00 00 00 00 00 00 00 00 00 00 00 00 00 00 00 	0000000000000000
  0xca00	10 ac 00 40 01 00 00 00 40 b4 00 40 01 00 00 00 	000@0000@00@0000
  0xca10	00 00 00 00 00 00 00 00 00 00 00 00 00 00 00 00 	0000000000000000
  0xca20	00 00 00 00 00 00 00 00 32 49 00 00 cf 51 00 00 	000000002I000Q00
  0xca30	33 52 00 00 72 52 00 00 d0 62 00 00 59 af 00 00 	3R00rR000b00Y000
  0xca40	b2 b4 00 00 c0 b5 00 00 20 21 00 00 c0 21 00 00 	00000000 !000!00
  0xca50	e0 21 00 00 d0 24 00 00 f0 24 00 00 d0 26 00 00 	0!000$000$000&00
  0xca60	70 27 00 00 90 27 00 00 d0 2a 00 00 e0 36 00 00 	p'000'000*000600
  0xca70	60 38 00 00 a0 3a 00 00 20 3c 00 00 30 3e 00 00 	`8000:00 <000>00
  0xca80	50 3f 00 00 50 40 00 00 70 40 00 00 00 41 00 00 	P?00P@00p@000A00
  0xca90	40 41 00 00 a0 41 00 00 c0 41 00 00 e0 41 00 00 	@A000A000A000A00
  0xcaa0	50 42 00 00 d0 42 00 00 f0 42 00 00 10 43 00 00 	PB000B000B000C00
  0xcab0	90 43 00 00 10 44 00 00 90 44 00 00 10 45 00 00 	0C000D000D000E00
  0xcac0	80 48 00 00 b0 48 00 00 50 53 00 00 b0 53 00 00 	0H000H00PS000S00
  0xcad0	d0 7a 00 00 10 7d 00 00 a0 87 00 00 00 96 00 00 	0z000}0000000000
  0xcae0	10 ac 00 00 f0 ac 00 00 b0 af 00 00 10 b0 00 00 	0000000000000000
  0xcaf0	80 b1 00 00 00 b4 00 00 40 b4 00 00 20 b5 00 00 	00000000@000 000
  0xcb00	00 b7 00 00 00 00 00 00 00 00 00 00 00 00 00 00 	0000000000000000
  0xcb10	00 00 00 00 00 00 00 00 00 00 00 00 00 00 00 00 	0000000000000000
  0xcb20	00 00 00 00 00 00 00 00 c0 00 00 00 00 00 00 46 	000000000000000F
  0xcb30	05 e0 02 00 00 00 00 00 c0 00 00 00 00 00 00 46 	000000000000000F
  0xcb40	12 e0 02 00 00 00 00 00 c0 00 00 00 00 00 00 46 	000000000000000F
  0xcb50	2a 50 b2 5e f1 8c d1 11 bf 92 00 60 08 1e d8 11 	*P0^0000000`0000
  0xcb60	b0 87 62 ae 84 00 d2 11 97 3b 00 a0 c9 06 8f 2e 	00b000000;00000.
  0xcb70	a0 e8 b5 98 cc 29 1a 49 aa c0 e6 db 4f dc ce b6 	00000)0I0000O000
  0xcb80	26 e7 f4 a1 f1 8c d1 11 bf 92 00 60 08 1e d8 11 	&0000000000`0000
  0xcb90	bc 92 c2 b6 88 7c ee 41 8b 54 8e c9 26 17 e5 99 	00000|0A0T00&000
  0xcba0	de ba 8b a2 b6 64 d2 11 a2 31 00 c0 4f a3 18 09 	00000d000100O000
  0xcbb0	15 a7 c5 a6 6e 8c d2 11 97 7a 00 00 f8 7a 92 6f 	0000n0000z000z0o
  0xcbc0	25 f4 41 b4 6e 8c d2 11 97 7a 00 00 f8 7a 92 6f 	%0A0n0000z000z0o
  0xcbd0	93 b7 0e c0 6e 8c d2 11 97 7a 00 00 f8 7a 92 6f 	0000n0000z000z0o
  0xcbe0	ee dc 86 c6 f2 54 9e 41 9a 27 2f c7 f2 e9 8f 9e 	00000T0A0'/00000
  0xcbf0	7d 2b 37 e0 15 e1 25 45 bc 55 b6 29 e6 8c 74 5a 	}+7000%E0U0)00tZ
  0xcc00	d0 aa 4b 5f 59 4d cd 4f b2 13 78 3c e7 a9 2f 22 	00K_YM0O00x<00/"
  0xcc10	f5 b6 44 81 a8 20 4a 44 b8 ee 19 df 0b b8 4b db 	00D00 JD000000K0
  0xcc20	02 6e f2 00 f2 e9 9f 4a 9f dd 5a 96 2f b2 6a 98 	0n00000J00Z0/0j0
  0xcc30	56 00 61 00 6c 00 00 00 46 00 6f 00 72 00 63 00 	V0a0l000F0o0r0c0
  0xcc40	65 00 52 00 65 00 6d 00 6f 00 76 00 65 00 00 00 	e0R0e0m0o0v0e000
  0xcc50	4e 00 6f 00 52 00 65 00 6d 00 6f 00 76 00 65 00 	N0o0R0e0m0o0v0e0
  0xcc60	00 00 00 00 00 00 00 00 44 00 65 00 6c 00 65 00 	00000000D0e0l0e0
  0xcc70	74 00 65 00 00 00 00 00 50 00 68 00 6f 00 74 00 	t0e00000P0h0o0t0
  0xcc80	6f 00 41 00 63 00 71 00 75 00 69 00 72 00 65 00 	o0A0c0q0u0i0r0e0
  0xcc90	2e 00 69 00 6e 00 69 00 00 00 00 00 00 00 00 00 	.0i0n0i000000000
  0xcca0	44 00 65 00 76 00 69 00 63 00 65 00 4e 00 61 00 	D0e0v0i0c0e0N0a0
  0xccb0	6d 00 65 00 00 00 00 00 50 00 68 00 6f 00 74 00 	m0e00000P0h0o0t0
  0xccc0	6f 00 41 00 63 00 71 00 75 00 69 00 72 00 65 00 	o0A0c0q0u0i0r0e0
  0xccd0	53 00 65 00 74 00 74 00 69 00 6e 00 67 00 73 00 	S0e0t0t0i0n0g0s0
  0xcce0	00 00 00 00 32 00 00 00 44 00 65 00 76 00 69 00 	00002000D0e0v0i0
  0xccf0	63 00 65 00 54 00 79 00 70 00 65 00 00 00 00 00 	c0e0T0y0p0e00000
  0xcd00	2c 00 2d 00 32 00 00 00 44 00 65 00 76 00 69 00 	,0-02000D0e0v0i0
  0xcd10	63 00 65 00 49 00 63 00 6f 00 6e 00 00 00 00 00 	c0e0I0c0o0n00000
  0xcd20	2d 00 2f 00 00 00 00 00 52 00 65 00 67 00 53 00 	-0/00000R0e0g0S0
  0xcd30	65 00 72 00 76 00 65 00 72 00 00 00 00 00 00 00 	e0r0v0e0r0000000
  0xcd40	55 00 6e 00 72 00 65 00 67 00 53 00 65 00 72 00 	U0n0r0e0g0S0e0r0
  0xcd50	76 00 65 00 72 00 00 00 53 00 45 00 4c 00 45 00 	v0e0r000S0E0L0E0
  0xcd60	43 00 54 00 44 00 45 00 56 00 49 00 43 00 45 00 	C0T0D0E0V0I0C0E0
  0xcd70	00 00 00 00 00 00 00 00 2d 00 4d 00 75 00 74 00 	00000000-0M0u0t0
  0xcd80	65 00 78 00 00 00 00 00 01 00 00 00 00 00 00 00 	e0x0000000000000
  0xcd90	c0 00 00 00 00 00 00 46 6f 00 6c 00 65 00 61 00 	0000000Fo0l0e0a0
  0xcda0	75 00 74 00 33 00 32 00 2e 00 64 00 6c 00 6c 00 	u0t03020.0d0l0l0
  0xcdb0	00 00 00 00 00 00 00 00 55 6e 52 65 67 69 73 74 	00000000UnRegist
  0xcdc0	65 72 54 79 70 65 4c 69 62 00 00 00 00 00 00 00 	erTypeLib0000000
  0xcdd0	2e 00 74 00 6c 00 62 00 00 00 00 00 00 00 00 00 	.0t0l0b000000000
  0xcde0	b0 87 62 ae 84 00 d2 11 97 3b 00 a0 c9 06 8f 2e 	00b000000;00000.
  0xcdf0	52 00 45 00 47 00 49 00 53 00 54 00 52 00 59 00 	R0E0G0I0S0T0R0Y0
  0xce00	00 00 00 00 00 00 00 00 48 00 4b 00 43 00 52 00 	00000000H0K0C0R0
  0xce10	00 00 00 00 00 00 00 00 48 00 4b 00 43 00 55 00 	00000000H0K0C0U0
  0xce20	00 00 00 00 00 00 00 00 48 00 4b 00 4c 00 4d 00 	00000000H0K0L0M0
  0xce30	00 00 00 00 00 00 00 00 48 00 4b 00 55 00 00 00 	00000000H0K0U000
  0xce40	48 00 4b 00 50 00 44 00 00 00 00 00 00 00 00 00 	H0K0P0D000000000
  0xce50	48 00 4b 00 44 00 44 00 00 00 00 00 00 00 00 00 	H0K0D0D000000000
  0xce60	48 00 4b 00 43 00 43 00 00 00 00 00 00 00 00 00 	H0K0C0C000000000
  0xce70	48 00 4b 00 45 00 59 00 5f 00 43 00 4c 00 41 00 	H0K0E0Y0_0C0L0A0
  0xce80	53 00 53 00 45 00 53 00 5f 00 52 00 4f 00 4f 00 	S0S0E0S0_0R0O0O0
  0xce90	54 00 00 00 00 00 00 00 48 00 4b 00 45 00 59 00 	T0000000H0K0E0Y0
  0xcea0	5f 00 43 00 55 00 52 00 52 00 45 00 4e 00 54 00 	_0C0U0R0R0E0N0T0
  0xceb0	5f 00 55 00 53 00 45 00 52 00 00 00 00 00 00 00 	_0U0S0E0R0000000
  0xcec0	48 00 4b 00 45 00 59 00 5f 00 4c 00 4f 00 43 00 	H0K0E0Y0_0L0O0C0
  0xced0	41 00 4c 00 5f 00 4d 00 41 00 43 00 48 00 49 00 	A0L0_0M0A0C0H0I0
  0xcee0	4e 00 45 00 00 00 00 00 48 00 4b 00 45 00 59 00 	N0E00000H0K0E0Y0
  0xcef0	5f 00 55 00 53 00 45 00 52 00 53 00 00 00 00 00 	_0U0S0E0R0S00000
  0xcf00	48 00 4b 00 45 00 59 00 5f 00 50 00 45 00 52 00 	H0K0E0Y0_0P0E0R0
  0xcf10	46 00 4f 00 52 00 4d 00 41 00 4e 00 43 00 45 00 	F0O0R0M0A0N0C0E0
  0xcf20	5f 00 44 00 41 00 54 00 41 00 00 00 00 00 00 00 	_0D0A0T0A0000000
  0xcf30	48 00 4b 00 45 00 59 00 5f 00 44 00 59 00 4e 00 	H0K0E0Y0_0D0Y0N0
  0xcf40	5f 00 44 00 41 00 54 00 41 00 00 00 00 00 00 00 	_0D0A0T0A0000000
  0xcf50	48 00 4b 00 45 00 59 00 5f 00 43 00 55 00 52 00 	H0K0E0Y0_0C0U0R0
  0xcf60	52 00 45 00 4e 00 54 00 5f 00 43 00 4f 00 4e 00 	R0E0N0T0_0C0O0N0
  0xcf70	46 00 49 00 47 00 00 00 4c 00 6f 00 63 00 61 00 	F0I0G000L0o0c0a0
  0xcf80	6c 00 53 00 65 00 72 00 76 00 65 00 72 00 33 00 	l0S0e0r0v0e0r030
  0xcf90	32 00 00 00 53 00 00 00 44 00 00 00 42 00 00 00 	2000S000D000B000
  0xcfa0	4d 00 6f 00 64 00 75 00 6c 00 65 00 00 00 00 00 	M0o0d0u0l0e00000
  0xcfb0	22 00 00 00 00 00 00 00 43 00 4c 00 53 00 49 00 	"0000000C0L0S0I0
  0xcfc0	44 00 00 00 00 00 00 00 54 00 59 00 50 00 45 00 	D0000000T0Y0P0E0
  0xcfd0	4c 00 49 00 42 00 00 00 00 00 00 00 00 00 00 00 	L0I0B00000000000
  0xcfe0	41 00 50 00 49 00 2d 00 4d 00 53 00 2d 00 57 00 	A0P0I0-0M0S0-0W0
  0xcff0	69 00 6e 00 2d 00 43 00 6f 00 72 00 65 00 2d 00 	i0n0-0C0o0r0e0-0
  0xd000	4c 00 6f 00 63 00 61 00 6c 00 52 00 65 00 67 00 	L0o0c0a0l0R0e0g0
  0xd010	69 00 73 00 74 00 72 00 79 00 2d 00 4c 00 31 00 	i0s0t0r0y0-0L010
  0xd020	2d 00 31 00 2d 00 30 00 2e 00 64 00 6c 00 6c 00 	-010-000.0d0l0l0
  0xd030	00 00 00 00 00 00 00 00 52 65 67 44 65 6c 65 74 	00000000RegDelet
  0xd040	65 4b 65 79 45 78 57 00 61 00 64 00 76 00 61 00 	eKeyExW0a0d0v0a0
  0xd050	70 00 69 00 33 00 32 00 2e 00 64 00 6c 00 6c 00 	p0i03020.0d0l0l0
  0xd060	00 00 00 00 00 00 00 00 52 65 67 44 65 6c 65 74 	00000000RegDelet
  0xd070	65 4b 65 79 57 00 00 00 53 33 f2 00 1b e3 55 49 	eKeyW000S30000UI
  0xd080	a8 ad ca 5e bf 31 e2 ce 00 00 00 00 00 00 00 00 	000^010000000000
  0xd090	f1 7c c0 79 dd cb ee 41 8e c3 f0 00 80 ca da 7a 	0|0y000A0000000z
  0xd0a0	d0 aa 4b 5f 59 4d cd 4f b2 13 78 3c e7 a9 2f 22 	00K_YM0O00x<00/"
  0xd0b0	25 3f 3e d1 88 16 a0 45 97 43 75 9e b3 5c df 9a 	%?>0000E0Cu00000
  0xd0c0	3e 5a d4 80 d8 3c f4 4f 9e 99 43 a2 10 90 49 d6 	>Z000<0O00C000I0
  0xd0d0	2c 00 00 00 00 00 00 00 49 00 6e 00 74 00 65 00 	,0000000I0n0t0e0
  0xd0e0	72 00 6e 00 61 00 6c 00 00 00 00 00 01 00 00 00 	r0n0a0l000000000
  0xd0f0	00 00 00 00 01 00 00 00 00 00 00 00 00 00 00 00 	0000000000000000
  0xd100	c0 00 00 00 00 00 00 46 75 00 ba 6c 87 12 7d 40 	0000000Fu00l00}@
  0xd110	9b 77 cf 0e 03 04 35 cc 10 ad b1 4d 91 33 d2 11 	0w000050000M0300
  0xd120	9a 33 00 c0 4f a3 61 45 2a 50 b2 5e f1 8c d1 11 	0300O0aE*P0^0000
  0xd130	bf 92 00 60 08 1e d8 11 25 00 64 00 00 00 00 00 	000`0000%0d00000
  0xd140	25 3f 3e d1 88 16 a0 45 97 43 75 9e b3 5c df 9a 	%?>0000E0Cu00000
  0xd150	6d 73 68 65 6c 70 3a 2f 2f 77 69 6e 64 6f 77 73 	mshelp://windows
  0xd160	2f 3f 69 64 3d 38 34 38 33 36 35 62 34 2d 30 37 	/?id=848365b4-07
  0xd170	35 65 2d 34 66 64 65 2d 39 66 39 37 2d 34 63 31 	5e-4fde-9f97-4c1
  0xd180	34 34 37 63 35 37 63 35 39 00 00 00 00 00 00 00 	447c57c590000000
  0xd190	84 58 ec 8c a1 07 d9 11 b1 5e 00 0d 56 bf e6 ee 	0X0000000^00V000
  0xd1a0	e7 58 ec 8c a1 07 d9 11 b1 5e 00 0d 56 bf e6 ee 	0X0000000^00V000
  0xd1b0	63 00 6f 00 6d 00 63 00 74 00 6c 00 33 00 32 00 	c0o0m0c0t0l03020
  0xd1c0	2e 00 64 00 6c 00 6c 00 00 00 00 00 00 00 00 00 	.0d0l0l000000000
  0xd1d0	49 6e 69 74 43 6f 6d 6d 6f 6e 43 6f 6e 74 72 6f 	InitCommonContro
  0xd1e0	6c 73 45 78 00 00 00 00 49 6d 61 67 65 4c 69 73 	lsEx0000ImageLis
  0xd1f0	74 5f 43 72 65 61 74 65 00 00 00 00 00 00 00 00 	t_Create00000000
  0xd200	49 6d 61 67 65 4c 69 73 74 5f 44 65 73 74 72 6f 	ImageList_Destro
  0xd210	79 00 00 00 00 00 00 00 49 6d 61 67 65 4c 69 73 	y0000000ImageLis
  0xd220	74 5f 52 65 70 6c 61 63 65 49 63 6f 6e 00 00 00 	t_ReplaceIcon000
  0xd230	54 61 73 6b 44 69 61 6c 6f 67 49 6e 64 69 72 65 	TaskDialogIndire
  0xd240	63 74 00 00 00 00 00 00 54 61 73 6b 44 69 61 6c 	ct000000TaskDial
  0xd250	6f 67 00 00 00 00 00 00 00 00 00 00 00 00 00 00 	og00000000000000
  0xd260	00 00 00 00 35 ea 3a 30 00 00 00 00 02 00 00 00 	000050:000000000
  0xd270	25 00 00 00 14 e0 00 00 14 ce 00 00 00 00 00 00 	%000000000000000
  0xd280	35 ea 3a 30 00 00 00 00 0d 00 00 00 b4 02 00 00 	50:0000000000000
  0xd290	3c e0 00 00 3c ce 00 00 00 00 00 00 35 ea 3a 30 	<000<000000050:0
  0xd2a0	00 00 00 00 10 00 00 00 24 00 00 00 f0 e2 00 00 	00000000$0000000
  0xd2b0	f0 d0 00 00 00 00 00 00 80 d6 00 00 28 d9 00 00 	000000000000(000
  0xd2c0	00 d9 00 00 f0 d9 00 00 d8 d8 00 00 b8 da 00 00 	0000000000000000
  0xd2d0	08 db 00 00 00 00 00 00 00 00 00 00 00 00 00 00 	0000000000000000
  0xd2e0	00 00 00 00 00 00 00 00 00 00 00 00 00 00 00 00 	0000000000000000
  0xd2f0	00 00 00 00 00 00 00 00 a8 d6 00 00 38 d8 00 00 	0000000000008000
  0xd300	00 d9 00 00 f0 d9 00 00 10 d8 00 00 b8 da 00 00 	0000000000000000
  0xd310	08 db 00 00 00 00 00 00 00 00 00 00 00 00 00 00 	0000000000000000
  0xd320	00 00 00 00 00 00 00 00 00 00 00 00 00 00 00 00 	0000000000000000
  0xd330	00 00 00 00 00 00 00 00 d0 d6 00 00 70 d7 00 00 	000000000000p000
  0xd340	00 d9 00 00 f0 d9 00 00 48 d7 00 00 b8 da 00 00 	00000000H0000000
  0xd350	08 db 00 00 00 00 00 00 00 00 00 00 00 00 00 00 	0000000000000000
  0xd360	00 00 00 00 00 00 00 00 00 00 00 00 00 00 00 00 	0000000000000000
  0xd370	00 00 00 00 00 00 00 00 f8 d6 00 00 08 db 00 00 	0000000000000000
  0xd380	00 d9 00 00 f0 d9 00 00 00 00 00 00 00 00 00 00 	0000000000000000
  0xd390	00 00 00 00 00 00 00 00 00 00 00 00 00 00 00 00 	0000000000000000
  0xd3a0	20 d7 00 00 70 d7 00 00 00 d9 00 00 f0 d9 00 00 	 000p00000000000
  0xd3b0	48 d7 00 00 b8 da 00 00 08 db 00 00 00 00 00 00 	H000000000000000
  0xd3c0	00 00 00 00 00 00 00 00 00 00 00 00 00 00 00 00 	0000000000000000
  0xd3d0	00 00 00 00 00 00 00 00 00 00 00 00 00 00 00 00 	0000000000000000
  0xd3e0	70 d7 00 00 00 d9 00 00 f0 d9 00 00 48 d7 00 00 	p00000000000H000
  0xd3f0	b8 da 00 00 08 db 00 00 00 00 00 00 00 00 00 00 	0000000000000000
  0xd400	00 00 00 00 00 00 00 00 00 00 00 00 00 00 00 00 	0000000000000000
  0xd410	00 00 00 00 00 00 00 00 98 d7 00 00 00 00 00 00 	0000000000000000
  0xd420	00 00 00 00 00 00 00 00 c0 d7 00 00 08 db 00 00 	0000000000000000
  0xd430	00 d9 00 00 f0 d9 00 00 00 00 00 00 00 00 00 00 	0000000000000000
  0xd440	00 00 00 00 00 00 00 00 00 00 00 00 00 00 00 00 	0000000000000000
  0xd450	e8 d7 00 00 38 d8 00 00 00 d9 00 00 f0 d9 00 00 	0000800000000000
  0xd460	10 d8 00 00 b8 da 00 00 08 db 00 00 00 00 00 00 	0000000000000000
  0xd470	00 00 00 00 00 00 00 00 00 00 00 00 00 00 00 00 	0000000000000000
  0xd480	00 00 00 00 00 00 00 00 00 00 00 00 00 00 00 00 	0000000000000000
  0xd490	38 d8 00 00 00 d9 00 00 f0 d9 00 00 10 d8 00 00 	8000000000000000
  0xd4a0	b8 da 00 00 08 db 00 00 00 00 00 00 00 00 00 00 	0000000000000000
  0xd4b0	00 00 00 00 00 00 00 00 00 00 00 00 00 00 00 00 	0000000000000000
  0xd4c0	00 00 00 00 00 00 00 00 60 d8 00 00 00 00 00 00 	00000000`0000000
  0xd4d0	00 00 00 00 00 00 00 00 88 d8 00 00 08 db 00 00 	0000000000000000
  0xd4e0	00 d9 00 00 f0 d9 00 00 00 00 00 00 00 00 00 00 	0000000000000000
  0xd4f0	00 00 00 00 00 00 00 00 00 00 00 00 00 00 00 00 	0000000000000000
  0xd500	b0 d8 00 00 28 d9 00 00 00 d9 00 00 f0 d9 00 00 	0000(00000000000
  0xd510	d8 d8 00 00 b8 da 00 00 08 db 00 00 00 00 00 00 	0000000000000000
  0xd520	00 00 00 00 00 00 00 00 00 00 00 00 00 00 00 00 	0000000000000000
  0xd530	00 00 00 00 00 00 00 00 00 00 00 00 00 00 00 00 	0000000000000000
  0xd540	28 d9 00 00 00 d9 00 00 f0 d9 00 00 d8 d8 00 00 	(000000000000000
  0xd550	b8 da 00 00 08 db 00 00 00 00 00 00 00 00 00 00 	0000000000000000
  0xd560	00 00 00 00 00 00 00 00 00 00 00 00 00 00 00 00 	0000000000000000
  0xd570	00 00 00 00 00 00 00 00 50 d9 00 00 00 00 00 00 	00000000P0000000
  0xd580	00 00 00 00 00 00 00 00 78 d9 00 00 90 da 00 00 	00000000x0000000
  0xd590	00 00 00 00 00 00 00 00 00 00 00 00 00 00 00 00 	0000000000000000
  0xd5a0	a0 d9 00 00 00 00 00 00 00 00 00 00 00 00 00 00 	0000000000000000
  0xd5b0	c8 d9 00 00 40 da 00 00 e0 da 00 00 08 db 00 00 	0000@00000000000
  0xd5c0	18 da 00 00 f0 d9 00 00 00 00 00 00 00 00 00 00 	0000000000000000
  0xd5d0	00 00 00 00 00 00 00 00 00 00 00 00 00 00 00 00 	0000000000000000
  0xd5e0	00 00 00 00 00 00 00 00 40 da 00 00 e0 da 00 00 	00000000@0000000
  0xd5f0	08 db 00 00 18 da 00 00 f0 d9 00 00 00 00 00 00 	0000000000000000
  0xd600	00 00 00 00 00 00 00 00 00 00 00 00 00 00 00 00 	0000000000000000
  0xd610	00 00 00 00 00 00 00 00 68 da 00 00 90 da 00 00 	00000000h0000000
  0xd620	00 00 00 00 00 00 00 00 00 00 00 00 00 00 00 00 	0000000000000000
  0xd630	90 da 00 00 00 00 00 00 00 00 00 00 00 00 00 00 	0000000000000000
  0xd640	b8 da 00 00 08 db 00 00 00 00 00 00 00 00 00 00 	0000000000000000
  0xd650	00 00 00 00 00 00 00 00 e0 da 00 00 08 db 00 00 	0000000000000000
  0xd660	00 00 00 00 00 00 00 00 00 00 00 00 00 00 00 00 	0000000000000000
  0xd670	08 db 00 00 00 00 00 00 00 00 00 00 00 00 00 00 	0000000000000000
  0xd680	20 01 01 00 06 00 00 00 00 00 00 00 ff ff ff ff 	 000000000000000
  0xd690	00 00 00 00 40 00 00 00 30 db 00 00 00 00 00 00 	0000@00000000000
  0xd6a0	00 00 00 00 00 00 00 00 70 01 01 00 06 00 00 00 	00000000p0000000
  0xd6b0	00 00 00 00 ff ff ff ff 00 00 00 00 40 00 00 00 	000000000000@000
  0xd6c0	48 db 00 00 00 00 00 00 00 00 00 00 00 00 00 00 	H000000000000000
  0xd6d0	c0 01 01 00 06 00 00 00 00 00 00 00 ff ff ff ff 	0000000000000000
  0xd6e0	00 00 00 00 40 00 00 00 60 db 00 00 00 00 00 00 	0000@000`0000000
  0xd6f0	00 00 00 00 00 00 00 00 00 02 01 00 03 00 00 00 	0000000000000000
  0xd700	00 00 00 00 ff ff ff ff 00 00 00 00 40 00 00 00 	000000000000@000
  0xd710	78 db 00 00 00 00 00 00 00 00 00 00 00 00 00 00 	x000000000000000
  0xd720	40 02 01 00 06 00 00 00 00 00 00 00 ff ff ff ff 	@000000000000000
  0xd730	00 00 00 00 40 00 00 00 90 db 00 00 00 00 00 00 	0000@00000000000
  0xd740	00 00 00 00 00 00 00 00 80 02 01 00 00 00 00 00 	0000000000000000
  0xd750	10 00 00 00 ff ff ff ff 00 00 00 00 40 00 00 00 	000000000000@000
  0xd760	a8 db 00 00 00 00 00 00 00 00 00 00 00 00 00 00 	0000000000000000
  0xd770	e0 02 01 00 05 00 00 00 00 00 00 00 ff ff ff ff 	0000000000000000
  0xd780	00 00 00 00 40 00 00 00 c0 db 00 00 00 00 00 00 	0000@00000000000
  0xd790	00 00 00 00 00 00 00 00 80 02 01 00 00 00 00 00 	0000000000000000
  0xd7a0	00 00 00 00 ff ff ff ff 00 00 00 00 40 00 00 00 	000000000000@000
  0xd7b0	a8 db 00 00 00 00 00 00 00 00 00 00 00 00 00 00 	0000000000000000
  0xd7c0	08 03 01 00 03 00 00 00 00 00 00 00 ff ff ff ff 	0000000000000000
  0xd7d0	00 00 00 00 40 00 00 00 d8 db 00 00 00 00 00 00 	0000@00000000000
  0xd7e0	00 00 00 00 00 00 00 00 48 03 01 00 06 00 00 00 	00000000H0000000
  0xd7f0	00 00 00 00 ff ff ff ff 00 00 00 00 40 00 00 00 	000000000000@000
  0xd800	f0 db 00 00 00 00 00 00 00 00 00 00 00 00 00 00 	0000000000000000
  0xd810	90 03 01 00 00 00 00 00 10 00 00 00 ff ff ff ff 	0000000000000000
  0xd820	00 00 00 00 40 00 00 00 08 dc 00 00 00 00 00 00 	0000@00000000000
  0xd830	00 00 00 00 00 00 00 00 f0 03 01 00 05 00 00 00 	0000000000000000
  0xd840	00 00 00 00 ff ff ff ff 00 00 00 00 40 00 00 00 	000000000000@000
  0xd850	20 dc 00 00 00 00 00 00 00 00 00 00 00 00 00 00 	 000000000000000
  0xd860	90 03 01 00 00 00 00 00 00 00 00 00 ff ff ff ff 	0000000000000000
  0xd870	00 00 00 00 40 00 00 00 08 dc 00 00 00 00 00 00 	0000@00000000000
  0xd880	00 00 00 00 00 00 00 00 20 04 01 00 03 00 00 00 	00000000 0000000
  0xd890	00 00 00 00 ff ff ff ff 00 00 00 00 40 00 00 00 	000000000000@000
  0xd8a0	38 dc 00 00 00 00 00 00 00 00 00 00 00 00 00 00 	8000000000000000
  0xd8b0	68 04 01 00 06 00 00 00 00 00 00 00 ff ff ff ff 	h000000000000000
  0xd8c0	00 00 00 00 40 00 00 00 50 dc 00 00 00 00 00 00 	0000@000P0000000
  0xd8d0	00 00 00 00 00 00 00 00 b0 04 01 00 00 00 00 00 	0000000000000000
  0xd8e0	10 00 00 00 ff ff ff ff 00 00 00 00 40 00 00 00 	000000000000@000
  0xd8f0	68 dc 00 00 00 00 00 00 00 00 00 00 00 00 00 00 	h000000000000000
  0xd900	20 05 01 00 01 00 00 00 08 00 00 00 ff ff ff ff 	 000000000000000
  0xd910	00 00 00 00 40 00 00 00 80 dc 00 00 00 00 00 00 	0000@00000000000
  0xd920	00 00 00 00 00 00 00 00 70 05 01 00 05 00 00 00 	00000000p0000000
  0xd930	00 00 00 00 ff ff ff ff 00 00 00 00 40 00 00 00 	000000000000@000
  0xd940	98 dc 00 00 00 00 00 00 00 00 00 00 00 00 00 00 	0000000000000000
  0xd950	b0 04 01 00 00 00 00 00 00 00 00 00 ff ff ff ff 	0000000000000000
  0xd960	00 00 00 00 40 00 00 00 68 dc 00 00 00 00 00 00 	0000@000h0000000
  0xd970	00 00 00 00 00 00 00 00 20 05 01 00 01 00 00 00 	00000000 0000000
  0xd980	00 00 00 00 ff ff ff ff 00 00 00 00 40 00 00 00 	000000000000@000
  0xd990	80 dc 00 00 00 00 00 00 00 00 00 00 00 00 00 00 	0000000000000000
  0xd9a0	a0 05 01 00 00 00 00 00 00 00 00 00 ff ff ff ff 	0000000000000000
  0xd9b0	00 00 00 00 40 00 00 00 b0 dc 00 00 00 00 00 00 	0000@00000000000
  0xd9c0	00 00 00 00 00 00 00 00 f0 05 01 00 05 00 00 00 	0000000000000000
  0xd9d0	00 00 00 00 ff ff ff ff 00 00 00 00 40 00 00 00 	000000000000@000
  0xd9e0	c8 dc 00 00 00 00 00 00 00 00 00 00 00 00 00 00 	0000000000000000
  0xd9f0	38 06 01 00 00 00 00 00 08 00 00 00 ff ff ff ff 	8000000000000000
  0xda00	00 00 00 00 40 00 00 00 e0 dc 00 00 00 00 00 00 	0000@00000000000
  0xda10	00 00 00 00 00 00 00 00 70 06 01 00 01 00 00 00 	00000000p0000000
  0xda20	08 00 00 00 ff ff ff ff 00 00 00 00 40 00 00 00 	000000000000@000
  0xda30	f8 dc 00 00 00 00 00 00 00 00 00 00 00 00 00 00 	0000000000000000
  0xda40	c0 06 01 00 04 00 00 00 00 00 00 00 ff ff ff ff 	0000000000000000
  0xda50	00 00 00 00 40 00 00 00 10 dd 00 00 00 00 00 00 	0000@00000000000
  0xda60	00 00 00 00 00 00 00 00 70 06 01 00 01 00 00 00 	00000000p0000000
  0xda70	00 00 00 00 ff ff ff ff 00 00 00 00 40 00 00 00 	000000000000@000
  0xda80	f8 dc 00 00 00 00 00 00 00 00 00 00 00 00 00 00 	0000000000000000
  0xda90	38 06 01 00 00 00 00 00 00 00 00 00 ff ff ff ff 	8000000000000000
  0xdaa0	00 00 00 00 40 00 00 00 e0 dc 00 00 00 00 00 00 	0000@00000000000
  0xdab0	00 00 00 00 00 00 00 00 f0 06 01 00 01 00 00 00 	0000000000000000
  0xdac0	00 00 00 00 ff ff ff ff 00 00 00 00 40 00 00 00 	000000000000@000
  0xdad0	28 dd 00 00 00 00 00 00 00 00 00 00 00 00 00 00 	(000000000000000
  0xdae0	18 07 01 00 01 00 00 00 00 00 00 00 ff ff ff ff 	0000000000000000
  0xdaf0	00 00 00 00 40 00 00 00 40 dd 00 00 00 00 00 00 	0000@000@0000000
  0xdb00	00 00 00 00 00 00 00 00 40 07 01 00 00 00 00 00 	00000000@0000000
  0xdb10	00 00 00 00 ff ff ff ff 00 00 00 00 40 00 00 00 	000000000000@000
  0xdb20	58 dd 00 00 00 00 00 00 00 00 00 00 00 00 00 00 	X000000000000000
  0xdb30	00 00 00 00 01 00 00 00 07 00 00 00 b8 d2 00 00 	0000000000000000
  0xdb40	00 00 00 00 00 00 00 00 00 00 00 00 01 00 00 00 	0000000000000000
  0xdb50	07 00 00 00 f8 d2 00 00 00 00 00 00 00 00 00 00 	0000000000000000
  0xdb60	00 00 00 00 01 00 00 00 07 00 00 00 38 d3 00 00 	0000000000008000
  0xdb70	00 00 00 00 00 00 00 00 00 00 00 00 01 00 00 00 	0000000000000000
  0xdb80	04 00 00 00 78 d3 00 00 00 00 00 00 00 00 00 00 	0000x00000000000
  0xdb90	00 00 00 00 01 00 00 00 07 00 00 00 a0 d3 00 00 	0000000000000000
  0xdba0	00 00 00 00 00 00 00 00 00 00 00 00 00 00 00 00 	0000000000000000
  0xdbb0	01 00 00 00 18 d4 00 00 00 00 00 00 00 00 00 00 	0000000000000000
  0xdbc0	00 00 00 00 01 00 00 00 06 00 00 00 e0 d3 00 00 	0000000000000000
  0xdbd0	00 00 00 00 00 00 00 00 00 00 00 00 01 00 00 00 	0000000000000000
  0xdbe0	04 00 00 00 28 d4 00 00 00 00 00 00 00 00 00 00 	0000(00000000000
  0xdbf0	00 00 00 00 01 00 00 00 07 00 00 00 50 d4 00 00 	000000000000P000
  0xdc00	00 00 00 00 00 00 00 00 00 00 00 00 00 00 00 00 	0000000000000000
  0xdc10	01 00 00 00 c8 d4 00 00 00 00 00 00 00 00 00 00 	0000000000000000
  0xdc20	00 00 00 00 01 00 00 00 06 00 00 00 90 d4 00 00 	0000000000000000
  0xdc30	00 00 00 00 00 00 00 00 00 00 00 00 01 00 00 00 	0000000000000000
  0xdc40	04 00 00 00 d8 d4 00 00 00 00 00 00 00 00 00 00 	0000000000000000
  0xdc50	00 00 00 00 01 00 00 00 07 00 00 00 00 d5 00 00 	0000000000000000
  0xdc60	00 00 00 00 00 00 00 00 00 00 00 00 00 00 00 00 	0000000000000000
  0xdc70	01 00 00 00 78 d5 00 00 00 00 00 00 00 00 00 00 	0000x00000000000
  0xdc80	00 00 00 00 00 00 00 00 02 00 00 00 88 d5 00 00 	0000000000000000
  0xdc90	00 00 00 00 00 00 00 00 00 00 00 00 01 00 00 00 	0000000000000000
  0xdca0	06 00 00 00 40 d5 00 00 00 00 00 00 00 00 00 00 	0000@00000000000
  0xdcb0	00 00 00 00 00 00 00 00 01 00 00 00 a0 d5 00 00 	0000000000000000
  0xdcc0	00 00 00 00 00 00 00 00 00 00 00 00 01 00 00 00 	0000000000000000
  0xdcd0	06 00 00 00 b0 d5 00 00 00 00 00 00 00 00 00 00 	0000000000000000
  0xdce0	00 00 00 00 00 00 00 00 01 00 00 00 30 d6 00 00 	0000000000000000
  0xdcf0	00 00 00 00 00 00 00 00 00 00 00 00 00 00 00 00 	0000000000000000
  0xdd00	02 00 00 00 18 d6 00 00 00 00 00 00 00 00 00 00 	0000000000000000
  0xdd10	00 00 00 00 01 00 00 00 05 00 00 00 e8 d5 00 00 	0000000000000000
  0xdd20	00 00 00 00 00 00 00 00 00 00 00 00 00 00 00 00 	0000000000000000
  0xdd30	02 00 00 00 40 d6 00 00 00 00 00 00 00 00 00 00 	0000@00000000000
  0xdd40	00 00 00 00 00 00 00 00 02 00 00 00 58 d6 00 00 	000000000000X000
  0xdd50	00 00 00 00 00 00 00 00 00 00 00 00 00 00 00 00 	0000000000000000
  0xdd60	01 00 00 00 70 d6 00 00 00 00 00 00 00 00 00 00 	0000p00000000000
  0xdd70	01 00 00 00 00 00 00 00 00 00 00 00 20 01 01 00 	000000000000 000
  0xdd80	30 db 00 00 70 dd 00 00 00 00 00 00 00 00 00 00 	0000p00000000000
  0xdd90	00 00 00 00 00 00 00 00 01 00 00 00 00 00 00 00 	0000000000000000
  0xdda0	00 00 00 00 70 01 01 00 48 db 00 00 98 dd 00 00 	0000p000H0000000
  0xddb0	00 00 00 00 00 00 00 00 00 00 00 00 00 00 00 00 	0000000000000000
  0xddc0	01 00 00 00 00 00 00 00 00 00 00 00 c0 01 01 00 	0000000000000000
  0xddd0	60 db 00 00 c0 dd 00 00 00 00 00 00 00 00 00 00 	`000000000000000
  0xdde0	00 00 00 00 00 00 00 00 01 00 00 00 00 00 00 00 	0000000000000000
  0xddf0	00 00 00 00 00 02 01 00 78 db 00 00 e8 dd 00 00 	00000000x0000000
  0xde00	00 00 00 00 00 00 00 00 00 00 00 00 00 00 00 00 	0000000000000000
  0xde10	01 00 00 00 00 00 00 00 00 00 00 00 40 02 01 00 	000000000000@000
  0xde20	90 db 00 00 10 de 00 00 00 00 00 00 00 00 00 00 	0000000000000000
  0xde30	00 00 00 00 00 00 00 00 01 00 00 00 00 00 00 00 	0000000000000000
  0xde40	00 00 00 00 08 03 01 00 d8 db 00 00 38 de 00 00 	0000000000008000
  0xde50	00 00 00 00 00 00 00 00 00 00 00 00 00 00 00 00 	0000000000000000
  0xde60	01 00 00 00 00 00 00 00 00 00 00 00 48 03 01 00 	000000000000H000
  0xde70	f0 db 00 00 60 de 00 00 00 00 00 00 00 00 00 00 	0000`00000000000
  0xde80	00 00 00 00 00 00 00 00 01 00 00 00 00 00 00 00 	0000000000000000
  0xde90	00 00 00 00 20 04 01 00 38 dc 00 00 88 de 00 00 	0000 00080000000
  0xdea0	00 00 00 00 00 00 00 00 00 00 00 00 00 00 00 00 	0000000000000000
  0xdeb0	01 00 00 00 00 00 00 00 00 00 00 00 68 04 01 00 	000000000000h000
  0xdec0	50 dc 00 00 b0 de 00 00 00 00 00 00 00 00 00 00 	P000000000000000
  0xded0	00 00 00 00 00 00 00 00 01 00 00 00 00 00 00 00 	0000000000000000
  0xdee0	00 00 00 00 a0 05 01 00 b0 dc 00 00 d8 de 00 00 	0000000000000000
  0xdef0	00 00 00 00 00 00 00 00 00 00 00 00 00 00 00 00 	0000000000000000
  0xdf00	01 00 00 00 00 00 00 00 00 00 00 00 f0 05 01 00 	0000000000000000
  0xdf10	c8 dc 00 00 00 df 00 00 00 00 00 00 00 00 00 00 	0000000000000000
  0xdf20	00 00 00 00 00 00 00 00 60 07 01 00 00 00 00 00 	00000000`0000000
  0xdf30	00 00 00 00 ff ff ff ff 00 00 00 00 40 00 00 00 	000000000000@000
  0xdf40	60 df 00 00 00 00 00 00 00 00 00 00 00 00 00 00 	`000000000000000
  0xdf50	28 df 00 00 00 00 00 00 00 00 00 00 00 00 00 00 	(000000000000000
  0xdf60	00 00 00 00 00 00 00 00 01 00 00 00 50 df 00 00 	000000000000P000
  0xdf70	00 00 00 00 00 00 00 00 01 00 00 00 00 00 00 00 	0000000000000000
  0xdf80	00 00 00 00 60 07 01 00 60 df 00 00 78 df 00 00 	0000`000`000x000
  0xdf90	00 00 00 00 00 00 00 00 00 00 00 00 00 00 00 00 	0000000000000000
  0xdfa0	88 07 01 00 00 00 00 00 00 00 00 00 ff ff ff ff 	0000000000000000
  0xdfb0	00 00 00 00 40 00 00 00 d8 df 00 00 00 00 00 00 	0000@00000000000
  0xdfc0	00 00 00 00 00 00 00 00 a0 df 00 00 00 00 00 00 	0000000000000000
  0xdfd0	00 00 00 00 00 00 00 00 00 00 00 00 00 00 00 00 	0000000000000000
  0xdfe0	01 00 00 00 c8 df 00 00 00 00 00 00 00 00 00 00 	0000000000000000
  0xdff0	01 00 00 00 00 00 00 00 00 00 00 00 88 07 01 00 	0000000000000000
  0xe000	d8 df 00 00 f0 df 00 00 00 00 00 00 00 00 00 00 	0000000000000000
  0xe010	00 00 00 00 52 53 44 53 39 f8 8a 1e 3c 3f f1 4e 	0000RSDS9000<?0N
  0xe020	eb be a6 28 b8 c8 6c 53 01 00 00 00 77 69 61 61 	000(00lS0000wiaa
  0xe030	63 6d 67 72 2e 70 64 62 00 00 00 00 47 43 54 4c 	cmgr.pdb0000GCTL
  0xe040	00 10 00 00 60 a8 00 00 2e 74 65 78 74 24 6d 6e 	0000`000.text$mn
  0xe050	00 00 00 00 60 b8 00 00 80 00 00 00 2e 74 65 78 	0000`0000000.tex
  0xe060	74 24 6d 6e 24 30 30 00 e0 b8 00 00 e0 00 00 00 	t$mn$00000000000
  0xe070	2e 74 65 78 74 24 78 00 00 c0 00 00 68 04 00 00 	.text$x00000h000
  0xe080	2e 72 64 61 74 61 24 62 72 63 00 00 68 c4 00 00 	.rdata$brc00h000
  0xe090	28 00 00 00 2e 72 64 61 74 61 24 54 24 62 72 63 	(000.rdata$T$brc
  0xe0a0	00 00 00 00 90 c4 00 00 40 05 00 00 2e 69 64 61 	00000000@000.ida
  0xe0b0	74 61 24 35 00 00 00 00 d0 c9 00 00 10 00 00 00 	ta$5000000000000
  0xe0c0	2e 30 30 63 66 67 00 00 e0 c9 00 00 08 00 00 00 	.00cfg0000000000
  0xe0d0	2e 43 52 54 24 58 43 41 00 00 00 00 e8 c9 00 00 	.CRT$XCA00000000
  0xe0e0	08 00 00 00 2e 43 52 54 24 58 43 41 41 00 00 00 	0000.CRT$XCAA000
  0xe0f0	f0 c9 00 00 08 00 00 00 2e 43 52 54 24 58 43 5a 	00000000.CRT$XCZ
  0xe100	00 00 00 00 f8 c9 00 00 08 00 00 00 2e 43 52 54 	000000000000.CRT
  0xe110	24 58 49 41 00 00 00 00 00 ca 00 00 08 00 00 00 	$XIA000000000000
  0xe120	2e 43 52 54 24 58 49 41 41 00 00 00 08 ca 00 00 	.CRT$XIAA0000000
  0xe130	08 00 00 00 2e 43 52 54 24 58 49 59 00 00 00 00 	0000.CRT$XIY0000
  0xe140	10 ca 00 00 08 00 00 00 2e 43 52 54 24 58 49 5a 	00000000.CRT$XIZ
  0xe150	00 00 00 00 18 ca 00 00 08 00 00 00 2e 43 52 54 	000000000000.CRT
  0xe160	24 58 4c 41 00 00 00 00 20 ca 00 00 08 00 00 00 	$XLA0000 0000000
  0xe170	2e 43 52 54 24 58 4c 5a 00 00 00 00 28 ca 00 00 	.CRT$XLZ0000(000
  0xe180	20 00 00 00 2e 67 65 68 63 6f 6e 74 00 00 00 00 	 000.gehcont0000
  0xe190	48 ca 00 00 c8 00 00 00 2e 67 66 69 64 73 00 00 	H0000000.gfids00
  0xe1a0	10 cb 00 00 a8 07 00 00 2e 72 64 61 74 61 00 00 	00000000.rdata00
  0xe1b0	b8 d2 00 00 5c 0d 00 00 2e 72 64 61 74 61 24 72 	00000000.rdata$r
  0xe1c0	00 00 00 00 14 e0 00 00 00 03 00 00 2e 72 64 61 	000000000000.rda
  0xe1d0	74 61 24 7a 7a 7a 64 62 67 00 00 00 14 e3 00 00 	ta$zzzdbg0000000
  0xe1e0	04 00 00 00 2e 74 6c 73 00 00 00 00 18 e3 00 00 	0000.tls00000000
  0xe1f0	04 00 00 00 2e 74 6c 73 24 00 00 00 1c e3 00 00 	0000.tls$0000000
  0xe200	04 00 00 00 2e 74 6c 73 24 5a 5a 5a 00 00 00 00 	0000.tls$ZZZ0000
  0xe210	20 e3 00 00 64 07 00 00 2e 78 64 61 74 61 00 00 	 000d000.xdata00
  0xe220	84 ea 00 00 c8 00 00 00 2e 69 64 61 74 61 24 32 	00000000.idata$2
  0xe230	00 00 00 00 4c eb 00 00 14 00 00 00 2e 69 64 61 	0000L0000000.ida
  0xe240	74 61 24 33 00 00 00 00 60 eb 00 00 40 05 00 00 	ta$30000`000@000
  0xe250	2e 69 64 61 74 61 24 34 00 00 00 00 a0 f0 00 00 	.idata$400000000
  0xe260	ec 0a 00 00 2e 69 64 61 74 61 24 36 00 00 00 00 	0000.idata$60000
  0xe270	00 00 01 00 20 01 00 00 2e 64 61 74 61 24 62 72 	0000 000.data$br
  0xe280	63 00 00 00 20 01 01 00 a0 06 00 00 2e 64 61 74 	c000 0000000.dat
  0xe290	61 24 72 24 62 72 63 00 c0 07 01 00 70 00 00 00 	a$r$brc00000p000
  0xe2a0	2e 64 61 74 61 00 00 00 30 08 01 00 18 08 00 00 	.data00000000000
  0xe2b0	2e 62 73 73 00 00 00 00 00 20 01 00 84 06 00 00 	.bss00000 000000
  0xe2c0	2e 70 64 61 74 61 00 00 00 30 01 00 20 04 00 00 	.pdata000000 000
  0xe2d0	2e 72 73 72 63 24 30 31 00 00 00 00 20 34 01 00 	.rsrc$010000 400
  0xe2e0	b0 7e 00 00 2e 72 73 72 63 24 30 32 00 00 00 00 	0~00.rsrc$020000
  0xe2f0	20 00 00 00 39 f8 8a 1e 3c 3f f1 4e eb be a6 28 	 0009000<?0N000(
  0xe300	b8 c8 6c 53 87 ac 5d 2e c2 b3 a8 d1 73 65 0f b3 	00lS00].0000se00
  0xe310	35 ea 3a 30 00 00 00 00 00 00 00 80 00 00 00 00 	50:0000000000000
  0xe320	01 04 01 00 04 42 00 00 01 0a 04 00 0a 34 06 00 	00000B0000000400
  0xe330	0a 32 06 70 19 1f 05 00 0d 34 2e 00 0d 01 2a 00 	020p000004.000*0
  0xe340	06 70 00 00 18 b7 00 00 40 01 00 00 19 30 0b 00 	0p000000@0000000
  0xe350	1f 34 9d 00 1f 01 94 00 10 f0 0e e0 0c d0 0a c0 	0400000000000000
  0xe360	08 70 07 60 06 50 00 00 18 b7 00 00 90 04 00 00 	0p0`0P0000000000
  0xe370	19 37 0d 00 26 74 6d 01 26 64 6c 01 26 34 6b 01 	0700&tm0&dl0&4k0
  0xe380	26 01 64 01 18 f0 16 e0 14 d0 12 c0 10 50 00 00 	&0d0000000000P00
  0xe390	18 b7 00 00 10 0b 00 00 19 2b 09 00 1a 01 e4 00 	000000000+000000
  0xe3a0	0b f0 09 e0 07 c0 05 70 04 60 03 30 02 50 00 00 	0000000p0`000P00
  0xe3b0	18 b7 00 00 10 07 00 00 19 1b 03 00 09 01 7e 00 	00000000000000~0
  0xe3c0	02 30 00 00 18 b7 00 00 e0 03 00 00 01 18 08 00 	0000000000000000
  0xe3d0	18 64 0b 00 18 54 0a 00 18 34 09 00 18 52 14 70 	0d000T0004000R0p
  0xe3e0	19 30 0b 00 1f 34 cc 00 1f 01 c4 00 10 f0 0e e0 	0000040000000000
  0xe3f0	0c d0 0a c0 08 70 07 60 06 50 00 00 18 b7 00 00 	00000p0`0P000000
  0xe400	10 06 00 00 01 06 02 00 06 32 02 30 01 0f 06 00 	0000000002000000
  0xe410	0f 64 07 00 0f 34 06 00 0f 32 0b 70 19 32 0b 00 	0d000400020p0200
  0xe420	21 64 3f 00 21 34 3e 00 21 01 38 00 12 f0 10 e0 	!d?0!4>0!0800000
  0xe430	0e c0 0c 70 0b 50 00 00 18 b7 00 00 b0 01 00 00 	000p0P0000000000
  0xe440	19 37 0d 00 26 74 ab 00 26 64 aa 00 26 34 a9 00 	0700&t00&d00&400
  0xe450	26 01 a2 00 18 f0 16 e0 14 d0 12 c0 10 50 00 00 	&000000000000P00
  0xe460	18 b7 00 00 08 05 00 00 01 18 0a 00 18 64 0a 00 	0000000000000d00
  0xe470	18 54 09 00 18 34 08 00 18 32 14 e0 12 c0 10 70 	0T0004000200000p
  0xe480	19 2c 09 00 1b 34 7c 00 1b 01 74 00 0c f0 0a e0 	0,0004|000t00000
  0xe490	08 70 07 60 06 50 00 00 18 b7 00 00 90 03 00 00 	0p0`0P0000000000
  0xe4a0	01 15 08 00 15 74 08 00 15 64 07 00 15 34 06 00 	00000t000d000400
  0xe4b0	15 32 11 e0 01 1d 0c 00 1d 74 0b 00 1d 64 0a 00 	020000000t000d00
  0xe4c0	1d 54 09 00 1d 34 08 00 1d 32 19 f0 17 e0 15 c0 	0T00040002000000
  0xe4d0	19 1b 03 00 09 01 2a 00 02 30 00 00 18 b7 00 00 	000000*000000000
  0xe4e0	40 01 00 00 19 24 09 00 12 01 2a 00 0b f0 09 e0 	@0000$0000*00000
  0xe4f0	07 c0 05 70 04 60 03 50 02 30 00 00 18 b7 00 00 	000p0`0P00000000
  0xe500	40 01 00 00 01 06 02 00 06 52 02 30 09 06 02 00 	@00000000R000000
  0xe510	06 32 02 30 04 b0 00 00 01 00 00 00 24 49 00 00 	020000000000$I00
  0xe520	32 49 00 00 01 00 00 00 32 49 00 00 01 18 06 00 	2I0000002I000000
  0xe530	18 64 0d 00 18 34 0c 00 18 92 14 70 01 10 04 00 	0d000400000p0000
  0xe540	10 34 08 00 10 52 0c 70 19 21 08 00 13 34 12 00 	04000R0p0!000400
  0xe550	13 92 0c f0 0a e0 08 70 07 60 06 50 18 b7 00 00 	0000000p0`0P0000
  0xe560	48 00 00 00 19 21 07 00 0f 34 51 00 0f 01 4c 00 	H0000!0004Q000L0
  0xe570	08 70 07 60 06 50 00 00 18 b7 00 00 50 02 00 00 	0p0`0P000000P000
  0xe580	19 2f 09 00 1e e4 55 00 1e 74 54 00 1e 64 53 00 	0/0000U00tT00dS0
  0xe590	1e 01 50 00 10 50 00 00 18 b7 00 00 70 02 00 00 	00P00P000000p000
  0xe5a0	09 14 06 00 14 64 08 00 14 34 07 00 14 32 10 70 	00000d000400020p
  0xe5b0	04 b0 00 00 03 00 00 00 2a 51 00 00 3b 51 00 00 	00000000*Q00;Q00
  0xe5c0	e3 b8 00 00 72 52 00 00 3b 51 00 00 4c 51 00 00 	0000rR00;Q00LQ00
  0xe5d0	03 b9 00 00 33 52 00 00 4c 51 00 00 60 51 00 00 	00003R00LQ00`Q00
  0xe5e0	23 b9 00 00 cf 51 00 00 01 06 02 00 06 32 02 50 	#0000Q000000020P
  0xe5f0	01 18 0a 00 18 64 0c 00 18 54 0b 00 18 34 0a 00 	00000d000T000400
  0xe600	18 52 14 f0 12 e0 10 70 19 26 0a 00 17 34 19 00 	0R00000p0&000400
  0xe610	17 f2 10 f0 0e e0 0c d0 0a c0 08 70 07 60 06 50 	00000000000p0`0P
  0xe620	18 b7 00 00 70 00 00 00 01 19 0a 00 19 74 09 00 	0000p00000000t00
  0xe630	19 64 08 00 19 54 07 00 19 34 06 00 19 32 15 e0 	0d000T0004000200
  0xe640	19 30 0d 35 22 74 16 00 1b 64 15 00 17 34 14 00 	0005"t000d000400
  0xe650	13 33 0e d2 0a f0 08 e0 06 d0 04 c0 02 50 00 00 	0300000000000P00
  0xe660	18 b7 00 00 60 00 00 00 19 38 0c 25 2a e4 17 00 	0000`000080%*000
  0xe670	23 74 16 00 1c 64 15 00 15 34 14 00 0e 23 09 01 	#t000d0004000#00
  0xe680	12 00 02 50 18 b7 00 00 88 00 00 00 19 1d 05 25 	000P00000000000%
  0xe690	0f 34 08 00 0b 23 06 52 02 50 00 00 a0 b7 00 00 	04000#0R0P000000
  0xe6a0	01 00 00 00 af 62 00 00 d0 62 00 00 49 b9 00 00 	00000b000b00I000
  0xe6b0	d0 62 00 00 21 00 00 00 01 12 06 00 12 34 11 00 	0b00!00000000400
  0xe6c0	12 b2 0e 70 0d 60 0c 50 19 28 07 00 17 34 56 00 	000p0`0P0(0004V0
  0xe6d0	17 01 50 00 08 70 07 60 06 50 00 00 18 b7 00 00 	00P00p0`0P000000
  0xe6e0	70 02 00 00 01 0a 04 00 0a 34 08 00 0a 52 06 70 	p000000004000R0p
  0xe6f0	01 14 08 00 14 64 08 00 14 54 07 00 14 34 06 00 	00000d000T000400
  0xe700	14 32 10 70 01 18 0a 00 18 64 0a 00 18 54 09 00 	020p00000d000T00
  0xe710	18 34 08 00 18 32 14 f0 12 e0 10 70 19 2a 0b 65 	04000200000p0*0e
  0xe720	19 63 14 01 5d 00 0d f0 0b e0 09 d0 07 c0 05 70 	0c00]0000000000p
  0xe730	04 60 03 30 02 50 00 00 18 b7 00 00 d0 02 00 00 	0`000P0000000000
  0xe740	01 1c 0c 00 1c 64 10 00 1c 54 0f 00 1c 34 0e 00 	00000d000T000400
  0xe750	1c 72 18 f0 16 e0 14 d0 12 c0 10 70 19 2d 0d 35 	0r000000000p0-05
  0xe760	1f 74 12 00 1b 64 11 00 17 34 10 00 13 33 0e 92 	0t000d0004000300
  0xe770	0a f0 08 e0 06 d0 04 c0 02 50 00 00 18 b7 00 00 	000000000P000000
  0xe780	40 00 00 00 19 33 0b 00 22 74 d9 00 22 64 d8 00 	@0000300"t00"d00
  0xe790	22 34 d6 00 22 01 d2 00 14 f0 12 e0 10 50 00 00 	"400"00000000P00
  0xe7a0	18 b7 00 00 80 06 00 00 01 05 02 00 05 34 01 00 	0000000000000400
  0xe7b0	19 24 07 00 12 64 8d 00 12 34 8b 00 12 01 88 00 	0$000d0004000000
  0xe7c0	0b 70 00 00 18 b7 00 00 30 04 00 00 19 1d 05 00 	0p00000000000000
  0xe7d0	0b 01 06 01 04 70 03 60 02 30 00 00 18 b7 00 00 	00000p0`00000000
  0xe7e0	20 08 00 00 19 2f 09 00 1e 74 55 00 1e 64 54 00 	 0000/000tU00dT0
  0xe7f0	1e 34 53 00 1e 01 50 00 10 50 00 00 18 b7 00 00 	04S000P00P000000
  0xe800	70 02 00 00 01 12 06 00 12 64 13 00 12 34 12 00 	p00000000d000400
  0xe810	12 f2 0b 70 19 32 0b 00 21 64 a9 00 21 34 a8 00 	000p0200!d00!400
  0xe820	21 01 a0 00 12 f0 10 e0 0e d0 0c 70 0b 50 00 00 	!0000000000p0P00
  0xe830	18 b7 00 00 f0 04 00 00 19 2e 09 00 1d 64 7d 00 	000000000.000d}0
  0xe840	1d 34 7c 00 1d 01 76 00 0e e0 0c 70 0b 50 00 00 	04|000v0000p0P00
  0xe850	18 b7 00 00 a0 03 00 00 19 2d 0a 00 1c 01 c7 00 	000000000-000000
  0xe860	0d f0 0b e0 09 d0 07 c0 05 70 04 60 03 30 02 50 	000000000p0`000P
  0xe870	18 b7 00 00 20 06 00 00 19 33 0b 00 22 74 7b 00 	0000 0000300"t{0
  0xe880	22 64 7a 00 22 34 79 00 22 01 74 00 14 f0 12 e0 	"dz0"4y0"0t00000
  0xe890	10 50 00 00 18 b7 00 00 90 03 00 00 19 33 0b 00 	0P00000000000300
  0xe8a0	22 74 47 01 22 64 46 01 22 34 45 01 22 01 40 01 	"tG0"dF0"4E0"0@0
  0xe8b0	14 f0 12 e0 10 50 00 00 18 b7 00 00 f0 09 00 00 	00000P0000000000
  0xe8c0	19 25 04 00 13 01 2b 01 0c 70 0b 30 18 b7 00 00 	0%0000+00p000000
  0xe8d0	40 09 00 00 01 0a 02 00 0a b2 06 30 01 0a 04 00 	@000000000000000
  0xe8e0	0a 34 0b 00 0a 72 06 70 19 21 07 00 0f 34 54 00 	04000r0p0!0004T0
  0xe8f0	0f 01 4e 00 08 70 07 60 06 50 00 00 18 b7 00 00 	00N00p0`0P000000
  0xe900	60 02 00 00 19 22 07 00 14 34 37 00 14 01 30 00 	`0000"0004700000
  0xe910	08 70 07 60 06 50 00 00 18 b7 00 00 70 01 00 00 	0p0`0P000000p000
  0xe920	19 26 05 00 15 34 5c 00 15 01 5a 00 06 50 00 00 	0&00040000Z00P00
  0xe930	18 b7 00 00 c0 02 00 00 19 2a 04 00 18 01 07 01 	000000000*000000
  0xe940	11 70 10 30 18 b7 00 00 20 08 00 00 01 0f 06 00 	0p000000 0000000
  0xe950	0f 64 0a 00 0f 34 09 00 0f 52 0b 70 01 0d 02 00 	0d0004000R0p0000
  0xe960	0d d2 06 50 19 24 07 00 12 64 55 00 12 34 54 00 	000P0$000dU004T0
  0xe970	12 01 50 00 0b 70 00 00 18 b7 00 00 70 02 00 00 	00P00p000000p000
  0xe980	01 0a 02 00 0a 32 06 30 01 14 06 00 14 64 09 00 	0000020000000d00
  0xe990	14 34 08 00 14 52 10 70 01 14 08 00 14 64 0a 00 	04000R0p00000d00
  0xe9a0	14 54 09 00 14 34 08 00 14 52 10 70 01 14 08 00 	0T0004000R0p0000
  0xe9b0	14 64 0e 00 14 54 0d 00 14 34 0c 00 14 92 10 70 	0d000T000400000p
  0xe9c0	01 04 01 00 04 62 00 00 09 1c 0b 00 1c e4 1b 00 	00000b0000000000
  0xe9d0	1c 74 1a 00 1c 64 19 00 1c 34 18 00 1c 01 16 00 	0t000d0004000000
  0xe9e0	15 f0 00 00 04 b0 00 00 01 00 00 00 6f ad 00 00 	000000000000o000
  0xe9f0	59 af 00 00 70 b9 00 00 59 af 00 00 00 00 00 00 	Y000p000Y0000000
  0xea00	01 00 00 00 01 04 01 00 04 e2 00 00 01 0c 02 00 	0000000000000000
  0xea10	0c 01 11 00 09 04 01 00 04 22 00 00 04 b0 00 00 	000000000"000000
  0xea20	01 00 00 00 7c b4 00 00 b2 b4 00 00 01 00 00 00 	0000|00000000000
  0xea30	b2 b4 00 00 09 0a 04 00 0a 34 06 00 0a 32 06 70 	000000000400020p
  0xea40	04 b0 00 00 01 00 00 00 8d b5 00 00 c0 b5 00 00 	0000000000000000
  0xea50	a0 b9 00 00 c0 b5 00 00 01 0d 04 00 0d 34 09 00 	0000000000000400
  0xea60	0d 32 06 50 00 00 00 00 01 00 00 00 01 02 01 00 	020P000000000000
  0xea70	02 30 00 00 00 00 00 00 02 04 03 00 01 16 00 06 	0000000000000000
  0xea80	04 12 00 00 60 eb 00 00 00 00 00 00 00 00 00 00 	0000`00000000000
  0xea90	28 f1 00 00 90 c4 00 00 b8 eb 00 00 00 00 00 00 	(000000000000000
  0xeaa0	00 00 00 00 86 f4 00 00 e8 c4 00 00 a8 eb 00 00 	0000000000000000
  0xeab0	00 00 00 00 00 00 00 00 a4 f4 00 00 d8 c4 00 00 	0000000000000000
  0xeac0	58 ee 00 00 00 00 00 00 00 00 00 00 58 f6 00 00 	X00000000000X000
  0xead0	88 c7 00 00 58 ef 00 00 00 00 00 00 00 00 00 00 	0000X00000000000
  0xeae0	62 f7 00 00 88 c8 00 00 28 f0 00 00 00 00 00 00 	b0000000(0000000
  0xeaf0	00 00 00 00 96 f8 00 00 58 c9 00 00 d8 ed 00 00 	00000000X0000000
  0xeb00	00 00 00 00 00 00 00 00 a0 f8 00 00 08 c7 00 00 	0000000000000000
  0xeb10	18 ee 00 00 00 00 00 00 00 00 00 00 d4 f8 00 00 	0000000000000000
  0xeb20	48 c7 00 00 30 ee 00 00 00 00 00 00 00 00 00 00 	H000000000000000
  0xeb30	ee f8 00 00 60 c7 00 00 48 ee 00 00 00 00 00 00 	0000`000H0000000
  0xeb40	00 00 00 00 12 f9 00 00 78 c7 00 00 00 00 00 00 	00000000x0000000
  0xeb50	00 00 00 00 00 00 00 00 00 00 00 00 00 00 00 00 	0000000000000000
  0xeb60	a0 f0 00 00 00 00 00 00 ae f0 00 00 00 00 00 00 	0000000000000000
  0xeb70	be f0 00 00 00 00 00 00 ce f0 00 00 00 00 00 00 	0000000000000000
  0xeb80	e2 f0 00 00 00 00 00 00 f2 f0 00 00 00 00 00 00 	0000000000000000
  0xeb90	04 f1 00 00 00 00 00 00 16 f1 00 00 00 00 00 00 	0000000000000000
  0xeba0	00 00 00 00 00 00 00 00 94 f4 00 00 00 00 00 00 	0000000000000000
  0xebb0	00 00 00 00 00 00 00 00 7c f2 00 00 00 00 00 00 	00000000|0000000
  0xebc0	8c f2 00 00 00 00 00 00 a2 f2 00 00 00 00 00 00 	0000000000000000
  0xebd0	b4 f2 00 00 00 00 00 00 c4 f2 00 00 00 00 00 00 	0000000000000000
  0xebe0	d6 f2 00 00 00 00 00 00 e4 f2 00 00 00 00 00 00 	0000000000000000
  0xebf0	f0 f2 00 00 00 00 00 00 06 f3 00 00 00 00 00 00 	0000000000000000
  0xec00	16 f3 00 00 00 00 00 00 2c f3 00 00 00 00 00 00 	00000000,0000000
  0xec10	3e f3 00 00 00 00 00 00 5c f3 00 00 00 00 00 00 	>000000000000000
  0xec20	6e f3 00 00 00 00 00 00 86 f3 00 00 00 00 00 00 	n000000000000000
  0xec30	a2 f3 00 00 00 00 00 00 b8 f3 00 00 00 00 00 00 	0000000000000000
  0xec40	c4 f3 00 00 00 00 00 00 d6 f3 00 00 00 00 00 00 	0000000000000000
  0xec50	e4 f3 00 00 00 00 00 00 f8 f3 00 00 00 00 00 00 	0000000000000000
  0xec60	08 f4 00 00 00 00 00 00 1c f4 00 00 00 00 00 00 	0000000000000000
  0xec70	2c f4 00 00 00 00 00 00 42 f4 00 00 00 00 00 00 	,0000000B0000000
  0xec80	52 f4 00 00 00 00 00 00 64 f4 00 00 00 00 00 00 	R0000000d0000000
  0xec90	76 f4 00 00 00 00 00 00 44 f1 00 00 00 00 00 00 	v0000000D0000000
  0xeca0	5c f2 00 00 00 00 00 00 6c f2 00 00 00 00 00 00 	00000000l0000000
  0xecb0	50 f1 00 00 00 00 00 00 64 f1 00 00 00 00 00 00 	P0000000d0000000
  0xecc0	7a f1 00 00 00 00 00 00 8a f1 00 00 00 00 00 00 	z000000000000000
  0xecd0	a8 f1 00 00 00 00 00 00 be f1 00 00 00 00 00 00 	0000000000000000
  0xece0	ce f1 00 00 00 00 00 00 e2 f1 00 00 00 00 00 00 	0000000000000000
  0xecf0	f0 f1 00 00 00 00 00 00 00 f2 00 00 00 00 00 00 	0000000000000000
  0xed00	0e f2 00 00 00 00 00 00 20 f2 00 00 00 00 00 00 	00000000 0000000
  0xed10	32 f2 00 00 00 00 00 00 3e f2 00 00 00 00 00 00 	20000000>0000000
  0xed20	c8 fa 00 00 00 00 00 00 b8 fa 00 00 00 00 00 00 	0000000000000000
  0xed30	a6 fa 00 00 00 00 00 00 96 fa 00 00 00 00 00 00 	0000000000000000
  0xed40	7c fa 00 00 00 00 00 00 66 fa 00 00 00 00 00 00 	|0000000f0000000
  0xed50	4c fa 00 00 00 00 00 00 38 fa 00 00 00 00 00 00 	L000000080000000
  0xed60	24 fa 00 00 00 00 00 00 06 fa 00 00 00 00 00 00 	$000000000000000
  0xed70	4a f2 00 00 00 00 00 00 ea f9 00 00 00 00 00 00 	J000000000000000
  0xed80	d6 f9 00 00 00 00 00 00 bc f9 00 00 00 00 00 00 	0000000000000000
  0xed90	a8 f9 00 00 00 00 00 00 8c f9 00 00 00 00 00 00 	0000000000000000
  0xeda0	70 f9 00 00 00 00 00 00 56 f9 00 00 00 00 00 00 	p0000000V0000000
  0xedb0	3c f9 00 00 00 00 00 00 2a f9 00 00 00 00 00 00 	<0000000*0000000
  0xedc0	22 f9 00 00 00 00 00 00 36 f1 00 00 00 00 00 00 	"000000060000000
  0xedd0	00 00 00 00 00 00 00 00 02 00 00 00 00 00 00 80 	0000000000000000
  0xede0	15 01 00 00 00 00 00 80 a3 00 00 00 00 00 00 80 	0000000000000000
  0xedf0	04 00 00 00 00 00 00 80 07 00 00 00 00 00 00 80 	0000000000000000
  0xee00	06 00 00 00 00 00 00 80 a1 00 00 00 00 00 00 80 	0000000000000000
  0xee10	00 00 00 00 00 00 00 00 ae f8 00 00 00 00 00 00 	0000000000000000
  0xee20	c2 f8 00 00 00 00 00 00 00 00 00 00 00 00 00 00 	0000000000000000
  0xee30	e0 f8 00 00 00 00 00 00 54 fb 00 00 00 00 00 00 	00000000T0000000
  0xee40	00 00 00 00 00 00 00 00 fa f8 00 00 00 00 00 00 	0000000000000000
  0xee50	00 00 00 00 00 00 00 00 18 fb 00 00 00 00 00 00 	0000000000000000
  0xee60	2a fb 00 00 00 00 00 00 d8 fa 00 00 00 00 00 00 	*000000000000000
  0xee70	f4 fa 00 00 00 00 00 00 04 fb 00 00 00 00 00 00 	0000000000000000
  0xee80	42 f6 00 00 00 00 00 00 34 f6 00 00 00 00 00 00 	B000000040000000
  0xee90	20 f6 00 00 00 00 00 00 10 f6 00 00 00 00 00 00 	 000000000000000
  0xeea0	02 f6 00 00 00 00 00 00 f6 f5 00 00 00 00 00 00 	0000000000000000
  0xeeb0	e4 f5 00 00 00 00 00 00 d2 f5 00 00 00 00 00 00 	0000000000000000
  0xeec0	c0 f5 00 00 00 00 00 00 b0 f5 00 00 00 00 00 00 	0000000000000000
  0xeed0	9c f5 00 00 00 00 00 00 88 f5 00 00 00 00 00 00 	0000000000000000
  0xeee0	7c f5 00 00 00 00 00 00 74 f5 00 00 00 00 00 00 	|0000000t0000000
  0xeef0	66 f5 00 00 00 00 00 00 56 f5 00 00 00 00 00 00 	f0000000V0000000
  0xef00	44 f5 00 00 00 00 00 00 30 f5 00 00 00 00 00 00 	D000000000000000
  0xef10	22 f5 00 00 00 00 00 00 0c f5 00 00 00 00 00 00 	"000000000000000
  0xef20	f6 f4 00 00 00 00 00 00 e0 f4 00 00 00 00 00 00 	0000000000000000
  0xef30	d4 f4 00 00 00 00 00 00 c8 f4 00 00 00 00 00 00 	0000000000000000
  0xef40	bc f4 00 00 00 00 00 00 ae f4 00 00 00 00 00 00 	0000000000000000
  0xef50	00 00 00 00 00 00 00 00 6e fb 00 00 00 00 00 00 	00000000n0000000
  0xef60	78 fb 00 00 00 00 00 00 86 f7 00 00 00 00 00 00 	x000000000000000
  0xef70	6e f7 00 00 00 00 00 00 56 f7 00 00 00 00 00 00 	n0000000V0000000
  0xef80	4c f7 00 00 00 00 00 00 42 f7 00 00 00 00 00 00 	L0000000B0000000
  0xef90	36 f7 00 00 00 00 00 00 22 f7 00 00 00 00 00 00 	60000000"0000000
  0xefa0	18 f7 00 00 00 00 00 00 10 f7 00 00 00 00 00 00 	0000000000000000
  0xefb0	08 f7 00 00 00 00 00 00 f6 f6 00 00 00 00 00 00 	0000000000000000
  0xefc0	e4 f6 00 00 00 00 00 00 d6 f6 00 00 00 00 00 00 	0000000000000000
  0xefd0	c8 f6 00 00 00 00 00 00 ba f6 00 00 00 00 00 00 	0000000000000000
  0xefe0	b0 f6 00 00 00 00 00 00 a4 f6 00 00 00 00 00 00 	0000000000000000
  0xeff0	9a f6 00 00 00 00 00 00 8e f6 00 00 00 00 00 00 	0000000000000000
  0xf000	84 f6 00 00 00 00 00 00 7c f6 00 00 00 00 00 00 	00000000|0000000
  0xf010	64 f6 00 00 00 00 00 00 82 fb 00 00 00 00 00 00 	d000000000000000
  0xf020	00 00 00 00 00 00 00 00 86 f8 00 00 00 00 00 00 	0000000000000000
  0xf030	70 f8 00 00 00 00 00 00 58 f8 00 00 00 00 00 00 	p0000000X0000000
  0xf040	46 f8 00 00 00 00 00 00 34 f8 00 00 00 00 00 00 	F000000040000000
  0xf050	40 fb 00 00 00 00 00 00 fe f7 00 00 00 00 00 00 	@000000000000000
  0xf060	10 f8 00 00 00 00 00 00 ee f7 00 00 00 00 00 00 	0000000000000000
  0xf070	d0 f7 00 00 00 00 00 00 bc f7 00 00 00 00 00 00 	0000000000000000
  0xf080	aa f7 00 00 00 00 00 00 9a f7 00 00 00 00 00 00 	0000000000000000
  0xf090	20 f8 00 00 00 00 00 00 00 00 00 00 00 00 00 00 	 000000000000000
  0xf0a0	5b 02 52 65 67 43 6c 6f 73 65 4b 65 79 00 7a 02 	[0RegCloseKey0z0
  0xf0b0	52 65 67 45 6e 75 6d 4b 65 79 45 78 57 00 8c 02 	RegEnumKeyExW000
  0xf0c0	52 65 67 4f 70 65 6e 4b 65 79 45 78 57 00 93 02 	RegOpenKeyExW000
  0xf0d0	52 65 67 51 75 65 72 79 49 6e 66 6f 4b 65 79 57 	RegQueryInfoKeyW
  0xf0e0	00 00 7d 02 52 65 67 45 6e 75 6d 56 61 6c 75 65 	00}0RegEnumValue
  0xf0f0	57 00 a9 02 52 65 67 53 65 74 56 61 6c 75 65 45 	W000RegSetValueE
  0xf100	78 57 00 00 64 02 52 65 67 43 72 65 61 74 65 4b 	xW00d0RegCreateK
  0xf110	65 79 45 78 57 00 73 02 52 65 67 44 65 6c 65 74 	eyExW0s0RegDelet
  0xf120	65 56 61 6c 75 65 57 00 41 44 56 41 50 49 33 32 	eValueW0ADVAPI32
  0xf130	2e 64 6c 6c 00 00 d1 03 4c 6f 63 61 6c 41 6c 6c 	.dll0000LocalAll
  0xf140	6f 63 00 00 d6 03 4c 6f 63 61 6c 46 72 65 65 00 	oc0000LocalFree0
  0xf150	81 02 47 65 74 4d 6f 64 75 6c 65 48 61 6e 64 6c 	00GetModuleHandl
  0xf160	65 57 00 00 2d 05 53 65 74 46 69 6c 65 41 74 74 	eW00-0SetFileAtt
  0xf170	72 69 62 75 74 65 73 57 00 00 6a 02 47 65 74 4c 	ributesW00j0GetL
  0xf180	61 73 74 45 72 72 6f 72 00 00 2b 06 57 72 69 74 	astError00+0Writ
  0xf190	65 50 72 69 76 61 74 65 50 72 6f 66 69 6c 65 53 	ePrivateProfileS
  0xf1a0	74 72 69 6e 67 57 00 00 7d 02 47 65 74 4d 6f 64 	tringW00}0GetMod
  0xf1b0	75 6c 65 46 69 6c 65 4e 61 6d 65 57 00 00 00 03 	uleFileNameW0000
  0xf1c0	47 65 74 54 65 6d 70 50 61 74 68 57 00 00 bd 00 	GetTempPathW0000
  0xf1d0	43 72 65 61 74 65 44 69 72 65 63 74 6f 72 79 57 	CreateDirectoryW
  0xf1e0	00 00 19 01 44 65 6c 65 74 65 46 69 6c 65 57 00 	0000DeleteFileW0
  0xf1f0	f5 00 43 72 65 61 74 65 54 68 72 65 61 64 00 00 	00CreateThread00
  0xf200	b4 01 46 72 65 65 4c 69 62 72 61 72 79 00 b8 02 	00FreeLibrary000
  0xf210	47 65 74 50 72 6f 63 41 64 64 72 65 73 73 00 00 	GetProcAddress00
  0xf220	ca 03 4c 6f 61 64 4c 69 62 72 61 72 79 45 78 57 	00LoadLibraryExW
  0xf230	00 00 4a 06 6c 73 74 72 63 6d 70 69 57 00 50 06 	00J0lstrcmpiW0P0
  0xf240	6c 73 74 72 63 70 79 6e 57 00 df 05 56 69 72 74 	lstrcpynW000Virt
  0xf250	75 61 6c 50 72 6f 74 65 63 74 00 00 d9 05 56 69 	ualProtect0000Vi
  0xf260	72 74 75 61 6c 41 6c 6c 6f 63 00 00 e1 05 56 69 	rtualAlloc0000Vi
  0xf270	72 74 75 61 6c 51 75 65 72 79 00 00 ed 02 47 65 	rtualQuery0000Ge
  0xf280	74 53 79 73 74 65 6d 49 6e 66 6f 00 f6 03 4d 75 	tSystemInfo000Mu
  0xf290	6c 74 69 42 79 74 65 54 6f 57 69 64 65 43 68 61 	ltiByteToWideCha
  0xf2a0	72 00 8e 05 53 69 7a 65 6f 66 52 65 73 6f 75 72 	r000SizeofResour
  0xf2b0	63 65 00 00 ce 03 4c 6f 61 64 52 65 73 6f 75 72 	ce0000LoadResour
  0xf2c0	63 65 00 00 9e 01 46 69 6e 64 52 65 73 6f 75 72 	ce0000FindResour
  0xf2d0	63 65 45 78 57 00 89 00 43 6c 6f 73 65 48 61 6e 	ceExW000CloseHan
  0xf2e0	64 6c 65 00 26 05 53 65 74 45 76 65 6e 74 00 00 	dle0&0SetEvent00
  0xf2f0	ea 05 57 61 69 74 46 6f 72 53 69 6e 67 6c 65 4f 	00WaitForSingleO
  0xf300	62 6a 65 63 74 00 c2 00 43 72 65 61 74 65 45 76 	bject000CreateEv
  0xf310	65 6e 74 57 00 00 59 03 48 65 61 70 53 65 74 49 	entW00Y0HeapSetI
  0xf320	6e 66 6f 72 6d 61 74 69 6f 6e 00 00 e0 01 47 65 	nformation0000Ge
  0xf330	74 43 6f 6d 6d 61 6e 64 4c 69 6e 65 57 00 a9 04 	tCommandLineW000
  0xf340	52 65 67 69 73 74 65 72 41 70 70 6c 69 63 61 74 	RegisterApplicat
  0xf350	69 6f 6e 52 65 73 74 61 72 74 00 00 02 00 41 63 	ionRestart0000Ac
  0xf360	74 69 76 61 74 65 41 63 74 43 74 78 00 00 14 01 	tivateActCtx0000
  0xf370	44 65 6c 65 74 65 43 72 69 74 69 63 61 6c 53 65 	DeleteCriticalSe
  0xf380	63 74 69 6f 6e 00 6a 03 49 6e 69 74 69 61 6c 69 	ction0j0Initiali
  0xf390	7a 65 43 72 69 74 69 63 61 6c 53 65 63 74 69 6f 	zeCriticalSectio
  0xf3a0	6e 00 25 02 47 65 74 43 75 72 72 65 6e 74 54 68 	n0%0GetCurrentTh
  0xf3b0	72 65 61 64 49 64 00 00 4d 06 6c 73 74 72 63 70 	readId00M0lstrcp
  0xf3c0	79 57 00 00 9e 00 43 6f 6d 70 61 72 65 53 74 72 	yW0000CompareStr
  0xf3d0	69 6e 67 57 00 00 54 03 48 65 61 70 44 65 73 74 	ingW00T0HeapDest
  0xf3e0	72 6f 79 00 06 01 44 65 61 63 74 69 76 61 74 65 	roy000Deactivate
  0xf3f0	41 63 74 43 74 78 00 00 dd 00 43 72 65 61 74 65 	ActCtx0000Create
  0xf400	4d 75 74 65 78 57 00 00 0a 04 4f 70 65 6e 46 69 	MutexW0000OpenFi
  0xf410	6c 65 4d 61 70 70 69 6e 67 57 00 00 e5 03 4d 61 	leMappingW0000Ma
  0xf420	70 56 69 65 77 4f 66 46 69 6c 65 00 cb 00 43 72 	pViewOfFile000Cr
  0xf430	65 61 74 65 46 69 6c 65 4d 61 70 70 69 6e 67 57 	eateFileMappingW
  0xf440	00 00 b6 04 52 65 6c 65 61 73 65 4d 75 74 65 78 	0000ReleaseMutex
  0xf450	00 00 c3 05 55 6e 6d 61 70 56 69 65 77 4f 66 46 	0000UnmapViewOfF
  0xf460	69 6c 65 00 e8 00 43 72 65 61 74 65 50 72 6f 63 	ile000CreateProc
  0xf470	65 73 73 57 00 00 41 05 53 65 74 4c 61 73 74 45 	essW00A0SetLastE
  0xf480	72 72 6f 72 00 00 4b 45 52 4e 45 4c 33 32 2e 64 	rror00KERNEL32.d
  0xf490	6c 6c 00 00 7b 02 47 65 74 44 65 76 69 63 65 43 	ll00{0GetDeviceC
  0xf4a0	61 70 73 00 47 44 49 33 32 2e 64 6c 6c 00 67 02 	aps0GDI32.dll0g0
  0xf4b0	4c 6f 61 64 53 74 72 69 6e 67 57 00 34 00 43 68 	LoadStringW040Ch
  0xf4c0	61 72 4e 65 78 74 57 00 37 00 43 68 61 72 50 72 	arNextW070CharPr
  0xf4d0	65 76 57 00 47 02 49 73 57 69 6e 64 6f 77 00 00 	evW0G0IsWindow00
  0xf4e0	38 03 53 65 74 46 6f 72 65 67 72 6f 75 6e 64 57 	80SetForegroundW
  0xf4f0	69 6e 64 6f 77 00 b2 02 50 6f 73 74 54 68 72 65 	indow000PostThre
  0xf500	61 64 4d 65 73 73 61 67 65 57 00 00 51 03 53 65 	adMessageW00Q0Se
  0xf510	74 50 72 6f 63 65 73 73 44 50 49 41 77 61 72 65 	tProcessDPIAware
  0xf520	00 00 89 01 47 65 74 4d 65 73 73 61 67 65 57 00 	0000GetMessageW0
  0xf530	bd 00 44 69 73 70 61 74 63 68 4d 65 73 73 61 67 	00DispatchMessag
  0xf540	65 57 00 00 3e 00 43 68 61 72 55 70 70 65 72 42 	eW00>0CharUpperB
  0xf550	75 66 66 57 00 00 ef 00 45 6e 61 62 6c 65 57 69 	uffW0000EnableWi
  0xf560	6e 64 6f 77 00 00 4c 01 47 65 74 44 6c 67 49 74 	ndow00L0GetDlgIt
  0xf570	65 6d 00 00 42 01 47 65 74 44 43 00 fc 02 52 65 	em00B0GetDC000Re
  0xf580	6c 65 61 73 65 44 43 00 e8 01 47 65 74 57 69 6e 	leaseDC000GetWin
  0xf590	64 6f 77 4c 6f 6e 67 50 74 72 57 00 78 03 53 65 	dowLongPtrW0x0Se
  0xf5a0	74 57 69 6e 64 6f 77 4c 6f 6e 67 50 74 72 57 00 	tWindowLongPtrW0
  0xf5b0	18 03 53 65 6e 64 4d 65 73 73 61 67 65 57 00 00 	00SendMessageW00
  0xf5c0	22 02 49 6e 76 61 6c 69 64 61 74 65 52 65 63 74 	"0InvalidateRect
  0xf5d0	00 00 80 03 53 65 74 57 69 6e 64 6f 77 54 65 78 	0000SetWindowTex
  0xf5e0	74 57 00 00 34 03 53 65 74 44 6c 67 49 74 65 6d 	tW0040SetDlgItem
  0xf5f0	54 65 78 74 57 00 f2 00 45 6e 64 44 69 61 6c 6f 	TextW000EndDialo
  0xf600	67 00 b1 00 44 65 73 74 72 6f 79 49 63 6f 6e 00 	g000DestroyIcon0
  0xf610	33 01 47 65 74 43 6c 69 65 6e 74 52 65 63 74 00 	30GetClientRect0
  0xf620	c7 01 47 65 74 53 79 73 74 65 6d 4d 65 74 72 69 	00GetSystemMetri
  0xf630	63 73 00 00 5c 02 4c 6f 61 64 49 6d 61 67 65 57 	cs0000LoadImageW
  0xf640	00 00 0f 03 53 65 6e 64 44 6c 67 49 74 65 6d 4d 	0000SendDlgItemM
  0xf650	65 73 73 61 67 65 57 00 55 53 45 52 33 32 2e 64 	essageW0USER32.d
  0xf660	6c 6c 00 00 57 00 5f 5f 43 5f 73 70 65 63 69 66 	ll00W0__C_specif
  0xf670	69 63 5f 68 61 6e 64 6c 65 72 00 00 4c 04 66 72 	ic_handler00L0fr
  0xf680	65 65 00 00 86 04 6d 61 6c 6c 6f 63 00 00 00 05 	ee0000malloc0000
  0xf690	77 63 73 63 61 74 5f 73 00 00 a9 04 72 65 61 6c 	wcscat_s0000real
  0xf6a0	6c 6f 63 00 05 05 77 63 73 63 70 79 5f 73 00 00 	loc000wcscpy_s00
  0xf6b0	18 05 77 63 73 74 6f 6c 00 00 69 03 5f 76 73 6e 	00wcstol00i0_vsn
  0xf6c0	77 70 72 69 6e 74 66 00 55 00 5f 58 63 70 74 46 	wprintf0U0_XcptF
  0xf6d0	69 6c 74 65 72 00 ae 00 5f 61 6d 73 67 5f 65 78 	ilter000_amsg_ex
  0xf6e0	69 74 00 00 9d 00 5f 5f 77 67 65 74 6d 61 69 6e 	it0000__wgetmain
  0xf6f0	61 72 67 73 00 00 8e 00 5f 5f 73 65 74 5f 61 70 	args0000__set_ap
  0xf700	70 5f 74 79 70 65 00 00 32 04 65 78 69 74 00 00 	p_type0020exit00
  0xf710	0e 01 5f 65 78 69 74 00 c1 00 5f 63 65 78 69 74 	00_exit000_cexit
  0xf720	00 00 90 00 5f 5f 73 65 74 75 73 65 72 6d 61 74 	0000__setusermat
  0xf730	68 65 72 72 00 00 7d 01 5f 69 6e 69 74 74 65 72 	herr00}0_initter
  0xf740	6d 00 82 03 5f 77 63 6d 64 6c 6e 00 27 01 5f 66 	m000_wcmdln0'0_f
  0xf750	6d 6f 64 65 00 00 d2 00 5f 63 6f 6d 6d 6f 64 65 	mode0000_commode
  0xf760	00 00 6d 73 76 63 72 74 2e 64 6c 6c 00 00 12 00 	00msvcrt.dll0000
  0xf770	3f 3f 31 74 79 70 65 5f 69 6e 66 6f 40 40 55 45 	??1type_info@@UE
  0xf780	41 41 40 58 5a 00 2f 00 3f 74 65 72 6d 69 6e 61 	AA@XZ0/0?termina
  0xf790	74 65 40 40 59 41 58 58 5a 00 60 00 43 6f 49 6e 	te@@YAXXZ0`0CoIn
  0xf7a0	69 74 69 61 6c 69 7a 65 00 00 90 00 43 6f 55 6e 	itialize0000CoUn
  0xf7b0	69 6e 69 74 69 61 6c 69 7a 65 00 00 2b 00 43 6f 	initialize00+0Co
  0xf7c0	43 72 65 61 74 65 49 6e 73 74 61 6e 63 65 00 00 	CreateInstance00
  0xf7d0	23 00 43 6f 41 6c 6c 6f 77 53 65 74 46 6f 72 65 	#0CoAllowSetFore
  0xf7e0	67 72 6f 75 6e 64 57 69 6e 64 6f 77 00 00 2a 00 	groundWindow00*0
  0xf7f0	43 6f 43 72 65 61 74 65 47 75 69 64 00 00 0c 02 	CoCreateGuid0000
  0xf800	53 74 72 69 6e 67 46 72 6f 6d 47 55 49 44 32 00 	StringFromGUID20
  0xf810	8c 00 43 6f 54 61 73 6b 4d 65 6d 46 72 65 65 00 	00CoTaskMemFree0
  0xf820	8d 00 43 6f 54 61 73 6b 4d 65 6d 52 65 61 6c 6c 	00CoTaskMemReall
  0xf830	6f 63 00 00 8b 00 43 6f 54 61 73 6b 4d 65 6d 41 	oc0000CoTaskMemA
  0xf840	6c 6c 6f 63 00 00 0b 02 53 74 72 69 6e 67 46 72 	lloc0000StringFr
  0xf850	6f 6d 43 4c 53 49 44 00 76 00 43 6f 52 65 67 69 	omCLSID0v0CoRegi
  0xf860	73 74 65 72 43 6c 61 73 73 4f 62 6a 65 63 74 00 	sterClassObject0
  0xf870	82 00 43 6f 52 65 76 6f 6b 65 43 6c 61 73 73 4f 	00CoRevokeClassO
  0xf880	62 6a 65 63 74 00 0d 02 53 74 72 69 6e 67 46 72 	bject000StringFr
  0xf890	6f 6d 49 49 44 00 6f 6c 65 33 32 2e 64 6c 6c 00 	omIID0ole32.dll0
  0xf8a0	4f 4c 45 41 55 54 33 32 2e 64 6c 6c 00 00 39 01 	OLEAUT32.dll0090
  0xf8b0	53 48 46 69 6c 65 4f 70 65 72 61 74 69 6f 6e 57 	SHFileOperationW
  0xf8c0	00 00 35 00 45 78 74 72 61 63 74 49 63 6f 6e 45 	0050ExtractIconE
  0xf8d0	78 57 00 00 53 48 45 4c 4c 33 32 2e 64 6c 6c 00 	xW00SHELL32.dll0
  0xf8e0	37 00 50 61 74 68 41 70 70 65 6e 64 57 00 53 48 	70PathAppendW0SH
  0xf8f0	4c 57 41 50 49 2e 64 6c 6c 00 02 00 47 65 74 44 	LWAPI.dll000GetD
  0xf900	65 66 61 75 6c 74 50 72 6f 66 69 6c 65 53 63 61 	efaultProfileSca
  0xf910	6e 00 53 63 61 6e 53 65 74 74 69 6e 67 2e 44 4c 	n0ScanSetting.DL
  0xf920	4c 00 8f 05 53 6c 65 65 70 00 da 02 47 65 74 53 	L000Sleep000GetS
  0xf930	74 61 72 74 75 70 49 6e 66 6f 57 00 b8 04 52 65 	tartupInfoW000Re
  0xf940	6c 65 61 73 65 53 52 57 4c 6f 63 6b 45 78 63 6c 	leaseSRWLockExcl
  0xf950	75 73 69 76 65 00 00 00 41 63 71 75 69 72 65 53 	usive000AcquireS
  0xf960	52 57 4c 6f 63 6b 45 78 63 6c 75 73 69 76 65 00 	RWLockExclusive0
  0xf970	f2 05 57 61 6b 65 41 6c 6c 43 6f 6e 64 69 74 69 	00WakeAllConditi
  0xf980	6f 6e 56 61 72 69 61 62 6c 65 00 00 91 05 53 6c 	onVariable0000Sl
  0xf990	65 65 70 43 6f 6e 64 69 74 69 6f 6e 56 61 72 69 	eepConditionVari
  0xf9a0	61 62 6c 65 53 52 57 00 d5 04 52 74 6c 43 61 70 	ableSRW000RtlCap
  0xf9b0	74 75 72 65 43 6f 6e 74 65 78 74 00 dc 04 52 74 	tureContext000Rt
  0xf9c0	6c 4c 6f 6f 6b 75 70 46 75 6e 63 74 69 6f 6e 45 	lLookupFunctionE
  0xf9d0	6e 74 72 79 00 00 e3 04 52 74 6c 56 69 72 74 75 	ntry0000RtlVirtu
  0xf9e0	61 6c 55 6e 77 69 6e 64 00 00 c0 05 55 6e 68 61 	alUnwind0000Unha
  0xf9f0	6e 64 6c 65 64 45 78 63 65 70 74 69 6f 6e 46 69 	ndledExceptionFi
  0xfa00	6c 74 65 72 00 00 7f 05 53 65 74 55 6e 68 61 6e 	lter0000SetUnhan
  0xfa10	64 6c 65 64 45 78 63 65 70 74 69 6f 6e 46 69 6c 	dledExceptionFil
  0xfa20	74 65 72 00 20 02 47 65 74 43 75 72 72 65 6e 74 	ter0 0GetCurrent
  0xfa30	50 72 6f 63 65 73 73 00 9e 05 54 65 72 6d 69 6e 	Process000Termin
  0xfa40	61 74 65 50 72 6f 63 65 73 73 00 00 52 04 51 75 	ateProcess00R0Qu
  0xfa50	65 72 79 50 65 72 66 6f 72 6d 61 6e 63 65 43 6f 	eryPerformanceCo
  0xfa60	75 6e 74 65 72 00 21 02 47 65 74 43 75 72 72 65 	unter0!0GetCurre
  0xfa70	6e 74 50 72 6f 63 65 73 73 49 64 00 f3 02 47 65 	ntProcessId000Ge
  0xfa80	74 53 79 73 74 65 6d 54 69 6d 65 41 73 46 69 6c 	tSystemTimeAsFil
  0xfa90	65 54 69 6d 65 00 11 03 47 65 74 54 69 63 6b 43 	eTime000GetTickC
  0xfaa0	6f 75 6e 74 00 00 b0 01 46 6f 72 6d 61 74 4d 65 	ount0000FormatMe
  0xfab0	73 73 61 67 65 57 00 00 b3 00 43 72 65 61 74 65 	ssageW0000Create
  0xfac0	41 63 74 43 74 78 57 00 b4 04 52 65 6c 65 61 73 	ActCtxW000Releas
  0xfad0	65 41 63 74 43 74 78 00 93 02 4d 73 67 57 61 69 	eActCtx000MsgWai
  0xfae0	74 46 6f 72 4d 75 6c 74 69 70 6c 65 4f 62 6a 65 	tForMultipleObje
  0xfaf0	63 74 73 00 ab 02 50 65 65 6b 4d 65 73 73 61 67 	cts000PeekMessag
  0xfb00	65 57 00 00 ad 03 54 72 61 6e 73 6c 61 74 65 4d 	eW0000TranslateM
  0xfb10	65 73 73 61 67 65 00 00 ba 00 44 69 61 6c 6f 67 	essage0000Dialog
  0xfb20	42 6f 78 50 61 72 61 6d 57 00 89 02 4d 65 73 73 	BoxParamW000Mess
  0xfb30	61 67 65 42 6f 78 49 6e 64 69 72 65 63 74 57 00 	ageBoxIndirectW0
  0xfb40	cf 01 50 72 6f 70 56 61 72 69 61 6e 74 43 6c 65 	00PropVariantCle
  0xfb50	61 72 00 00 81 00 50 61 74 68 50 61 72 73 65 49 	ar0000PathParseI
  0xfb60	63 6f 6e 4c 6f 63 61 74 69 6f 6e 57 00 00 91 04 	conLocationW0000
  0xfb70	6d 65 6d 63 6d 70 00 00 92 04 6d 65 6d 63 70 79 	memcmp0000memcpy
  0xfb80	00 00 96 04 6d 65 6d 73 65 74 00 00 00 00 00 00 	0000memset000000
  0xfb90	00 00 00 00 00 00 00 00 00 00 00 00 00 00 00 00 	0000000000000000
  0xfba0	00 00 00 00 00 00 00 00 00 00 00 00 00 00 00 00 	0000000000000000
  0xfbb0	00 00 00 00 00 00 00 00 00 00 00 00 00 00 00 00 	0000000000000000
  0xfbc0	00 00 00 00 00 00 00 00 00 00 00 00 00 00 00 00 	0000000000000000
  0xfbd0	00 00 00 00 00 00 00 00 00 00 00 00 00 00 00 00 	0000000000000000
  0xfbe0	00 00 00 00 00 00 00 00 00 00 00 00 00 00 00 00 	0000000000000000
  0xfbf0	00 00 00 00 00 00 00 00 00 00 00 00 00 00 00 00 	0000000000000000
=== DATA BLOCK END ===

=== DATA BLOCK ADDRESS 0x10000 ===
  0x10000	b0 d0 00 40 01 00 00 00 c0 21 00 40 01 00 00 00 	000@00000!0@0000
  0x10010	30 3e 00 40 01 00 00 00 20 3c 00 40 01 00 00 00 	0>0@0000 <0@0000
  0x10020	00 00 00 00 00 00 00 00 00 00 00 00 00 00 00 00 	0000000000000000
  0x10030	60 38 00 40 01 00 00 00 60 38 00 40 01 00 00 00 	`80@0000`80@0000
  0x10040	b0 53 00 40 01 00 00 00 00 cc 00 40 01 00 00 00 	0S0@0000000@0000
  0x10050	70 27 00 40 01 00 00 00 30 3e 00 40 01 00 00 00 	p'0@00000>0@0000
  0x10060	e0 36 00 40 01 00 00 00 00 00 00 00 00 00 00 00 	060@000000000000
  0x10070	00 00 00 00 00 00 00 00 60 38 00 40 01 00 00 00 	00000000`80@0000
  0x10080	60 38 00 40 01 00 00 00 b0 53 00 40 01 00 00 00 	`80@00000S0@0000
  0x10090	10 cc 00 40 01 00 00 00 d0 24 00 40 01 00 00 00 	000@00000$0@0000
  0x100a0	30 3e 00 40 01 00 00 00 a0 3a 00 40 01 00 00 00 	0>0@00000:0@0000
  0x100b0	00 00 00 00 00 00 00 00 00 00 00 00 00 00 00 00 	0000000000000000
  0x100c0	60 38 00 40 01 00 00 00 60 38 00 40 01 00 00 00 	`80@0000`80@0000
  0x100d0	b0 53 00 40 01 00 00 00 00 00 00 00 00 00 00 00 	0S0@000000000000
  0x100e0	00 00 00 00 00 00 00 00 00 00 00 00 00 00 00 00 	0000000000000000
  0x100f0	00 00 00 00 00 00 00 00 00 00 00 00 00 00 00 00 	0000000000000000
  0x10100	00 00 00 00 00 00 00 00 00 00 00 00 00 00 00 00 	0000000000000000
  0x10110	00 00 00 00 00 00 00 00 00 00 00 00 00 00 00 00 	0000000000000000
  0x10120	00 c0 00 40 01 00 00 00 00 00 00 00 00 00 00 00 	000@000000000000
  0x10130	2e 3f 41 56 3f 24 43 43 6f 6d 43 6f 6e 74 61 69 	.?AV?$CComContai
  0x10140	6e 65 64 4f 62 6a 65 63 74 40 56 43 41 63 71 75 	nedObject@VCAcqu
  0x10150	69 73 69 74 69 6f 6e 4d 61 6e 61 67 65 72 40 40 	isitionManager@@
  0x10160	40 41 54 4c 40 40 00 00 00 00 00 00 00 00 00 00 	@ATL@@0000000000
  0x10170	00 c0 00 40 01 00 00 00 00 00 00 00 00 00 00 00 	000@000000000000
  0x10180	2e 3f 41 56 3f 24 43 43 6f 6d 43 6f 6e 74 61 69 	.?AV?$CComContai
  0x10190	6e 65 64 4f 62 6a 65 63 74 40 56 43 53 74 69 45 	nedObject@VCStiE
  0x101a0	76 65 6e 74 48 61 6e 64 6c 65 72 40 40 40 41 54 	ventHandler@@@AT
  0x101b0	4c 40 40 00 00 00 00 00 00 00 00 00 00 00 00 00 	L@@0000000000000
  0x101c0	00 c0 00 40 01 00 00 00 00 00 00 00 00 00 00 00 	000@000000000000
  0x101d0	2e 3f 41 56 3f 24 43 43 6f 6d 43 6f 6e 74 61 69 	.?AV?$CComContai
  0x101e0	6e 65 64 4f 62 6a 65 63 74 40 56 43 45 76 65 6e 	nedObject@VCEven
  0x101f0	74 50 72 6f 6d 70 74 40 40 40 41 54 4c 40 40 00 	tPrompt@@@ATL@@0
  0x10200	00 c0 00 40 01 00 00 00 00 00 00 00 00 00 00 00 	000@000000000000
  0x10210	2e 3f 41 56 3f 24 43 43 6f 6d 41 67 67 4f 62 6a 	.?AV?$CComAggObj
  0x10220	65 63 74 40 56 43 45 76 65 6e 74 50 72 6f 6d 70 	ect@VCEventPromp
  0x10230	74 40 40 40 41 54 4c 40 40 00 00 00 00 00 00 00 	t@@@ATL@@0000000
  0x10240	00 c0 00 40 01 00 00 00 00 00 00 00 00 00 00 00 	000@000000000000
  0x10250	2e 3f 41 56 3f 24 43 43 6f 6d 4f 62 6a 65 63 74 	.?AV?$CComObject
  0x10260	40 56 43 45 76 65 6e 74 50 72 6f 6d 70 74 40 40 	@VCEventPrompt@@
  0x10270	40 41 54 4c 40 40 00 00 00 00 00 00 00 00 00 00 	@ATL@@0000000000
  0x10280	00 c0 00 40 01 00 00 00 00 00 00 00 00 00 00 00 	000@000000000000
  0x10290	2e 3f 41 56 3f 24 43 43 6f 6d 43 6f 43 6c 61 73 	.?AV?$CComCoClas
  0x102a0	73 40 56 43 45 76 65 6e 74 50 72 6f 6d 70 74 40 	s@VCEventPrompt@
  0x102b0	40 24 31 3f 43 4c 53 49 44 5f 45 76 65 6e 74 50 	@$1?CLSID_EventP
  0x102c0	72 6f 6d 70 74 65 72 40 40 33 55 5f 47 55 49 44 	rompter@@3U_GUID
  0x102d0	40 40 42 40 41 54 4c 40 40 00 00 00 00 00 00 00 	@@B@ATL@@0000000
  0x102e0	00 c0 00 40 01 00 00 00 00 00 00 00 00 00 00 00 	000@000000000000
  0x102f0	2e 3f 41 56 43 45 76 65 6e 74 50 72 6f 6d 70 74 	.?AVCEventPrompt
  0x10300	40 40 00 00 00 00 00 00 00 c0 00 40 01 00 00 00 	@@000000000@0000
  0x10310	00 00 00 00 00 00 00 00 2e 3f 41 56 3f 24 43 43 	00000000.?AV?$CC
  0x10320	6f 6d 41 67 67 4f 62 6a 65 63 74 40 56 43 53 74 	omAggObject@VCSt
  0x10330	69 45 76 65 6e 74 48 61 6e 64 6c 65 72 40 40 40 	iEventHandler@@@
  0x10340	41 54 4c 40 40 00 00 00 00 c0 00 40 01 00 00 00 	ATL@@000000@0000
  0x10350	00 00 00 00 00 00 00 00 2e 3f 41 56 3f 24 43 43 	00000000.?AV?$CC
  0x10360	6f 6d 4f 62 6a 65 63 74 40 56 43 53 74 69 45 76 	omObject@VCStiEv
  0x10370	65 6e 74 48 61 6e 64 6c 65 72 40 40 40 41 54 4c 	entHandler@@@ATL
  0x10380	40 40 00 00 00 00 00 00 00 00 00 00 00 00 00 00 	@@00000000000000
  0x10390	00 c0 00 40 01 00 00 00 00 00 00 00 00 00 00 00 	000@000000000000
  0x103a0	2e 3f 41 56 3f 24 43 43 6f 6d 43 6f 43 6c 61 73 	.?AV?$CComCoClas
  0x103b0	73 40 56 43 53 74 69 45 76 65 6e 74 48 61 6e 64 	s@VCStiEventHand
  0x103c0	6c 65 72 40 40 24 31 3f 43 4c 53 49 44 5f 53 74 	ler@@$1?CLSID_St
  0x103d0	69 45 76 65 6e 74 48 61 6e 64 6c 65 72 40 40 33 	iEventHandler@@3
  0x103e0	55 5f 47 55 49 44 40 40 42 40 41 54 4c 40 40 00 	U_GUID@@B@ATL@@0
  0x103f0	00 c0 00 40 01 00 00 00 00 00 00 00 00 00 00 00 	000@000000000000
  0x10400	2e 3f 41 56 43 53 74 69 45 76 65 6e 74 48 61 6e 	.?AVCStiEventHan
  0x10410	64 6c 65 72 40 40 00 00 00 00 00 00 00 00 00 00 	dler@@0000000000
  0x10420	00 c0 00 40 01 00 00 00 00 00 00 00 00 00 00 00 	000@000000000000
  0x10430	2e 3f 41 56 3f 24 43 43 6f 6d 41 67 67 4f 62 6a 	.?AV?$CComAggObj
  0x10440	65 63 74 40 56 43 41 63 71 75 69 73 69 74 69 6f 	ect@VCAcquisitio
  0x10450	6e 4d 61 6e 61 67 65 72 40 40 40 41 54 4c 40 40 	nManager@@@ATL@@
  0x10460	00 00 00 00 00 00 00 00 00 c0 00 40 01 00 00 00 	00000000000@0000
  0x10470	00 00 00 00 00 00 00 00 2e 3f 41 56 3f 24 43 43 	00000000.?AV?$CC
  0x10480	6f 6d 4f 62 6a 65 63 74 40 56 43 41 63 71 75 69 	omObject@VCAcqui
  0x10490	73 69 74 69 6f 6e 4d 61 6e 61 67 65 72 40 40 40 	sitionManager@@@
  0x104a0	41 54 4c 40 40 00 00 00 00 00 00 00 00 00 00 00 	ATL@@00000000000
  0x104b0	00 c0 00 40 01 00 00 00 00 00 00 00 00 00 00 00 	000@000000000000
  0x104c0	2e 3f 41 56 3f 24 43 43 6f 6d 43 6f 43 6c 61 73 	.?AV?$CComCoClas
  0x104d0	73 40 56 43 41 63 71 75 69 73 69 74 69 6f 6e 4d 	s@VCAcquisitionM
  0x104e0	61 6e 61 67 65 72 40 40 24 31 3f 43 4c 53 49 44 	anager@@$1?CLSID
  0x104f0	5f 41 63 71 75 69 73 69 74 69 6f 6e 4d 61 6e 61 	_AcquisitionMana
  0x10500	67 65 72 40 40 33 55 5f 47 55 49 44 40 40 42 40 	ger@@3U_GUID@@B@
  0x10510	41 54 4c 40 40 00 00 00 00 00 00 00 00 00 00 00 	ATL@@00000000000
  0x10520	00 c0 00 40 01 00 00 00 00 00 00 00 00 00 00 00 	000@000000000000
  0x10530	2e 3f 41 56 3f 24 43 43 6f 6d 4f 62 6a 65 63 74 	.?AV?$CComObject
  0x10540	52 6f 6f 74 45 78 40 56 43 43 6f 6d 53 69 6e 67 	RootEx@VCComSing
  0x10550	6c 65 54 68 72 65 61 64 4d 6f 64 65 6c 40 41 54 	leThreadModel@AT
  0x10560	4c 40 40 40 41 54 4c 40 40 00 00 00 00 00 00 00 	L@@@ATL@@0000000
  0x10570	00 c0 00 40 01 00 00 00 00 00 00 00 00 00 00 00 	000@000000000000
  0x10580	2e 3f 41 56 43 41 63 71 75 69 73 69 74 69 6f 6e 	.?AVCAcquisition
  0x10590	4d 61 6e 61 67 65 72 40 40 00 00 00 00 00 00 00 	Manager@@0000000
  0x105a0	00 c0 00 40 01 00 00 00 00 00 00 00 00 00 00 00 	000@000000000000
  0x105b0	2e 3f 41 56 3f 24 43 53 69 6d 70 6c 65 44 79 6e 	.?AV?$CSimpleDyn
  0x105c0	61 6d 69 63 41 72 72 61 79 40 56 43 53 74 69 45 	amicArray@VCStiE
  0x105d0	76 65 6e 74 48 61 6e 64 6c 65 72 40 43 53 74 69 	ventHandler@CSti
  0x105e0	45 76 65 6e 74 44 61 74 61 40 40 40 40 00 00 00 	EventData@@@@000
  0x105f0	00 c0 00 40 01 00 00 00 00 00 00 00 00 00 00 00 	000@000000000000
  0x10600	2e 3f 41 56 3f 24 43 43 6f 6d 4f 62 6a 65 63 74 	.?AV?$CComObject
  0x10610	4e 6f 4c 6f 63 6b 40 56 43 43 6f 6d 43 6c 61 73 	NoLock@VCComClas
  0x10620	73 46 61 63 74 6f 72 79 40 41 54 4c 40 40 40 41 	sFactory@ATL@@@A
  0x10630	54 4c 40 40 00 00 00 00 00 c0 00 40 01 00 00 00 	TL@@0000000@0000
  0x10640	00 00 00 00 00 00 00 00 2e 3f 41 56 43 43 6f 6d 	00000000.?AVCCom
  0x10650	4f 62 6a 65 63 74 52 6f 6f 74 42 61 73 65 40 41 	ObjectRootBase@A
  0x10660	54 4c 40 40 00 00 00 00 00 00 00 00 00 00 00 00 	TL@@000000000000
  0x10670	00 c0 00 40 01 00 00 00 00 00 00 00 00 00 00 00 	000@000000000000
  0x10680	2e 3f 41 56 3f 24 43 43 6f 6d 4f 62 6a 65 63 74 	.?AV?$CComObject
  0x10690	52 6f 6f 74 45 78 40 56 43 43 6f 6d 4d 75 6c 74 	RootEx@VCComMult
  0x106a0	69 54 68 72 65 61 64 4d 6f 64 65 6c 40 41 54 4c 	iThreadModel@ATL
  0x106b0	40 40 40 41 54 4c 40 40 00 00 00 00 00 00 00 00 	@@@ATL@@00000000
  0x106c0	00 c0 00 40 01 00 00 00 00 00 00 00 00 00 00 00 	000@000000000000
  0x106d0	2e 3f 41 56 43 43 6f 6d 43 6c 61 73 73 46 61 63 	.?AVCComClassFac
  0x106e0	74 6f 72 79 40 41 54 4c 40 40 00 00 00 00 00 00 	tory@ATL@@000000
  0x106f0	00 c0 00 40 01 00 00 00 00 00 00 00 00 00 00 00 	000@000000000000
  0x10700	2e 3f 41 55 49 57 69 61 45 76 65 6e 74 43 61 6c 	.?AUIWiaEventCal
  0x10710	6c 62 61 63 6b 40 40 00 00 c0 00 40 01 00 00 00 	lback@@0000@0000
  0x10720	00 00 00 00 00 00 00 00 2e 3f 41 55 49 43 6c 61 	00000000.?AUICla
  0x10730	73 73 46 61 63 74 6f 72 79 40 40 00 00 00 00 00 	ssFactory@@00000
  0x10740	00 c0 00 40 01 00 00 00 00 00 00 00 00 00 00 00 	000@000000000000
  0x10750	2e 3f 41 55 49 55 6e 6b 6e 6f 77 6e 40 40 00 00 	.?AUIUnknown@@00
  0x10760	00 c0 00 40 01 00 00 00 00 00 00 00 00 00 00 00 	000@000000000000
  0x10770	2e 3f 41 56 43 53 69 6d 70 6c 65 42 53 74 72 40 	.?AVCSimpleBStr@
  0x10780	40 00 00 00 00 00 00 00 00 c0 00 40 01 00 00 00 	@0000000000@0000
  0x10790	00 00 00 00 00 00 00 00 2e 3f 41 56 3f 24 43 53 	00000000.?AV?$CS
  0x107a0	69 6d 70 6c 65 53 74 72 69 6e 67 42 61 73 65 40 	impleStringBase@
  0x107b0	47 40 40 00 00 00 00 00 00 00 00 00 00 00 00 00 	G@@0000000000000
  0x107c0	00 00 00 80 01 00 00 00 32 a2 df 2d 99 2b 00 00 	00000000200-0+00
  0x107d0	cd 5d 20 d2 66 d4 ff ff 00 00 00 00 00 00 00 00 	0] 0f00000000000
  0x107e0	10 59 2f b6 28 65 d1 11 96 11 00 00 f8 1e 0d 0d 	0Y/0(e0000000000
  0x107f0	ff ff ff ff ff ff ff ff ff ff ff ff ff ff ff ff 	0000000000000000
  0x10800	ff ff ff ff ff ff ff ff ff ff ff ff ff ff ff ff 	0000000000000000
  0x10810	ff ff ff ff ff ff ff ff ff ff ff ff ff ff ff ff 	0000000000000000
  0x10820	ff ff ff ff ff ff ff ff 00 00 00 00 00 00 00 00 	0000000000000000
  0x10830	00 00 00 00 00 00 00 00 00 00 00 00 00 00 00 00 	0000000000000000
  0x10840	00 00 00 00 00 00 00 00 00 00 00 00 00 00 00 00 	0000000000000000
  0x10850	00 00 00 00 00 00 00 00 00 00 00 00 00 00 00 00 	0000000000000000
  0x10860	00 00 00 00 00 00 00 00 00 00 00 00 00 00 00 00 	0000000000000000
  0x10870	00 00 00 00 00 00 00 00 00 00 00 00 00 00 00 00 	0000000000000000
  0x10880	00 00 00 00 00 00 00 00 00 00 00 00 00 00 00 00 	0000000000000000
  0x10890	00 00 00 00 00 00 00 00 00 00 00 00 00 00 00 00 	0000000000000000
  0x108a0	00 00 00 00 00 00 00 00 00 00 00 00 00 00 00 00 	0000000000000000
  0x108b0	00 00 00 00 00 00 00 00 00 00 00 00 00 00 00 00 	0000000000000000
  0x108c0	00 00 00 00 00 00 00 00 00 00 00 00 00 00 00 00 	0000000000000000
  0x108d0	00 00 00 00 00 00 00 00 00 00 00 00 00 00 00 00 	0000000000000000
  0x108e0	00 00 00 00 00 00 00 00 00 00 00 00 00 00 00 00 	0000000000000000
  0x108f0	00 00 00 00 00 00 00 00 00 00 00 00 00 00 00 00 	0000000000000000
  0x10900	00 00 00 00 00 00 00 00 00 00 00 00 00 00 00 00 	0000000000000000
  0x10910	00 00 00 00 00 00 00 00 00 00 00 00 00 00 00 00 	0000000000000000
  0x10920	00 00 00 00 00 00 00 00 00 00 00 00 00 00 00 00 	0000000000000000
  0x10930	00 00 00 00 00 00 00 00 00 00 00 00 00 00 00 00 	0000000000000000
  0x10940	00 00 00 00 00 00 00 00 00 00 00 00 00 00 00 00 	0000000000000000
  0x10950	00 00 00 00 00 00 00 00 00 00 00 00 00 00 00 00 	0000000000000000
  0x10960	00 00 00 00 00 00 00 00 00 00 00 00 00 00 00 00 	0000000000000000
  0x10970	00 00 00 00 00 00 00 00 00 00 00 00 00 00 00 00 	0000000000000000
  0x10980	00 00 00 00 00 00 00 00 00 00 00 00 00 00 00 00 	0000000000000000
  0x10990	00 00 00 00 00 00 00 00 00 00 00 00 00 00 00 00 	0000000000000000
  0x109a0	00 00 00 00 00 00 00 00 00 00 00 00 00 00 00 00 	0000000000000000
  0x109b0	00 00 00 00 00 00 00 00 00 00 00 00 00 00 00 00 	0000000000000000
  0x109c0	00 00 00 00 00 00 00 00 00 00 00 00 00 00 00 00 	0000000000000000
  0x109d0	00 00 00 00 00 00 00 00 00 00 00 00 00 00 00 00 	0000000000000000
  0x109e0	00 00 00 00 00 00 00 00 00 00 00 00 00 00 00 00 	0000000000000000
  0x109f0	00 00 00 00 00 00 00 00 00 00 00 00 00 00 00 00 	0000000000000000
=== DATA BLOCK END ===

=== DATA BLOCK ADDRESS 0x12000 ===
  0x12000	2c 10 00 00 47 10 00 00 20 e3 00 00 50 10 00 00 	,000G000 000P000
  0x12010	ee 10 00 00 28 e3 00 00 f4 10 00 00 aa 11 00 00 	0000(00000000000
  0x12020	34 e3 00 00 b0 11 00 00 59 15 00 00 4c e3 00 00 	40000000Y000L000
  0x12030	60 15 00 00 12 21 00 00 70 e3 00 00 20 21 00 00 	`0000!00p000 !00
  0x12040	b7 21 00 00 28 e3 00 00 e0 21 00 00 bd 24 00 00 	0!00(0000!000$00
  0x12050	98 e3 00 00 f0 24 00 00 ab 25 00 00 b8 e3 00 00 	00000$000%000000
  0x12060	b4 25 00 00 c0 26 00 00 cc e3 00 00 d0 26 00 00 	0%000&0000000&00
  0x12070	67 27 00 00 28 e3 00 00 90 27 00 00 c6 2a 00 00 	g'00(0000'000*00
  0x12080	e0 e3 00 00 d0 2a 00 00 59 2b 00 00 04 e4 00 00 	00000*00Y+000000
  0x12090	60 2b 00 00 99 2b 00 00 04 e4 00 00 a0 2b 00 00 	`+000+0000000+00
  0x120a0	25 2c 00 00 0c e4 00 00 2c 2c 00 00 5c 2e 00 00 	%,000000,,000.00
  0x120b0	1c e4 00 00 64 2e 00 00 d0 36 00 00 40 e4 00 00 	0000d.000600@000
  0x120c0	e0 36 00 00 4b 38 00 00 68 e4 00 00 6c 38 00 00 	0600K800h000l800
  0x120d0	8d 3a 00 00 80 e4 00 00 a0 3a 00 00 0b 3c 00 00 	0:0000000:000<00
  0x120e0	68 e4 00 00 20 3c 00 00 8b 3d 00 00 68 e4 00 00 	h000 <000=00h000
  0x120f0	94 3d 00 00 22 3e 00 00 a0 e4 00 00 30 3e 00 00 	0=00">0000000>00
  0x12100	4a 3f 00 00 b4 e4 00 00 50 3f 00 00 8c 3f 00 00 	J?000000P?000?00
  0x12110	28 e3 00 00 94 3f 00 00 44 40 00 00 04 e4 00 00 	(0000?00D@000000
  0x12120	70 40 00 00 f0 40 00 00 28 e3 00 00 40 41 00 00 	p@000@00(000@A00
  0x12130	98 41 00 00 0c e4 00 00 e0 41 00 00 42 42 00 00 	0A0000000A00BB00
  0x12140	04 e4 00 00 50 42 00 00 bb 42 00 00 28 e3 00 00 	0000PB000B00(000
  0x12150	10 43 00 00 7b 43 00 00 28 e3 00 00 90 43 00 00 	0C00{C00(0000C00
  0x12160	fb 43 00 00 28 e3 00 00 10 44 00 00 7b 44 00 00 	0C00(0000D00{D00
  0x12170	28 e3 00 00 90 44 00 00 fb 44 00 00 28 e3 00 00 	(0000D000D00(000
  0x12180	10 45 00 00 7b 45 00 00 28 e3 00 00 84 45 00 00 	0E00{E00(0000E00
  0x12190	cd 45 00 00 04 e4 00 00 d4 45 00 00 37 46 00 00 	0E0000000E007F00
  0x121a0	d0 e4 00 00 40 46 00 00 b8 47 00 00 e4 e4 00 00 	0000@F000G000000
  0x121b0	c0 47 00 00 2e 48 00 00 04 e5 00 00 34 48 00 00 	0G00.H0000004H00
  0x121c0	6b 48 00 00 04 e4 00 00 80 48 00 00 9e 48 00 00 	kH0000000H000H00
  0x121d0	20 e3 00 00 b0 48 00 00 14 49 00 00 20 e3 00 00 	 0000H000I00 000
  0x121e0	1c 49 00 00 4d 49 00 00 0c e5 00 00 54 49 00 00 	0I00MI000000TI00
  0x121f0	e2 4a 00 00 2c e5 00 00 e8 4a 00 00 f2 4b 00 00 	0J00,0000J000K00
  0x12200	3c e5 00 00 f8 4b 00 00 07 4d 00 00 48 e5 00 00 	<0000K000M00H000
  0x12210	10 4d 00 00 ce 4e 00 00 64 e5 00 00 d4 4e 00 00 	0M000N00d0000N00
  0x12220	dc 50 00 00 80 e5 00 00 e4 50 00 00 9e 52 00 00 	0P0000000P000R00
  0x12230	a0 e5 00 00 a4 52 00 00 48 53 00 00 34 e3 00 00 	00000R00HS004000
  0x12240	50 53 00 00 a7 53 00 00 28 e3 00 00 bc 53 00 00 	PS000S00(0000S00
  0x12250	60 54 00 00 0c e4 00 00 68 54 00 00 7f 55 00 00 	`T000000hT000U00
  0x12260	f0 e5 00 00 88 55 00 00 2e 57 00 00 b4 e4 00 00 	00000U00.W000000
  0x12270	34 57 00 00 16 5a 00 00 08 e6 00 00 1c 5a 00 00 	4W000Z0000000Z00
  0x12280	0b 5b 00 00 28 e6 00 00 14 5b 00 00 1e 61 00 00 	0[00(0000[000a00
  0x12290	40 e6 00 00 24 61 00 00 7a 62 00 00 68 e6 00 00 	@000$a00zb00h000
  0x122a0	80 62 00 00 f1 62 00 00 8c e6 00 00 f8 62 00 00 	0b000b0000000b00
  0x122b0	f5 63 00 00 b8 e6 00 00 fc 63 00 00 58 65 00 00 	0c0000000c00Xe00
  0x122c0	c8 e6 00 00 60 65 00 00 35 66 00 00 e4 e6 00 00 	0000`e005f000000
  0x122d0	3c 66 00 00 04 67 00 00 f0 e6 00 00 0c 67 00 00 	<f000g0000000g00
  0x122e0	df 68 00 00 04 e7 00 00 e8 68 00 00 3d 71 00 00 	0h0000000h00=q00
  0x122f0	1c e7 00 00 44 71 00 00 e0 72 00 00 40 e7 00 00 	0000Dq000r00@000
  0x12300	e8 72 00 00 a3 75 00 00 5c e7 00 00 ac 75 00 00 	0r000u0000000u00
  0x12310	93 77 00 00 84 e7 00 00 9c 77 00 00 1f 78 00 00 	0w0000000w000x00
  0x12320	a8 e7 00 00 28 78 00 00 f8 78 00 00 b0 e7 00 00 	0000(x000x000000
  0x12330	00 79 00 00 9a 79 00 00 cc e7 00 00 a0 79 00 00 	0y000y0000000y00
  0x12340	e9 79 00 00 04 e4 00 00 28 7a 00 00 7b 7a 00 00 	0y000000(z00{z00
  0x12350	04 e4 00 00 84 7a 00 00 c7 7a 00 00 04 e4 00 00 	00000z000z000000
  0x12360	d0 7a 00 00 0c 7b 00 00 28 e3 00 00 14 7b 00 00 	0z000{00(0000{00
  0x12370	da 7b 00 00 f0 e6 00 00 e0 7b 00 00 b0 7c 00 00 	0{0000000{000|00
  0x12380	0c e4 00 00 b8 7c 00 00 08 7d 00 00 04 e4 00 00 	00000|000}000000
  0x12390	10 7d 00 00 26 80 00 00 28 e6 00 00 2c 80 00 00 	0}00&000(000,000
  0x123a0	45 82 00 00 e4 e7 00 00 4c 82 00 00 9d 82 00 00 	E0000000L0000000
  0x123b0	28 e3 00 00 a4 82 00 00 58 83 00 00 04 e8 00 00 	(0000000X0000000
  0x123c0	60 83 00 00 e1 85 00 00 14 e8 00 00 e8 85 00 00 	`000000000000000
  0x123d0	92 87 00 00 38 e8 00 00 a0 87 00 00 03 88 00 00 	0000800000000000
  0x123e0	04 e5 00 00 0c 88 00 00 4b 91 00 00 58 e8 00 00 	00000000K000X000
  0x123f0	54 91 00 00 0b 92 00 00 0c e4 00 00 14 92 00 00 	T000000000000000
  0x12400	5a 94 00 00 78 e8 00 00 60 94 00 00 f2 94 00 00 	Z000x000`0000000
  0x12410	e4 e6 00 00 f8 94 00 00 ec 95 00 00 0c e4 00 00 	0000000000000000
  0x12420	00 96 00 00 0f 97 00 00 04 e7 00 00 18 97 00 00 	0000000000000000
  0x12430	71 9d 00 00 9c e8 00 00 78 9d 00 00 56 9e 00 00 	q0000000x000V000
  0x12440	c0 e8 00 00 5c 9e 00 00 f2 9e 00 00 d4 e8 00 00 	0000000000000000
  0x12450	f8 9e 00 00 81 9f 00 00 dc e8 00 00 88 9f 00 00 	0000000000000000
  0x12460	a9 a0 00 00 e8 e8 00 00 b0 a0 00 00 9f a1 00 00 	0000000000000000
  0x12470	04 e9 00 00 a8 a1 00 00 4d a3 00 00 20 e9 00 00 	00000000M000 000
  0x12480	54 a3 00 00 fa a3 00 00 38 e9 00 00 00 a4 00 00 	T000000080000000
  0x12490	2a a5 00 00 4c e9 00 00 30 a5 00 00 d8 a5 00 00 	*000L00000000000
  0x124a0	5c e9 00 00 e0 a5 00 00 51 a6 00 00 04 e4 00 00 	00000000Q0000000
  0x124b0	58 a6 00 00 61 a7 00 00 64 e9 00 00 68 a7 00 00 	X000a000d000h000
  0x124c0	ca a7 00 00 80 e9 00 00 d0 a7 00 00 63 a8 00 00 	000000000000c000
  0x124d0	88 e9 00 00 6c a8 00 00 c2 a8 00 00 04 e4 00 00 	0000l00000000000
  0x124e0	c8 a8 00 00 22 a9 00 00 0c e4 00 00 28 a9 00 00 	0000"0000000(000
  0x124f0	73 a9 00 00 04 e4 00 00 7c a9 00 00 f4 a9 00 00 	s0000000|0000000
  0x12500	98 e9 00 00 fc a9 00 00 47 aa 00 00 04 e4 00 00 	00000000G0000000
  0x12510	50 aa 00 00 b7 aa 00 00 0c e4 00 00 c0 aa 00 00 	P000000000000000
  0x12520	3b ab 00 00 98 e9 00 00 44 ab 00 00 f1 ab 00 00 	;0000000D0000000
  0x12530	ac e9 00 00 10 ac 00 00 e3 ac 00 00 20 e3 00 00 	000000000000 000
  0x12540	f0 ac 00 00 39 ad 00 00 c0 e9 00 00 40 ad 00 00 	000090000000@000
  0x12550	a4 af 00 00 c8 e9 00 00 b0 af 00 00 c2 af 00 00 	0000000000000000
  0x12560	20 e3 00 00 e0 af 00 00 fe af 00 00 00 ea 00 00 	 000000000000000
  0x12570	10 b0 00 00 40 b0 00 00 28 e3 00 00 48 b0 00 00 	0000@000(000H000
  0x12580	b1 b0 00 00 04 e4 00 00 b8 b0 00 00 30 b1 00 00 	0000000000000000
  0x12590	04 e4 00 00 38 b1 00 00 6c b1 00 00 04 e4 00 00 	00008000l0000000
  0x125a0	80 b1 00 00 f1 b2 00 00 0c ea 00 00 f8 b2 00 00 	0000000000000000
  0x125b0	ef b3 00 00 04 ea 00 00 00 b4 00 00 39 b4 00 00 	0000000000009000
  0x125c0	20 e3 00 00 40 b4 00 00 58 b4 00 00 20 e3 00 00 	 000@000X000 000
  0x125d0	6c b4 00 00 c0 b4 00 00 14 ea 00 00 c8 b4 00 00 	l000000000000000
  0x125e0	0d b5 00 00 04 e4 00 00 80 b5 00 00 cd b5 00 00 	0000000000000000
  0x125f0	34 ea 00 00 14 b6 00 00 e8 b6 00 00 58 ea 00 00 	400000000000X000
  0x12600	18 b7 00 00 35 b7 00 00 20 e3 00 00 3c b7 00 00 	00005000 000<000
  0x12610	97 b7 00 00 6c ea 00 00 a0 b7 00 00 26 b8 00 00 	0000l0000000&000
  0x12620	28 e6 00 00 70 b8 00 00 72 b8 00 00 68 ea 00 00 	(000p000r000h000
  0x12630	90 b8 00 00 dd b8 00 00 78 ea 00 00 e3 b8 00 00 	00000000x0000000
  0x12640	03 b9 00 00 e8 e5 00 00 03 b9 00 00 23 b9 00 00 	000000000000#000
  0x12650	e8 e5 00 00 23 b9 00 00 43 b9 00 00 e8 e5 00 00 	0000#000C0000000
  0x12660	49 b9 00 00 6a b9 00 00 e8 e5 00 00 70 b9 00 00 	I000j0000000p000
  0x12670	8e b9 00 00 e8 e5 00 00 a0 b9 00 00 c0 b9 00 00 	0000000000000000
  0x12680	e8 e5 00 00 00 00 00 00 00 00 00 00 00 00 00 00 	0000000000000000
  0x12690	00 00 00 00 00 00 00 00 00 00 00 00 00 00 00 00 	0000000000000000
  0x126a0	00 00 00 00 00 00 00 00 00 00 00 00 00 00 00 00 	0000000000000000
  0x126b0	00 00 00 00 00 00 00 00 00 00 00 00 00 00 00 00 	0000000000000000
  0x126c0	00 00 00 00 00 00 00 00 00 00 00 00 00 00 00 00 	0000000000000000
  0x126d0	00 00 00 00 00 00 00 00 00 00 00 00 00 00 00 00 	0000000000000000
  0x126e0	00 00 00 00 00 00 00 00 00 00 00 00 00 00 00 00 	0000000000000000
  0x126f0	00 00 00 00 00 00 00 00 00 00 00 00 00 00 00 00 	0000000000000000
  0x12700	00 00 00 00 00 00 00 00 00 00 00 00 00 00 00 00 	0000000000000000
  0x12710	00 00 00 00 00 00 00 00 00 00 00 00 00 00 00 00 	0000000000000000
  0x12720	00 00 00 00 00 00 00 00 00 00 00 00 00 00 00 00 	0000000000000000
  0x12730	00 00 00 00 00 00 00 00 00 00 00 00 00 00 00 00 	0000000000000000
  0x12740	00 00 00 00 00 00 00 00 00 00 00 00 00 00 00 00 	0000000000000000
  0x12750	00 00 00 00 00 00 00 00 00 00 00 00 00 00 00 00 	0000000000000000
  0x12760	00 00 00 00 00 00 00 00 00 00 00 00 00 00 00 00 	0000000000000000
  0x12770	00 00 00 00 00 00 00 00 00 00 00 00 00 00 00 00 	0000000000000000
  0x12780	00 00 00 00 00 00 00 00 00 00 00 00 00 00 00 00 	0000000000000000
  0x12790	00 00 00 00 00 00 00 00 00 00 00 00 00 00 00 00 	0000000000000000
  0x127a0	00 00 00 00 00 00 00 00 00 00 00 00 00 00 00 00 	0000000000000000
  0x127b0	00 00 00 00 00 00 00 00 00 00 00 00 00 00 00 00 	0000000000000000
  0x127c0	00 00 00 00 00 00 00 00 00 00 00 00 00 00 00 00 	0000000000000000
  0x127d0	00 00 00 00 00 00 00 00 00 00 00 00 00 00 00 00 	0000000000000000
  0x127e0	00 00 00 00 00 00 00 00 00 00 00 00 00 00 00 00 	0000000000000000
  0x127f0	00 00 00 00 00 00 00 00 00 00 00 00 00 00 00 00 	0000000000000000
=== DATA BLOCK END ===
