===== Assembly blocks =====

=== CODE BLOCK ADDRESS 0x1000 ===
  0x1000	dec    	eax
  0x1001	sub    	esp, 0x28
  0x1004	call   	0x2200
  === BLOCK LINK ===
    0x1009
    0x2200
=== CODE BLOCK END ===

=== CODE BLOCK ADDRESS 0x1009 ===
  0x1009	dec    	eax
  0x100a	lea    	ecx, [0x24e0]
  0x1010	dec    	eax
  0x1011	add    	esp, 0x28
  0x1014	jmp    	0x2e5c
  === BLOCK LINK ===
    0x1019
    0x2e5c
=== CODE BLOCK END ===

=== CODE BLOCK ADDRESS 0x1019 ===
  0x1019	int3   	
  0x101a	int3   	
=== CODE BLOCK END ===

=== CODE BLOCK ADDRESS 0x2200 ===
=== CODE BLOCK END ===

=== CODE BLOCK ADDRESS 0x2e5c ===
=== CODE BLOCK END ===

=== DATA BLOCK ADDRESS 0x6000 ===
  0x6000	70 46 00 40 01 00 00 00 e0 1e 00 40 01 00 00 00 	pF0@0000000@0000
  0x6010	e0 47 00 40 01 00 00 00 f0 1c 00 40 01 00 00 00 	0G0@0000000@0000
  0x6020	90 4b 00 40 01 00 00 00 40 34 00 40 01 00 00 00 	0K0@0000@40@0000
  0x6030	20 34 00 40 01 00 00 00 60 34 00 40 01 00 00 00 	 40@0000`40@0000
  0x6040	50 1b 00 40 01 00 00 00 70 25 00 40 01 00 00 00 	P00@0000p%0@0000
  0x6050	30 34 00 40 01 00 00 00 10 34 00 40 01 00 00 00 	040@0000040@0000
  0x6060	50 34 00 40 01 00 00 00 80 1c 00 40 01 00 00 00 	P40@0000000@0000
  0x6070	30 4b 00 40 01 00 00 00 40 46 00 40 01 00 00 00 	0K0@0000@F0@0000
  0x6080	70 20 00 40 01 00 00 00 c0 1f 00 40 01 00 00 00 	p 0@0000000@0000
  0x6090	e0 24 00 40 01 00 00 00 60 25 00 40 01 00 00 00 	0$0@0000`%0@0000
  0x60a0	60 25 00 40 01 00 00 00 00 46 00 40 01 00 00 00 	`%0@00000F0@0000
  0x60b0	b0 90 00 40 01 00 00 00 50 91 00 40 01 00 00 00 	000@0000P00@0000
  0x60c0	36 00 38 00 00 00 00 00 48 68 00 40 01 00 00 00 	60800000Hh0@0000
  0x60d0	36 00 38 00 00 00 00 00 80 68 00 40 01 00 00 00 	608000000h0@0000
  0x60e0	36 00 38 00 00 00 00 00 b8 68 00 40 01 00 00 00 	608000000h0@0000
  0x60f0	36 00 38 00 00 00 00 00 f0 68 00 40 01 00 00 00 	608000000h0@0000
  0x6100	36 00 38 00 00 00 00 00 28 69 00 40 01 00 00 00 	60800000(i0@0000
  0x6110	36 00 38 00 00 00 00 00 60 69 00 40 01 00 00 00 	60800000`i0@0000
  0x6120	36 00 38 00 00 00 00 00 98 69 00 40 01 00 00 00 	608000000i0@0000
  0x6130	60 4e 00 40 01 00 00 00 a0 4e 00 40 01 00 00 00 	`N0@00000N0@0000
  0x6140	70 4f 00 40 01 00 00 00 f0 52 00 40 01 00 00 00 	pO0@00000R0@0000
  0x6150	80 25 00 40 01 00 00 00 f0 4f 00 40 01 00 00 00 	0%0@00000O0@0000
  0x6160	18 01 00 00 00 00 00 00 00 00 00 00 00 00 00 00 	0000000000000000
  0x6170	00 00 00 00 00 00 00 00 00 00 00 00 00 00 00 00 	0000000000000000
  0x6180	00 00 00 00 00 00 00 00 00 00 00 00 00 00 00 00 	0000000000000000
  0x6190	00 00 00 00 00 00 00 00 00 00 00 00 00 00 00 00 	0000000000000000
  0x61a0	00 00 00 00 00 00 00 00 00 00 00 00 00 00 00 00 	0000000000000000
  0x61b0	00 00 00 00 00 00 00 00 58 90 00 40 01 00 00 00 	00000000X00@0000
  0x61c0	00 00 00 00 00 00 00 00 00 00 00 00 00 00 00 00 	0000000000000000
  0x61d0	50 66 00 40 01 00 00 00 58 66 00 40 01 00 00 00 	Pf0@0000Xf0@0000
  0x61e0	a0 66 00 40 01 00 00 00 2a 00 00 00 00 00 00 00 	0f0@0000*0000000
  0x61f0	00 75 01 00 00 00 00 00 00 00 00 00 00 00 00 00 	0u00000000000000
  0x6200	48 67 00 40 01 00 00 00 02 00 00 00 00 00 00 00 	Hg0@000000000000
  0x6210	00 00 00 00 00 00 00 00 00 00 00 00 00 00 00 00 	0000000000000000
  0x6220	00 00 00 00 00 00 00 00 00 00 00 00 00 00 00 00 	0000000000000000
  0x6230	00 00 00 00 00 00 00 00 00 00 00 00 00 00 00 00 	0000000000000000
  0x6240	00 00 00 00 00 00 00 00 00 00 00 00 00 00 00 00 	0000000000000000
  0x6250	00 00 00 00 00 00 00 00 00 00 00 00 00 00 00 00 	0000000000000000
  0x6260	00 00 00 00 00 00 00 00 00 00 00 00 00 00 00 00 	0000000000000000
  0x6270	00 00 00 00 00 00 00 00 30 6b 00 40 01 00 00 00 	000000000k0@0000
  0x6280	18 6b 00 40 01 00 00 00 22 8a 00 00 00 00 00 00 	0k0@0000"0000000
  0x6290	00 00 00 00 00 00 00 00 4e 8a 00 00 00 00 00 00 	00000000N0000000
  0x62a0	40 8a 00 00 00 00 00 00 5a 8a 00 00 00 00 00 00 	@0000000Z0000000
  0x62b0	80 8a 00 00 00 00 00 00 00 00 00 00 00 00 00 00 	0000000000000000
  0x62c0	d0 89 00 00 00 00 00 00 00 00 00 00 00 00 00 00 	0000000000000000
  0x62d0	bc 8a 00 00 00 00 00 00 00 00 00 00 00 00 00 00 	0000000000000000
  0x62e0	a2 83 00 00 00 00 00 00 30 83 00 00 00 00 00 00 	0000000000000000
  0x62f0	d4 82 00 00 00 00 00 00 e6 83 00 00 00 00 00 00 	0000000000000000
  0x6300	1a 84 00 00 00 00 00 00 88 84 00 00 00 00 00 00 	0000000000000000
  0x6310	d2 84 00 00 00 00 00 00 a8 84 00 00 00 00 00 00 	0000000000000000
  0x6320	e6 84 00 00 00 00 00 00 00 00 00 00 00 00 00 00 	0000000000000000
  0x6330	f0 86 00 00 00 00 00 00 dc 86 00 00 00 00 00 00 	0000000000000000
  0x6340	00 00 00 00 00 00 00 00 f0 8a 00 00 00 00 00 00 	0000000000000000
  0x6350	00 00 00 00 00 00 00 00 d8 8a 00 00 00 00 00 00 	0000000000000000
  0x6360	00 00 00 00 00 00 00 00 66 84 00 00 00 00 00 00 	00000000f0000000
  0x6370	74 86 00 00 00 00 00 00 00 83 00 00 00 00 00 00 	t000000000000000
  0x6380	ba 83 00 00 00 00 00 00 b2 82 00 00 00 00 00 00 	0000000000000000
  0x6390	32 84 00 00 00 00 00 00 90 85 00 00 00 00 00 00 	2000000000000000
  0x63a0	00 00 00 00 00 00 00 00 0c 84 00 00 00 00 00 00 	0000000000000000
  0x63b0	00 00 00 00 00 00 00 00 44 84 00 00 00 00 00 00 	00000000D0000000
  0x63c0	5a 84 00 00 00 00 00 00 a6 82 00 00 00 00 00 00 	Z000000000000000
  0x63d0	76 84 00 00 00 00 00 00 00 00 00 00 00 00 00 00 	v000000000000000
  0x63e0	14 87 00 00 00 00 00 00 fe 86 00 00 00 00 00 00 	0000000000000000
  0x63f0	ae 85 00 00 00 00 00 00 00 00 00 00 00 00 00 00 	0000000000000000
  0x6400	e6 82 00 00 00 00 00 00 c2 82 00 00 00 00 00 00 	0000000000000000
  0x6410	00 00 00 00 00 00 00 00 90 86 00 00 00 00 00 00 	0000000000000000
  0x6420	dc 85 00 00 00 00 00 00 9a 84 00 00 00 00 00 00 	0000000000000000
  0x6430	7e 85 00 00 00 00 00 00 a4 86 00 00 00 00 00 00 	~000000000000000
  0x6440	f2 85 00 00 00 00 00 00 ce 86 00 00 00 00 00 00 	0000000000000000
  0x6450	00 00 00 00 00 00 00 00 84 83 00 00 00 00 00 00 	0000000000000000
  0x6460	00 00 00 00 00 00 00 00 c2 85 00 00 00 00 00 00 	0000000000000000
  0x6470	00 00 00 00 00 00 00 00 60 86 00 00 00 00 00 00 	00000000`0000000
  0x6480	46 86 00 00 00 00 00 00 32 86 00 00 00 00 00 00 	F000000020000000
  0x6490	00 00 00 00 00 00 00 00 50 85 00 00 00 00 00 00 	00000000P0000000
  0x64a0	3a 85 00 00 00 00 00 00 ba 84 00 00 00 00 00 00 	:000000000000000
  0x64b0	1e 85 00 00 00 00 00 00 5e 85 00 00 00 00 00 00 	00000000^0000000
  0x64c0	92 83 00 00 00 00 00 00 da 83 00 00 00 00 00 00 	0000000000000000
  0x64d0	76 83 00 00 00 00 00 00 06 85 00 00 00 00 00 00 	v000000000000000
  0x64e0	5a 83 00 00 00 00 00 00 00 00 00 00 00 00 00 00 	Z000000000000000
  0x64f0	76 85 00 00 00 00 00 00 00 00 00 00 00 00 00 00 	v000000000000000
  0x6500	08 86 00 00 00 00 00 00 22 86 00 00 00 00 00 00 	00000000"0000000
  0x6510	00 00 00 00 00 00 00 00 40 83 00 00 00 00 00 00 	00000000@0000000
  0x6520	00 00 00 00 00 00 00 00 f6 83 00 00 00 00 00 00 	0000000000000000
  0x6530	10 83 00 00 00 00 00 00 00 00 00 00 00 00 00 00 	0000000000000000
  0x6540	ca 83 00 00 00 00 00 00 00 00 00 00 00 00 00 00 	0000000000000000
  0x6550	b8 86 00 00 00 00 00 00 00 00 00 00 00 00 00 00 	0000000000000000
  0x6560	9c 82 00 00 00 00 00 00 78 8b 00 00 00 00 00 00 	00000000x0000000
  0x6570	50 82 00 00 00 00 00 00 24 82 00 00 00 00 00 00 	P0000000$0000000
  0x6580	7c 82 00 00 00 00 00 00 8e 82 00 00 00 00 00 00 	|000000000000000
  0x6590	84 82 00 00 00 00 00 00 68 82 00 00 00 00 00 00 	00000000h0000000
  0x65a0	18 82 00 00 00 00 00 00 46 82 00 00 00 00 00 00 	00000000F0000000
  0x65b0	04 82 00 00 00 00 00 00 fa 81 00 00 00 00 00 00 	0000000000000000
  0x65c0	f2 81 00 00 00 00 00 00 ea 81 00 00 00 00 00 00 	0000000000000000
  0x65d0	d8 81 00 00 00 00 00 00 c6 81 00 00 00 00 00 00 	0000000000000000
  0x65e0	b8 81 00 00 00 00 00 00 aa 81 00 00 00 00 00 00 	0000000000000000
  0x65f0	9e 81 00 00 00 00 00 00 94 81 00 00 00 00 00 00 	0000000000000000
  0x6600	9e 8a 00 00 00 00 00 00 a6 8a 00 00 00 00 00 00 	0000000000000000
  0x6610	b2 8a 00 00 00 00 00 00 8c 81 00 00 00 00 00 00 	0000000000000000
  0x6620	80 81 00 00 00 00 00 00 74 81 00 00 00 00 00 00 	00000000t0000000
  0x6630	68 81 00 00 00 00 00 00 3c 82 00 00 00 00 00 00 	h0000000<0000000
  0x6640	82 8b 00 00 00 00 00 00 00 00 00 00 00 00 00 00 	0000000000000000
  0x6650	80 2e 00 40 01 00 00 00 00 34 00 40 01 00 00 00 	0.0@0000040@0000
  0x6660	00 00 00 00 00 00 00 00 80 27 00 40 01 00 00 00 	000000000'0@0000
  0x6670	00 10 00 40 01 00 00 00 00 00 00 00 00 00 00 00 	000@000000000000
  0x6680	00 00 00 00 00 00 00 00 a0 26 00 40 01 00 00 00 	000000000&0@0000
  0x6690	00 2b 00 40 01 00 00 00 00 00 00 00 00 00 00 00 	0+0@000000000000
  0x66a0	00 10 00 00 50 1b 00 00 80 1c 00 00 f0 1c 00 00 	0000P00000000000
  0x66b0	e0 1e 00 00 c0 1f 00 00 70 20 00 00 10 23 00 00 	00000000p 000#00
  0x66c0	e0 24 00 00 10 25 00 00 60 25 00 00 70 25 00 00 	0$000%00`%00p%00
  0x66d0	80 25 00 00 a0 26 00 00 80 27 00 00 40 2a 00 00 	0%000&000'00@*00
  0x66e0	c0 2a 00 00 00 2b 00 00 e0 2b 00 00 80 2e 00 00 	0*000+000+000.00
  0x66f0	d0 2e 00 00 10 32 00 00 10 34 00 00 20 34 00 00 	0.0002000400 400
  0x6700	30 34 00 00 40 34 00 00 50 34 00 00 60 34 00 00 	0400@400P400`400
  0x6710	f0 34 00 00 00 46 00 00 40 46 00 00 70 46 00 00 	04000F00@F00pF00
  0x6720	e0 47 00 00 30 4b 00 00 90 4b 00 00 60 4e 00 00 	0G000K000K00`N00
  0x6730	a0 4e 00 00 70 4f 00 00 f0 4f 00 00 f0 52 00 00 	0N00pO000O000R00
  0x6740	c0 53 00 00 40 55 00 00 48 63 00 00 60 65 00 00 	0S00@U00Hc00`e00
  0x6750	2f 00 54 00 65 00 72 00 6d 00 45 00 76 00 65 00 	/0T0e0r0m0E0v0e0
  0x6760	6e 00 74 00 00 00 00 00 2f 00 53 00 74 00 61 00 	n0t00000/0S0t0a0
  0x6770	72 00 74 00 00 00 00 00 a4 f7 ac 0a 1d 5e df 49 	r0t0000000000^0I
  0x6780	80 34 fb 6a 68 bc 5e d1 00 00 00 00 00 00 00 00 	040jh0^000000000
  0x6790	57 00 69 00 6e 00 64 00 6f 00 77 00 73 00 2e 00 	W0i0n0d0o0w0s0.0
  0x67a0	41 00 70 00 70 00 6c 00 69 00 63 00 61 00 74 00 	A0p0p0l0i0c0a0t0
  0x67b0	69 00 6f 00 6e 00 4d 00 6f 00 64 00 65 00 6c 00 	i0o0n0M0o0d0e0l0
  0x67c0	2e 00 43 00 6f 00 72 00 65 00 2e 00 43 00 6f 00 	.0C0o0r0e0.0C0o0
  0x67d0	72 00 65 00 41 00 70 00 70 00 6c 00 69 00 63 00 	r0e0A0p0p0l0i0c0
  0x67e0	61 00 74 00 69 00 6f 00 6e 00 00 00 00 00 00 00 	a0t0i0o0n0000000
  0x67f0	43 50 4d 50 53 65 72 76 65 72 4c 6f 63 6b 3a 3a 	CPMPServerLock::
  0x6800	4c 6f 63 6b 50 72 6f 63 65 73 73 00 00 00 00 00 	LockProcess00000
  0x6810	43 4d 46 50 4d 50 53 65 72 76 65 72 3a 3a 43 72 	CMFPMPServer::Cr
  0x6820	65 61 74 65 48 6f 73 74 00 00 00 00 21 00 00 00 	eateHost0000!000
  0x6830	43 4d 46 50 4d 50 53 65 72 76 65 72 3a 3a 52 75 	CMFPMPServer::Ru
  0x6840	6e 00 00 00 00 00 00 00 65 00 78 00 74 00 2d 00 	n0000000e0x0t0-0
  0x6850	6d 00 73 00 2d 00 77 00 69 00 6e 00 2d 00 63 00 	m0s0-0w0i0n0-0c0
  0x6860	6f 00 6d 00 2d 00 6f 00 6c 00 65 00 33 00 32 00 	o0m0-0o0l0e03020
  0x6870	2d 00 6c 00 31 00 2d 00 31 00 2d 00 30 00 00 00 	-0l010-010-00000
  0x6880	65 00 78 00 74 00 2d 00 6d 00 73 00 2d 00 77 00 	e0x0t0-0m0s0-0w0
  0x6890	69 00 6e 00 2d 00 63 00 6f 00 6d 00 2d 00 6f 00 	i0n0-0c0o0m0-0o0
  0x68a0	6c 00 65 00 33 00 32 00 2d 00 6c 00 31 00 2d 00 	l0e03020-0l010-0
  0x68b0	31 00 2d 00 31 00 00 00 65 00 78 00 74 00 2d 00 	10-01000e0x0t0-0
  0x68c0	6d 00 73 00 2d 00 77 00 69 00 6e 00 2d 00 63 00 	m0s0-0w0i0n0-0c0
  0x68d0	6f 00 6d 00 2d 00 6f 00 6c 00 65 00 33 00 32 00 	o0m0-0o0l0e03020
  0x68e0	2d 00 6c 00 31 00 2d 00 31 00 2d 00 32 00 00 00 	-0l010-010-02000
  0x68f0	65 00 78 00 74 00 2d 00 6d 00 73 00 2d 00 77 00 	e0x0t0-0m0s0-0w0
  0x6900	69 00 6e 00 2d 00 63 00 6f 00 6d 00 2d 00 6f 00 	i0n0-0c0o0m0-0o0
  0x6910	6c 00 65 00 33 00 32 00 2d 00 6c 00 31 00 2d 00 	l0e03020-0l010-0
  0x6920	31 00 2d 00 33 00 00 00 65 00 78 00 74 00 2d 00 	10-03000e0x0t0-0
  0x6930	6d 00 73 00 2d 00 77 00 69 00 6e 00 2d 00 63 00 	m0s0-0w0i0n0-0c0
  0x6940	6f 00 6d 00 2d 00 6f 00 6c 00 65 00 33 00 32 00 	o0m0-0o0l0e03020
  0x6950	2d 00 6c 00 31 00 2d 00 31 00 2d 00 34 00 00 00 	-0l010-010-04000
  0x6960	65 00 78 00 74 00 2d 00 6d 00 73 00 2d 00 77 00 	e0x0t0-0m0s0-0w0
  0x6970	69 00 6e 00 2d 00 63 00 6f 00 6d 00 2d 00 6f 00 	i0n0-0c0o0m0-0o0
  0x6980	6c 00 65 00 33 00 32 00 2d 00 6c 00 31 00 2d 00 	l0e03020-0l010-0
  0x6990	31 00 2d 00 35 00 00 00 65 00 78 00 74 00 2d 00 	10-05000e0x0t0-0
  0x69a0	6d 00 73 00 2d 00 77 00 69 00 6e 00 2d 00 63 00 	m0s0-0w0i0n0-0c0
  0x69b0	6f 00 6d 00 2d 00 6f 00 6c 00 65 00 33 00 32 00 	o0m0-0o0l0e03020
  0x69c0	2d 00 6c 00 31 00 2d 00 32 00 2d 00 30 00 00 00 	-0l010-020-00000
  0x69d0	65 78 74 2d 6d 73 2d 77 69 6e 2d 63 6f 6d 2d 6f 	ext-ms-win-com-o
  0x69e0	6c 65 33 32 2d 6c 31 2d 31 2d 30 2e 64 6c 6c 00 	le32-l1-1-0.dll0
  0x69f0	af 23 4e 99 c2 1c 3c 49 b9 fa 46 f1 cb 04 0f a4 	0#N000<I00F00000
  0x6a00	8d f1 2f 77 8b 13 57 42 87 3c 1b 8e 0c e1 d1 83 	00/w00WB0<000000
  0x6a10	03 00 00 00 00 00 00 00 c0 00 00 00 00 00 00 46 	000000000000000F
  0x6a20	00 00 00 00 00 00 00 00 c0 00 00 00 00 00 00 46 	000000000000000F
  0x6a30	01 00 00 00 00 00 00 00 c0 00 00 00 00 00 00 46 	000000000000000F
  0x6a40	43 6f 6d 70 50 6b 67 53 75 70 2e 44 4c 4c 00 00 	CompPkgSup.DLL00
  0x6a50	53 61 76 65 45 6e 76 69 72 6f 6e 6d 65 6e 74 56 	SaveEnvironmentV
  0x6a60	61 72 69 61 62 6c 65 00 77 57 69 6e 4d 61 69 6e 	ariable0wWinMain
  0x6a70	00 00 00 00 00 00 00 00 ce 00 00 11 04 00 68 00 	00000000000000h0
  0x6a80	00 00 00 00 00 00 00 40 00 00 00 00 00 00 00 00 	0000000@00000000
  0x6a90	dd 51 13 18 52 2b cd 30 1b 4a 9f 66 66 a1 8e fa 	0Q00R+000J0ff000
  0x6aa0	00 00 00 00 4e 55 4c 4c 00 00 00 00 00 00 00 00 	0000NULL00000000
  0x6ab0	00 00 00 00 8d 15 4e 52 00 00 00 00 02 00 00 00 	000000NR00000000
  0x6ac0	22 00 00 00 e0 6c 00 00 e0 5e 00 00 00 00 00 00 	"0000l000^000000
  0x6ad0	8d 15 4e 52 00 00 00 00 0d 00 00 00 d0 03 00 00 	00NR000000000000
  0x6ae0	04 6d 00 00 04 5f 00 00 00 00 00 00 8d 15 4e 52 	0m000_00000000NR
  0x6af0	00 00 00 00 10 00 00 00 24 00 00 00 d4 70 00 00 	00000000$0000p00
  0x6b00	d4 62 00 00 00 00 00 00 00 00 00 00 00 00 00 00 	0b00000000000000
  0x6b10	00 00 00 00 00 00 00 00 50 00 52 00 4f 00 47 00 	00000000P0R0O0G0
  0x6b20	52 00 41 00 4d 00 44 00 41 00 54 00 41 00 00 00 	R0A0M0D0A0T0A000
  0x6b30	54 00 45 00 4d 00 50 00 00 00 00 00 00 00 00 00 	T0E0M0P000000000
  0x6b40	00 00 00 00 00 00 00 40 00 00 00 00 00 00 00 40 	0000000@0000000@
  0x6b50	00 00 00 00 00 00 00 80 00 00 00 00 00 00 00 40 	000000000000000@
  0x6b60	03 04 04 05 00 00 00 00 04 8b 8a cc 53 82 31 01 	000000000000S010
  0x6b70	51 74 05 8d fc 7e 5f 31 3e 41 00 4d 69 63 72 6f 	Qt000~_1>A0Micro
  0x6b80	73 6f 66 74 2e 57 69 6e 64 6f 77 73 2e 4d 65 64 	soft.Windows.Med
  0x6b90	69 61 46 6f 75 6e 64 61 74 69 6f 6e 2e 43 61 6c 	iaFoundation.Cal
  0x6ba0	6c 53 74 61 63 6b 00 13 00 01 1a 73 50 4f cf 89 	lStack00000sPO00
  0x6bb0	82 47 b3 e0 dc e8 c9 04 76 ba 00 00 00 00 00 00 	0G000000v0000000
  0x6bc0	4e 00 55 00 4c 00 4c 00 00 00 00 00 00 00 00 00 	N0U0L0L000000000
  0x6bd0	43 50 4d 50 53 65 72 76 65 72 4c 6f 63 6b 3a 3a 	CPMPServerLock::
  0x6be0	55 6e 6c 6f 63 6b 50 72 6f 63 65 73 73 00 00 00 	UnlockProcess000
  0x6bf0	43 50 4d 50 53 65 72 76 65 72 4c 6f 63 6b 3a 3a 	CPMPServerLock::
  0x6c00	57 61 69 74 46 6f 72 55 6e 6c 6f 63 6b 50 72 6f 	WaitForUnlockPro
  0x6c10	63 65 73 73 00 00 00 00 43 4d 46 50 4d 50 53 65 	cess0000CMFPMPSe
  0x6c20	72 76 65 72 3a 3a 52 65 67 69 73 74 65 72 4f 62 	rver::RegisterOb
  0x6c30	6a 65 63 74 49 6e 4d 61 63 68 69 6e 65 47 6c 6f 	jectInMachineGlo
  0x6c40	62 61 6c 4f 62 6a 65 63 74 54 61 62 6c 65 00 00 	balObjectTable00
  0x6c50	43 4d 46 50 4d 50 53 65 72 76 65 72 3a 3a 52 65 	CMFPMPServer::Re
  0x6c60	76 6f 6b 65 4f 62 6a 65 63 74 49 6e 4d 61 63 68 	vokeObjectInMach
  0x6c70	69 6e 65 47 6c 6f 62 61 6c 4f 62 6a 65 63 74 54 	ineGlobalObjectT
  0x6c80	61 62 6c 65 00 00 00 00 43 4d 46 50 4d 50 53 65 	able0000CMFPMPSe
  0x6c90	72 76 65 72 3a 3a 53 74 6f 70 00 00 00 00 00 00 	rver::Stop000000
  0x6ca0	c7 fe 5a 8d 52 a7 d9 34 c8 7e 65 ab cd b6 41 0c 	00Z0R0040~e000A0
  0x6cb0	30 31 32 33 34 35 36 37 38 39 41 42 43 44 45 46 	0123456789ABCDEF
  0x6cc0	00 00 00 00 00 00 00 00 55 4e 4c 4f 41 44 45 44 	00000000UNLOADED
  0x6cd0	00 00 00 00 00 00 00 00 00 00 00 00 00 00 00 00 	0000000000000000
  0x6ce0	52 53 44 53 ab f9 4c e0 d7 01 94 14 c5 27 be 3a 	RSDS00L000000'0:
  0x6cf0	a8 aa 4a cf 01 00 00 00 4d 46 50 4d 50 2e 70 64 	00J00000MFPMP.pd
  0x6d00	62 00 00 00 00 55 47 50 00 10 00 00 20 00 00 00 	b0000UGP0000 000
  0x6d10	2e 74 65 78 74 24 64 69 00 00 00 00 20 10 00 00 	.text$di0000 000
  0x6d20	80 15 00 00 2e 74 65 78 74 24 6c 70 30 30 4d 46 	0000.text$lp00MF
  0x6d30	50 4d 50 2e 65 78 65 21 32 30 5f 70 72 69 37 00 	PMP.exe!20_pri70
  0x6d40	a0 25 00 00 50 0e 00 00 2e 74 65 78 74 24 6d 6e 	0%00P000.text$mn
  0x6d50	00 00 00 00 f0 33 00 00 20 00 00 00 2e 74 65 78 	00000300 000.tex
  0x6d60	74 24 6d 6e 24 30 30 00 10 34 00 00 60 00 00 00 	t$mn$0000400`000
  0x6d70	2e 74 65 78 74 24 6e 70 00 00 00 00 70 34 00 00 	.text$np0000p400
  0x6d80	80 00 00 00 2e 74 65 78 74 24 78 00 f0 34 00 00 	0000.text$x00400
  0x6d90	06 00 00 00 2e 74 65 78 74 24 79 64 00 00 00 00 	0000.text$yd0000
  0x6da0	f6 34 00 00 7a 0d 00 00 2e 74 65 78 74 24 7a 79 	0400z000.text$zy
  0x6db0	00 00 00 00 70 42 00 00 50 1b 00 00 2e 74 65 78 	0000pB00P000.tex
  0x6dc0	74 24 7a 7a 00 00 00 00 00 60 00 00 78 02 00 00 	t$zz00000`00x000
  0x6dd0	2e 72 64 61 74 61 24 62 72 63 00 00 78 62 00 00 	.rdata$brc00xb00
  0x6de0	10 00 00 00 2e 72 64 61 74 61 24 30 30 24 62 72 	0000.rdata$00$br
  0x6df0	63 00 00 00 88 62 00 00 c8 03 00 00 2e 69 64 61 	c0000b000000.ida
  0x6e00	74 61 24 35 00 00 00 00 50 66 00 00 10 00 00 00 	ta$50000Pf000000
  0x6e10	2e 30 30 63 66 67 00 00 60 66 00 00 08 00 00 00 	.00cfg00`f000000
  0x6e20	2e 43 52 54 24 58 43 41 00 00 00 00 68 66 00 00 	.CRT$XCA0000hf00
  0x6e30	08 00 00 00 2e 43 52 54 24 58 43 41 41 00 00 00 	0000.CRT$XCAA000
  0x6e40	70 66 00 00 08 00 00 00 2e 43 52 54 24 58 43 55 	pf000000.CRT$XCU
  0x6e50	00 00 00 00 78 66 00 00 08 00 00 00 2e 43 52 54 	0000xf000000.CRT
  0x6e60	24 58 43 5a 00 00 00 00 80 66 00 00 08 00 00 00 	$XCZ00000f000000
  0x6e70	2e 43 52 54 24 58 49 41 00 00 00 00 88 66 00 00 	.CRT$XIA00000f00
  0x6e80	08 00 00 00 2e 43 52 54 24 58 49 41 41 00 00 00 	0000.CRT$XIAA000
  0x6e90	90 66 00 00 08 00 00 00 2e 43 52 54 24 58 49 59 	0f000000.CRT$XIY
  0x6ea0	00 00 00 00 98 66 00 00 08 00 00 00 2e 43 52 54 	00000f000000.CRT
  0x6eb0	24 58 49 5a 00 00 00 00 a0 66 00 00 a8 00 00 00 	$XIZ00000f000000
  0x6ec0	2e 67 66 69 64 73 00 00 48 67 00 00 08 00 00 00 	.gfids00Hg000000
  0x6ed0	2e 67 69 61 74 73 00 00 50 67 00 00 b8 03 00 00 	.giats00Pg000000
  0x6ee0	2e 72 64 61 74 61 00 00 08 6b 00 00 60 00 00 00 	.rdata000k00`000
  0x6ef0	2e 72 64 61 74 61 24 30 30 00 00 00 68 6b 00 00 	.rdata$00000hk00
  0x6f00	58 00 00 00 2e 72 64 61 74 61 24 7a 45 54 57 32 	X000.rdata$zETW2
  0x6f10	00 00 00 00 c0 6b 00 00 20 01 00 00 2e 72 64 61 	00000k00 000.rda
  0x6f20	74 61 24 7a 7a 00 00 00 e0 6c 00 00 18 04 00 00 	ta$zz0000l000000
  0x6f30	2e 72 64 61 74 61 24 7a 7a 7a 64 62 67 00 00 00 	.rdata$zzzdbg000
  0x6f40	f8 70 00 00 80 09 00 00 2e 78 64 61 74 61 00 00 	0p000000.xdata00
  0x6f50	78 7a 00 00 40 00 00 00 2e 64 69 64 61 74 24 32 	xz00@000.didat$2
  0x6f60	00 00 00 00 b8 7a 00 00 20 00 00 00 2e 64 69 64 	00000z00 000.did
  0x6f70	61 74 24 33 00 00 00 00 d8 7a 00 00 30 00 00 00 	at$300000z000000
  0x6f80	2e 64 69 64 61 74 24 34 00 00 00 00 08 7b 00 00 	.didat$400000{00
  0x6f90	60 00 00 00 2e 64 69 64 61 74 24 36 00 00 00 00 	`000.didat$60000
  0x6fa0	68 7b 00 00 30 00 00 00 2e 64 69 64 61 74 24 37 	h{000000.didat$7
  0x6fb0	00 00 00 00 98 7b 00 00 f4 01 00 00 2e 69 64 61 	00000{000000.ida
  0x6fc0	74 61 24 32 00 00 00 00 8c 7d 00 00 14 00 00 00 	ta$200000}000000
  0x6fd0	2e 69 64 61 74 61 24 33 00 00 00 00 a0 7d 00 00 	.idata$300000}00
  0x6fe0	c8 03 00 00 2e 69 64 61 74 61 24 34 00 00 00 00 	0000.idata$40000
  0x6ff0	68 81 00 00 24 0a 00 00 2e 69 64 61 74 61 24 36 	h000$000.idata$6
  0x7000	00 00 00 00 00 90 00 00 48 00 00 00 2e 64 61 74 	00000000H000.dat
  0x7010	61 24 64 6b 30 30 24 62 72 63 00 00 48 90 00 00 	a$dk00$brc00H000
  0x7020	08 00 00 00 2e 64 61 74 61 24 70 72 30 30 24 62 	0000.data$pr00$b
  0x7030	72 63 00 00 50 90 00 00 20 00 00 00 2e 64 61 74 	rc00P000 000.dat
  0x7040	61 00 00 00 70 90 00 00 80 06 00 00 2e 62 73 73 	a000p0000000.bss
  0x7050	00 00 00 00 f0 96 00 00 10 09 00 00 2e 62 73 73 	000000000000.bss
  0x7060	24 30 30 00 00 a0 00 00 40 00 00 00 2e 62 73 73 	$0000000@000.bss
  0x7070	24 70 72 30 30 00 00 00 40 a0 00 00 14 00 00 00 	$pr00000@0000000
  0x7080	2e 62 73 73 24 7a 7a 00 00 b0 00 00 b0 07 00 00 	.bss$zz000000000
  0x7090	2e 70 64 61 74 61 00 00 00 c0 00 00 30 00 00 00 	.pdata0000000000
  0x70a0	2e 64 69 64 61 74 24 35 00 00 00 00 00 d0 00 00 	.didat$500000000
  0x70b0	f0 00 00 00 2e 72 73 72 63 24 30 31 00 00 00 00 	0000.rsrc$010000
  0x70c0	f0 d0 00 00 70 07 00 00 2e 72 73 72 63 24 30 32 	0000p000.rsrc$02
  0x70d0	00 00 00 00 20 00 00 00 ab f9 4c e0 d7 01 94 14 	0000 00000L00000
  0x70e0	c5 27 be 3a a8 aa 4a cf df 48 e7 28 78 ad 2d 91 	0'0:00J00H0(x0-0
  0x70f0	8c ed ee 9d 8d 15 4e 52 19 23 03 00 12 01 1c 01 	000000NR0#000000
  0x7100	04 50 00 00 4c 33 00 00 b0 08 00 00 21 14 0a 00 	0P00L3000000!000
  0x7110	14 f4 18 01 10 e4 19 01 0c d4 1a 01 08 74 20 01 	0000000000000t 0
  0x7120	04 34 1e 01 20 10 00 00 4a 10 00 00 f8 70 00 00 	0400 000J0000p00
  0x7130	21 08 02 00 08 64 1f 01 4a 10 00 00 21 12 00 00 	!0000d00J000!000
  0x7140	0c 71 00 00 21 08 02 00 08 c4 1b 01 21 12 00 00 	0q00!0000000!000
  0x7150	51 13 00 00 30 71 00 00 21 00 00 00 21 12 00 00 	Q0000q00!000!000
  0x7160	51 13 00 00 30 71 00 00 21 00 02 00 00 c4 1b 01 	Q0000q00!0000000
  0x7170	21 12 00 00 51 13 00 00 30 71 00 00 21 00 0a 00 	!000Q0000q00!000
  0x7180	00 f4 18 01 00 e4 19 01 00 d4 1a 01 00 74 20 01 	0000000000000t 0
  0x7190	00 34 1e 01 20 10 00 00 4a 10 00 00 f8 70 00 00 	0400 000J0000p00
  0x71a0	21 00 0c 00 00 f4 18 01 00 e4 19 01 00 d4 1a 01 	!000000000000000
  0x71b0	00 74 20 01 00 64 1f 01 00 34 1e 01 20 10 00 00 	0t 00d000400 000
  0x71c0	4a 10 00 00 f8 70 00 00 21 00 0e 00 00 f4 18 01 	J0000p00!0000000
  0x71d0	00 e4 19 01 00 d4 1a 01 00 c4 1b 01 00 74 20 01 	0000000000000t 0
  0x71e0	00 64 1f 01 00 34 1e 01 20 10 00 00 4a 10 00 00 	0d000400 000J000
  0x71f0	f8 70 00 00 21 00 0c 00 00 f4 18 01 00 e4 19 01 	0p00!00000000000
  0x7200	00 d4 1a 01 00 74 20 01 00 64 1f 01 00 34 1e 01 	00000t 00d000400
  0x7210	20 10 00 00 4a 10 00 00 f8 70 00 00 21 00 0a 00 	 000J0000p00!000
  0x7220	00 f4 18 01 00 e4 19 01 00 d4 1a 01 00 74 20 01 	0000000000000t 0
  0x7230	00 34 1e 01 20 10 00 00 4a 10 00 00 f8 70 00 00 	0400 000J0000p00
  0x7240	21 00 08 00 00 e4 19 01 00 d4 1a 01 00 74 20 01 	!000000000000t 0
  0x7250	00 34 1e 01 20 10 00 00 4a 10 00 00 f8 70 00 00 	0400 000J0000p00
  0x7260	21 00 06 00 00 d4 1a 01 00 74 20 01 00 34 1e 01 	!00000000t 00400
  0x7270	20 10 00 00 4a 10 00 00 f8 70 00 00 21 00 00 00 	 000J0000p00!000
  0x7280	20 10 00 00 4a 10 00 00 f8 70 00 00 21 00 0e 00 	 000J0000p00!000
  0x7290	00 f4 18 01 00 e4 19 01 00 d4 1a 01 00 c4 1b 01 	0000000000000000
  0x72a0	00 74 20 01 00 64 1f 01 00 34 1e 01 20 10 00 00 	0t 00d000400 000
  0x72b0	4a 10 00 00 f8 70 00 00 21 00 0c 00 00 f4 18 01 	J0000p00!0000000
  0x72c0	00 e4 19 01 00 d4 1a 01 00 74 20 01 00 64 1f 01 	000000000t 00d00
  0x72d0	00 34 1e 01 20 10 00 00 4a 10 00 00 f8 70 00 00 	0400 000J0000p00
  0x72e0	01 0b 06 00 0b 52 07 e0 05 70 04 60 03 50 02 30 	00000R000p0`0P00
  0x72f0	21 00 00 00 e0 18 00 00 43 1b 00 00 e0 72 00 00 	!0000000C0000r00
  0x7300	01 1a 0a 00 1a 74 0b 00 1a 64 0a 00 1a 54 09 00 	00000t000d000T00
  0x7310	1a 34 08 00 1a 52 16 e0 21 00 00 00 50 1b 00 00 	04000R00!000P000
  0x7320	75 1c 00 00 00 73 00 00 01 0a 04 00 0a 34 06 00 	u0000s0000000400
  0x7330	0a 32 06 70 01 0f 06 00 0f 54 0b 00 0f 34 0a 00 	020p00000T000400
  0x7340	0f 52 0b 60 21 05 02 00 05 74 08 00 f0 1c 00 00 	0R0`!0000t000000
  0x7350	48 1d 00 00 34 73 00 00 21 05 02 00 05 e4 09 00 	H0004s00!0000000
  0x7360	48 1d 00 00 53 1d 00 00 44 73 00 00 21 00 00 00 	H000S000Ds00!000
  0x7370	48 1d 00 00 53 1d 00 00 44 73 00 00 21 00 00 00 	H000S000Ds00!000
  0x7380	f0 1c 00 00 48 1d 00 00 34 73 00 00 21 00 00 00 	0000H0004s00!000
  0x7390	f0 1c 00 00 48 1d 00 00 34 73 00 00 21 00 04 00 	0000H0004s00!000
  0x73a0	00 e4 09 00 00 74 08 00 4e 40 00 00 5f 40 00 00 	00000t00N@00_@00
  0x73b0	8c 73 00 00 21 00 02 00 00 74 08 00 4e 40 00 00 	0s00!0000t00N@00
  0x73c0	5f 40 00 00 8c 73 00 00 01 04 01 00 04 42 00 00 	_@000s0000000B00
  0x73d0	01 06 02 00 06 32 02 30 21 00 00 00 60 1f 00 00 	00000200!000`000
  0x73e0	b9 1f 00 00 d0 73 00 00 01 0a 04 00 0a 64 08 00 	00000s0000000d00
  0x73f0	0a 32 06 70 21 05 02 00 05 34 06 00 70 20 00 00 	020p!0000400p 00
  0x7400	89 20 00 00 e8 73 00 00 21 00 00 00 70 20 00 00 	0 000s00!000p 00
  0x7410	89 20 00 00 e8 73 00 00 21 00 02 00 00 34 06 00 	0 000s00!0000400
  0x7420	70 20 00 00 89 20 00 00 e8 73 00 00 21 00 00 00 	p 000 000s00!000
  0x7430	70 20 00 00 89 20 00 00 e8 73 00 00 21 00 02 00 	p 000 000s00!000
  0x7440	00 34 06 00 70 20 00 00 89 20 00 00 e8 73 00 00 	0400p 000 000s00
  0x7450	21 05 02 00 05 e4 07 00 7d 21 00 00 93 21 00 00 	!0000000}!000!00
  0x7460	3c 74 00 00 21 00 00 00 7d 21 00 00 93 21 00 00 	<t00!000}!000!00
  0x7470	3c 74 00 00 21 00 00 00 70 20 00 00 89 20 00 00 	<t00!000p 000 00
  0x7480	e8 73 00 00 21 00 02 00 00 34 06 00 f6 40 00 00 	0s00!00004000@00
  0x7490	00 41 00 00 74 74 00 00 01 06 02 00 06 32 02 30 	0A00tt0000000200
  0x74a0	01 09 04 00 09 52 05 e0 03 60 02 30 21 05 02 00 	00000R000`00!000
  0x74b0	05 c4 0c 00 20 23 00 00 3f 23 00 00 a0 74 00 00 	0000 #00?#000t00
  0x74c0	21 12 06 00 12 f4 04 00 0d 74 0b 00 05 54 0a 00 	!00000000t000T00
  0x74d0	3f 23 00 00 78 23 00 00 ac 74 00 00 21 00 00 00 	?#00x#000t00!000
  0x74e0	3f 23 00 00 78 23 00 00 ac 74 00 00 21 00 00 00 	?#00x#000t00!000
  0x74f0	20 23 00 00 3f 23 00 00 a0 74 00 00 21 00 08 00 	 #00?#000t00!000
  0x7500	00 f4 04 00 00 c4 0c 00 00 74 0b 00 00 54 0a 00 	000000000t000T00
  0x7510	20 23 00 00 3f 23 00 00 a0 74 00 00 21 00 00 00 	 #00?#000t00!000
  0x7520	20 23 00 00 3f 23 00 00 a0 74 00 00 21 00 08 00 	 #00?#000t00!000
  0x7530	00 f4 04 00 00 c4 0c 00 00 74 0b 00 00 54 0a 00 	000000000t000T00
  0x7540	20 23 00 00 3f 23 00 00 a0 74 00 00 21 05 02 00 	 #00?#000t00!000
  0x7550	05 d4 05 00 18 41 00 00 76 41 00 00 2c 75 00 00 	00000A00vA00,u00
  0x7560	21 00 00 00 18 41 00 00 76 41 00 00 2c 75 00 00 	!0000A00vA00,u00
  0x7570	21 00 02 00 00 c4 0c 00 20 23 00 00 3f 23 00 00 	!0000000 #00?#00
  0x7580	a0 74 00 00 01 0a 04 00 0a 34 07 00 0a 32 06 70 	0t0000000400020p
  0x7590	21 05 02 00 05 64 06 00 40 24 00 00 5a 24 00 00 	!0000d00@$00Z$00
  0x75a0	84 75 00 00 21 00 00 00 40 24 00 00 5a 24 00 00 	0u00!000@$00Z$00
  0x75b0	84 75 00 00 21 00 02 00 00 64 06 00 40 24 00 00 	0u00!0000d00@$00
  0x75c0	5a 24 00 00 84 75 00 00 21 00 02 00 00 64 06 00 	Z$000u00!0000d00
  0x75d0	40 24 00 00 5a 24 00 00 84 75 00 00 01 06 02 00 	@$00Z$000u000000
  0x75e0	06 32 02 30 21 00 00 00 e0 24 00 00 02 25 00 00 	0200!0000$000%00
  0x75f0	dc 75 00 00 01 04 01 00 04 62 00 00 09 1c 0b 00 	0u0000000b000000
  0x7600	1c e4 1b 00 1c 74 1a 00 1c 64 19 00 1c 34 18 00 	00000t000d000400
  0x7610	1c 01 16 00 15 f0 00 00 ba 2d 00 00 01 00 00 00 	000000000-000000
  0x7620	ff 27 00 00 e9 29 00 00 70 34 00 00 e9 29 00 00 	0'000)00p4000)00
  0x7630	01 06 02 00 06 32 02 50 01 00 00 00 09 04 01 00 	0000020P00000000
  0x7640	04 22 00 00 ba 2d 00 00 01 00 00 00 3c 2b 00 00 	0"000-000000<+00
  0x7650	72 2b 00 00 01 00 00 00 72 2b 00 00 09 0a 04 00 	r+000000r+000000
  0x7660	0a 34 06 00 0a 32 06 70 ba 2d 00 00 01 00 00 00 	0400020p0-000000
  0x7670	4d 2c 00 00 80 2c 00 00 a0 34 00 00 80 2c 00 00 	M,000,0004000,00
  0x7680	01 0d 04 00 0d 34 09 00 0d 32 06 50 11 06 02 00 	00000400020P0000
  0x7690	06 32 02 30 ba 2d 00 00 01 00 00 00 01 2e 00 00 	02000-0000000.00
  0x76a0	46 2e 00 00 c6 34 00 00 00 00 00 00 01 0c 02 00 	F.00040000000000
  0x76b0	0c 01 11 00 00 00 00 00 01 00 00 00 01 18 01 00 	0000000000000000
  0x76c0	18 c2 00 00 01 18 01 00 18 c2 00 00 01 06 02 00 	0000000000000000
  0x76d0	06 32 02 30 21 05 02 00 05 74 06 00 b0 43 00 00 	0200!0000t000C00
  0x76e0	bf 43 00 00 cc 76 00 00 21 00 00 00 b0 43 00 00 	0C000v00!0000C00
  0x76f0	bf 43 00 00 cc 76 00 00 01 0b 01 00 0b a2 00 00 	0C000v0000000000
  0x7700	01 09 01 00 09 a2 00 00 01 09 01 00 09 82 00 00 	0000000000000000
  0x7710	01 0f 06 00 0f 64 07 00 0f 34 06 00 0f 32 0b 70 	00000d000400020p
  0x7720	01 14 08 00 14 64 08 00 14 54 07 00 14 34 06 00 	00000d000T000400
  0x7730	14 32 10 70 01 0a 04 00 0a 34 09 00 0a 52 06 70 	020p000004000R0p
  0x7740	19 1e 06 00 0f 64 11 00 0f 34 10 00 0f b2 0b 70 	00000d000400000p
  0x7750	4c 33 00 00 58 00 00 00 01 06 02 00 06 52 02 30 	L300X00000000R00
  0x7760	01 0a 04 00 0a 34 0a 00 0a 52 06 70 19 25 03 00 	000004000R0p0%00
  0x7770	17 01 12 00 0b 50 00 00 4c 33 00 00 80 00 00 00 	00000P00L3000000
  0x7780	01 06 02 00 06 32 02 70 21 05 02 00 05 34 06 00 	0000020p!0000400
  0x7790	fc 4d 00 00 18 4e 00 00 80 77 00 00 21 00 00 00 	0M000N000w00!000
  0x77a0	fc 4d 00 00 18 4e 00 00 80 77 00 00 01 0f 04 00 	0M000N000w000000
  0x77b0	0f 64 07 00 0f 32 0b 70 21 05 02 00 05 34 06 00 	0d00020p!0000400
  0x77c0	80 51 00 00 92 51 00 00 ac 77 00 00 21 00 00 00 	0Q000Q000w00!000
  0x77d0	80 51 00 00 92 51 00 00 ac 77 00 00 01 13 08 00 	0Q000Q000w000000
  0x77e0	13 54 0a 00 13 34 09 00 13 32 0f f0 0d e0 0b 60 	0T0004000200000`
  0x77f0	21 05 02 00 05 74 08 00 f0 52 00 00 4a 53 00 00 	!0000t000R00JS00
  0x7800	dc 77 00 00 21 00 00 00 f0 52 00 00 4a 53 00 00 	0w00!0000R00JS00
  0x7810	dc 77 00 00 01 06 02 00 06 32 02 70 21 05 02 00 	0w000000020p!000
  0x7820	05 34 06 00 70 4f 00 00 81 4f 00 00 14 78 00 00 	0400pO000O000x00
  0x7830	21 00 00 00 70 4f 00 00 81 4f 00 00 14 78 00 00 	!000pO000O000x00
  0x7840	01 18 0a 00 18 64 0a 00 18 54 09 00 18 34 08 00 	00000d000T000400
  0x7850	18 32 14 f0 12 e0 10 70 01 0a 04 00 0a 34 07 00 	0200000p00000400
  0x7860	0a 32 06 60 21 05 02 00 05 74 06 00 a4 50 00 00 	020`!0000t000P00
  0x7870	dc 50 00 00 58 78 00 00 21 00 00 00 a4 50 00 00 	0P00Xx00!0000P00
  0x7880	dc 50 00 00 58 78 00 00 01 14 08 00 14 64 0a 00 	0P00Xx0000000d00
  0x7890	14 54 09 00 14 34 08 00 14 52 10 70 01 09 04 00 	0T0004000R0p0000
  0x78a0	09 32 05 e0 03 60 02 50 21 18 04 00 18 74 0b 00 	02000`0P!0000t00
  0x78b0	05 34 0a 00 9c 58 00 00 af 58 00 00 9c 78 00 00 	04000X000X000x00
  0x78c0	21 00 00 00 9c 58 00 00 af 58 00 00 9c 78 00 00 	!0000X000X000x00
  0x78d0	01 08 03 00 08 62 04 f0 02 e0 00 00 21 0f 06 00 	00000b000000!000
  0x78e0	0f 74 05 00 0a 64 06 00 05 54 0c 00 e0 59 00 00 	0t000d000T000Y00
  0x78f0	0f 5a 00 00 d0 78 00 00 21 05 02 00 05 c4 04 00 	0Z000x00!0000000
  0x7900	0f 5a 00 00 4b 5a 00 00 dc 78 00 00 21 05 02 00 	0Z00KZ000x00!000
  0x7910	05 34 0b 00 4b 5a 00 00 8e 5a 00 00 f8 78 00 00 	0400KZ000Z000x00
  0x7920	21 00 00 00 4b 5a 00 00 8e 5a 00 00 f8 78 00 00 	!000KZ000Z000x00
  0x7930	21 00 00 00 0f 5a 00 00 4b 5a 00 00 dc 78 00 00 	!0000Z00KZ000x00
  0x7940	21 00 00 00 e0 59 00 00 0f 5a 00 00 d0 78 00 00 	!0000Y000Z000x00
  0x7950	21 00 08 00 00 c4 04 00 00 74 05 00 00 64 06 00 	!00000000t000d00
  0x7960	00 54 0c 00 e0 59 00 00 0f 5a 00 00 d0 78 00 00 	0T000Y000Z000x00
  0x7970	21 00 00 00 e0 59 00 00 0f 5a 00 00 d0 78 00 00 	!0000Y000Z000x00
  0x7980	19 15 02 00 06 32 02 30 4c 33 00 00 18 00 00 00 	00000200L3000000
  0x7990	19 17 04 00 08 72 04 70 03 60 02 30 4c 33 00 00 	00000r0p0`00L300
  0x79a0	30 00 00 00 01 13 08 00 13 64 0a 00 13 54 09 00 	000000000d000T00
  0x79b0	13 32 0f f0 0d e0 0b 70 21 05 02 00 05 34 08 00 	0200000p!0000400
  0x79c0	fc 55 00 00 40 56 00 00 a4 79 00 00 21 00 00 00 	0U00@V000y00!000
  0x79d0	fc 55 00 00 40 56 00 00 a4 79 00 00 19 15 02 00 	0U00@V000y000000
  0x79e0	06 92 02 70 4c 33 00 00 40 00 00 00 21 11 04 00 	000pL300@000!000
  0x79f0	11 e4 0e 00 05 54 0d 00 2c 57 00 00 6d 57 00 00 	00000T00,W00mW00
  0x7a00	dc 79 00 00 21 00 00 00 2c 57 00 00 6d 57 00 00 	0y00!000,W00mW00
  0x7a10	dc 79 00 00 21 00 04 00 00 e4 0e 00 00 54 0d 00 	0y00!00000000T00
  0x7a20	2c 57 00 00 6d 57 00 00 dc 79 00 00 01 06 02 00 	,W00mW000y000000
  0x7a30	06 32 02 30 21 05 02 00 05 74 06 00 6c 55 00 00 	0200!0000t00lU00
  0x7a40	81 55 00 00 2c 7a 00 00 21 00 00 00 6c 55 00 00 	0U00,z00!000lU00
  0x7a50	81 55 00 00 2c 7a 00 00 19 18 05 00 09 a2 05 70 	0U00,z000000000p
  0x7a60	04 60 03 50 02 30 00 00 4c 33 00 00 40 00 00 00 	0`0P0000L300@000
  0x7a70	01 02 01 00 02 30 00 00 01 00 00 00 d0 69 00 00 	0000000000000i00
  0x7a80	38 96 00 00 18 c0 00 00 f0 7a 00 00 68 7b 00 00 	800000000z00h{00
  0x7a90	00 00 00 00 00 00 00 00 01 00 00 00 40 6a 00 00 	000000000000@j00
  0x7aa0	40 96 00 00 00 c0 00 00 d8 7a 00 00 80 7b 00 00 	@00000000z000{00
  0x7ab0	00 00 00 00 00 00 00 00 00 00 00 00 00 00 00 00 	0000000000000000
  0x7ac0	00 00 00 00 00 00 00 00 00 00 00 00 00 00 00 00 	0000000000000000
  0x7ad0	00 00 00 00 00 00 00 00 4c 7b 00 00 00 00 00 00 	00000000L{000000
  0x7ae0	34 7b 00 00 00 00 00 00 00 00 00 00 00 00 00 00 	4{00000000000000
  0x7af0	1c 7b 00 00 00 00 00 00 08 7b 00 00 00 00 00 00 	0{0000000{000000
  0x7b00	00 00 00 00 00 00 00 00 17 00 43 72 65 61 74 65 	0000000000Create
  0x7b10	49 74 65 6d 4d 6f 6e 69 6b 65 72 00 23 00 47 65 	ItemMoniker0#0Ge
  0x7b20	74 52 75 6e 6e 69 6e 67 4f 62 6a 65 63 74 54 61 	tRunningObjectTa
  0x7b30	62 6c 65 00 07 00 52 65 67 69 73 74 65 72 53 65 	ble000RegisterSe
  0x7b40	72 76 65 72 46 6f 72 50 4d 50 00 00 09 00 55 6e 	rverForPMP0000Un
  0x7b50	72 65 67 69 73 74 65 72 53 65 72 76 65 72 46 6f 	registerServerFo
  0x7b60	72 50 4d 50 00 00 00 00 00 00 00 00 00 00 00 00 	rPMP000000000000
  0x7b70	00 00 00 00 00 00 00 00 00 00 00 00 00 00 00 00 	0000000000000000
  0x7b80	00 00 00 00 00 00 00 00 00 00 00 00 00 00 00 00 	0000000000000000
  0x7b90	00 00 00 00 00 00 00 00 78 80 00 00 00 00 00 00 	00000000x0000000
  0x7ba0	00 00 00 00 5c 82 00 00 60 65 00 00 d0 7e 00 00 	00000000`e000~00
  0x7bb0	00 00 00 00 00 00 00 00 22 87 00 00 b8 63 00 00 	00000000"0000c00
  0x7bc0	80 7e 00 00 00 00 00 00 00 00 00 00 42 87 00 00 	0~0000000000B000
  0x7bd0	68 63 00 00 18 7f 00 00 00 00 00 00 00 00 00 00 	hc00000000000000
  0x7be0	6c 87 00 00 00 64 00 00 f8 7d 00 00 00 00 00 00 	l0000d000}000000
  0x7bf0	00 00 00 00 9a 87 00 00 e0 62 00 00 40 80 00 00 	000000000b00@000
  0x7c00	00 00 00 00 00 00 00 00 ba 87 00 00 28 65 00 00 	000000000000(e00
  0x7c10	30 80 00 00 00 00 00 00 00 00 00 00 e2 87 00 00 	0000000000000000
  0x7c20	18 65 00 00 b0 7f 00 00 00 00 00 00 00 00 00 00 	0e00000000000000
  0x7c30	04 88 00 00 98 64 00 00 70 7f 00 00 00 00 00 00 	00000d00p0000000
  0x7c40	00 00 00 00 26 88 00 00 58 64 00 00 58 80 00 00 	0000&000Xd00X000
  0x7c50	00 00 00 00 00 00 00 00 50 88 00 00 40 65 00 00 	00000000P000@e00
  0x7c60	c0 7e 00 00 00 00 00 00 00 00 00 00 80 88 00 00 	0~00000000000000
  0x7c70	a8 63 00 00 30 7f 00 00 00 00 00 00 00 00 00 00 	0c00000000000000
  0x7c80	a2 88 00 00 18 64 00 00 08 80 00 00 00 00 00 00 	00000d0000000000
  0x7c90	00 00 00 00 cc 88 00 00 f0 64 00 00 f8 7e 00 00 	000000000d000~00
  0x7ca0	00 00 00 00 00 00 00 00 ee 88 00 00 e0 63 00 00 	0000000000000c00
  0x7cb0	80 7f 00 00 00 00 00 00 00 00 00 00 18 89 00 00 	0000000000000000
  0x7cc0	68 64 00 00 18 80 00 00 00 00 00 00 00 00 00 00 	hd00000000000000
  0x7cd0	3c 89 00 00 00 65 00 00 90 7f 00 00 00 00 00 00 	<0000e0000000000
  0x7ce0	00 00 00 00 60 89 00 00 78 64 00 00 68 80 00 00 	0000`000xd00h000
  0x7cf0	00 00 00 00 00 00 00 00 86 89 00 00 50 65 00 00 	000000000000Pe00
  0x7d00	48 7e 00 00 00 00 00 00 00 00 00 00 ae 89 00 00 	H~00000000000000
  0x7d10	30 63 00 00 d8 7d 00 00 00 00 00 00 00 00 00 00 	0c000}0000000000
  0x7d20	fa 89 00 00 c0 62 00 00 a0 7d 00 00 00 00 00 00 	00000b000}000000
  0x7d30	00 00 00 00 34 8a 00 00 88 62 00 00 b0 7d 00 00 	000040000b000}00
  0x7d40	00 00 00 00 00 00 00 00 92 8a 00 00 98 62 00 00 	0000000000000b00
  0x7d50	e8 7d 00 00 00 00 00 00 00 00 00 00 08 8b 00 00 	0}00000000000000
  0x7d60	d0 62 00 00 70 7e 00 00 00 00 00 00 00 00 00 00 	0b00p~0000000000
  0x7d70	2c 8b 00 00 58 63 00 00 60 7e 00 00 00 00 00 00 	,000Xc00`~000000
  0x7d80	00 00 00 00 52 8b 00 00 48 63 00 00 00 00 00 00 	0000R000Hc000000
  0x7d90	00 00 00 00 00 00 00 00 00 00 00 00 00 00 00 00 	0000000000000000
  0x7da0	22 8a 00 00 00 00 00 00 00 00 00 00 00 00 00 00 	"000000000000000
  0x7db0	4e 8a 00 00 00 00 00 00 40 8a 00 00 00 00 00 00 	N0000000@0000000
  0x7dc0	5a 8a 00 00 00 00 00 00 80 8a 00 00 00 00 00 00 	Z000000000000000
  0x7dd0	00 00 00 00 00 00 00 00 d0 89 00 00 00 00 00 00 	0000000000000000
  0x7de0	00 00 00 00 00 00 00 00 bc 8a 00 00 00 00 00 00 	0000000000000000
  0x7df0	00 00 00 00 00 00 00 00 a2 83 00 00 00 00 00 00 	0000000000000000
  0x7e00	30 83 00 00 00 00 00 00 d4 82 00 00 00 00 00 00 	0000000000000000
  0x7e10	e6 83 00 00 00 00 00 00 1a 84 00 00 00 00 00 00 	0000000000000000
  0x7e20	88 84 00 00 00 00 00 00 d2 84 00 00 00 00 00 00 	0000000000000000
  0x7e30	a8 84 00 00 00 00 00 00 e6 84 00 00 00 00 00 00 	0000000000000000
  0x7e40	00 00 00 00 00 00 00 00 f0 86 00 00 00 00 00 00 	0000000000000000
  0x7e50	dc 86 00 00 00 00 00 00 00 00 00 00 00 00 00 00 	0000000000000000
  0x7e60	f0 8a 00 00 00 00 00 00 00 00 00 00 00 00 00 00 	0000000000000000
  0x7e70	d8 8a 00 00 00 00 00 00 00 00 00 00 00 00 00 00 	0000000000000000
  0x7e80	66 84 00 00 00 00 00 00 74 86 00 00 00 00 00 00 	f0000000t0000000
  0x7e90	00 83 00 00 00 00 00 00 ba 83 00 00 00 00 00 00 	0000000000000000
  0x7ea0	b2 82 00 00 00 00 00 00 32 84 00 00 00 00 00 00 	0000000020000000
  0x7eb0	90 85 00 00 00 00 00 00 00 00 00 00 00 00 00 00 	0000000000000000
  0x7ec0	0c 84 00 00 00 00 00 00 00 00 00 00 00 00 00 00 	0000000000000000
  0x7ed0	44 84 00 00 00 00 00 00 5a 84 00 00 00 00 00 00 	D0000000Z0000000
  0x7ee0	a6 82 00 00 00 00 00 00 76 84 00 00 00 00 00 00 	00000000v0000000
  0x7ef0	00 00 00 00 00 00 00 00 14 87 00 00 00 00 00 00 	0000000000000000
  0x7f00	fe 86 00 00 00 00 00 00 ae 85 00 00 00 00 00 00 	0000000000000000
  0x7f10	00 00 00 00 00 00 00 00 e6 82 00 00 00 00 00 00 	0000000000000000
  0x7f20	c2 82 00 00 00 00 00 00 00 00 00 00 00 00 00 00 	0000000000000000
  0x7f30	90 86 00 00 00 00 00 00 dc 85 00 00 00 00 00 00 	0000000000000000
  0x7f40	9a 84 00 00 00 00 00 00 7e 85 00 00 00 00 00 00 	00000000~0000000
  0x7f50	a4 86 00 00 00 00 00 00 f2 85 00 00 00 00 00 00 	0000000000000000
  0x7f60	ce 86 00 00 00 00 00 00 00 00 00 00 00 00 00 00 	0000000000000000
  0x7f70	84 83 00 00 00 00 00 00 00 00 00 00 00 00 00 00 	0000000000000000
  0x7f80	c2 85 00 00 00 00 00 00 00 00 00 00 00 00 00 00 	0000000000000000
  0x7f90	60 86 00 00 00 00 00 00 46 86 00 00 00 00 00 00 	`0000000F0000000
  0x7fa0	32 86 00 00 00 00 00 00 00 00 00 00 00 00 00 00 	2000000000000000
  0x7fb0	50 85 00 00 00 00 00 00 3a 85 00 00 00 00 00 00 	P0000000:0000000
  0x7fc0	ba 84 00 00 00 00 00 00 1e 85 00 00 00 00 00 00 	0000000000000000
  0x7fd0	5e 85 00 00 00 00 00 00 92 83 00 00 00 00 00 00 	^000000000000000
  0x7fe0	da 83 00 00 00 00 00 00 76 83 00 00 00 00 00 00 	00000000v0000000
  0x7ff0	06 85 00 00 00 00 00 00 5a 83 00 00 00 00 00 00 	00000000Z0000000
  0x8000	00 00 00 00 00 00 00 00 76 85 00 00 00 00 00 00 	00000000v0000000
  0x8010	00 00 00 00 00 00 00 00 08 86 00 00 00 00 00 00 	0000000000000000
  0x8020	22 86 00 00 00 00 00 00 00 00 00 00 00 00 00 00 	"000000000000000
  0x8030	40 83 00 00 00 00 00 00 00 00 00 00 00 00 00 00 	@000000000000000
  0x8040	f6 83 00 00 00 00 00 00 10 83 00 00 00 00 00 00 	0000000000000000
  0x8050	00 00 00 00 00 00 00 00 ca 83 00 00 00 00 00 00 	0000000000000000
  0x8060	00 00 00 00 00 00 00 00 b8 86 00 00 00 00 00 00 	0000000000000000
  0x8070	00 00 00 00 00 00 00 00 9c 82 00 00 00 00 00 00 	0000000000000000
  0x8080	78 8b 00 00 00 00 00 00 50 82 00 00 00 00 00 00 	x0000000P0000000
  0x8090	24 82 00 00 00 00 00 00 7c 82 00 00 00 00 00 00 	$0000000|0000000
  0x80a0	8e 82 00 00 00 00 00 00 84 82 00 00 00 00 00 00 	0000000000000000
  0x80b0	68 82 00 00 00 00 00 00 18 82 00 00 00 00 00 00 	h000000000000000
  0x80c0	46 82 00 00 00 00 00 00 04 82 00 00 00 00 00 00 	F000000000000000
  0x80d0	fa 81 00 00 00 00 00 00 f2 81 00 00 00 00 00 00 	0000000000000000
  0x80e0	ea 81 00 00 00 00 00 00 d8 81 00 00 00 00 00 00 	0000000000000000
  0x80f0	c6 81 00 00 00 00 00 00 b8 81 00 00 00 00 00 00 	0000000000000000
  0x8100	aa 81 00 00 00 00 00 00 9e 81 00 00 00 00 00 00 	0000000000000000
  0x8110	94 81 00 00 00 00 00 00 9e 8a 00 00 00 00 00 00 	0000000000000000
  0x8120	a6 8a 00 00 00 00 00 00 b2 8a 00 00 00 00 00 00 	0000000000000000
  0x8130	8c 81 00 00 00 00 00 00 80 81 00 00 00 00 00 00 	0000000000000000
  0x8140	74 81 00 00 00 00 00 00 68 81 00 00 00 00 00 00 	t0000000h0000000
  0x8150	3c 82 00 00 00 00 00 00 82 8b 00 00 00 00 00 00 	<000000000000000
  0x8160	00 00 00 00 00 00 00 00 73 04 69 73 77 64 69 67 	00000000s0iswdig
  0x8170	69 74 00 00 6f 04 69 73 77 61 6c 70 68 61 00 00 	it00o0iswalpha00
  0x8180	ec 04 74 6f 77 75 70 70 65 72 00 00 4c 04 66 72 	00towupper00L0fr
  0x8190	65 65 00 00 86 04 6d 61 6c 6c 6f 63 00 00 bf 00 	ee0000malloc0000
  0x81a0	5f 63 61 6c 6c 6e 65 77 68 00 55 00 5f 58 63 70 	_callnewh0U0_Xcp
  0x81b0	74 46 69 6c 74 65 72 00 ae 00 5f 61 6d 73 67 5f 	tFilter000_amsg_
  0x81c0	65 78 69 74 00 00 9d 00 5f 5f 77 67 65 74 6d 61 	exit0000__wgetma
  0x81d0	69 6e 61 72 67 73 00 00 8e 00 5f 5f 73 65 74 5f 	inargs0000__set_
  0x81e0	61 70 70 5f 74 79 70 65 00 00 32 04 65 78 69 74 	app_type0020exit
  0x81f0	00 00 0e 01 5f 65 78 69 74 00 c1 00 5f 63 65 78 	0000_exit000_cex
  0x8200	69 74 00 00 90 00 5f 5f 73 65 74 75 73 65 72 6d 	it0000__setuserm
  0x8210	61 74 68 65 72 72 00 00 7d 01 5f 69 6e 69 74 74 	atherr00}0_initt
  0x8220	65 72 6d 00 57 00 5f 5f 43 5f 73 70 65 63 69 66 	erm0W0__C_specif
  0x8230	69 63 5f 68 61 6e 64 6c 65 72 00 00 82 03 5f 77 	ic_handler0000_w
  0x8240	63 6d 64 6c 6e 00 27 01 5f 66 6d 6f 64 65 00 00 	cmdln0'0_fmode00
  0x8250	d2 00 5f 63 6f 6d 6d 6f 64 65 00 00 6d 73 76 63 	00_commode00msvc
  0x8260	72 74 2e 64 6c 6c 00 00 2f 00 3f 74 65 72 6d 69 	rt.dll00/0?termi
  0x8270	6e 61 74 65 40 40 59 41 58 58 5a 00 e6 01 5f 6c 	nate@@YAXXZ000_l
  0x8280	6f 63 6b 00 41 03 5f 75 6e 6c 6f 63 6b 00 7b 00 	ock0A0_unlock0{0
  0x8290	5f 5f 64 6c 6c 6f 6e 65 78 69 74 00 90 02 5f 6f 	__dllonexit000_o
  0x82a0	6e 65 78 69 74 00 06 00 48 65 61 70 46 72 65 65 	nexit000HeapFree
  0x82b0	00 00 0d 00 53 65 74 4c 61 73 74 45 72 72 6f 72 	0000SetLastError
  0x82c0	00 00 05 00 47 65 74 43 6f 6d 6d 61 6e 64 4c 69 	0000GetCommandLi
  0x82d0	6e 65 57 00 46 00 43 6f 55 6e 69 6e 69 74 69 61 	neW0F0CoUninitia
  0x82e0	6c 69 7a 65 00 00 15 00 53 65 74 45 6e 76 69 72 	lize0000SetEnvir
  0x82f0	6f 6e 6d 65 6e 74 56 61 72 69 61 62 6c 65 57 00 	onmentVariableW0
  0x8300	0c 00 53 65 74 45 72 72 6f 72 4d 6f 64 65 00 00 	00SetErrorMode00
  0x8310	0b 00 57 69 6e 64 6f 77 73 43 72 65 61 74 65 53 	00WindowsCreateS
  0x8320	74 72 69 6e 67 52 65 66 65 72 65 6e 63 65 00 00 	tringReference00
  0x8330	43 00 43 6f 54 61 73 6b 4d 65 6d 46 72 65 65 00 	C0CoTaskMemFree0
  0x8340	01 00 52 6f 47 65 74 41 63 74 69 76 61 74 69 6f 	00RoGetActivatio
  0x8350	6e 46 61 63 74 6f 72 79 00 00 35 00 57 61 69 74 	nFactory0050Wait
  0x8360	46 6f 72 4d 75 6c 74 69 70 6c 65 4f 62 6a 65 63 	ForMultipleObjec
  0x8370	74 73 45 78 00 00 1f 00 4f 70 65 6e 45 76 65 6e 	tsEx0000OpenEven
  0x8380	74 57 00 00 30 00 4f 70 65 6e 50 72 6f 63 65 73 	tW0000OpenProces
  0x8390	73 00 06 00 43 72 65 61 74 65 45 76 65 6e 74 57 	s000CreateEventW
  0x83a0	00 00 29 00 43 6f 49 6e 69 74 69 61 6c 69 7a 65 	00)0CoInitialize
  0x83b0	53 65 63 75 72 69 74 79 00 00 05 00 47 65 74 4c 	Security0000GetL
  0x83c0	61 73 74 45 72 72 6f 72 00 00 05 00 54 72 61 63 	astError0000Trac
  0x83d0	65 4d 65 73 73 61 67 65 00 00 29 00 53 65 74 45 	eMessage00)0SetE
  0x83e0	76 65 6e 74 00 00 4e 00 49 49 44 46 72 6f 6d 53 	vent00N0IIDFromS
  0x83f0	74 72 69 6e 67 00 0c 00 57 69 6e 64 6f 77 73 44 	tring000WindowsD
  0x8400	65 6c 65 74 65 53 74 72 69 6e 67 00 00 00 43 6c 	eleteString000Cl
  0x8410	6f 73 65 48 61 6e 64 6c 65 00 13 00 43 6f 46 72 	oseHandle000CoFr
  0x8420	65 65 55 6e 75 73 65 64 4c 69 62 72 61 72 69 65 	eeUnusedLibrarie
  0x8430	73 00 07 00 52 61 69 73 65 45 78 63 65 70 74 69 	s000RaiseExcepti
  0x8440	6f 6e 00 00 0a 00 48 65 61 70 53 65 74 49 6e 66 	on0000HeapSetInf
  0x8450	6f 72 6d 61 74 69 6f 6e 00 00 02 00 48 65 61 70 	ormation0000Heap
  0x8460	41 6c 6c 6f 63 00 04 00 47 65 74 45 72 72 6f 72 	Alloc000GetError
  0x8470	4d 6f 64 65 00 00 00 00 47 65 74 50 72 6f 63 65 	Mode0000GetProce
  0x8480	73 73 48 65 61 70 00 00 28 00 43 6f 49 6e 69 74 	ssHeap00(0CoInit
  0x8490	69 61 6c 69 7a 65 45 78 00 00 52 00 54 6c 73 47 	ializeEx00R0TlsG
  0x84a0	65 74 56 61 6c 75 65 00 53 00 53 74 72 69 6e 67 	etValue0S0String
  0x84b0	46 72 6f 6d 43 4c 53 49 44 00 11 00 45 6e 74 65 	FromCLSID000Ente
  0x84c0	72 43 72 69 74 69 63 61 6c 53 65 63 74 69 6f 6e 	rCriticalSection
  0x84d0	00 00 09 00 43 6f 43 72 65 61 74 65 49 6e 73 74 	0000CoCreateInst
  0x84e0	61 6e 63 65 00 00 07 00 43 6f 43 72 65 61 74 65 	ance0000CoCreate
  0x84f0	46 72 65 65 54 68 72 65 61 64 65 64 4d 61 72 73 	FreeThreadedMars
  0x8500	68 61 6c 65 72 00 1d 00 4c 65 61 76 65 43 72 69 	haler000LeaveCri
  0x8510	74 69 63 61 6c 53 65 63 74 69 6f 6e 00 00 18 00 	ticalSection0000
  0x8520	49 6e 69 74 69 61 6c 69 7a 65 43 72 69 74 69 63 	InitializeCritic
  0x8530	61 6c 53 65 63 74 69 6f 6e 00 36 00 57 61 69 74 	alSection060Wait
  0x8540	46 6f 72 53 69 6e 67 6c 65 4f 62 6a 65 63 74 00 	ForSingleObject0
  0x8550	27 00 52 65 73 65 74 45 76 65 6e 74 00 00 0f 00 	'0ResetEvent0000
  0x8560	44 65 6c 65 74 65 43 72 69 74 69 63 61 6c 53 65 	DeleteCriticalSe
  0x8570	63 74 69 6f 6e 00 2d 00 53 6c 65 65 70 00 20 00 	ction0-0Sleep0 0
  0x8580	47 65 74 53 74 61 72 74 75 70 49 6e 66 6f 57 00 	GetStartupInfoW0
  0x8590	0f 00 53 65 74 55 6e 68 61 6e 64 6c 65 64 45 78 	00SetUnhandledEx
  0x85a0	63 65 70 74 69 6f 6e 46 69 6c 74 65 72 00 14 00 	ceptionFilter000
  0x85b0	47 65 74 4d 6f 64 75 6c 65 48 61 6e 64 6c 65 57 	GetModuleHandleW
  0x85c0	00 00 00 00 51 75 65 72 79 50 65 72 66 6f 72 6d 	0000QueryPerform
  0x85d0	61 6e 63 65 43 6f 75 6e 74 65 72 00 0d 00 47 65 	anceCounter000Ge
  0x85e0	74 43 75 72 72 65 6e 74 50 72 6f 63 65 73 73 49 	tCurrentProcessI
  0x85f0	64 00 11 00 47 65 74 43 75 72 72 65 6e 74 54 68 	d000GetCurrentTh
  0x8600	72 65 61 64 49 64 00 00 16 00 47 65 74 53 79 73 	readId0000GetSys
  0x8610	74 65 6d 54 69 6d 65 41 73 46 69 6c 65 54 69 6d 	temTimeAsFileTim
  0x8620	65 00 1a 00 47 65 74 54 69 63 6b 43 6f 75 6e 74 	e000GetTickCount
  0x8630	00 00 f2 02 52 74 6c 43 61 70 74 75 72 65 43 6f 	0000RtlCaptureCo
  0x8640	6e 74 65 78 74 00 e8 04 52 74 6c 4c 6f 6f 6b 75 	ntext000RtlLooku
  0x8650	70 46 75 6e 63 74 69 6f 6e 45 6e 74 72 79 00 00 	pFunctionEntry00
  0x8660	27 06 52 74 6c 56 69 72 74 75 61 6c 55 6e 77 69 	'0RtlVirtualUnwi
  0x8670	6e 64 00 00 11 00 55 6e 68 61 6e 64 6c 65 64 45 	nd0000UnhandledE
  0x8680	78 63 65 70 74 69 6f 6e 46 69 6c 74 65 72 00 00 	xceptionFilter00
  0x8690	0c 00 47 65 74 43 75 72 72 65 6e 74 50 72 6f 63 	00GetCurrentProc
  0x86a0	65 73 73 00 4e 00 54 65 72 6d 69 6e 61 74 65 50 	ess0N0TerminateP
  0x86b0	72 6f 63 65 73 73 00 00 09 00 45 76 65 6e 74 57 	rocess0000EventW
  0x86c0	72 69 74 65 54 72 61 6e 73 66 65 72 00 00 53 00 	riteTransfer00S0
  0x86d0	54 6c 73 53 65 74 56 61 6c 75 65 00 05 00 49 73 	TlsSetValue000Is
  0x86e0	44 65 62 75 67 67 65 72 50 72 65 73 65 6e 74 00 	DebuggerPresent0
  0x86f0	04 00 44 65 62 75 67 42 72 65 61 6b 00 00 13 00 	00DebugBreak0000
  0x8700	47 65 74 4d 6f 64 75 6c 65 48 61 6e 64 6c 65 45 	GetModuleHandleE
  0x8710	78 57 00 00 0c 00 46 72 65 65 4c 69 62 72 61 72 	xW0000FreeLibrar
  0x8720	79 00 61 70 69 2d 6d 73 2d 77 69 6e 2d 63 6f 72 	y0api-ms-win-cor
  0x8730	65 2d 68 65 61 70 2d 6c 31 2d 31 2d 30 2e 64 6c 	e-heap-l1-1-0.dl
  0x8740	6c 00 61 70 69 2d 6d 73 2d 77 69 6e 2d 63 6f 72 	l0api-ms-win-cor
  0x8750	65 2d 65 72 72 6f 72 68 61 6e 64 6c 69 6e 67 2d 	e-errorhandling-
  0x8760	6c 31 2d 31 2d 30 2e 64 6c 6c 00 00 61 70 69 2d 	l1-1-0.dll00api-
  0x8770	6d 73 2d 77 69 6e 2d 63 6f 72 65 2d 70 72 6f 63 	ms-win-core-proc
  0x8780	65 73 73 65 6e 76 69 72 6f 6e 6d 65 6e 74 2d 6c 	essenvironment-l
  0x8790	31 2d 31 2d 30 2e 64 6c 6c 00 61 70 69 2d 6d 73 	1-1-0.dll0api-ms
  0x87a0	2d 77 69 6e 2d 63 6f 72 65 2d 63 6f 6d 2d 6c 31 	-win-core-com-l1
  0x87b0	2d 31 2d 30 2e 64 6c 6c 00 00 61 70 69 2d 6d 73 	-1-0.dll00api-ms
  0x87c0	2d 77 69 6e 2d 63 6f 72 65 2d 77 69 6e 72 74 2d 	-win-core-winrt-
  0x87d0	73 74 72 69 6e 67 2d 6c 31 2d 31 2d 30 2e 64 6c 	string-l1-1-0.dl
  0x87e0	6c 00 61 70 69 2d 6d 73 2d 77 69 6e 2d 63 6f 72 	l0api-ms-win-cor
  0x87f0	65 2d 77 69 6e 72 74 2d 6c 31 2d 31 2d 30 2e 64 	e-winrt-l1-1-0.d
  0x8800	6c 6c 00 00 61 70 69 2d 6d 73 2d 77 69 6e 2d 63 	ll00api-ms-win-c
  0x8810	6f 72 65 2d 73 79 6e 63 68 2d 6c 31 2d 31 2d 30 	ore-synch-l1-1-0
  0x8820	2e 64 6c 6c 00 00 61 70 69 2d 6d 73 2d 77 69 6e 	.dll00api-ms-win
  0x8830	2d 63 6f 72 65 2d 70 72 6f 63 65 73 73 74 68 72 	-core-processthr
  0x8840	65 61 64 73 2d 6c 31 2d 31 2d 31 2e 64 6c 6c 00 	eads-l1-1-1.dll0
  0x8850	61 70 69 2d 6d 73 2d 77 69 6e 2d 65 76 65 6e 74 	api-ms-win-event
  0x8860	69 6e 67 2d 63 6c 61 73 73 69 63 70 72 6f 76 69 	ing-classicprovi
  0x8870	64 65 72 2d 6c 31 2d 31 2d 30 2e 64 6c 6c 00 00 	der-l1-1-0.dll00
  0x8880	61 70 69 2d 6d 73 2d 77 69 6e 2d 63 6f 72 65 2d 	api-ms-win-core-
  0x8890	68 61 6e 64 6c 65 2d 6c 31 2d 31 2d 30 2e 64 6c 	handle-l1-1-0.dl
  0x88a0	6c 00 61 70 69 2d 6d 73 2d 77 69 6e 2d 63 6f 72 	l0api-ms-win-cor
  0x88b0	65 2d 70 72 6f 63 65 73 73 74 68 72 65 61 64 73 	e-processthreads
  0x88c0	2d 6c 31 2d 31 2d 30 2e 64 6c 6c 00 61 70 69 2d 	-l1-1-0.dll0api-
  0x88d0	6d 73 2d 77 69 6e 2d 63 6f 72 65 2d 73 79 6e 63 	ms-win-core-sync
  0x88e0	68 2d 6c 31 2d 32 2d 30 2e 64 6c 6c 00 00 61 70 	h-l1-2-0.dll00ap
  0x88f0	69 2d 6d 73 2d 77 69 6e 2d 63 6f 72 65 2d 6c 69 	i-ms-win-core-li
  0x8900	62 72 61 72 79 6c 6f 61 64 65 72 2d 6c 31 2d 32 	braryloader-l1-2
  0x8910	2d 30 2e 64 6c 6c 00 00 61 70 69 2d 6d 73 2d 77 	-0.dll00api-ms-w
  0x8920	69 6e 2d 63 6f 72 65 2d 70 72 6f 66 69 6c 65 2d 	in-core-profile-
  0x8930	6c 31 2d 31 2d 30 2e 64 6c 6c 00 00 61 70 69 2d 	l1-1-0.dll00api-
  0x8940	6d 73 2d 77 69 6e 2d 63 6f 72 65 2d 73 79 73 69 	ms-win-core-sysi
  0x8950	6e 66 6f 2d 6c 31 2d 31 2d 30 2e 64 6c 6c 00 00 	nfo-l1-1-0.dll00
  0x8960	61 70 69 2d 6d 73 2d 77 69 6e 2d 63 6f 72 65 2d 	api-ms-win-core-
  0x8970	72 74 6c 73 75 70 70 6f 72 74 2d 6c 31 2d 31 2d 	rtlsupport-l1-1-
  0x8980	30 2e 64 6c 6c 00 61 70 69 2d 6d 73 2d 77 69 6e 	0.dll0api-ms-win
  0x8990	2d 65 76 65 6e 74 69 6e 67 2d 70 72 6f 76 69 64 	-eventing-provid
  0x89a0	65 72 2d 6c 31 2d 31 2d 30 2e 64 6c 6c 00 61 70 	er-l1-1-0.dll0ap
  0x89b0	69 2d 6d 73 2d 77 69 6e 2d 63 6f 72 65 2d 64 65 	i-ms-win-core-de
  0x89c0	62 75 67 2d 6c 31 2d 31 2d 30 2e 64 6c 6c 00 00 	bug-l1-1-0.dll00
  0x89d0	03 00 41 70 70 50 6f 6c 69 63 79 47 65 74 4d 65 	00AppPolicyGetMe
  0x89e0	64 69 61 46 6f 75 6e 64 61 74 69 6f 6e 43 6f 64 	diaFoundationCod
  0x89f0	65 63 4c 6f 61 64 69 6e 67 00 61 70 69 2d 6d 73 	ecLoading0api-ms
  0x8a00	2d 77 69 6e 2d 61 70 70 6d 6f 64 65 6c 2d 72 75 	-win-appmodel-ru
  0x8a10	6e 74 69 6d 65 2d 6c 31 2d 31 2d 32 2e 64 6c 6c 	ntime-l1-1-2.dll
  0x8a20	00 00 1a 00 4d 46 43 72 65 61 74 65 50 4d 50 48 	0000MFCreatePMPH
  0x8a30	6f 73 74 00 4d 46 43 4f 52 45 2e 64 6c 6c 00 00 	ost0MFCORE.dll00
  0x8a40	c9 00 4d 46 53 68 75 74 64 6f 77 6e 00 00 cb 00 	00MFShutdown0000
  0x8a50	4d 46 53 74 61 72 74 75 70 00 81 00 4d 46 47 65 	MFStartup000MFGe
  0x8a60	74 43 61 6c 6c 53 74 61 63 6b 54 72 61 63 69 6e 	tCallStackTracin
  0x8a70	67 57 65 61 6b 52 65 66 65 72 65 6e 63 65 00 00 	gWeakReference00
  0x8a80	92 00 4d 46 47 65 74 53 79 73 74 65 6d 54 69 6d 	00MFGetSystemTim
  0x8a90	65 00 4d 46 50 6c 61 74 2e 44 4c 4c 00 00 a4 04 	e0MFPlat.DLL0000
  0x8aa0	71 73 6f 72 74 00 cf 04 73 74 72 6e 63 70 79 5f 	qsort000strncpy_
  0x8ab0	73 00 d0 04 73 74 72 6e 6c 65 6e 00 00 00 41 70 	s000strnlen000Ap
  0x8ac0	69 53 65 74 51 75 65 72 79 41 70 69 53 65 74 50 	iSetQueryApiSetP
  0x8ad0	72 65 73 65 6e 63 65 00 01 00 52 65 73 6f 6c 76 	resence000Resolv
  0x8ae0	65 44 65 6c 61 79 4c 6f 61 64 65 64 41 50 49 00 	eDelayLoadedAPI0
  0x8af0	00 00 44 65 6c 61 79 4c 6f 61 64 46 61 69 6c 75 	00DelayLoadFailu
  0x8b00	72 65 48 6f 6f 6b 00 00 61 70 69 2d 6d 73 2d 77 	reHook00api-ms-w
  0x8b10	69 6e 2d 63 6f 72 65 2d 61 70 69 71 75 65 72 79 	in-core-apiquery
  0x8b20	2d 6c 31 2d 31 2d 30 2e 64 6c 6c 00 61 70 69 2d 	-l1-1-0.dll0api-
  0x8b30	6d 73 2d 77 69 6e 2d 63 6f 72 65 2d 64 65 6c 61 	ms-win-core-dela
  0x8b40	79 6c 6f 61 64 2d 6c 31 2d 31 2d 31 2e 64 6c 6c 	yload-l1-1-1.dll
  0x8b50	00 00 61 70 69 2d 6d 73 2d 77 69 6e 2d 63 6f 72 	00api-ms-win-cor
  0x8b60	65 2d 64 65 6c 61 79 6c 6f 61 64 2d 6c 31 2d 31 	e-delayload-l1-1
  0x8b70	2d 30 2e 64 6c 6c 00 00 92 04 6d 65 6d 63 70 79 	-0.dll0000memcpy
  0x8b80	00 00 96 04 6d 65 6d 73 65 74 00 00 00 00 00 00 	0000memset000000
  0x8b90	00 00 00 00 00 00 00 00 00 00 00 00 00 00 00 00 	0000000000000000
  0x8ba0	00 00 00 00 00 00 00 00 00 00 00 00 00 00 00 00 	0000000000000000
  0x8bb0	00 00 00 00 00 00 00 00 00 00 00 00 00 00 00 00 	0000000000000000
  0x8bc0	00 00 00 00 00 00 00 00 00 00 00 00 00 00 00 00 	0000000000000000
  0x8bd0	00 00 00 00 00 00 00 00 00 00 00 00 00 00 00 00 	0000000000000000
  0x8be0	00 00 00 00 00 00 00 00 00 00 00 00 00 00 00 00 	0000000000000000
  0x8bf0	00 00 00 00 00 00 00 00 00 00 00 00 00 00 00 00 	0000000000000000
=== DATA BLOCK END ===

=== DATA BLOCK ADDRESS 0x9000 ===
  0x9000	00 00 00 00 00 00 00 00 00 00 00 00 00 00 00 00 	0000000000000000
  0x9010	00 00 00 00 00 00 00 00 00 00 00 00 00 00 00 00 	0000000000000000
  0x9020	00 00 00 00 00 00 00 00 00 00 04 00 00 00 00 00 	0000000000000000
  0x9030	00 a0 00 40 01 00 00 00 40 6b 00 40 01 00 00 00 	000@0000@k0@0000
  0x9040	60 6b 00 40 01 00 00 00 48 90 00 40 01 00 00 00 	`k0@0000H00@0000
  0x9050	01 00 00 00 00 00 00 00 32 a2 df 2d 99 2b 00 00 	00000000200-0+00
  0x9060	cd 5d 20 d2 66 d4 ff ff 00 00 00 00 00 00 00 00 	0] 0f00000000000
  0x9070	00 00 00 00 00 00 00 00 00 00 00 00 00 00 00 00 	0000000000000000
  0x9080	00 00 00 00 00 00 00 00 00 00 00 00 00 00 00 00 	0000000000000000
  0x9090	00 00 00 00 00 00 00 00 00 00 00 00 00 00 00 00 	0000000000000000
  0x90a0	00 00 00 00 00 00 00 00 00 00 00 00 00 00 00 00 	0000000000000000
  0x90b0	00 00 00 00 00 00 00 00 00 00 00 00 00 00 00 00 	0000000000000000
  0x90c0	00 00 00 00 00 00 00 00 00 00 00 00 00 00 00 00 	0000000000000000
  0x90d0	00 00 00 00 00 00 00 00 00 00 00 00 00 00 00 00 	0000000000000000
  0x90e0	00 00 00 00 00 00 00 00 00 00 00 00 00 00 00 00 	0000000000000000
  0x90f0	00 00 00 00 00 00 00 00 00 00 00 00 00 00 00 00 	0000000000000000
  0x9100	00 00 00 00 00 00 00 00 00 00 00 00 00 00 00 00 	0000000000000000
  0x9110	00 00 00 00 00 00 00 00 00 00 00 00 00 00 00 00 	0000000000000000
  0x9120	00 00 00 00 00 00 00 00 00 00 00 00 00 00 00 00 	0000000000000000
  0x9130	00 00 00 00 00 00 00 00 00 00 00 00 00 00 00 00 	0000000000000000
  0x9140	00 00 00 00 00 00 00 00 00 00 00 00 00 00 00 00 	0000000000000000
  0x9150	00 00 00 00 00 00 00 00 00 00 00 00 00 00 00 00 	0000000000000000
  0x9160	00 00 00 00 00 00 00 00 00 00 00 00 00 00 00 00 	0000000000000000
  0x9170	00 00 00 00 00 00 00 00 00 00 00 00 00 00 00 00 	0000000000000000
  0x9180	00 00 00 00 00 00 00 00 00 00 00 00 00 00 00 00 	0000000000000000
  0x9190	00 00 00 00 00 00 00 00 00 00 00 00 00 00 00 00 	0000000000000000
  0x91a0	00 00 00 00 00 00 00 00 00 00 00 00 00 00 00 00 	0000000000000000
  0x91b0	00 00 00 00 00 00 00 00 00 00 00 00 00 00 00 00 	0000000000000000
  0x91c0	00 00 00 00 00 00 00 00 00 00 00 00 00 00 00 00 	0000000000000000
  0x91d0	00 00 00 00 00 00 00 00 00 00 00 00 00 00 00 00 	0000000000000000
  0x91e0	00 00 00 00 00 00 00 00 00 00 00 00 00 00 00 00 	0000000000000000
  0x91f0	00 00 00 00 00 00 00 00 00 00 00 00 00 00 00 00 	0000000000000000
=== DATA BLOCK END ===

=== DATA BLOCK ADDRESS 0xb000 ===
  0xb000	00 10 00 00 19 10 00 00 c8 73 00 00 20 10 00 00 	000000000s00 000
  0xb010	4a 10 00 00 f8 70 00 00 4a 10 00 00 21 12 00 00 	J0000p00J000!000
  0xb020	0c 71 00 00 21 12 00 00 51 13 00 00 30 71 00 00 	0q00!000Q0000q00
  0xb030	51 13 00 00 6a 18 00 00 44 71 00 00 6a 18 00 00 	Q000j000Dq00j000
  0xb040	a9 18 00 00 58 71 00 00 a9 18 00 00 d3 18 00 00 	0000Xq0000000000
  0xb050	68 71 00 00 e0 18 00 00 43 1b 00 00 e0 72 00 00 	hq000000C0000r00
  0xb060	50 1b 00 00 75 1c 00 00 00 73 00 00 80 1c 00 00 	P000u0000s000000
  0xb070	df 1c 00 00 28 73 00 00 f0 1c 00 00 48 1d 00 00 	0000(s000000H000
  0xb080	34 73 00 00 48 1d 00 00 53 1d 00 00 44 73 00 00 	4s00H000S000Ds00
  0xb090	53 1d 00 00 d8 1d 00 00 58 73 00 00 d8 1d 00 00 	S0000000Xs000000
  0xb0a0	ce 1e 00 00 6c 73 00 00 ce 1e 00 00 cf 1e 00 00 	0000ls0000000000
  0xb0b0	7c 73 00 00 00 1f 00 00 4c 1f 00 00 c8 73 00 00 	|s000000L0000s00
  0xb0c0	60 1f 00 00 b9 1f 00 00 d0 73 00 00 e0 1f 00 00 	`00000000s000000
  0xb0d0	62 20 00 00 28 73 00 00 70 20 00 00 89 20 00 00 	b 00(s00p 000 00
  0xb0e0	e8 73 00 00 89 20 00 00 33 21 00 00 f4 73 00 00 	0s000 003!000s00
  0xb0f0	33 21 00 00 3f 21 00 00 08 74 00 00 3f 21 00 00 	3!00?!000t00?!00
  0xb100	7c 21 00 00 18 74 00 00 7c 21 00 00 7d 21 00 00 	|!000t00|!00}!00
  0xb110	2c 74 00 00 7d 21 00 00 93 21 00 00 3c 74 00 00 	,t00}!000!00<t00
  0xb120	93 21 00 00 be 21 00 00 50 74 00 00 be 21 00 00 	0!000!00Pt000!00
  0xb130	eb 21 00 00 64 74 00 00 00 22 00 00 05 23 00 00 	0!00dt000"000#00
  0xb140	98 74 00 00 20 23 00 00 3f 23 00 00 a0 74 00 00 	0t00 #00?#000t00
  0xb150	3f 23 00 00 78 23 00 00 ac 74 00 00 78 23 00 00 	?#00x#000t00x#00
  0xb160	1e 24 00 00 c0 74 00 00 1e 24 00 00 23 24 00 00 	0$000t000$00#$00
  0xb170	dc 74 00 00 23 24 00 00 2d 24 00 00 ec 74 00 00 	0t00#$00-$000t00
  0xb180	2d 24 00 00 33 24 00 00 fc 74 00 00 33 24 00 00 	-$003$000t003$00
  0xb190	37 24 00 00 1c 75 00 00 40 24 00 00 5a 24 00 00 	7$000u00@$00Z$00
  0xb1a0	84 75 00 00 5a 24 00 00 97 24 00 00 90 75 00 00 	0u00Z$000$000u00
  0xb1b0	97 24 00 00 a6 24 00 00 a4 75 00 00 a6 24 00 00 	0$000$000u000$00
  0xb1c0	d9 24 00 00 b4 75 00 00 e0 24 00 00 02 25 00 00 	0$000u000$000%00
  0xb1d0	dc 75 00 00 10 25 00 00 4d 25 00 00 f4 75 00 00 	0u000%00M%000u00
  0xb1e0	a0 25 00 00 4a 26 00 00 c8 73 00 00 5c 26 00 00 	0%00J&000s000&00
  0xb1f0	95 26 00 00 28 73 00 00 a0 26 00 00 73 27 00 00 	0&00(s000&00s'00
  0xb200	c8 73 00 00 80 27 00 00 c9 27 00 00 f4 75 00 00 	0s000'000'000u00
  0xb210	d0 27 00 00 34 2a 00 00 fc 75 00 00 40 2a 00 00 	0'004*000u00@*00
  0xb220	52 2a 00 00 c8 73 00 00 70 2a 00 00 8e 2a 00 00 	R*000s00p*000*00
  0xb230	38 76 00 00 c0 2a 00 00 f9 2a 00 00 c8 73 00 00 	8v000*000*000s00
  0xb240	00 2b 00 00 18 2b 00 00 c8 73 00 00 2c 2b 00 00 	0+000+000s00,+00
  0xb250	80 2b 00 00 3c 76 00 00 88 2b 00 00 cd 2b 00 00 	0+00<v000+000+00
  0xb260	98 74 00 00 40 2c 00 00 8d 2c 00 00 5c 76 00 00 	0t00@,000,000v00
  0xb270	d4 2c 00 00 a8 2d 00 00 80 76 00 00 c8 2d 00 00 	0,000-000v000-00
  0xb280	55 2e 00 00 8c 76 00 00 5c 2e 00 00 73 2e 00 00 	U.000v000.00s.00
  0xb290	c8 73 00 00 8c 2e 00 00 c0 2e 00 00 98 74 00 00 	0s000.000.000t00
  0xb2a0	d0 2e 00 00 41 30 00 00 ac 76 00 00 78 30 00 00 	0.00A0000v00x000
  0xb2b0	c6 30 00 00 c8 73 00 00 d8 30 00 00 4f 31 00 00 	00000s000000O100
  0xb2c0	bc 76 00 00 75 31 00 00 ec 31 00 00 c4 76 00 00 	0v00u10001000v00
  0xb2d0	1c 32 00 00 7e 32 00 00 f4 75 00 00 84 32 00 00 	0200~2000u000200
  0xb2e0	38 33 00 00 6c 77 00 00 4c 33 00 00 69 33 00 00 	8300lw00L300i300
  0xb2f0	c8 73 00 00 70 33 00 00 cb 33 00 00 70 7a 00 00 	0s00p3000300pz00
  0xb300	00 34 00 00 02 34 00 00 b8 76 00 00 70 34 00 00 	040004000v00p400
  0xb310	8e 34 00 00 30 76 00 00 a0 34 00 00 c0 34 00 00 	04000v0004000400
  0xb320	30 76 00 00 c6 34 00 00 e1 34 00 00 30 76 00 00 	0v00040004000v00
  0xb330	f6 34 00 00 3b 35 00 00 7c 71 00 00 3b 35 00 00 	0400;500|q00;500
  0xb340	2f 36 00 00 a0 71 00 00 2f 36 00 00 73 3b 00 00 	/6000q00/600s;00
  0xb350	c8 71 00 00 73 3b 00 00 80 3b 00 00 f4 71 00 00 	0q00s;000;000q00
  0xb360	80 3b 00 00 92 3b 00 00 1c 72 00 00 92 3b 00 00 	0;000;000r000;00
  0xb370	ba 3b 00 00 40 72 00 00 ba 3b 00 00 68 3c 00 00 	0;00@r000;00h<00
  0xb380	60 72 00 00 68 3c 00 00 19 3d 00 00 7c 72 00 00 	`r00h<000=00|r00
  0xb390	19 3d 00 00 50 3d 00 00 8c 72 00 00 50 3d 00 00 	0=00P=000r00P=00
  0xb3a0	5b 3d 00 00 b8 72 00 00 5c 3d 00 00 9e 3f 00 00 	[=000r000=000?00
  0xb3b0	f0 72 00 00 9e 3f 00 00 4e 40 00 00 18 73 00 00 	0r000?00N@000s00
  0xb3c0	4e 40 00 00 5f 40 00 00 8c 73 00 00 5f 40 00 00 	N@00_@000s00_@00
  0xb3d0	70 40 00 00 9c 73 00 00 70 40 00 00 e6 40 00 00 	p@000s00p@000@00
  0xb3e0	b4 73 00 00 e6 40 00 00 f5 40 00 00 d8 73 00 00 	0s000@000@000s00
  0xb3f0	f6 40 00 00 00 41 00 00 74 74 00 00 00 41 00 00 	0@000A00tt000A00
  0xb400	17 41 00 00 84 74 00 00 18 41 00 00 76 41 00 00 	0A000t000A00vA00
  0xb410	2c 75 00 00 76 41 00 00 bf 41 00 00 4c 75 00 00 	,u00vA000A00Lu00
  0xb420	bf 41 00 00 24 42 00 00 60 75 00 00 24 42 00 00 	0A00$B00`u00$B00
  0xb430	35 42 00 00 70 75 00 00 36 42 00 00 47 42 00 00 	5B00pu006B00GB00
  0xb440	c8 75 00 00 48 42 00 00 69 42 00 00 e4 75 00 00 	0u00HB00iB000u00
  0xb450	70 42 00 00 eb 42 00 00 10 77 00 00 f4 42 00 00 	pB000B000w000B00
  0xb460	31 43 00 00 c8 73 00 00 38 43 00 00 83 43 00 00 	1C000s008C000C00
  0xb470	20 77 00 00 b0 43 00 00 bf 43 00 00 cc 76 00 00 	 w000C000C000v00
  0xb480	bf 43 00 00 1a 44 00 00 d4 76 00 00 1a 44 00 00 	0C000D000v000D00
  0xb490	21 44 00 00 e8 76 00 00 28 44 00 00 68 44 00 00 	!D000v00(D00hD00
  0xb4a0	08 77 00 00 70 44 00 00 f8 44 00 00 00 77 00 00 	0w00pD000D000w00
  0xb4b0	00 45 00 00 4e 45 00 00 f8 76 00 00 54 45 00 00 	0E00NE000v00TE00
  0xb4c0	f4 45 00 00 98 74 00 00 00 46 00 00 30 46 00 00 	0E000t000F000F00
  0xb4d0	28 73 00 00 40 46 00 00 67 46 00 00 f4 75 00 00 	(s00@F00gF000u00
  0xb4e0	8c 46 00 00 ce 47 00 00 40 77 00 00 e0 47 00 00 	0F000G00@w000G00
  0xb4f0	46 48 00 00 28 73 00 00 4c 48 00 00 12 49 00 00 	FH00(s00LH000I00
  0xb500	34 77 00 00 18 49 00 00 27 4b 00 00 60 77 00 00 	4w000I00'K00`w00
  0xb510	30 4b 00 00 7c 4b 00 00 28 73 00 00 90 4b 00 00 	0K00|K00(s000K00
  0xb520	2c 4c 00 00 34 77 00 00 34 4c 00 00 d3 4c 00 00 	,L004w004L000L00
  0xb530	58 77 00 00 dc 4c 00 00 9f 4d 00 00 10 77 00 00 	Xw000L000M000w00
  0xb540	a8 4d 00 00 f5 4d 00 00 10 77 00 00 fc 4d 00 00 	0M000M000w000M00
  0xb550	18 4e 00 00 80 77 00 00 18 4e 00 00 3a 4e 00 00 	0N000w000N00:N00
  0xb560	88 77 00 00 3a 4e 00 00 56 4e 00 00 9c 77 00 00 	0w00:N00VN000w00
  0xb570	60 4e 00 00 90 4e 00 00 28 73 00 00 a0 4e 00 00 	`N000N00(s000N00
  0xb580	68 4f 00 00 40 78 00 00 70 4f 00 00 81 4f 00 00 	hO00@x00pO000O00
  0xb590	14 78 00 00 81 4f 00 00 dd 4f 00 00 1c 78 00 00 	0x000O000O000x00
  0xb5a0	dd 4f 00 00 e9 4f 00 00 30 78 00 00 f0 4f 00 00 	0O000O000x000O00
  0xb5b0	47 50 00 00 10 77 00 00 50 50 00 00 9b 50 00 00 	GP000w00PP000P00
  0xb5c0	98 74 00 00 a4 50 00 00 dc 50 00 00 58 78 00 00 	0t000P000P00Xx00
  0xb5d0	dc 50 00 00 6b 51 00 00 64 78 00 00 6b 51 00 00 	0P00kQ00dx00kQ00
  0xb5e0	77 51 00 00 78 78 00 00 80 51 00 00 92 51 00 00 	wQ00xx000Q000Q00
  0xb5f0	ac 77 00 00 92 51 00 00 ed 51 00 00 b8 77 00 00 	0w000Q000Q000w00
  0xb600	ed 51 00 00 ef 51 00 00 cc 77 00 00 f8 51 00 00 	0Q000Q000w000Q00
  0xb610	42 52 00 00 28 73 00 00 48 52 00 00 e3 52 00 00 	BR00(s00HR000R00
  0xb620	88 78 00 00 f0 52 00 00 4a 53 00 00 dc 77 00 00 	0x000R00JS000w00
  0xb630	4a 53 00 00 8b 53 00 00 f0 77 00 00 8b 53 00 00 	JS000S000w000S00
  0xb640	ae 53 00 00 04 78 00 00 c0 53 00 00 0b 54 00 00 	0S000x000S000T00
  0xb650	98 74 00 00 14 54 00 00 bc 54 00 00 90 79 00 00 	0t000T000T000y00
  0xb660	c4 54 00 00 2c 55 00 00 28 73 00 00 6c 55 00 00 	0T00,U00(s00lU00
  0xb670	81 55 00 00 2c 7a 00 00 81 55 00 00 c2 55 00 00 	0U00,z000U000U00
  0xb680	34 7a 00 00 c2 55 00 00 f3 55 00 00 48 7a 00 00 	4z000U000U00Hz00
  0xb690	fc 55 00 00 40 56 00 00 a4 79 00 00 40 56 00 00 	0U00@V000y00@V00
  0xb6a0	0e 57 00 00 b8 79 00 00 0e 57 00 00 23 57 00 00 	0W000y000W00#W00
  0xb6b0	cc 79 00 00 2c 57 00 00 6d 57 00 00 dc 79 00 00 	0y00,W00mW000y00
  0xb6c0	6d 57 00 00 7b 58 00 00 ec 79 00 00 7b 58 00 00 	mW00{X000y00{X00
  0xb6d0	8f 58 00 00 04 7a 00 00 8f 58 00 00 94 58 00 00 	0X000z000X000X00
  0xb6e0	14 7a 00 00 9c 58 00 00 af 58 00 00 9c 78 00 00 	0z000X000X000x00
  0xb6f0	af 58 00 00 87 59 00 00 a8 78 00 00 87 59 00 00 	0X000Y000x000Y00
  0xb700	88 59 00 00 c0 78 00 00 e0 59 00 00 0f 5a 00 00 	0Y000x000Y000Z00
  0xb710	d0 78 00 00 0f 5a 00 00 4b 5a 00 00 dc 78 00 00 	0x000Z00KZ000x00
  0xb720	4b 5a 00 00 8e 5a 00 00 f8 78 00 00 8e 5a 00 00 	KZ000Z000x000Z00
  0xb730	de 5a 00 00 0c 79 00 00 de 5a 00 00 e3 5a 00 00 	0Z000y000Z000Z00
  0xb740	20 79 00 00 e3 5a 00 00 f2 5a 00 00 30 79 00 00 	 y000Z000Z000y00
  0xb750	f2 5a 00 00 fc 5a 00 00 40 79 00 00 fc 5a 00 00 	0Z000Z00@y000Z00
  0xb760	00 5b 00 00 50 79 00 00 00 5b 00 00 04 5b 00 00 	0[00Py000[000[00
  0xb770	70 79 00 00 0c 5b 00 00 9c 5b 00 00 80 79 00 00 	py000[000[000y00
  0xb780	a4 5b 00 00 59 5c 00 00 20 77 00 00 60 5c 00 00 	0[00Y000 w00`000
  0xb790	a1 5c 00 00 98 74 00 00 a8 5c 00 00 55 5d 00 00 	00000t000000U]00
  0xb7a0	58 7a 00 00 5c 5d 00 00 c0 5d 00 00 28 73 00 00 	Xz000]000]00(s00
  0xb7b0	00 00 00 00 00 00 00 00 00 00 00 00 00 00 00 00 	0000000000000000
  0xb7c0	00 00 00 00 00 00 00 00 00 00 00 00 00 00 00 00 	0000000000000000
  0xb7d0	00 00 00 00 00 00 00 00 00 00 00 00 00 00 00 00 	0000000000000000
  0xb7e0	00 00 00 00 00 00 00 00 00 00 00 00 00 00 00 00 	0000000000000000
  0xb7f0	00 00 00 00 00 00 00 00 00 00 00 00 00 00 00 00 	0000000000000000
=== DATA BLOCK END ===
