===== Assembly blocks =====

=== CODE BLOCK ADDRESS 0x1000 ===
=== CODE BLOCK END ===

=== DATA BLOCK ADDRESS 0x8000 ===
  0x8000	f0 61 00 40 01 00 00 00 00 6c 00 40 01 00 00 00 	0a0@00000l0@0000
  0x8010	30 62 00 40 01 00 00 00 50 c2 00 40 01 00 00 00 	0b0@0000P00@0000
  0x8020	f0 c2 00 40 01 00 00 00 20 69 00 40 01 00 00 00 	000@0000 i0@0000
  0x8030	70 6a 00 40 01 00 00 00 4c 00 4e 00 00 00 00 00 	pj0@0000L0N00000
  0x8040	b0 90 00 40 01 00 00 00 4c 00 4e 00 00 00 00 00 	000@0000L0N00000
  0x8050	00 91 00 40 01 00 00 00 4c 00 4e 00 00 00 00 00 	000@0000L0N00000
  0x8060	50 91 00 40 01 00 00 00 00 00 00 00 00 00 00 00 	P00@000000000000
  0x8070	18 01 00 00 00 00 00 00 00 00 00 00 00 00 00 00 	0000000000000000
  0x8080	00 00 00 00 00 00 00 00 00 00 00 00 00 00 00 00 	0000000000000000
  0x8090	00 00 00 00 00 00 00 00 00 00 00 00 00 00 00 00 	0000000000000000
  0x80a0	00 00 00 00 00 00 00 00 00 00 00 00 00 00 00 00 	0000000000000000
  0x80b0	00 00 00 00 00 00 00 00 00 00 00 00 00 00 00 00 	0000000000000000
  0x80c0	00 00 00 00 00 00 00 00 b8 c1 00 40 01 00 00 00 	00000000000@0000
  0x80d0	00 00 00 00 00 00 00 00 00 00 00 00 00 00 00 00 	0000000000000000
  0x80e0	a0 8e 00 40 01 00 00 00 a8 8e 00 40 01 00 00 00 	000@0000000@0000
  0x80f0	44 8f 00 40 01 00 00 00 3e 00 00 00 00 00 00 00 	D00@0000>0000000
  0x8100	00 75 41 00 00 00 00 00 00 00 00 00 00 00 00 00 	0uA0000000000000
  0x8110	3c 90 00 40 01 00 00 00 01 00 00 00 00 00 00 00 	<00@000000000000
  0x8120	00 00 00 00 00 00 00 00 00 00 00 00 00 00 00 00 	0000000000000000
  0x8130	00 00 00 00 00 00 00 00 00 00 00 00 00 00 00 00 	0000000000000000
  0x8140	00 00 00 00 00 00 00 00 00 00 00 00 00 00 00 00 	0000000000000000
  0x8150	00 00 00 00 00 00 00 00 00 00 00 00 00 00 00 00 	0000000000000000
  0x8160	00 00 00 00 00 00 00 00 00 00 00 00 00 00 00 00 	0000000000000000
  0x8170	00 00 00 00 00 00 00 00 08 8f 00 40 01 00 00 00 	00000000000@0000
  0x8180	0f 00 00 00 00 00 00 00 f0 43 00 40 01 00 00 00 	000000000C0@0000
  0x8190	90 44 00 40 01 00 00 00 10 44 00 40 01 00 00 00 	0D0@00000D0@0000
  0x81a0	00 38 00 40 01 00 00 00 70 38 00 40 01 00 00 00 	080@0000p80@0000
  0x81b0	d0 47 00 40 01 00 00 00 e0 47 00 40 01 00 00 00 	0G0@00000G0@0000
  0x81c0	c0 47 00 40 01 00 00 00 00 41 00 40 01 00 00 00 	0G0@00000A0@0000
  0x81d0	90 40 00 40 01 00 00 00 60 3f 00 40 01 00 00 00 	0@0@0000`?0@0000
  0x81e0	c0 3e 00 40 01 00 00 00 b0 5c 00 40 01 00 00 00 	0>0@0000000@0000
  0x81f0	10 1a 00 40 01 00 00 00 30 1a 00 40 01 00 00 00 	000@0000000@0000
  0x8200	40 1a 00 40 01 00 00 00 40 1b 00 40 01 00 00 00 	@00@0000@00@0000
  0x8210	f0 1d 00 40 01 00 00 00 00 1b 00 40 01 00 00 00 	000@0000000@0000
  0x8220	f0 44 00 40 01 00 00 00 a0 45 00 40 01 00 00 00 	0D0@00000E0@0000
  0x8230	10 45 00 40 01 00 00 00 f0 5c 00 40 01 00 00 00 	0E0@0000000@0000
  0x8240	00 46 00 40 01 00 00 00 50 6a 00 40 01 00 00 00 	0F0@0000Pj0@0000
  0x8250	50 6a 00 40 01 00 00 00 50 6a 00 40 01 00 00 00 	Pj0@0000Pj0@0000
  0x8260	00 38 00 40 01 00 00 00 70 38 00 40 01 00 00 00 	080@0000p80@0000
  0x8270	f0 47 00 40 01 00 00 00 b0 50 00 40 01 00 00 00 	0G0@00000P0@0000
  0x8280	b0 48 00 40 01 00 00 00 a0 50 00 40 01 00 00 00 	0H0@00000P0@0000
  0x8290	10 50 00 40 01 00 00 00 80 48 00 40 01 00 00 00 	0P0@00000H0@0000
  0x82a0	80 88 00 40 01 00 00 00 d0 60 00 40 01 00 00 00 	000@00000`0@0000
  0x82b0	f0 60 00 40 01 00 00 00 38 c8 00 40 01 00 00 00 	0`0@0000800@0000
  0x82c0	00 00 00 00 00 00 00 00 00 00 00 00 00 00 00 00 	0000000000000000
  0x82d0	00 00 00 00 00 00 00 00 00 00 00 00 00 00 00 00 	0000000000000000
  0x82e0	c2 9c 00 40 01 00 00 00 01 00 00 00 00 00 0a 00 	000@000000000000
  0x82f0	00 00 00 00 00 00 00 00 6e 02 01 08 00 00 00 00 	00000000n0000000
  0x8300	00 00 00 00 00 00 00 00 00 00 00 00 00 00 00 00 	0000000000000000
  0x8310	00 00 00 00 00 00 00 00 01 00 00 02 00 00 00 00 	0000000000000000
  0x8320	00 00 00 00 00 00 00 00 c0 86 00 40 01 00 00 00 	00000000000@0000
  0x8330	00 00 00 00 00 00 00 00 00 00 00 00 00 00 00 00 	0000000000000000
  0x8340	a0 95 00 40 01 00 00 00 08 00 00 00 00 00 00 00 	000@000000000000
  0x8350	01 00 00 00 00 00 00 00 80 95 00 40 01 00 00 00 	00000000000@0000
  0x8360	08 00 00 00 00 00 00 00 01 00 00 00 00 00 00 00 	0000000000000000
  0x8370	40 95 00 40 01 00 00 00 00 00 00 00 00 00 00 00 	@00@000000000000
  0x8380	01 00 00 00 00 00 00 00 00 00 00 00 00 00 00 00 	0000000000000000
  0x8390	00 00 00 00 00 00 00 00 00 00 00 00 00 00 00 00 	0000000000000000
  0x83a0	b0 95 00 40 01 00 00 00 00 00 00 00 00 00 00 00 	000@000000000000
  0x83b0	01 00 00 00 00 00 00 00 00 00 00 00 00 00 00 00 	0000000000000000
  0x83c0	00 00 00 00 00 00 00 00 00 00 00 00 00 00 00 00 	0000000000000000
  0x83d0	90 93 00 40 01 00 00 00 00 00 00 80 ff ff ff ff 	000@000000000000
  0x83e0	a0 93 00 40 01 00 00 00 01 00 00 80 ff ff ff ff 	000@000000000000
  0x83f0	b0 93 00 40 01 00 00 00 02 00 00 80 ff ff ff ff 	000@000000000000
  0x8400	c0 93 00 40 01 00 00 00 03 00 00 80 ff ff ff ff 	000@000000000000
  0x8410	c8 93 00 40 01 00 00 00 04 00 00 80 ff ff ff ff 	000@000000000000
  0x8420	d8 93 00 40 01 00 00 00 06 00 00 80 ff ff ff ff 	000@000000000000
  0x8430	e8 93 00 40 01 00 00 00 05 00 00 80 ff ff ff ff 	000@000000000000
  0x8440	f8 93 00 40 01 00 00 00 00 00 00 80 ff ff ff ff 	000@000000000000
  0x8450	20 94 00 40 01 00 00 00 01 00 00 80 ff ff ff ff 	 00@000000000000
  0x8460	48 94 00 40 01 00 00 00 02 00 00 80 ff ff ff ff 	H00@000000000000
  0x8470	70 94 00 40 01 00 00 00 03 00 00 80 ff ff ff ff 	p00@000000000000
  0x8480	88 94 00 40 01 00 00 00 04 00 00 80 ff ff ff ff 	000@000000000000
  0x8490	b8 94 00 40 01 00 00 00 06 00 00 80 ff ff ff ff 	000@000000000000
  0x84a0	d8 94 00 40 01 00 00 00 05 00 00 80 ff ff ff ff 	000@000000000000
  0x84b0	54 92 00 40 01 00 00 00 08 00 00 00 00 00 00 00 	T00@000000000000
  0x84c0	58 92 00 40 01 00 00 00 08 40 00 00 00 00 00 00 	X00@00000@000000
  0x84d0	5c 92 00 40 01 00 00 00 13 00 00 00 00 00 00 00 	000@000000000000
  0x84e0	60 92 00 40 01 00 00 00 11 00 00 00 00 00 00 00 	`00@000000000000
  0x84f0	48 92 00 40 01 00 00 00 38 92 00 40 01 00 00 00 	H00@0000800@0000
  0x8500	b0 92 00 40 01 00 00 00 e0 92 00 40 01 00 00 00 	000@0000000@0000
  0x8510	f8 92 00 40 01 00 00 00 10 93 00 40 01 00 00 00 	000@0000000@0000
  0x8520	28 93 00 40 01 00 00 00 38 93 00 40 01 00 00 00 	(00@0000800@0000
  0x8530	40 93 00 40 01 00 00 00 58 93 00 40 01 00 00 00 	@00@0000X00@0000
  0x8540	68 93 00 40 01 00 00 00 80 93 00 40 01 00 00 00 	h00@0000000@0000
  0x8550	d0 95 00 40 01 00 00 00 00 00 00 00 00 00 00 00 	000@000000000000
  0x8560	40 00 0c 01 70 00 00 00 78 00 00 00 08 00 00 00 	@000p000x0000000
  0x8570	00 00 00 00 0c 00 08 00 72 00 08 00 00 00 00 00 	00000000r0000000
  0x8580	b4 9c 00 40 01 00 00 00 c8 00 00 00 10 00 00 00 	000@000000000000
  0x8590	9c 9c 00 40 01 00 00 00 c8 00 00 00 18 00 00 00 	000@000000000000
  0x85a0	9c 9c 00 40 01 00 00 00 c8 00 00 00 20 00 00 00 	000@00000000 000
  0x85b0	9c 9c 00 40 01 00 00 00 c8 00 00 00 28 00 00 00 	000@00000000(000
  0x85c0	98 9c 00 40 01 00 00 00 0b 01 00 00 30 00 00 00 	000@000000000000
  0x85d0	88 9d 00 40 01 00 00 00 0a 01 00 00 38 00 00 00 	000@000000008000
  0x85e0	98 9c 00 40 01 00 00 00 0b 01 00 00 40 00 00 00 	000@00000000@000
  0x85f0	98 9c 00 40 01 00 00 00 0b 01 00 00 48 00 00 00 	000@00000000H000
  0x8600	98 9c 00 40 01 00 00 00 0b 01 00 00 50 00 00 00 	000@00000000P000
  0x8610	98 9c 00 40 01 00 00 00 0b 01 00 00 58 00 00 00 	000@00000000X000
  0x8620	9c 9c 00 40 01 00 00 00 c8 00 00 00 60 00 00 00 	000@00000000`000
  0x8630	9c 9c 00 40 01 00 00 00 f0 00 00 00 68 00 00 00 	000@00000000h000
  0x8640	40 00 0c 01 20 00 00 00 00 00 00 00 48 00 00 00 	@000 0000000H000
  0x8650	00 00 00 00 03 00 08 00 72 00 00 00 00 00 00 00 	00000000r0000000
  0x8660	98 9c 00 40 01 00 00 00 0b 01 00 00 08 00 00 00 	000@000000000000
  0x8670	80 9d 00 40 01 00 00 00 12 81 00 00 10 00 00 00 	000@000000000000
  0x8680	9c 9c 00 40 01 00 00 00 f0 00 00 00 18 00 00 00 	000@000000000000
  0x8690	40 00 08 01 10 00 00 00 00 00 00 00 08 00 00 00 	@000000000000000
  0x86a0	00 00 00 00 01 00 08 00 72 00 00 00 00 00 00 00 	00000000r0000000
  0x86b0	9c 9c 00 40 01 00 00 00 f0 00 00 00 08 00 00 00 	000@000000000000
  0x86c0	a0 82 00 40 01 00 00 00 d2 97 00 40 01 00 00 00 	000@0000000@0000
  0x86d0	c0 97 00 40 01 00 00 00 a0 9c 00 40 01 00 00 00 	000@0000000@0000
  0x86e0	02 00 00 00 00 00 00 00 e0 87 00 40 01 00 00 00 	00000000000@0000
  0x86f0	40 00 08 01 18 00 00 00 08 00 00 00 08 00 00 00 	@000000000000000
  0x8700	00 00 00 00 02 00 08 00 72 00 00 00 00 00 00 00 	00000000r0000000
  0x8710	9c 9c 00 40 01 00 00 00 c8 00 00 00 08 00 00 00 	000@000000000000
  0x8720	9c 9c 00 40 01 00 00 00 f0 00 00 00 10 00 00 00 	000@000000000000
  0x8730	35 07 03 00 38 00 00 00 00 00 00 00 00 00 00 00 	5000800000000000
  0x8740	00 00 00 00 00 00 00 00 d0 87 00 40 01 00 00 00 	00000000000@0000
  0x8750	14 00 00 00 00 00 00 00 05 00 00 00 00 00 00 00 	0000000000000000
  0x8760	05 00 00 00 00 00 00 00 05 00 00 00 00 00 00 00 	0000000000000000
  0x8770	05 00 00 00 00 00 00 00 05 00 00 00 00 00 00 00 	0000000000000000
  0x8780	05 00 00 00 00 00 00 00 05 00 00 00 00 00 00 00 	0000000000000000
  0x8790	05 00 00 00 00 00 00 00 04 00 00 00 00 00 00 00 	0000000000000000
  0x87a0	90 00 02 00 00 00 00 00 05 00 00 00 00 00 00 00 	0000000000000000
  0x87b0	05 00 00 00 00 00 00 00 90 00 04 00 00 00 00 00 	0000000000000000
  0x87c0	92 07 00 00 00 00 00 00 93 00 00 00 00 00 00 00 	0000000000000000
  0x87d0	21 00 00 00 00 00 00 00 98 9c 00 40 01 00 00 00 	!0000000000@0000
  0x87e0	04 5d 88 8a eb 1c c9 11 9f e8 08 00 2b 10 48 60 	0]0000000000+0H`
  0x87f0	02 00 00 00 00 00 00 00 00 00 00 00 00 00 00 00 	0000000000000000
  0x8800	d2 97 00 40 01 00 00 00 c0 97 00 40 01 00 00 00 	000@0000000@0000
  0x8810	c2 9c 00 40 01 00 00 00 00 00 00 00 00 00 00 00 	000@000000000000
  0x8820	00 00 00 00 00 00 00 00 00 00 00 00 00 00 00 00 	0000000000000000
  0x8830	33 05 71 71 ba be 37 49 83 19 b5 db ef 9c cc 36 	30qq007I00000006
  0x8840	01 00 00 00 00 00 00 00 00 00 00 00 00 00 00 00 	0000000000000000
  0x8850	00 00 00 00 00 00 00 00 f0 88 00 40 01 00 00 00 	00000000000@0000
  0x8860	00 00 00 00 00 00 00 00 00 00 00 00 00 00 00 00 	0000000000000000
  0x8870	00 00 00 00 00 00 00 00 00 00 00 00 00 00 00 00 	0000000000000000
  0x8880	60 00 00 00 9a f9 1e 20 a0 7f 4c 44 93 99 19 ba 	`000000 00LD0000
  0x8890	84 f1 2a 1a 01 00 00 00 04 5d 88 8a eb 1c c9 11 	00*000000]000000
  0x88a0	9f e8 08 00 2b 10 48 60 02 00 00 00 00 00 00 00 	0000+0H`00000000
  0x88b0	00 00 00 00 00 00 00 00 00 00 00 00 00 00 00 00 	0000000000000000
  0x88c0	00 00 00 00 00 00 00 00 00 00 00 00 00 00 00 00 	0000000000000000
  0x88d0	c0 86 00 40 01 00 00 00 00 00 00 02 00 00 00 00 	000@000000000000
  0x88e0	21 00 00 00 00 00 00 00 98 9c 00 40 01 00 00 00 	!0000000000@0000
  0x88f0	30 89 00 40 01 00 00 00 40 86 00 40 01 00 00 00 	000@0000@00@0000
  0x8900	10 8a 00 40 01 00 00 00 90 86 00 40 01 00 00 00 	000@0000000@0000
  0x8910	f0 86 00 40 01 00 00 00 f0 86 00 40 01 00 00 00 	000@0000000@0000
  0x8920	60 85 00 40 01 00 00 00 00 00 00 00 00 00 00 00 	`00@000000000000
  0x8930	40 00 0c 01 70 00 00 00 28 00 00 00 68 00 00 00 	@000p000(000h000
  0x8940	00 00 00 00 0c 00 08 00 72 00 08 00 00 00 00 00 	00000000r0000000
  0x8950	e0 88 00 40 01 00 00 00 0b 00 00 00 10 00 00 00 	000@000000000000
  0x8960	e0 88 00 40 01 00 00 00 0b 00 00 00 18 00 00 00 	000@000000000000
  0x8970	9c 9c 00 40 01 00 00 00 c8 00 00 00 20 00 00 00 	000@00000000 000
  0x8980	9c 9c 00 40 01 00 00 00 c8 00 00 00 28 00 00 00 	000@00000000(000
  0x8990	98 9c 00 40 01 00 00 00 0b 01 00 00 30 00 00 00 	000@000000000000
  0x89a0	98 9c 00 40 01 00 00 00 0b 01 00 00 38 00 00 00 	000@000000008000
  0x89b0	30 87 00 40 01 00 00 00 0b 01 00 00 40 00 00 00 	000@00000000@000
  0x89c0	b4 9c 00 40 01 00 00 00 c8 00 00 00 48 00 00 00 	000@00000000H000
  0x89d0	9c 9c 00 40 01 00 00 00 c8 00 00 00 50 00 00 00 	000@00000000P000
  0x89e0	80 9d 00 40 01 00 00 00 12 81 00 00 58 00 00 00 	000@00000000X000
  0x89f0	9c 9c 00 40 01 00 00 00 50 81 00 00 60 00 00 00 	000@0000P000`000
  0x8a00	9c 9c 00 40 01 00 00 00 f0 00 00 00 68 00 00 00 	000@00000000h000
  0x8a10	40 00 0c 01 30 00 00 00 18 00 00 00 08 00 00 00 	@000000000000000
  0x8a20	00 00 00 00 04 00 08 00 72 00 08 00 00 00 00 00 	00000000r0000000
  0x8a30	9c 9c 00 40 01 00 00 00 c8 00 00 00 10 00 00 00 	000@000000000000
  0x8a40	98 9c 00 40 01 00 00 00 0b 01 00 00 18 00 00 00 	000@000000000000
  0x8a50	b4 9c 00 40 01 00 00 00 c8 00 00 00 20 00 00 00 	000@00000000 000
  0x8a60	9c 9c 00 40 01 00 00 00 f0 00 00 00 28 00 00 00 	000@00000000(000
  0x8a70	fa b3 00 00 00 00 00 00 0a b4 00 00 00 00 00 00 	0000000000000000
  0x8a80	1c b4 00 00 00 00 00 00 2c b4 00 00 00 00 00 00 	00000000,0000000
  0x8a90	3e b4 00 00 00 00 00 00 52 b4 00 00 00 00 00 00 	>0000000R0000000
  0x8aa0	e8 b3 00 00 00 00 00 00 00 00 00 00 00 00 00 00 	0000000000000000
  0x8ab0	6e b4 00 00 00 00 00 00 80 b4 00 00 00 00 00 00 	n000000000000000
  0x8ac0	98 b4 00 00 00 00 00 00 ae b4 00 00 00 00 00 00 	0000000000000000
  0x8ad0	c6 b4 00 00 00 00 00 00 e2 b4 00 00 00 00 00 00 	0000000000000000
  0x8ae0	f8 b4 00 00 00 00 00 00 08 b5 00 00 00 00 00 00 	0000000000000000
  0x8af0	1a b5 00 00 00 00 00 00 2c b5 00 00 00 00 00 00 	00000000,0000000
  0x8b00	3c b5 00 00 00 00 00 00 4e b5 00 00 00 00 00 00 	<0000000N0000000
  0x8b10	66 b5 00 00 00 00 00 00 7a b5 00 00 00 00 00 00 	f0000000z0000000
  0x8b20	88 b5 00 00 00 00 00 00 94 b5 00 00 00 00 00 00 	0000000000000000
  0x8b30	a6 b5 00 00 00 00 00 00 b8 b5 00 00 00 00 00 00 	0000000000000000
  0x8b40	c4 b5 00 00 00 00 00 00 da b5 00 00 00 00 00 00 	0000000000000000
  0x8b50	e2 b5 00 00 00 00 00 00 f0 b5 00 00 00 00 00 00 	0000000000000000
  0x8b60	06 b6 00 00 00 00 00 00 16 b6 00 00 00 00 00 00 	0000000000000000
  0x8b70	e2 b9 00 00 00 00 00 00 d2 b9 00 00 00 00 00 00 	0000000000000000
  0x8b80	b8 b9 00 00 00 00 00 00 a2 b9 00 00 00 00 00 00 	0000000000000000
  0x8b90	88 b9 00 00 00 00 00 00 74 b9 00 00 00 00 00 00 	00000000t0000000
  0x8ba0	60 b9 00 00 00 00 00 00 42 b9 00 00 00 00 00 00 	`0000000B0000000
  0x8bb0	26 b9 00 00 00 00 00 00 14 b9 00 00 00 00 00 00 	&000000000000000
  0x8bc0	00 00 00 00 00 00 00 00 ba 00 00 00 00 00 00 80 	0000000000000000
  0x8bd0	a2 00 00 00 00 00 00 80 a1 00 00 00 00 00 00 80 	0000000000000000
  0x8be0	06 00 00 00 00 00 00 80 07 00 00 00 00 00 00 80 	0000000000000000
  0x8bf0	15 01 00 00 00 00 00 80 02 00 00 00 00 00 00 80 	0000000000000000
  0x8c00	a3 00 00 00 00 00 00 80 00 00 00 00 00 00 00 00 	0000000000000000
  0x8c10	52 bb 00 00 00 00 00 00 6e bb 00 00 00 00 00 00 	R0000000n0000000
  0x8c20	86 bb 00 00 00 00 00 00 24 bb 00 00 00 00 00 00 	00000000$0000000
  0x8c30	a2 bb 00 00 00 00 00 00 26 bc 00 00 00 00 00 00 	00000000&0000000
  0x8c40	fe bb 00 00 00 00 00 00 00 00 00 00 00 00 00 00 	0000000000000000
  0x8c50	86 b6 00 00 00 00 00 00 72 b6 00 00 00 00 00 00 	00000000r0000000
  0x8c60	64 b6 00 00 00 00 00 00 56 b6 00 00 00 00 00 00 	d0000000V0000000
  0x8c70	40 b6 00 00 00 00 00 00 34 b6 00 00 00 00 00 00 	@000000040000000
  0x8c80	d8 bc 00 00 00 00 00 00 00 00 00 00 00 00 00 00 	0000000000000000
  0x8c90	60 ba 00 00 00 00 00 00 b4 ba 00 00 00 00 00 00 	`000000000000000
  0x8ca0	cc ba 00 00 00 00 00 00 3c ba 00 00 00 00 00 00 	00000000<0000000
  0x8cb0	9e ba 00 00 00 00 00 00 72 ba 00 00 00 00 00 00 	00000000r0000000
  0x8cc0	4e ba 00 00 00 00 00 00 86 ba 00 00 00 00 00 00 	N000000000000000
  0x8cd0	06 ba 00 00 00 00 00 00 18 ba 00 00 00 00 00 00 	0000000000000000
  0x8ce0	28 ba 00 00 00 00 00 00 00 00 00 00 00 00 00 00 	(000000000000000
  0x8cf0	f2 bb 00 00 00 00 00 00 44 bb 00 00 00 00 00 00 	00000000D0000000
  0x8d00	00 00 00 00 00 00 00 00 b4 bb 00 00 00 00 00 00 	0000000000000000
  0x8d10	00 00 00 00 00 00 00 00 04 bb 00 00 00 00 00 00 	0000000000000000
  0x8d20	14 bb 00 00 00 00 00 00 dc bb 00 00 00 00 00 00 	0000000000000000
  0x8d30	ca bb 00 00 00 00 00 00 00 00 00 00 00 00 00 00 	0000000000000000
  0x8d40	10 bc 00 00 00 00 00 00 00 00 00 00 00 00 00 00 	0000000000000000
  0x8d50	96 b7 00 00 00 00 00 00 78 b7 00 00 00 00 00 00 	00000000x0000000
  0x8d60	60 b7 00 00 00 00 00 00 b8 b7 00 00 00 00 00 00 	`000000000000000
  0x8d70	42 b7 00 00 00 00 00 00 22 b7 00 00 00 00 00 00 	B0000000"0000000
  0x8d80	ec bc 00 00 00 00 00 00 c6 b7 00 00 00 00 00 00 	0000000000000000
  0x8d90	16 b7 00 00 00 00 00 00 be b8 00 00 00 00 00 00 	0000000000000000
  0x8da0	b0 b8 00 00 00 00 00 00 0a b7 00 00 00 00 00 00 	0000000000000000
  0x8db0	fe b6 00 00 00 00 00 00 f4 b6 00 00 00 00 00 00 	0000000000000000
  0x8dc0	ec b6 00 00 00 00 00 00 e0 b6 00 00 00 00 00 00 	0000000000000000
  0x8dd0	a2 b7 00 00 00 00 00 00 d4 b6 00 00 00 00 00 00 	0000000000000000
  0x8de0	a6 b6 00 00 00 00 00 00 a6 b8 00 00 00 00 00 00 	0000000000000000
  0x8df0	9e b8 00 00 00 00 00 00 86 b8 00 00 00 00 00 00 	0000000000000000
  0x8e00	72 b8 00 00 00 00 00 00 68 b8 00 00 00 00 00 00 	r0000000h0000000
  0x8e10	5e b8 00 00 00 00 00 00 46 b8 00 00 00 00 00 00 	^0000000F0000000
  0x8e20	3c b8 00 00 00 00 00 00 32 b8 00 00 00 00 00 00 	<000000020000000
  0x8e30	26 b8 00 00 00 00 00 00 12 b8 00 00 00 00 00 00 	&000000000000000
  0x8e40	08 b8 00 00 00 00 00 00 00 b8 00 00 00 00 00 00 	0000000000000000
  0x8e50	f8 b7 00 00 00 00 00 00 e6 b7 00 00 00 00 00 00 	0000000000000000
  0x8e60	d4 b7 00 00 00 00 00 00 bc b6 00 00 00 00 00 00 	0000000000000000
  0x8e70	f6 bc 00 00 00 00 00 00 00 00 00 00 00 00 00 00 	0000000000000000
  0x8e80	c8 b8 00 00 00 00 00 00 dc b8 00 00 00 00 00 00 	0000000000000000
  0x8e90	f6 b8 00 00 00 00 00 00 00 00 00 00 00 00 00 00 	0000000000000000
  0x8ea0	30 6f 00 40 01 00 00 00 90 71 00 40 01 00 00 00 	0o0@00000q0@0000
  0x8eb0	00 00 00 00 00 00 00 00 40 63 00 40 01 00 00 00 	00000000@c0@0000
  0x8ec0	30 11 00 40 01 00 00 00 70 11 00 40 01 00 00 00 	000@0000p00@0000
  0x8ed0	b0 11 00 40 01 00 00 00 10 10 00 40 01 00 00 00 	000@0000000@0000
  0x8ee0	00 00 00 00 00 00 00 00 00 00 00 00 00 00 00 00 	0000000000000000
  0x8ef0	60 62 00 40 01 00 00 00 70 6c 00 40 01 00 00 00 	`b0@0000pl0@0000
  0x8f00	00 00 00 00 00 00 00 00 5c 12 00 00 d0 15 00 00 	0000000000000000
  0x8f10	46 16 00 00 19 1d 00 00 c5 21 00 00 b1 23 00 00 	F00000000!000#00
  0x8f20	25 36 00 00 8a 39 00 00 b2 41 00 00 77 43 00 00 	%60009000A00wC00
  0x8f30	bd 5d 00 00 a9 65 00 00 38 6a 00 00 e2 6c 00 00 	0]000e008j000l00
  0x8f40	f0 6d 00 00 10 10 00 00 30 11 00 00 70 11 00 00 	0m0000000000p000
  0x8f50	b0 11 00 00 c0 12 00 00 10 1a 00 00 30 1a 00 00 	0000000000000000
  0x8f60	40 1a 00 00 00 1b 00 00 40 1b 00 00 f0 1d 00 00 	@0000000@0000000
  0x8f70	f0 37 00 00 00 38 00 00 70 38 00 00 a0 38 00 00 	07000800p8000800
  0x8f80	10 3b 00 00 70 3e 00 00 90 3e 00 00 c0 3e 00 00 	0;00p>000>000>00
  0x8f90	60 3f 00 00 90 40 00 00 00 41 00 00 20 41 00 00 	`?000@000A00 A00
  0x8fa0	f0 43 00 00 10 44 00 00 90 44 00 00 f0 44 00 00 	0C000D000D000D00
  0x8fb0	10 45 00 00 a0 45 00 00 00 46 00 00 c0 47 00 00 	0E000E000F000G00
  0x8fc0	d0 47 00 00 e0 47 00 00 f0 47 00 00 80 48 00 00 	0G000G000G000H00
  0x8fd0	b0 48 00 00 80 4f 00 00 10 50 00 00 a0 50 00 00 	0H000O000P000P00
  0x8fe0	b0 50 00 00 b0 5c 00 00 f0 5c 00 00 d0 60 00 00 	0P00000000000`00
  0x8ff0	f0 60 00 00 f0 61 00 00 30 62 00 00 60 62 00 00 	0`000a000b00`b00
  0x9000	40 63 00 00 00 66 00 00 a0 66 00 00 20 69 00 00 	@c000f000f00 i00
  0x9010	50 6a 00 00 70 6a 00 00 00 6c 00 00 30 6c 00 00 	Pj00pj000l000l00
  0x9020	70 6c 00 00 50 6d 00 00 30 6f 00 00 e0 75 00 00 	pl00Pm000o000u00
  0x9030	00 76 00 00 60 76 00 00 70 77 00 00 98 8d 00 00 	0v00`v00pw000000
  0x9040	62 61 64 20 61 6c 6c 6f 63 61 74 69 6f 6e 00 00 	bad allocation00
  0x9050	49 6e 76 61 6c 69 64 20 70 61 72 61 6d 65 74 65 	Invalid paramete
  0x9060	72 20 70 61 73 73 65 64 20 74 6f 20 43 20 72 75 	r passed to C ru
  0x9070	6e 74 69 6d 65 20 66 75 6e 63 74 69 6f 6e 2e 0a 	ntime function.0
  0x9080	00 00 00 00 00 00 00 00 05 e0 02 00 00 00 00 00 	0000000000000000
  0x9090	c0 00 00 00 00 00 00 46 00 00 00 00 00 00 00 00 	0000000F00000000
  0x90a0	00 00 00 00 00 00 00 00 00 00 00 00 00 00 00 00 	0000000000000000
  0x90b0	65 00 78 00 74 00 2d 00 6d 00 73 00 2d 00 77 00 	e0x0t0-0m0s0-0w0
  0x90c0	69 00 6e 00 2d 00 6e 00 74 00 75 00 73 00 65 00 	i0n0-0n0t0u0s0e0
  0x90d0	72 00 2d 00 77 00 69 00 6e 00 64 00 6f 00 77 00 	r0-0w0i0n0d0o0w0
  0x90e0	73 00 74 00 61 00 74 00 69 00 6f 00 6e 00 2d 00 	s0t0a0t0i0o0n0-0
  0x90f0	6c 00 31 00 2d 00 31 00 2d 00 30 00 00 00 00 00 	l010-010-0000000
  0x9100	65 00 78 00 74 00 2d 00 6d 00 73 00 2d 00 77 00 	e0x0t0-0m0s0-0w0
  0x9110	69 00 6e 00 2d 00 6e 00 74 00 75 00 73 00 65 00 	i0n0-0n0t0u0s0e0
  0x9120	72 00 2d 00 77 00 69 00 6e 00 64 00 6f 00 77 00 	r0-0w0i0n0d0o0w0
  0x9130	73 00 74 00 61 00 74 00 69 00 6f 00 6e 00 2d 00 	s0t0a0t0i0o0n0-0
  0x9140	6c 00 31 00 2d 00 31 00 2d 00 31 00 00 00 00 00 	l010-010-0100000
  0x9150	65 00 78 00 74 00 2d 00 6d 00 73 00 2d 00 77 00 	e0x0t0-0m0s0-0w0
  0x9160	69 00 6e 00 2d 00 6e 00 74 00 75 00 73 00 65 00 	i0n0-0n0t0u0s0e0
  0x9170	72 00 2d 00 77 00 69 00 6e 00 64 00 6f 00 77 00 	r0-0w0i0n0d0o0w0
  0x9180	73 00 74 00 61 00 74 00 69 00 6f 00 6e 00 2d 00 	s0t0a0t0i0o0n0-0
  0x9190	6c 00 31 00 2d 00 31 00 2d 00 32 00 00 00 00 00 	l010-010-0200000
  0x91a0	41 00 50 00 49 00 2d 00 4d 00 53 00 2d 00 57 00 	A0P0I0-0M0S0-0W0
  0x91b0	69 00 6e 00 2d 00 43 00 6f 00 72 00 65 00 2d 00 	i0n0-0C0o0r0e0-0
  0x91c0	4c 00 6f 00 63 00 61 00 6c 00 52 00 65 00 67 00 	L0o0c0a0l0R0e0g0
  0x91d0	69 00 73 00 74 00 72 00 79 00 2d 00 4c 00 31 00 	i0s0t0r0y0-0L010
  0x91e0	2d 00 31 00 2d 00 30 00 2e 00 64 00 6c 00 6c 00 	-010-000.0d0l0l0
  0x91f0	00 00 00 00 00 00 00 00 52 65 67 44 65 6c 65 74 	00000000RegDelet
  0x9200	65 4b 65 79 45 78 57 00 61 00 64 00 76 00 61 00 	eKeyExW0a0d0v0a0
  0x9210	70 00 69 00 33 00 32 00 2e 00 64 00 6c 00 6c 00 	p0i03020.0d0l0l0
  0x9220	00 00 00 00 00 00 00 00 52 65 67 44 65 6c 65 74 	00000000RegDelet
  0x9230	65 4b 65 79 57 00 00 00 43 00 4c 00 53 00 49 00 	eKeyW000C0L0S0I0
  0x9240	44 00 00 00 00 00 00 00 41 00 70 00 70 00 49 00 	D0000000A0p0p0I0
  0x9250	44 00 00 00 53 00 00 00 4d 00 00 00 44 00 00 00 	D000S000M000D000
  0x9260	42 00 00 00 00 00 00 00 56 00 61 00 6c 00 00 00 	B0000000V0a0l000
  0x9270	46 00 6f 00 72 00 63 00 65 00 52 00 65 00 6d 00 	F0o0r0c0e0R0e0m0
  0x9280	6f 00 76 00 65 00 00 00 4e 00 6f 00 52 00 65 00 	o0v0e000N0o0R0e0
  0x9290	6d 00 6f 00 76 00 65 00 00 00 00 00 00 00 00 00 	m0o0v0e000000000
  0x92a0	44 00 65 00 6c 00 65 00 74 00 65 00 00 00 00 00 	D0e0l0e0t0e00000
  0x92b0	43 00 6f 00 6d 00 70 00 6f 00 6e 00 65 00 6e 00 	C0o0m0p0o0n0e0n0
  0x92c0	74 00 20 00 43 00 61 00 74 00 65 00 67 00 6f 00 	t0 0C0a0t0e0g0o0
  0x92d0	72 00 69 00 65 00 73 00 00 00 00 00 00 00 00 00 	r0i0e0s000000000
  0x92e0	46 00 69 00 6c 00 65 00 54 00 79 00 70 00 65 00 	F0i0l0e0T0y0p0e0
  0x92f0	00 00 00 00 00 00 00 00 49 00 6e 00 74 00 65 00 	00000000I0n0t0e0
  0x9300	72 00 66 00 61 00 63 00 65 00 00 00 00 00 00 00 	r0f0a0c0e0000000
  0x9310	48 00 61 00 72 00 64 00 77 00 61 00 72 00 65 00 	H0a0r0d0w0a0r0e0
  0x9320	00 00 00 00 00 00 00 00 4d 00 69 00 6d 00 65 00 	00000000M0i0m0e0
  0x9330	00 00 00 00 00 00 00 00 53 00 41 00 4d 00 00 00 	00000000S0A0M000
  0x9340	53 00 45 00 43 00 55 00 52 00 49 00 54 00 59 00 	S0E0C0U0R0I0T0Y0
  0x9350	00 00 00 00 00 00 00 00 53 00 59 00 53 00 54 00 	00000000S0Y0S0T0
  0x9360	45 00 4d 00 00 00 00 00 53 00 6f 00 66 00 74 00 	E0M00000S0o0f0t0
  0x9370	77 00 61 00 72 00 65 00 00 00 00 00 00 00 00 00 	w0a0r0e000000000
  0x9380	54 00 79 00 70 00 65 00 4c 00 69 00 62 00 00 00 	T0y0p0e0L0i0b000
  0x9390	48 00 4b 00 43 00 52 00 00 00 00 00 00 00 00 00 	H0K0C0R000000000
  0x93a0	48 00 4b 00 43 00 55 00 00 00 00 00 00 00 00 00 	H0K0C0U000000000
  0x93b0	48 00 4b 00 4c 00 4d 00 00 00 00 00 00 00 00 00 	H0K0L0M000000000
  0x93c0	48 00 4b 00 55 00 00 00 48 00 4b 00 50 00 44 00 	H0K0U000H0K0P0D0
  0x93d0	00 00 00 00 00 00 00 00 48 00 4b 00 44 00 44 00 	00000000H0K0D0D0
  0x93e0	00 00 00 00 00 00 00 00 48 00 4b 00 43 00 43 00 	00000000H0K0C0C0
  0x93f0	00 00 00 00 00 00 00 00 48 00 4b 00 45 00 59 00 	00000000H0K0E0Y0
  0x9400	5f 00 43 00 4c 00 41 00 53 00 53 00 45 00 53 00 	_0C0L0A0S0S0E0S0
  0x9410	5f 00 52 00 4f 00 4f 00 54 00 00 00 00 00 00 00 	_0R0O0O0T0000000
  0x9420	48 00 4b 00 45 00 59 00 5f 00 43 00 55 00 52 00 	H0K0E0Y0_0C0U0R0
  0x9430	52 00 45 00 4e 00 54 00 5f 00 55 00 53 00 45 00 	R0E0N0T0_0U0S0E0
  0x9440	52 00 00 00 00 00 00 00 48 00 4b 00 45 00 59 00 	R0000000H0K0E0Y0
  0x9450	5f 00 4c 00 4f 00 43 00 41 00 4c 00 5f 00 4d 00 	_0L0O0C0A0L0_0M0
  0x9460	41 00 43 00 48 00 49 00 4e 00 45 00 00 00 00 00 	A0C0H0I0N0E00000
  0x9470	48 00 4b 00 45 00 59 00 5f 00 55 00 53 00 45 00 	H0K0E0Y0_0U0S0E0
  0x9480	52 00 53 00 00 00 00 00 48 00 4b 00 45 00 59 00 	R0S00000H0K0E0Y0
  0x9490	5f 00 50 00 45 00 52 00 46 00 4f 00 52 00 4d 00 	_0P0E0R0F0O0R0M0
  0x94a0	41 00 4e 00 43 00 45 00 5f 00 44 00 41 00 54 00 	A0N0C0E0_0D0A0T0
  0x94b0	41 00 00 00 00 00 00 00 48 00 4b 00 45 00 59 00 	A0000000H0K0E0Y0
  0x94c0	5f 00 44 00 59 00 4e 00 5f 00 44 00 41 00 54 00 	_0D0Y0N0_0D0A0T0
  0x94d0	41 00 00 00 00 00 00 00 48 00 4b 00 45 00 59 00 	A0000000H0K0E0Y0
  0x94e0	5f 00 43 00 55 00 52 00 52 00 45 00 4e 00 54 00 	_0C0U0R0R0E0N0T0
  0x94f0	5f 00 43 00 4f 00 4e 00 46 00 49 00 47 00 00 00 	_0C0O0N0F0I0G000
  0x9500	4d 00 6f 00 64 00 75 00 6c 00 65 00 00 00 00 00 	M0o0d0u0l0e00000
  0x9510	4d 00 6f 00 64 00 75 00 6c 00 65 00 5f 00 52 00 	M0o0d0u0l0e0_0R0
  0x9520	61 00 77 00 00 00 00 00 52 00 45 00 47 00 49 00 	a0w00000R0E0G0I0
  0x9530	53 00 54 00 52 00 59 00 00 00 00 00 00 00 00 00 	S0T0R0Y000000000
  0x9540	60 3d 0b df 8f 54 1b 10 8e 65 08 00 2b 2b d1 19 	`=000T000e00++00
  0x9550	01 04 02 00 00 00 00 00 c0 00 00 00 00 00 00 46 	000000000000000F
  0x9560	12 04 02 00 00 00 00 00 c0 00 00 00 00 00 00 46 	000000000000000F
  0x9570	00 00 00 00 00 00 00 00 c0 00 00 00 00 00 00 46 	000000000000000F
  0x9580	00 04 02 00 00 00 00 00 c0 00 00 00 00 00 00 46 	000000000000000F
  0x9590	ad 41 ba e1 1d 4a 8f 41 aa ba 3d 11 96 b4 23 d3 	0A000J0A00=000#0
  0x95a0	cf 03 2c 80 43 02 af 4d bd e5 a1 a9 07 1b 79 d8 	00,0C00M000000y0
  0x95b0	01 00 00 00 00 00 00 00 c0 00 00 00 00 00 00 46 	000000000000000F
  0x95c0	23 03 00 00 00 00 00 00 c0 00 00 00 00 00 00 46 	#00000000000000F
  0x95d0	cf 03 2c 80 43 02 af 4d bd e5 a1 a9 07 1b 79 d8 	00,0C00M000000y0
  0x95e0	b9 0d a4 00 b4 d8 b3 40 8e 0c a8 e8 c6 b3 b7 20 	0000000@0000000 
  0x95f0	7b 00 43 00 46 00 32 00 35 00 34 00 42 00 30 00 	{0C0F0205040B000
  0x9600	30 00 2d 00 31 00 39 00 38 00 36 00 2d 00 34 00 	00-010908060-040
  0x9610	62 00 32 00 34 00 2d 00 41 00 39 00 32 00 44 00 	b02040-0A09020D0
  0x9620	2d 00 34 00 36 00 33 00 44 00 30 00 31 00 46 00 	-0406030D00010F0
  0x9630	37 00 45 00 33 00 39 00 35 00 7d 00 00 00 00 00 	70E0309050}00000
  0x9640	4d 00 73 00 63 00 6f 00 72 00 65 00 65 00 2e 00 	M0s0c0o0r0e0e0.0
  0x9650	64 00 6c 00 6c 00 00 00 2d 00 2f 00 00 00 00 00 	d0l0l000-0/00000
  0x9660	55 00 6e 00 72 00 65 00 67 00 53 00 65 00 72 00 	U0n0r0e0g0S0e0r0
  0x9670	76 00 65 00 72 00 00 00 52 00 65 00 67 00 53 00 	v0e0r000R0e0g0S0
  0x9680	65 00 72 00 76 00 65 00 72 00 00 00 00 00 00 00 	e0r0v0e0r0000000
  0x9690	46 01 00 00 00 00 00 00 c0 00 00 00 00 00 00 46 	F00000000000000F
  0x96a0	12 e0 02 00 00 00 00 00 c0 00 00 00 00 00 00 46 	000000000000000F
  0x96b0	5c 00 52 00 65 00 71 00 75 00 69 00 72 00 65 00 	00R0e0q0u0i0r0e0
  0x96c0	64 00 20 00 43 00 61 00 74 00 65 00 67 00 6f 00 	d0 0C0a0t0e0g0o0
  0x96d0	72 00 69 00 65 00 73 00 00 00 00 00 00 00 00 00 	r0i0e0s000000000
  0x96e0	43 00 4c 00 53 00 49 00 44 00 5c 00 00 00 00 00 	C0L0S0I0D0000000
  0x96f0	5c 00 49 00 6d 00 70 00 6c 00 65 00 6d 00 65 00 	00I0m0p0l0e0m0e0
  0x9700	6e 00 74 00 65 00 64 00 20 00 43 00 61 00 74 00 	n0t0e0d0 0C0a0t0
  0x9710	65 00 67 00 6f 00 72 00 69 00 65 00 73 00 00 00 	e0g0o0r0i0e0s000
  0x9720	2e 00 74 00 6c 00 62 00 00 00 00 00 00 00 00 00 	.0t0l0b000000000
  0x9730	41 00 50 00 50 00 49 00 44 00 00 00 00 00 00 00 	A0P0P0I0D0000000
  0x9740	e0 3d 4c 39 6f 3c d2 11 81 7b 00 c0 4f 79 7a b7 	0=L9o<000{00Oyz0
  0x9750	32 00 30 00 31 00 65 00 66 00 39 00 39 00 61 00 	200010e0f09090a0
  0x9760	2d 00 37 00 66 00 61 00 30 00 2d 00 34 00 34 00 	-070f0a000-04040
  0x9770	34 00 63 00 2d 00 39 00 33 00 39 00 39 00 2d 00 	40c0-090309090-0
  0x9780	31 00 39 00 62 00 61 00 38 00 34 00 66 00 31 00 	1090b0a08040f010
  0x9790	32 00 61 00 31 00 61 00 00 00 00 00 00 00 00 00 	20a010a000000000
  0x97a0	41 00 70 00 70 00 49 00 6e 00 66 00 6f 00 00 00 	A0p0p0I0n0f0o000
  0x97b0	6e 00 63 00 61 00 6c 00 72 00 70 00 63 00 00 00 	n0c0a0l0r0p0c000
  0x97c0	00 00 66 00 96 00 cc 00 f0 00 1a 01 44 01 00 00 	00f000000000D000
  0x97d0	00 00 00 48 00 00 00 00 00 00 70 00 32 00 08 00 	000H000000p02000
  0x97e0	20 00 24 00 c7 0c 0a 01 00 00 00 00 00 00 00 00 	 0$0000000000000
  0x97f0	0b 00 10 00 02 00 0b 00 18 00 02 00 48 00 20 00 	000000000000H0 0
  0x9800	08 00 48 00 28 00 08 00 0b 01 30 00 08 00 0b 01 	00H0(00000000000
  0x9810	38 00 08 00 0b 01 40 00 16 00 48 00 48 00 b9 00 	800000@000H0H000
  0x9820	48 00 50 00 08 00 13 61 58 00 38 00 50 21 60 00 	H0P0000aX080P!`0
  0x9830	08 00 70 00 68 00 08 00 00 48 00 00 00 00 01 00 	00p0h0000H000000
  0x9840	20 00 32 00 00 00 00 00 08 00 47 03 0a 01 00 00 	 020000000G00000
  0x9850	00 00 00 00 00 00 0b 01 08 00 08 00 13 61 10 00 	0000000000000a00
  0x9860	38 00 70 00 18 00 08 00 00 48 00 00 00 00 02 00 	80p000000H000000
  0x9870	30 00 32 00 08 00 10 00 08 00 c6 04 0a 01 00 00 	0020000000000000
  0x9880	00 00 00 00 00 00 48 00 10 00 08 00 0b 01 18 00 	000000H000000000
  0x9890	08 00 48 00 20 00 b9 00 70 00 28 00 08 00 00 48 	00H0 000p0(0000H
  0x98a0	00 00 00 00 03 00 10 00 32 00 00 00 00 00 08 00 	0000000020000000
  0x98b0	44 01 0a 01 00 00 00 00 00 00 00 00 70 00 08 00 	D00000000000p000
  0x98c0	08 00 00 48 00 00 00 00 04 00 18 00 32 00 00 00 	000H000000002000
  0x98d0	08 00 08 00 44 02 0a 01 00 00 00 00 00 00 00 00 	0000D00000000000
  0x98e0	48 00 08 00 08 00 70 00 10 00 08 00 00 48 00 00 	H00000p000000H00
  0x98f0	00 00 05 00 18 00 32 00 00 00 08 00 08 00 44 02 	00000020000000D0
  0x9900	0a 01 00 00 00 00 00 00 00 00 48 00 08 00 08 00 	0000000000H00000
  0x9910	70 00 10 00 08 00 00 48 00 00 00 00 06 00 70 00 	p000000H000000p0
  0x9920	32 00 08 00 6c 00 08 00 c6 0c 0a 01 00 00 00 00 	2000l00000000000
  0x9930	00 00 00 00 48 00 10 00 b9 00 48 00 18 00 08 00 	0000H00000H00000
  0x9940	48 00 20 00 08 00 48 00 28 00 08 00 0b 01 30 00 	H0 000H0(0000000
  0x9950	08 00 0a 01 38 00 54 00 0b 01 40 00 08 00 0b 01 	000080T000@00000
  0x9960	48 00 08 00 0b 01 50 00 08 00 0b 01 58 00 08 00 	H00000P00000X000
  0x9970	48 00 60 00 08 00 70 00 68 00 08 00 00 48 00 00 	H0`000p0h0000H00
  0x9980	00 00 00 00 a8 00 32 00 08 00 b0 00 08 00 c7 13 	0000002000000000
  0x9990	0a 01 00 00 00 00 00 00 00 00 0b 00 10 00 02 00 	0000000000000000
  0x99a0	0b 00 18 00 02 00 48 00 20 00 08 00 48 00 28 00 	000000H0 000H0(0
  0x99b0	08 00 0b 01 30 00 08 00 0b 01 38 00 08 00 0b 01 	0000000000800000
  0x99c0	40 00 16 00 0b 01 48 00 08 00 0b 01 50 00 08 00 	@00000H00000P000
  0x99d0	48 00 58 00 b9 00 48 00 60 00 08 00 48 00 68 00 	H0X000H0`000H0h0
  0x99e0	08 00 8b 00 70 00 60 00 48 00 78 00 0b 00 0a 00 	0000p0`0H0x00000
  0x99f0	80 00 66 00 0a 00 88 00 6a 00 48 00 90 00 0b 00 	00f00000j0H00000
  0x9a00	13 61 98 00 38 00 70 00 a0 00 08 00 00 48 00 00 	0a0080p000000H00
  0x9a10	00 00 01 00 30 00 32 00 08 00 00 00 08 00 c7 04 	0000002000000000
  0x9a20	0a 01 00 00 00 00 00 00 00 00 0b 01 10 00 08 00 	0000000000000000
  0x9a30	8b 00 18 00 6e 00 13 21 20 00 6e 00 70 00 28 00 	0000n00! 0n0p0(0
  0x9a40	08 00 00 48 00 00 00 00 02 00 30 00 32 00 08 00 	000H000000002000
  0x9a50	00 00 08 00 c7 04 0a 01 00 00 00 00 00 00 00 00 	0000000000000000
  0x9a60	0b 01 10 00 08 00 8b 00 18 00 6e 00 13 21 20 00 	0000000000n00! 0
  0x9a70	6e 00 70 00 28 00 08 00 00 48 00 00 00 00 03 00 	n0p0(0000H000000
  0x9a80	50 00 32 00 08 00 08 00 24 00 c6 08 0a 01 00 00 	P0200000$0000000
  0x9a90	00 00 00 00 00 00 8b 00 10 00 78 00 8b 00 18 00 	0000000000x00000
  0x9aa0	7e 00 48 00 20 00 08 00 0b 00 28 00 02 00 0b 00 	~0H0 00000(00000
  0x9ab0	30 00 02 00 8b 00 38 00 6e 00 50 21 40 00 08 00 	00000080n0P!@000
  0x9ac0	70 00 48 00 08 00 00 48 00 00 00 00 04 00 28 00 	p0H0000H000000(0
  0x9ad0	32 00 08 00 08 00 08 00 c6 03 0a 01 00 00 00 00 	2000000000000000
  0x9ae0	00 00 00 00 0b 01 10 00 08 00 48 00 18 00 08 00 	0000000000H00000
  0x9af0	70 00 20 00 08 00 00 48 00 00 00 00 05 00 28 00 	p0 0000H000000(0
  0x9b00	32 00 08 00 00 00 24 00 c6 03 0a 01 00 00 00 00 	200000$000000000
  0x9b10	00 00 00 00 0b 01 10 00 08 00 50 21 18 00 08 00 	0000000000P!0000
  0x9b20	70 00 20 00 08 00 00 48 00 00 00 00 06 00 20 00 	p0 0000H000000 0
  0x9b30	32 00 08 00 08 00 08 00 c4 02 0a 01 00 00 00 00 	2000000000000000
  0x9b40	00 00 00 00 48 00 10 00 08 00 70 00 18 00 08 00 	0000H00000p00000
  0x9b50	00 48 00 00 00 00 00 00 78 00 32 00 08 00 6c 00 	0H000000x02000l0
  0x9b60	24 00 c6 0d 0a 01 00 00 00 00 00 00 00 00 48 00 	$0000000000000H0
  0x9b70	10 00 b9 00 48 00 18 00 08 00 48 00 20 00 08 00 	0000H00000H0 000
  0x9b80	48 00 28 00 08 00 0b 01 30 00 08 00 0a 01 38 00 	H0(0000000000080
  0x9b90	54 00 0b 01 40 00 08 00 0b 01 48 00 08 00 0b 01 	T000@00000H00000
  0x9ba0	50 00 08 00 0b 01 58 00 08 00 48 00 60 00 08 00 	P00000X000H0`000
  0x9bb0	50 21 68 00 b9 00 70 00 70 00 08 00 00 48 00 00 	P!h000p0p0000H00
  0x9bc0	00 00 00 00 98 00 32 00 08 00 30 00 24 00 c6 11 	000000200000$000
  0x9bd0	0a 05 00 00 01 00 00 00 00 00 48 00 10 00 b9 00 	0000000000H00000
  0x9be0	48 00 18 00 08 00 48 00 20 00 08 00 0b 01 28 00 	H00000H0 00000(0
  0x9bf0	08 00 48 00 30 00 08 00 0b 01 38 00 08 00 0b 01 	00H0000000800000
  0x9c00	40 00 08 00 0b 01 48 00 08 00 0b 01 50 00 08 00 	@00000H00000P000
  0x9c10	0b 01 58 00 08 00 0b 01 60 00 08 00 48 00 68 00 	00X00000`000H0h0
  0x9c20	08 00 0b 00 70 00 88 00 0b 00 78 00 a2 00 48 00 	0000p00000x000H0
  0x9c30	80 00 08 00 50 21 88 00 b9 00 70 00 90 00 08 00 	0000P!0000p00000
  0x9c40	00 48 00 00 00 00 00 00 58 00 32 00 08 00 20 00 	0H000000X02000 0
  0x9c50	24 00 c6 09 0a 01 00 00 00 00 00 00 00 00 48 00 	$0000000000000H0
  0x9c60	10 00 b9 00 48 00 18 00 08 00 48 00 20 00 08 00 	0000H00000H0 000
  0x9c70	0b 01 28 00 08 00 0b 01 30 00 08 00 0b 01 38 00 	00(0000000000080
  0x9c80	08 00 48 00 40 00 08 00 50 21 48 00 b9 00 70 00 	00H0@000P!H000p0
  0x9c90	50 00 08 00 00 00 00 00 64 00 02 00 05 00 00 00 	P0000000d0000000
  0x9ca0	04 5d 88 8a eb 1c c9 11 9f e8 08 00 2b 10 48 60 	0]0000000000+0H`
  0x9cb0	02 00 00 00 07 00 00 00 00 00 00 00 00 00 00 00 	0000000000000000
  0x9cc0	00 00 00 00 12 08 25 5c 11 08 25 5c 11 00 0a 00 	000000%000%00000
  0x9cd0	15 03 08 00 08 08 5c 5b 1a 03 38 00 00 00 14 00 	0000000[00800000
  0x9ce0	36 08 08 08 08 08 08 08 08 06 3e 4c 00 e3 ff 40 	6000000000>L000@
  0x9cf0	5c 5b 12 08 25 5c 11 04 02 00 1a 03 18 00 00 00 	0[00%00000000000
  0x9d00	00 00 b9 b9 08 08 5c 5b 11 0c 08 5c 11 00 08 00 	0000000[00000000
  0x9d10	1d 00 08 00 01 5b 15 03 10 00 08 06 06 4c 00 f1 	00000[0000000L00
  0x9d20	ff 5b 3c 04 80 00 00 00 12 08 0b 5c 12 00 e8 ff 	0[<0000000000000
  0x9d30	3c 05 00 00 00 00 11 04 f8 ff 3c 04 00 14 00 00 	<000000000<00000
  0x9d40	3c 08 40 08 00 00 11 0c b9 5c 12 00 02 00 21 03 	<0@00000000000!0
  0x9d50	00 00 29 00 68 00 01 00 ff ff ff ff 00 00 12 08 	00)0h00000000000
  0x9d60	25 5c 5c 5b 12 00 02 00 21 03 00 00 29 00 68 00 	%00[0000!000)0h0
  0x9d70	01 00 ff ff ff ff 00 00 12 08 25 5c 5c 5b 00 00 	0000000000%00[00
  0x9d80	30 07 00 00 18 00 00 00 30 03 00 00 10 00 00 00 	0000000000000000
  0x9d90	22 05 93 19 01 00 00 00 0c a9 00 00 00 00 00 00 	"000000000000000
  0x9da0	00 00 00 00 01 00 00 00 10 ab 00 00 20 00 00 00 	000000000000 000
  0x9db0	00 00 00 00 05 00 00 00 22 05 93 19 01 00 00 00 	00000000"0000000
  0x9dc0	0c a9 00 00 00 00 00 00 00 00 00 00 02 00 00 00 	0000000000000000
  0x9dd0	e8 aa 00 00 20 00 00 00 00 00 00 00 01 00 00 00 	0000 00000000000
  0x9de0	22 05 93 19 04 00 00 00 60 aa 00 00 01 00 00 00 	"0000000`0000000
  0x9df0	80 aa 00 00 03 00 00 00 a8 aa 00 00 20 00 00 00 	000000000000 000
  0x9e00	00 00 00 00 01 00 00 00 22 05 93 19 02 00 00 00 	00000000"0000000
  0x9e10	d0 a7 00 00 01 00 00 00 fc a9 00 00 02 00 00 00 	0000000000000000
  0x9e20	28 aa 00 00 28 00 00 00 00 00 00 00 01 00 00 00 	(000(00000000000
  0x9e30	22 05 93 19 00 00 00 00 00 00 00 00 00 00 00 00 	"000000000000000
  0x9e40	00 00 00 00 00 00 00 00 00 00 00 00 00 00 00 00 	0000000000000000
  0x9e50	00 00 00 00 05 00 00 00 22 05 93 19 00 00 00 00 	00000000"0000000
  0x9e60	00 00 00 00 00 00 00 00 00 00 00 00 01 00 00 00 	0000000000000000
  0x9e70	30 a8 00 00 20 00 00 00 00 00 00 00 05 00 00 00 	0000 00000000000
  0x9e80	22 05 93 19 04 00 00 00 4c a9 00 00 00 00 00 00 	"0000000L0000000
  0x9e90	00 00 00 00 07 00 00 00 70 a9 00 00 50 00 00 00 	00000000p000P000
  0x9ea0	00 00 00 00 01 00 00 00 22 05 93 19 01 00 00 00 	00000000"0000000
  0x9eb0	0c a9 00 00 00 00 00 00 00 00 00 00 02 00 00 00 	0000000000000000
  0x9ec0	18 a9 00 00 20 00 00 00 00 00 00 00 01 00 00 00 	0000 00000000000
  0x9ed0	22 05 93 19 04 00 00 00 6c a8 00 00 01 00 00 00 	"0000000l0000000
  0x9ee0	8c a8 00 00 06 00 00 00 b8 a8 00 00 40 00 00 00 	000000000000@000
  0x9ef0	00 00 00 00 01 00 00 00 22 05 93 19 02 00 00 00 	00000000"0000000
  0x9f00	d0 a7 00 00 01 00 00 00 e0 a7 00 00 01 00 00 00 	0000000000000000
  0x9f10	08 a8 00 00 20 00 00 00 00 00 00 00 01 00 00 00 	0000 00000000000
  0x9f20	22 05 93 19 02 00 00 00 60 a7 00 00 00 00 00 00 	"0000000`0000000
  0x9f30	00 00 00 00 05 00 00 00 70 a7 00 00 b0 00 00 00 	00000000p0000000
  0x9f40	00 00 00 00 01 00 00 00 22 05 93 19 02 00 00 00 	00000000"0000000
  0x9f50	e8 a6 00 00 00 00 00 00 00 00 00 00 04 00 00 00 	0000000000000000
  0x9f60	f8 a6 00 00 38 00 00 00 00 00 00 00 01 00 00 00 	0000800000000000
  0x9f70	22 05 93 19 06 00 00 00 dc a5 00 00 02 00 00 00 	"000000000000000
  0x9f80	0c a6 00 00 07 00 00 00 60 a6 00 00 78 00 00 00 	00000000`000x000
  0x9f90	00 00 00 00 01 00 00 00 22 05 93 19 04 00 00 00 	00000000"0000000
  0x9fa0	28 a5 00 00 01 00 00 00 48 a5 00 00 04 00 00 00 	(0000000H0000000
  0x9fb0	70 a5 00 00 58 00 00 00 00 00 00 00 01 00 00 00 	p000X00000000000
  0x9fc0	22 05 93 19 01 00 00 00 f8 a4 00 00 00 00 00 00 	"000000000000000
  0x9fd0	00 00 00 00 01 00 00 00 00 a5 00 00 20 00 00 00 	000000000000 000
  0x9fe0	00 00 00 00 01 00 00 00 22 05 93 19 06 00 00 00 	00000000"0000000
  0x9ff0	fc a3 00 00 02 00 00 00 2c a4 00 00 03 00 00 00 	00000000,0000000
  0xa000	80 a4 00 00 50 00 00 00 00 00 00 00 01 00 00 00 	0000P00000000000
  0xa010	00 00 00 00 00 00 74 a8 00 00 00 00 02 00 00 00 	000000t000000000
  0xa020	25 00 00 00 64 a0 00 00 64 8c 00 00 00 00 00 00 	%000d000d0000000
  0xa030	00 00 74 a8 00 00 00 00 0d 00 00 00 d0 02 00 00 	00t0000000000000
  0xa040	8c a0 00 00 8c 8c 00 00 00 00 00 00 00 00 74 a8 	00000000000000t0
  0xa050	00 00 00 00 10 00 00 00 24 00 00 00 5c a3 00 00 	00000000$0000000
  0xa060	5c 8f 00 00 52 53 44 53 f5 15 36 14 76 c4 5f ec 	0000RSDS0060v0_0
  0xa070	e9 ad 67 ff 56 35 76 fb 01 00 00 00 73 64 63 68 	00g0V5v00000sdch
  0xa080	61 6e 67 65 2e 70 64 62 00 00 00 00 47 43 54 4c 	ange.pdb0000GCTL
  0xa090	00 10 00 00 f0 01 00 00 2e 74 65 78 74 24 64 69 	00000000.text$di
  0xa0a0	00 00 00 00 f0 11 00 00 90 5f 00 00 2e 74 65 78 	000000000_00.tex
  0xa0b0	74 24 6d 6e 00 00 00 00 80 71 00 00 80 00 00 00 	t$mn00000q000000
  0xa0c0	2e 74 65 78 74 24 6d 6e 24 30 30 00 00 72 00 00 	.text$mn$0000r00
  0xa0d0	d0 03 00 00 2e 74 65 78 74 24 78 00 d0 75 00 00 	0000.text$x00u00
  0xa0e0	1c 02 00 00 2e 74 65 78 74 24 79 64 00 00 00 00 	0000.text$yd0000
  0xa0f0	00 80 00 00 70 0a 00 00 2e 72 64 61 74 61 24 62 	0000p000.rdata$b
  0xa100	72 63 00 00 70 8a 00 00 30 04 00 00 2e 69 64 61 	rc00p0000000.ida
  0xa110	74 61 24 35 00 00 00 00 a0 8e 00 00 10 00 00 00 	ta$5000000000000
  0xa120	2e 30 30 63 66 67 00 00 b0 8e 00 00 08 00 00 00 	.00cfg0000000000
  0xa130	2e 43 52 54 24 58 43 41 00 00 00 00 b8 8e 00 00 	.CRT$XCA00000000
  0xa140	08 00 00 00 2e 43 52 54 24 58 43 41 41 00 00 00 	0000.CRT$XCAA000
  0xa150	c0 8e 00 00 18 00 00 00 2e 43 52 54 24 58 43 4c 	00000000.CRT$XCL
  0xa160	00 00 00 00 d8 8e 00 00 08 00 00 00 2e 43 52 54 	000000000000.CRT
  0xa170	24 58 43 55 00 00 00 00 e0 8e 00 00 08 00 00 00 	$XCU000000000000
  0xa180	2e 43 52 54 24 58 43 5a 00 00 00 00 e8 8e 00 00 	.CRT$XCZ00000000
  0xa190	08 00 00 00 2e 43 52 54 24 58 49 41 00 00 00 00 	0000.CRT$XIA0000
  0xa1a0	f0 8e 00 00 08 00 00 00 2e 43 52 54 24 58 49 41 	00000000.CRT$XIA
  0xa1b0	41 00 00 00 f8 8e 00 00 08 00 00 00 2e 43 52 54 	A00000000000.CRT
  0xa1c0	24 58 49 59 00 00 00 00 00 8f 00 00 08 00 00 00 	$XIY000000000000
  0xa1d0	2e 43 52 54 24 58 49 5a 00 00 00 00 08 8f 00 00 	.CRT$XIZ00000000
  0xa1e0	3c 00 00 00 2e 67 65 68 63 6f 6e 74 00 00 00 00 	<000.gehcont0000
  0xa1f0	44 8f 00 00 f8 00 00 00 2e 67 66 69 64 73 00 00 	D0000000.gfids00
  0xa200	3c 90 00 00 04 00 00 00 2e 67 69 61 74 73 00 00 	<0000000.giats00
  0xa210	40 90 00 00 24 10 00 00 2e 72 64 61 74 61 00 00 	@000$000.rdata00
  0xa220	64 a0 00 00 1c 03 00 00 2e 72 64 61 74 61 24 7a 	d0000000.rdata$z
  0xa230	7a 7a 64 62 67 00 00 00 80 a3 00 00 38 0a 00 00 	zzdbg00000008000
  0xa240	2e 78 64 61 74 61 00 00 b8 ad 00 00 e0 00 00 00 	.xdata0000000000
  0xa250	2e 78 64 61 74 61 24 78 00 00 00 00 98 ae 00 00 	.xdata$x00000000
  0xa260	08 00 00 00 41 54 4c 24 5f 5f 61 00 a0 ae 00 00 	0000ATL$__a00000
  0xa270	08 00 00 00 41 54 4c 24 5f 5f 6d 00 a8 ae 00 00 	0000ATL$__m00000
  0xa280	08 00 00 00 41 54 4c 24 5f 5f 7a 00 b0 ae 00 00 	0000ATL$__z00000
  0xa290	f0 00 00 00 2e 69 64 61 74 61 24 32 00 00 00 00 	0000.idata$20000
  0xa2a0	a0 af 00 00 18 00 00 00 2e 69 64 61 74 61 24 33 	00000000.idata$3
  0xa2b0	00 00 00 00 b8 af 00 00 30 04 00 00 2e 69 64 61 	000000000000.ida
  0xa2c0	74 61 24 34 00 00 00 00 e8 b3 00 00 18 09 00 00 	ta$4000000000000
  0xa2d0	2e 69 64 61 74 61 24 36 00 00 00 00 00 c0 00 00 	.idata$600000000
  0xa2e0	38 01 00 00 2e 64 61 74 61 24 62 72 63 00 00 00 	8000.data$brc000
  0xa2f0	38 c1 00 00 78 00 00 00 2e 64 61 74 61 24 72 24 	8000x000.data$r$
  0xa300	62 72 63 00 b0 c1 00 00 70 00 00 00 2e 64 61 74 	brc00000p000.dat
  0xa310	61 00 00 00 20 c2 00 00 40 07 00 00 2e 62 73 73 	a000 000@000.bss
  0xa320	00 00 00 00 00 d0 00 00 a0 05 00 00 2e 70 64 61 	000000000000.pda
  0xa330	74 61 00 00 00 e0 00 00 e0 01 00 00 2e 72 73 72 	ta0000000000.rsr
  0xa340	63 24 30 31 00 00 00 00 e0 e1 00 00 28 11 00 00 	c$0100000000(000
  0xa350	2e 72 73 72 63 24 30 32 00 00 00 00 20 00 00 00 	.rsrc$020000 000
  0xa360	f5 15 36 14 76 c4 5f ec e9 ad 67 ff 56 35 76 fb 	0060v0_000g0V5v0
  0xa370	1d 3b 87 dd 34 ea bf 3d a5 8c 76 a1 00 00 74 a8 	0;00400=00v000t0
  0xa380	01 04 01 00 04 42 00 00 09 04 01 00 04 62 00 00 	00000B0000000b00
  0xa390	24 66 00 00 01 00 00 00 48 12 00 00 5c 12 00 00 	$f000000H0000000
  0xa3a0	03 72 00 00 5c 12 00 00 01 06 02 00 06 32 02 50 	0r0000000000020P
  0xa3b0	01 06 02 00 06 32 02 30 01 0a 04 00 0a 34 08 00 	0000020000000400
  0xa3c0	0a 52 06 70 19 28 07 00 17 34 56 00 17 01 50 00 	0R0p0(0004V000P0
  0xa3d0	08 70 07 60 06 50 00 00 58 70 00 00 70 02 00 00 	0p0`0P00Xp00p000
  0xa3e0	19 26 08 00 1e b2 1a f0 18 e0 16 d0 14 c0 12 70 	0&0000000000000p
  0xa3f0	11 60 10 30 18 66 00 00 e8 9f 00 00 ff ff ff ff 	0`000f0000000000
  0xa400	00 00 00 00 ff ff ff ff 00 00 00 00 ff ff ff ff 	0000000000000000
  0xa410	65 72 00 00 02 00 00 00 00 00 00 00 02 00 00 00 	er00000000000000
  0xa420	00 00 00 00 02 00 00 00 77 72 00 00 00 00 00 00 	00000000wr000000
  0xa430	00 00 00 00 01 00 00 00 01 00 00 00 54 a4 00 00 	000000000000T000
  0xa440	03 00 00 00 03 00 00 00 04 00 00 00 01 00 00 00 	0000000000000000
  0xa450	68 a4 00 00 40 00 00 00 00 00 00 00 00 00 00 00 	h000@00000000000
  0xa460	29 72 00 00 38 00 00 00 40 00 00 00 00 00 00 00 	)r008000@0000000
  0xa470	00 00 00 00 44 72 00 00 38 00 00 00 00 00 00 00 	0000Dr0080000000
  0xa480	bf 15 00 00 00 00 00 00 32 16 00 00 03 00 00 00 	0000000020000000
  0xa490	df 17 00 00 05 00 00 00 19 0a 02 00 0a 32 06 50 	000000000000020P
  0xa4a0	18 66 00 00 e8 9f 00 00 01 0f 06 00 0f 64 07 00 	0f00000000000d00
  0xa4b0	0f 34 06 00 0f 32 0b 70 01 19 0a 00 19 74 09 00 	0400020p00000t00
  0xa4c0	19 64 08 00 19 54 07 00 19 34 06 00 19 32 15 e0 	0d000T0004000200
  0xa4d0	01 0a 04 00 0a 34 06 00 0a 32 06 70 11 1c 08 00 	00000400020p0000
  0xa4e0	1c 64 0b 00 18 54 0a 00 14 34 08 00 08 52 04 70 	0d000T0004000R0p
  0xa4f0	18 66 00 00 c0 9f 00 00 ff ff ff ff 89 72 00 00 	0f00000000000r00
  0xa500	8f 1b 00 00 00 00 00 00 19 2d 07 00 1b 34 96 00 	000000000-000400
  0xa510	0e 01 92 00 07 e0 05 70 04 60 00 00 e0 70 00 00 	0000000p0`000p00
  0xa520	98 9f 00 00 83 04 00 00 ff ff ff ff bc 72 00 00 	0000000000000r00
  0xa530	00 00 00 00 ce 72 00 00 01 00 00 00 00 00 00 00 	00000r0000000000
  0xa540	01 00 00 00 00 00 00 00 02 00 00 00 02 00 00 00 	0000000000000000
  0xa550	03 00 00 00 01 00 00 00 5c a5 00 00 40 00 00 00 	000000000000@000
  0xa560	00 00 00 00 00 00 00 00 9b 72 00 00 48 00 00 00 	000000000r00H000
  0xa570	01 1d 00 00 02 00 00 00 7f 1d 00 00 01 00 00 00 	0000000000000000
  0xa580	ba 1d 00 00 ff ff ff ff d9 1d 00 00 02 00 00 00 	0000000000000000
  0xa590	19 0a 02 00 0a 52 06 50 18 66 00 00 98 9f 00 00 	00000R0P0f000000
  0xa5a0	01 18 0a 00 18 64 0a 00 18 54 09 00 18 34 08 00 	00000d000T000400
  0xa5b0	18 32 14 f0 12 e0 10 70 19 34 09 00 19 01 34 04 	0200000p04000040
  0xa5c0	0c f0 0a e0 08 d0 06 c0 04 70 03 60 02 30 00 00 	000000000p0`0000
  0xa5d0	e0 70 00 00 70 9f 00 00 93 21 00 00 ff ff ff ff 	0p00p0000!000000
  0xa5e0	1c 73 00 00 00 00 00 00 00 00 00 00 00 00 00 00 	0s00000000000000
  0xa5f0	00 00 00 00 ff ff ff ff 1c 73 00 00 03 00 00 00 	000000000s000000
  0xa600	00 00 00 00 03 00 00 00 00 00 00 00 01 00 00 00 	0000000000000000
  0xa610	01 00 00 00 02 00 00 00 01 00 00 00 34 a6 00 00 	0000000000004000
  0xa620	04 00 00 00 04 00 00 00 05 00 00 00 01 00 00 00 	0000000000000000
  0xa630	48 a6 00 00 40 00 00 00 00 00 00 00 00 00 00 00 	H000@00000000000
  0xa640	e0 72 00 00 48 00 00 00 40 00 00 00 00 00 00 00 	0r00H000@0000000
  0xa650	00 00 00 00 fb 72 00 00 48 00 00 00 00 00 00 00 	00000r00H0000000
  0xa660	3d 20 00 00 ff ff ff ff a4 21 00 00 01 00 00 00 	= 0000000!000000
  0xa670	8b 23 00 00 04 00 00 00 46 25 00 00 ff ff ff ff 	0#000000F%000000
  0xa680	64 25 00 00 01 00 00 00 6f 25 00 00 00 00 00 00 	d%000000o%000000
  0xa690	7a 25 00 00 04 00 00 00 19 0a 02 00 0a 52 06 50 	z%00000000000R0P
  0xa6a0	18 66 00 00 70 9f 00 00 19 25 05 00 13 34 0a 04 	0f00p0000%000400
  0xa6b0	13 01 06 04 06 70 00 00 58 70 00 00 20 20 00 00 	00000p00Xp00  00
  0xa6c0	19 33 0b 00 25 34 1d 00 19 01 14 00 0e f0 0c e0 	0300%40000000000
  0xa6d0	0a d0 08 c0 06 70 05 60 04 50 00 00 e0 70 00 00 	00000p0`0P000p00
  0xa6e0	48 9f 00 00 92 00 00 00 ff ff ff ff 2e 73 00 00 	H00000000000.s00
  0xa6f0	00 00 00 00 40 73 00 00 2a 27 00 00 00 00 00 00 	0000@s00*'000000
  0xa700	7c 28 00 00 01 00 00 00 e5 28 00 00 ff ff ff ff 	|(0000000(000000
  0xa710	16 29 00 00 00 00 00 00 19 2f 0b 00 1d 34 15 04 	0)0000000/000400
  0xa720	1d 01 0a 04 10 f0 0e e0 0c d0 0a c0 08 70 07 60 	0000000000000p0`
  0xa730	06 50 00 00 58 70 00 00 40 20 00 00 19 3b 0a 00 	0P00Xp00@ 000;00
  0xa740	22 01 5d 04 0d f0 0b e0 09 d0 07 c0 05 70 04 60 	"0]0000000000p0`
  0xa750	03 30 02 50 e0 70 00 00 20 9f 00 00 d2 22 00 00 	000P0p00 0000"00
  0xa760	ff ff ff ff 52 73 00 00 00 00 00 00 64 73 00 00 	0000Rs000000ds00
  0xa770	22 2b 00 00 ff ff ff ff 58 2d 00 00 01 00 00 00 	"+000000X-000000
  0xa780	74 2f 00 00 00 00 00 00 a9 32 00 00 ff ff ff ff 	t/00000002000000
  0xa790	e3 32 00 00 00 00 00 00 19 2c 09 00 1b 34 60 01 	020000000,0004`0
  0xa7a0	1b 01 5a 01 0c f0 0a e0 08 70 07 60 06 50 00 00 	00Z000000p0`0P00
  0xa7b0	58 70 00 00 c0 0a 00 00 19 1f 06 00 1f 34 0b 00 	Xp00000000000400
  0xa7c0	13 52 0f e0 0d 70 0c 60 18 66 00 00 f8 9e 00 00 	0R000p0`0f000000
  0xa7d0	ff ff ff ff 00 00 00 00 ff ff ff ff 00 00 00 00 	0000000000000000
  0xa7e0	00 00 00 00 00 00 00 00 01 00 00 00 01 00 00 00 	0000000000000000
  0xa7f0	f4 a7 00 00 40 00 00 00 00 00 00 00 00 00 00 00 	0000@00000000000
  0xa800	76 73 00 00 38 00 00 00 16 36 00 00 00 00 00 00 	vs00800006000000
  0xa810	19 0a 02 00 0a 32 06 50 18 66 00 00 f8 9e 00 00 	0000020P0f000000
  0xa820	19 0d 01 00 04 62 00 00 18 66 00 00 58 9e 00 00 	00000b000f00X000
  0xa830	b4 36 00 00 ff ff ff ff 01 18 0a 00 18 64 0c 00 	0600000000000d00
  0xa840	18 54 0b 00 18 34 0a 00 18 52 14 f0 12 e0 10 70 	0T0004000R00000p
  0xa850	19 20 07 00 18 a2 14 f0 12 e0 10 c0 0e 70 0d 60 	0 00000000000p0`
  0xa860	0c 30 00 00 18 66 00 00 d0 9e 00 00 ff ff ff ff 	00000f0000000000
  0xa870	00 00 00 00 00 00 00 00 b8 73 00 00 ff ff ff ff 	000000000s000000
  0xa880	00 00 00 00 ff ff ff ff ca 73 00 00 00 00 00 00 	000000000s000000
  0xa890	01 00 00 00 02 00 00 00 01 00 00 00 a0 a8 00 00 	0000000000000000
  0xa8a0	40 00 00 00 00 00 00 00 00 00 00 00 97 73 00 00 	@000000000000s00
  0xa8b0	58 00 00 00 00 00 00 00 e9 38 00 00 ff ff ff ff 	X000000008000000
  0xa8c0	41 39 00 00 00 00 00 00 76 39 00 00 01 00 00 00 	A9000000v9000000
  0xa8d0	b6 39 00 00 ff ff ff ff 0b 3a 00 00 03 00 00 00 	090000000:000000
  0xa8e0	a5 3a 00 00 ff ff ff ff 19 0a 02 00 0a 72 06 50 	0:00000000000r0P
  0xa8f0	18 66 00 00 d0 9e 00 00 11 18 04 00 18 34 08 00 	0f00000000000400
  0xa900	0a 52 06 70 18 66 00 00 a8 9e 00 00 ff ff ff ff 	0R0p0f0000000000
  0xa910	5c 6a 00 00 00 00 00 00 3b 3b 00 00 ff ff ff ff 	0j000000;;000000
  0xa920	62 3b 00 00 00 00 00 00 19 38 09 00 27 74 57 00 	b;0000000800'tW0
  0xa930	23 64 56 00 1f 34 54 00 12 01 52 00 04 50 00 00 	#dV004T000R00P00
  0xa940	e0 70 00 00 80 9e 00 00 82 02 00 00 ff ff ff ff 	0p00000000000000
  0xa950	dc 73 00 00 00 00 00 00 ee 73 00 00 01 00 00 00 	0s0000000s000000
  0xa960	00 74 00 00 02 00 00 00 12 74 00 00 00 00 00 00 	0t0000000t000000
  0xa970	fb 3c 00 00 01 00 00 00 2c 3d 00 00 02 00 00 00 	0<000000,=000000
  0xa980	44 3d 00 00 03 00 00 00 9a 3d 00 00 02 00 00 00 	D=0000000=000000
  0xa990	b2 3d 00 00 01 00 00 00 cb 3d 00 00 00 00 00 00 	0=0000000=000000
  0xa9a0	03 3e 00 00 ff ff ff ff 19 0c 01 00 04 22 00 00 	0>00000000000"00
  0xa9b0	18 66 00 00 30 9e 00 00 01 0a 04 00 0a 34 0c 00 	0f00000000000400
  0xa9c0	0a 92 06 70 01 20 0c 00 20 64 0f 00 20 54 0d 00 	000p0 00 d00 T00
  0xa9d0	20 34 0c 00 20 52 1c f0 1a e0 18 d0 16 c0 14 70 	 400 R000000000p
  0xa9e0	19 24 07 00 1c 62 18 f0 16 e0 14 c0 12 70 11 60 	0$000b0000000p0`
  0xa9f0	10 30 00 00 18 66 00 00 08 9e 00 00 00 00 00 00 	00000f0000000000
  0xaa00	00 00 00 00 01 00 00 00 01 00 00 00 10 aa 00 00 	0000000000000000
  0xaa10	40 00 00 00 00 00 00 00 00 00 00 00 24 74 00 00 	@00000000000$t00
  0xaa20	38 00 00 00 00 00 00 00 77 41 00 00 00 00 00 00 	80000000wA000000
  0xaa30	09 42 00 00 ff ff ff ff 19 0a 02 00 0a 32 06 50 	0B0000000000020P
  0xaa40	18 66 00 00 08 9e 00 00 19 20 05 00 18 62 14 e0 	0f0000000 000b00
  0xaa50	12 70 11 60 10 30 00 00 18 66 00 00 e0 9d 00 00 	0p0`00000f000000
  0xaa60	ff ff ff ff 00 00 00 00 00 00 00 00 66 74 00 00 	000000000000ft00
  0xaa70	01 00 00 00 78 74 00 00 ff ff ff ff 00 00 00 00 	0000xt0000000000
  0xaa80	00 00 00 00 02 00 00 00 03 00 00 00 01 00 00 00 	0000000000000000
  0xaa90	94 aa 00 00 40 00 00 00 00 00 00 00 00 00 00 00 	0000@00000000000
  0xaaa0	45 74 00 00 38 00 00 00 29 43 00 00 00 00 00 00 	Et008000)C000000
  0xaab0	69 43 00 00 02 00 00 00 b8 43 00 00 ff ff ff ff 	iC0000000C000000
  0xaac0	19 0a 02 00 0a 32 06 50 18 66 00 00 e0 9d 00 00 	0000020P0f000000
  0xaad0	11 14 04 00 14 34 08 00 06 52 02 70 18 66 00 00 	000004000R0p0f00
  0xaae0	b8 9d 00 00 00 00 00 00 4f 45 00 00 ff ff ff ff 	00000000OE000000
  0xaaf0	7e 45 00 00 00 00 00 00 19 14 04 00 14 34 08 00 	~E00000000000400
  0xab00	06 52 02 70 18 66 00 00 90 9d 00 00 00 00 00 00 	0R0p0f0000000000
  0xab10	43 46 00 00 00 00 00 00 01 0f 06 00 0f 64 09 00 	CF00000000000d00
  0xab20	0f 34 08 00 0f 32 0b 70 01 04 01 00 04 62 00 00 	0400020p00000b00
  0xab30	19 23 08 00 15 64 11 00 15 34 0e 00 15 92 0e e0 	0#000d0004000000
  0xab40	0c 70 0b 50 58 70 00 00 48 00 00 00 01 17 06 00 	0p0PXp00H0000000
  0xab50	17 64 0b 00 17 34 0a 00 17 52 13 70 01 0f 06 00 	0d0004000R0p0000
  0xab60	0f 64 09 00 0f 34 08 00 0f 52 0b 70 19 2f 09 00 	0d0004000R0p0/00
  0xab70	1e e4 55 00 1e 74 54 00 1e 64 53 00 1e 01 50 00 	00U00tT00dS000P0
  0xab80	10 50 00 00 58 70 00 00 70 02 00 00 19 32 0b 00 	0P00Xp00p0000200
  0xab90	21 64 51 00 21 34 50 00 21 01 48 00 12 f0 10 e0 	!dQ0!4P0!0H00000
  0xaba0	0e c0 0c 70 0b 50 00 00 58 70 00 00 30 02 00 00 	000p0P00Xp000000
  0xabb0	19 20 07 00 0e 01 4c 00 07 e0 05 70 04 60 03 50 	0 0000L0000p0`0P
  0xabc0	02 30 00 00 58 70 00 00 50 02 00 00 01 11 04 00 	0000Xp00P0000000
  0xabd0	11 52 0d 70 0c 60 0b 30 01 14 08 00 14 64 08 00 	0R0p0`0000000d00
  0xabe0	14 54 07 00 14 34 06 00 14 32 10 70 09 06 02 00 	0T000400020p0000
  0xabf0	06 52 02 30 24 66 00 00 01 00 00 00 91 5d 00 00 	0R00$f0000000]00
  0xac00	bd 5d 00 00 8a 74 00 00 bd 5d 00 00 19 23 08 00 	0]000t000]000#00
  0xac10	14 64 0e 00 14 54 0d 00 14 34 0c 00 14 92 10 70 	0d000T000400000p
  0xac20	58 70 00 00 40 00 00 00 01 19 06 00 19 34 14 00 	Xp00@00000000400
  0xac30	19 d2 12 70 11 60 10 50 01 06 02 00 06 72 02 30 	000p0`0P00000r00
  0xac40	01 04 01 00 04 82 00 00 09 1c 0b 00 1c e4 1b 00 	0000000000000000
  0xac50	1c 74 1a 00 1c 64 19 00 1c 34 18 00 1c 01 16 00 	0t000d0004000000
  0xac60	15 f0 00 00 24 66 00 00 01 00 00 00 bf 63 00 00 	0000$f0000000c00
  0xac70	a9 65 00 00 b2 74 00 00 a9 65 00 00 00 00 00 00 	0e000t000e000000
  0xac80	01 00 00 00 01 04 01 00 04 e2 00 00 01 0c 02 00 	0000000000000000
  0xac90	0c 01 11 00 09 17 06 00 17 34 0d 00 17 72 13 e0 	0000000004000r00
  0xaca0	11 70 10 60 24 66 00 00 01 00 00 00 17 6a 00 00 	0p0`$f0000000j00
  0xacb0	38 6a 00 00 08 75 00 00 38 6a 00 00 11 18 05 00 	8j000u008j000000
  0xacc0	18 62 14 e0 12 70 11 60 10 30 00 00 24 66 00 00 	0b000p0`0000$f00
  0xacd0	01 00 00 00 b7 69 00 00 e1 69 00 00 d6 74 00 00 	00000i000i000t00
  0xace0	00 00 00 00 11 1c 08 00 1c 64 0d 00 1c 34 0c 00 	000000000d000400
  0xacf0	1c 52 18 f0 16 e0 14 70 24 66 00 00 01 00 00 00 	0R00000p$f000000
  0xad00	e4 6a 00 00 0d 6b 00 00 50 75 00 00 00 00 00 00 	0j000k00Pu000000
  0xad10	11 06 02 00 06 32 02 30 24 66 00 00 01 00 00 00 	00000200$f000000
  0xad20	61 6b 00 00 a6 6b 00 00 82 75 00 00 00 00 00 00 	ak000k000u000000
  0xad30	09 04 01 00 04 22 00 00 24 66 00 00 01 00 00 00 	00000"00$f000000
  0xad40	ac 6c 00 00 e2 6c 00 00 01 00 00 00 e2 6c 00 00 	0l000l0000000l00
  0xad50	09 0a 04 00 0a 34 06 00 0a 32 06 70 24 66 00 00 	00000400020p$f00
  0xad60	01 00 00 00 bd 6d 00 00 f0 6d 00 00 b0 75 00 00 	00000m000m000u00
  0xad70	f0 6d 00 00 01 0d 04 00 0d 34 09 00 0d 32 06 50 	0m0000000400020P
  0xad80	19 1b 03 00 09 01 a8 00 02 30 00 00 58 70 00 00 	000000000000Xp00
  0xad90	30 05 00 00 00 00 00 00 01 00 00 00 01 02 01 00 	0000000000000000
  0xada0	02 30 00 00 00 00 00 00 02 04 03 00 01 16 00 06 	0000000000000000
  0xadb0	04 12 00 00 00 00 00 00 00 00 00 00 38 c1 00 00 	0000000000008000
  0xadc0	00 00 00 00 ff ff ff ff 00 00 00 00 18 00 00 00 	0000000000000000
  0xadd0	e5 6b 00 00 00 00 00 00 00 00 00 00 00 00 00 00 	0k00000000000000
  0xade0	00 00 00 00 78 61 00 00 00 00 00 00 00 ae 00 00 	0000xa0000000000
  0xadf0	00 00 00 00 00 00 00 00 00 00 00 00 00 00 00 00 	0000000000000000
  0xae00	02 00 00 00 18 ae 00 00 b8 ad 00 00 00 00 00 00 	0000000000000000
  0xae10	00 00 00 00 00 00 00 00 10 00 00 00 58 c1 00 00 	000000000000X000
  0xae20	00 00 00 00 ff ff ff ff 00 00 00 00 18 00 00 00 	0000000000000000
  0xae30	1c 61 00 00 00 00 00 00 00 00 00 00 00 00 00 00 	0a00000000000000
  0xae40	00 00 00 00 80 c1 00 00 00 00 00 00 ff ff ff ff 	0000000000000000
  0xae50	00 00 00 00 04 00 00 00 00 00 00 00 00 00 00 00 	0000000000000000
  0xae60	00 00 00 00 00 00 00 00 00 00 00 00 00 00 00 00 	0000000000000000
  0xae70	00 00 00 00 88 ae 00 00 00 00 00 00 00 00 00 00 	0000000000000000
  0xae80	00 00 00 00 00 00 00 00 01 00 00 00 40 ae 00 00 	000000000000@000
  0xae90	00 00 00 00 00 00 00 00 00 00 00 00 00 00 00 00 	0000000000000000
  0xaea0	10 c0 00 40 01 00 00 00 00 00 00 00 00 00 00 00 	000@000000000000
  0xaeb0	b8 af 00 00 00 00 00 00 00 00 00 00 60 b4 00 00 	000000000000`000
  0xaec0	70 8a 00 00 f8 af 00 00 00 00 00 00 00 00 00 00 	p000000000000000
  0xaed0	26 b6 00 00 b0 8a 00 00 98 b1 00 00 00 00 00 00 	&000000000000000
  0xaee0	00 00 00 00 9a b6 00 00 50 8c 00 00 98 b2 00 00 	00000000P0000000
  0xaef0	00 00 00 00 00 00 00 00 52 b8 00 00 50 8d 00 00 	00000000R000P000
  0xaf00	c8 b3 00 00 00 00 00 00 00 00 00 00 0a b9 00 00 	0000000000000000
  0xaf10	80 8e 00 00 10 b1 00 00 00 00 00 00 00 00 00 00 	0000000000000000
  0xaf20	f8 b9 00 00 c8 8b 00 00 d8 b1 00 00 00 00 00 00 	0000000000000000
  0xaf30	00 00 00 00 e4 ba 00 00 90 8c 00 00 50 b2 00 00 	000000000000P000
  0xaf40	00 00 00 00 00 00 00 00 38 bc 00 00 08 8d 00 00 	0000000080000000
  0xaf50	58 b1 00 00 00 00 00 00 00 00 00 00 5c bc 00 00 	X000000000000000
  0xaf60	10 8c 00 00 60 b2 00 00 00 00 00 00 00 00 00 00 	0000`00000000000
  0xaf70	68 bc 00 00 18 8d 00 00 38 b2 00 00 00 00 00 00 	h000000080000000
  0xaf80	00 00 00 00 92 bc 00 00 f0 8c 00 00 88 b2 00 00 	0000000000000000
  0xaf90	00 00 00 00 00 00 00 00 b2 bc 00 00 40 8d 00 00 	000000000000@000
  0xafa0	00 00 00 00 00 00 00 00 00 00 00 00 00 00 00 00 	0000000000000000
  0xafb0	00 00 00 00 00 00 00 00 fa b3 00 00 00 00 00 00 	0000000000000000
  0xafc0	0a b4 00 00 00 00 00 00 1c b4 00 00 00 00 00 00 	0000000000000000
  0xafd0	2c b4 00 00 00 00 00 00 3e b4 00 00 00 00 00 00 	,0000000>0000000
  0xafe0	52 b4 00 00 00 00 00 00 e8 b3 00 00 00 00 00 00 	R000000000000000
  0xaff0	00 00 00 00 00 00 00 00 6e b4 00 00 00 00 00 00 	00000000n0000000
  0xb000	80 b4 00 00 00 00 00 00 98 b4 00 00 00 00 00 00 	0000000000000000
  0xb010	ae b4 00 00 00 00 00 00 c6 b4 00 00 00 00 00 00 	0000000000000000
  0xb020	e2 b4 00 00 00 00 00 00 f8 b4 00 00 00 00 00 00 	0000000000000000
  0xb030	08 b5 00 00 00 00 00 00 1a b5 00 00 00 00 00 00 	0000000000000000
  0xb040	2c b5 00 00 00 00 00 00 3c b5 00 00 00 00 00 00 	,0000000<0000000
  0xb050	4e b5 00 00 00 00 00 00 66 b5 00 00 00 00 00 00 	N0000000f0000000
  0xb060	7a b5 00 00 00 00 00 00 88 b5 00 00 00 00 00 00 	z000000000000000
  0xb070	94 b5 00 00 00 00 00 00 a6 b5 00 00 00 00 00 00 	0000000000000000
  0xb080	b8 b5 00 00 00 00 00 00 c4 b5 00 00 00 00 00 00 	0000000000000000
  0xb090	da b5 00 00 00 00 00 00 e2 b5 00 00 00 00 00 00 	0000000000000000
  0xb0a0	f0 b5 00 00 00 00 00 00 06 b6 00 00 00 00 00 00 	0000000000000000
  0xb0b0	16 b6 00 00 00 00 00 00 e2 b9 00 00 00 00 00 00 	0000000000000000
  0xb0c0	d2 b9 00 00 00 00 00 00 b8 b9 00 00 00 00 00 00 	0000000000000000
  0xb0d0	a2 b9 00 00 00 00 00 00 88 b9 00 00 00 00 00 00 	0000000000000000
  0xb0e0	74 b9 00 00 00 00 00 00 60 b9 00 00 00 00 00 00 	t0000000`0000000
  0xb0f0	42 b9 00 00 00 00 00 00 26 b9 00 00 00 00 00 00 	B0000000&0000000
  0xb100	14 b9 00 00 00 00 00 00 00 00 00 00 00 00 00 00 	0000000000000000
  0xb110	ba 00 00 00 00 00 00 80 a2 00 00 00 00 00 00 80 	0000000000000000
  0xb120	a1 00 00 00 00 00 00 80 06 00 00 00 00 00 00 80 	0000000000000000
  0xb130	07 00 00 00 00 00 00 80 15 01 00 00 00 00 00 80 	0000000000000000
  0xb140	02 00 00 00 00 00 00 80 a3 00 00 00 00 00 00 80 	0000000000000000
  0xb150	00 00 00 00 00 00 00 00 52 bb 00 00 00 00 00 00 	00000000R0000000
  0xb160	6e bb 00 00 00 00 00 00 86 bb 00 00 00 00 00 00 	n000000000000000
  0xb170	24 bb 00 00 00 00 00 00 a2 bb 00 00 00 00 00 00 	$000000000000000
  0xb180	26 bc 00 00 00 00 00 00 fe bb 00 00 00 00 00 00 	&000000000000000
  0xb190	00 00 00 00 00 00 00 00 86 b6 00 00 00 00 00 00 	0000000000000000
  0xb1a0	72 b6 00 00 00 00 00 00 64 b6 00 00 00 00 00 00 	r0000000d0000000
  0xb1b0	56 b6 00 00 00 00 00 00 40 b6 00 00 00 00 00 00 	V0000000@0000000
  0xb1c0	34 b6 00 00 00 00 00 00 d8 bc 00 00 00 00 00 00 	4000000000000000
  0xb1d0	00 00 00 00 00 00 00 00 60 ba 00 00 00 00 00 00 	00000000`0000000
  0xb1e0	b4 ba 00 00 00 00 00 00 cc ba 00 00 00 00 00 00 	0000000000000000
  0xb1f0	3c ba 00 00 00 00 00 00 9e ba 00 00 00 00 00 00 	<000000000000000
  0xb200	72 ba 00 00 00 00 00 00 4e ba 00 00 00 00 00 00 	r0000000N0000000
  0xb210	86 ba 00 00 00 00 00 00 06 ba 00 00 00 00 00 00 	0000000000000000
  0xb220	18 ba 00 00 00 00 00 00 28 ba 00 00 00 00 00 00 	00000000(0000000
  0xb230	00 00 00 00 00 00 00 00 f2 bb 00 00 00 00 00 00 	0000000000000000
  0xb240	44 bb 00 00 00 00 00 00 00 00 00 00 00 00 00 00 	D000000000000000
  0xb250	b4 bb 00 00 00 00 00 00 00 00 00 00 00 00 00 00 	0000000000000000
  0xb260	04 bb 00 00 00 00 00 00 14 bb 00 00 00 00 00 00 	0000000000000000
  0xb270	dc bb 00 00 00 00 00 00 ca bb 00 00 00 00 00 00 	0000000000000000
  0xb280	00 00 00 00 00 00 00 00 10 bc 00 00 00 00 00 00 	0000000000000000
  0xb290	00 00 00 00 00 00 00 00 96 b7 00 00 00 00 00 00 	0000000000000000
  0xb2a0	78 b7 00 00 00 00 00 00 60 b7 00 00 00 00 00 00 	x0000000`0000000
  0xb2b0	b8 b7 00 00 00 00 00 00 42 b7 00 00 00 00 00 00 	00000000B0000000
  0xb2c0	22 b7 00 00 00 00 00 00 ec bc 00 00 00 00 00 00 	"000000000000000
  0xb2d0	c6 b7 00 00 00 00 00 00 16 b7 00 00 00 00 00 00 	0000000000000000
  0xb2e0	be b8 00 00 00 00 00 00 b0 b8 00 00 00 00 00 00 	0000000000000000
  0xb2f0	0a b7 00 00 00 00 00 00 fe b6 00 00 00 00 00 00 	0000000000000000
  0xb300	f4 b6 00 00 00 00 00 00 ec b6 00 00 00 00 00 00 	0000000000000000
  0xb310	e0 b6 00 00 00 00 00 00 a2 b7 00 00 00 00 00 00 	0000000000000000
  0xb320	d4 b6 00 00 00 00 00 00 a6 b6 00 00 00 00 00 00 	0000000000000000
  0xb330	a6 b8 00 00 00 00 00 00 9e b8 00 00 00 00 00 00 	0000000000000000
  0xb340	86 b8 00 00 00 00 00 00 72 b8 00 00 00 00 00 00 	00000000r0000000
  0xb350	68 b8 00 00 00 00 00 00 5e b8 00 00 00 00 00 00 	h0000000^0000000
  0xb360	46 b8 00 00 00 00 00 00 3c b8 00 00 00 00 00 00 	F0000000<0000000
  0xb370	32 b8 00 00 00 00 00 00 26 b8 00 00 00 00 00 00 	20000000&0000000
  0xb380	12 b8 00 00 00 00 00 00 08 b8 00 00 00 00 00 00 	0000000000000000
  0xb390	00 b8 00 00 00 00 00 00 f8 b7 00 00 00 00 00 00 	0000000000000000
  0xb3a0	e6 b7 00 00 00 00 00 00 d4 b7 00 00 00 00 00 00 	0000000000000000
  0xb3b0	bc b6 00 00 00 00 00 00 f6 bc 00 00 00 00 00 00 	0000000000000000
  0xb3c0	00 00 00 00 00 00 00 00 c8 b8 00 00 00 00 00 00 	0000000000000000
  0xb3d0	dc b8 00 00 00 00 00 00 f6 b8 00 00 00 00 00 00 	0000000000000000
  0xb3e0	00 00 00 00 00 00 00 00 73 02 52 65 67 44 65 6c 	00000000s0RegDel
  0xb3f0	65 74 65 56 61 6c 75 65 57 00 8c 02 52 65 67 4f 	eteValueW000RegO
  0xb400	70 65 6e 4b 65 79 45 78 57 00 a9 02 52 65 67 53 	penKeyExW000RegS
  0xb410	65 74 56 61 6c 75 65 45 78 57 00 00 7a 02 52 65 	etValueExW00z0Re
  0xb420	67 45 6e 75 6d 4b 65 79 45 78 57 00 64 02 52 65 	gEnumKeyExW0d0Re
  0xb430	67 43 72 65 61 74 65 4b 65 79 45 78 57 00 93 02 	gCreateKeyExW000
  0xb440	52 65 67 51 75 65 72 79 49 6e 66 6f 4b 65 79 57 	RegQueryInfoKeyW
  0xb450	00 00 5b 02 52 65 67 43 6c 6f 73 65 4b 65 79 00 	00[0RegCloseKey0
  0xb460	41 44 56 41 50 49 33 32 2e 64 6c 6c 00 00 8e 05 	ADVAPI32.dll0000
  0xb470	53 69 7a 65 6f 66 52 65 73 6f 75 72 63 65 00 00 	SizeofResource00
  0xb480	38 01 45 6e 74 65 72 43 72 69 74 69 63 61 6c 53 	80EnterCriticalS
  0xb490	65 63 74 69 6f 6e 00 00 7d 02 47 65 74 4d 6f 64 	ection00}0GetMod
  0xb4a0	75 6c 65 46 69 6c 65 4e 61 6d 65 57 00 00 c4 03 	uleFileNameW0000
  0xb4b0	4c 65 61 76 65 43 72 69 74 69 63 61 6c 53 65 63 	LeaveCriticalSec
  0xb4c0	74 69 6f 6e 00 00 6a 03 49 6e 69 74 69 61 6c 69 	tion00j0Initiali
  0xb4d0	7a 65 43 72 69 74 69 63 61 6c 53 65 63 74 69 6f 	zeCriticalSectio
  0xb4e0	6e 00 f6 03 4d 75 6c 74 69 42 79 74 65 54 6f 57 	n000MultiByteToW
  0xb4f0	69 64 65 43 68 61 72 00 6a 02 47 65 74 4c 61 73 	ideChar0j0GetLas
  0xb500	74 45 72 72 6f 72 00 00 68 04 52 61 69 73 65 45 	tError00h0RaiseE
  0xb510	78 63 65 70 74 69 6f 6e 00 00 9e 01 46 69 6e 64 	xception0000Find
  0xb520	52 65 73 6f 75 72 63 65 45 78 57 00 ce 03 4c 6f 	ResourceExW000Lo
  0xb530	61 64 52 65 73 6f 75 72 63 65 00 00 b8 02 47 65 	adResource0000Ge
  0xb540	74 50 72 6f 63 41 64 64 72 65 73 73 00 00 14 01 	tProcAddress0000
  0xb550	44 65 6c 65 74 65 43 72 69 74 69 63 61 6c 53 65 	DeleteCriticalSe
  0xb560	63 74 69 6f 6e 00 81 02 47 65 74 4d 6f 64 75 6c 	ction000GetModul
  0xb570	65 48 61 6e 64 6c 65 57 00 00 b4 01 46 72 65 65 	eHandleW0000Free
  0xb580	4c 69 62 72 61 72 79 00 4a 06 6c 73 74 72 63 6d 	Library0J0lstrcm
  0xb590	70 69 57 00 ca 03 4c 6f 61 64 4c 69 62 72 61 72 	piW000LoadLibrar
  0xb5a0	79 45 78 57 00 00 e0 01 47 65 74 43 6f 6d 6d 61 	yExW0000GetComma
  0xb5b0	6e 64 4c 69 6e 65 57 00 26 05 53 65 74 45 76 65 	ndLineW0&0SetEve
  0xb5c0	6e 74 00 00 25 02 47 65 74 43 75 72 72 65 6e 74 	nt00%0GetCurrent
  0xb5d0	54 68 72 65 61 64 49 64 00 00 8f 05 53 6c 65 65 	ThreadId0000Slee
  0xb5e0	70 00 89 00 43 6c 6f 73 65 48 61 6e 64 6c 65 00 	p000CloseHandle0
  0xb5f0	ea 05 57 61 69 74 46 6f 72 53 69 6e 67 6c 65 4f 	00WaitForSingleO
  0xb600	62 6a 65 63 74 00 c2 00 43 72 65 61 74 65 45 76 	bject000CreateEv
  0xb610	65 6e 74 57 00 00 f5 00 43 72 65 61 74 65 54 68 	entW0000CreateTh
  0xb620	72 65 61 64 00 00 4b 45 52 4e 45 4c 33 32 2e 64 	read00KERNEL32.d
  0xb630	6c 6c 00 00 34 00 43 68 61 72 4e 65 78 74 57 00 	ll0040CharNextW0
  0xb640	b2 02 50 6f 73 74 54 68 72 65 61 64 4d 65 73 73 	00PostThreadMess
  0xb650	61 67 65 57 00 00 3f 00 43 68 61 72 55 70 70 65 	ageW00?0CharUppe
  0xb660	72 57 00 00 89 01 47 65 74 4d 65 73 73 61 67 65 	rW0000GetMessage
  0xb670	57 00 ad 03 54 72 61 6e 73 6c 61 74 65 4d 65 73 	W000TranslateMes
  0xb680	73 61 67 65 00 00 bd 00 44 69 73 70 61 74 63 68 	sage0000Dispatch
  0xb690	4d 65 73 73 61 67 65 57 00 00 55 53 45 52 33 32 	MessageW00USER32
  0xb6a0	2e 64 6c 6c 00 00 5b 00 5f 5f 43 78 78 46 72 61 	.dll00[0__CxxFra
  0xb6b0	6d 65 48 61 6e 64 6c 65 72 33 00 00 57 00 5f 5f 	meHandler300W0__
  0xb6c0	43 5f 73 70 65 63 69 66 69 63 5f 68 61 6e 64 6c 	C_specific_handl
  0xb6d0	65 72 00 00 93 04 6d 65 6d 63 70 79 5f 73 00 00 	er0000memcpy_s00
  0xb6e0	9e 02 5f 70 75 72 65 63 61 6c 6c 00 4c 04 66 72 	00_purecall0L0fr
  0xb6f0	65 65 00 00 86 04 6d 61 6c 6c 6f 63 00 00 0d 05 	ee0000malloc0000
  0xb700	77 63 73 6e 63 70 79 5f 73 00 05 05 77 63 73 63 	wcsncpy_s000wcsc
  0xb710	70 79 5f 73 00 00 00 05 77 63 73 63 61 74 5f 73 	py_s0000wcscat_s
  0xb720	00 00 0b 00 3f 3f 30 65 78 63 65 70 74 69 6f 6e 	0000??0exception
  0xb730	40 40 51 45 41 41 40 41 45 42 51 45 42 44 48 40 	@@QEAA@AEBQEBDH@
  0xb740	5a 00 0c 00 3f 3f 30 65 78 63 65 70 74 69 6f 6e 	Z000??0exception
  0xb750	40 40 51 45 41 41 40 41 45 42 56 30 40 40 5a 00 	@@QEAA@AEBV0@@Z0
  0xb760	11 00 3f 3f 31 65 78 63 65 70 74 69 6f 6e 40 40 	00??1exception@@
  0xb770	55 45 41 41 40 58 5a 00 31 00 3f 77 68 61 74 40 	UEAA@XZ010?what@
  0xb780	65 78 63 65 70 74 69 6f 6e 40 40 55 45 42 41 50 	exception@@UEBAP
  0xb790	45 42 44 58 5a 00 bf 00 5f 63 61 6c 6c 6e 65 77 	EBDXZ000_callnew
  0xb7a0	68 00 4b 00 5f 43 78 78 54 68 72 6f 77 45 78 63 	h0K0_CxxThrowExc
  0xb7b0	65 70 74 69 6f 6e 00 00 55 00 5f 58 63 70 74 46 	eption00U0_XcptF
  0xb7c0	69 6c 74 65 72 00 ae 00 5f 61 6d 73 67 5f 65 78 	ilter000_amsg_ex
  0xb7d0	69 74 00 00 9d 00 5f 5f 77 67 65 74 6d 61 69 6e 	it0000__wgetmain
  0xb7e0	61 72 67 73 00 00 8e 00 5f 5f 73 65 74 5f 61 70 	args0000__set_ap
  0xb7f0	70 5f 74 79 70 65 00 00 32 04 65 78 69 74 00 00 	p_type0020exit00
  0xb800	0e 01 5f 65 78 69 74 00 c1 00 5f 63 65 78 69 74 	00_exit000_cexit
  0xb810	00 00 90 00 5f 5f 73 65 74 75 73 65 72 6d 61 74 	0000__setusermat
  0xb820	68 65 72 72 00 00 7d 01 5f 69 6e 69 74 74 65 72 	herr00}0_initter
  0xb830	6d 00 82 03 5f 77 63 6d 64 6c 6e 00 27 01 5f 66 	m000_wcmdln0'0_f
  0xb840	6d 6f 64 65 00 00 d2 00 5f 63 6f 6d 6d 6f 64 65 	mode0000_commode
  0xb850	00 00 6d 73 76 63 72 74 2e 64 6c 6c 00 00 05 01 	00msvcrt.dll0000
  0xb860	5f 65 72 72 6e 6f 00 00 a9 04 72 65 61 6c 6c 6f 	_errno0000reallo
  0xb870	63 00 2f 00 3f 74 65 72 6d 69 6e 61 74 65 40 40 	c0/0?terminate@@
  0xb880	59 41 58 58 5a 00 12 00 3f 3f 31 74 79 70 65 5f 	YAXXZ000??1type_
  0xb890	69 6e 66 6f 40 40 55 45 41 41 40 58 5a 00 e6 01 	info@@UEAA@XZ000
  0xb8a0	5f 6c 6f 63 6b 00 41 03 5f 75 6e 6c 6f 63 6b 00 	_lock0A0_unlock0
  0xb8b0	7b 00 5f 5f 64 6c 6c 6f 6e 65 78 69 74 00 90 02 	{0__dllonexit000
  0xb8c0	5f 6f 6e 65 78 69 74 00 f3 02 52 74 6c 43 61 70 	_onexit000RtlCap
  0xb8d0	74 75 72 65 43 6f 6e 74 65 78 74 00 ea 04 52 74 	tureContext000Rt
  0xb8e0	6c 4c 6f 6f 6b 75 70 46 75 6e 63 74 69 6f 6e 45 	lLookupFunctionE
  0xb8f0	6e 74 72 79 00 00 29 06 52 74 6c 56 69 72 74 75 	ntry00)0RtlVirtu
  0xb900	61 6c 55 6e 77 69 6e 64 00 00 6e 74 64 6c 6c 2e 	alUnwind00ntdll.
  0xb910	64 6c 6c 00 d8 02 47 65 74 53 74 61 72 74 75 70 	dll000GetStartup
  0xb920	49 6e 66 6f 57 00 bb 05 55 6e 68 61 6e 64 6c 65 	InfoW000Unhandle
  0xb930	64 45 78 63 65 70 74 69 6f 6e 46 69 6c 74 65 72 	dExceptionFilter
  0xb940	00 00 7a 05 53 65 74 55 6e 68 61 6e 64 6c 65 64 	00z0SetUnhandled
  0xb950	45 78 63 65 70 74 69 6f 6e 46 69 6c 74 65 72 00 	ExceptionFilter0
  0xb960	1e 02 47 65 74 43 75 72 72 65 6e 74 50 72 6f 63 	00GetCurrentProc
  0xb970	65 73 73 00 99 05 54 65 72 6d 69 6e 61 74 65 50 	ess000TerminateP
  0xb980	72 6f 63 65 73 73 00 00 4e 04 51 75 65 72 79 50 	rocess00N0QueryP
  0xb990	65 72 66 6f 72 6d 61 6e 63 65 43 6f 75 6e 74 65 	erformanceCounte
  0xb9a0	72 00 1f 02 47 65 74 43 75 72 72 65 6e 74 50 72 	r000GetCurrentPr
  0xb9b0	6f 63 65 73 73 49 64 00 f1 02 47 65 74 53 79 73 	ocessId000GetSys
  0xb9c0	74 65 6d 54 69 6d 65 41 73 46 69 6c 65 54 69 6d 	temTimeAsFileTim
  0xb9d0	65 00 0f 03 47 65 74 54 69 63 6b 43 6f 75 6e 74 	e000GetTickCount
  0xb9e0	00 00 19 04 4f 75 74 70 75 74 44 65 62 75 67 53 	0000OutputDebugS
  0xb9f0	74 72 69 6e 67 41 00 00 4f 4c 45 41 55 54 33 32 	tringA00OLEAUT32
  0xba00	2e 64 6c 6c 00 00 42 00 43 6f 54 61 73 6b 4d 65 	.dll00B0CoTaskMe
  0xba10	6d 41 6c 6c 6f 63 00 00 43 00 43 6f 54 61 73 6b 	mAlloc00C0CoTask
  0xba20	4d 65 6d 46 72 65 65 00 44 00 43 6f 54 61 73 6b 	MemFree0D0CoTask
  0xba30	4d 65 6d 52 65 61 6c 6c 6f 63 00 00 46 00 43 6f 	MemRealloc00F0Co
  0xba40	55 6e 69 6e 69 74 69 61 6c 69 7a 65 00 00 28 00 	Uninitialize00(0
  0xba50	43 6f 49 6e 69 74 69 61 6c 69 7a 65 45 78 00 00 	CoInitializeEx00
  0xba60	54 00 53 74 72 69 6e 67 46 72 6f 6d 47 55 49 44 	T0StringFromGUID
  0xba70	32 00 09 00 43 6f 43 72 65 61 74 65 49 6e 73 74 	2000CoCreateInst
  0xba80	61 6e 63 65 00 00 3a 00 43 6f 52 65 73 75 6d 65 	ance00:0CoResume
  0xba90	43 6c 61 73 73 4f 62 6a 65 63 74 73 00 00 3c 00 	ClassObjects00<0
  0xbaa0	43 6f 52 65 76 6f 6b 65 43 6c 61 73 73 4f 62 6a 	CoRevokeClassObj
  0xbab0	65 63 74 00 34 00 43 6f 52 65 67 69 73 74 65 72 	ect040CoRegister
  0xbac0	43 6c 61 73 73 4f 62 6a 65 63 74 00 40 00 43 6f 	ClassObject0@0Co
  0xbad0	53 75 73 70 65 6e 64 43 6c 61 73 73 4f 62 6a 65 	SuspendClassObje
  0xbae0	63 74 73 00 61 70 69 2d 6d 73 2d 77 69 6e 2d 63 	cts0api-ms-win-c
  0xbaf0	6f 72 65 2d 63 6f 6d 2d 6c 31 2d 31 2d 30 2e 64 	ore-com-l1-1-0.d
  0xbb00	6c 6c 00 00 05 00 4f 70 65 6e 53 65 72 76 69 63 	ll0000OpenServic
  0xbb10	65 57 00 00 06 00 53 74 61 72 74 53 65 72 76 69 	eW0000StartServi
  0xbb20	63 65 57 00 76 01 52 70 63 42 69 6e 64 69 6e 67 	ceW0v0RpcBinding
  0xbb30	46 72 6f 6d 53 74 72 69 6e 67 42 69 6e 64 69 6e 	FromStringBindin
  0xbb40	67 57 00 00 08 00 4c 6f 63 61 6c 41 6c 6c 6f 63 	gW0000LocalAlloc
  0xbb50	00 00 10 02 52 70 63 53 74 72 69 6e 67 42 69 6e 	0000RpcStringBin
  0xbb60	64 69 6e 67 43 6f 6d 70 6f 73 65 57 00 00 2e 00 	dingComposeW00.0
  0xbb70	49 5f 52 70 63 45 78 63 65 70 74 69 6f 6e 46 69 	I_RpcExceptionFi
  0xbb80	6c 74 65 72 00 00 85 01 52 70 63 42 69 6e 64 69 	lter0000RpcBindi
  0xbb90	6e 67 53 65 74 41 75 74 68 49 6e 66 6f 45 78 57 	ngSetAuthInfoExW
  0xbba0	00 00 14 02 52 70 63 53 74 72 69 6e 67 46 72 65 	0000RpcStringFre
  0xbbb0	65 57 00 00 23 00 43 72 65 61 74 65 57 65 6c 6c 	eW00#0CreateWell
  0xbbc0	4b 6e 6f 77 6e 53 69 64 00 00 04 00 4f 70 65 6e 	KnownSid0000Open
  0xbbd0	53 43 4d 61 6e 61 67 65 72 57 00 00 00 00 43 6c 	SCManagerW0000Cl
  0xbbe0	6f 73 65 53 65 72 76 69 63 65 48 61 6e 64 6c 65 	oseServiceHandle
  0xbbf0	00 00 0a 00 4c 6f 63 61 6c 46 72 65 65 00 74 01 	0000LocalFree0t0
  0xbc00	52 70 63 42 69 6e 64 69 6e 67 46 72 65 65 00 00 	RpcBindingFree00
  0xbc10	0a 00 51 75 65 72 79 53 65 72 76 69 63 65 53 74 	00QueryServiceSt
  0xbc20	61 74 75 73 00 00 a4 00 4e 64 72 43 6c 69 65 6e 	atus0000NdrClien
  0xbc30	74 43 61 6c 6c 33 00 00 61 70 69 2d 6d 73 2d 77 	tCall300api-ms-w
  0xbc40	69 6e 2d 73 65 63 75 72 69 74 79 2d 62 61 73 65 	in-security-base
  0xbc50	2d 6c 31 2d 31 2d 30 2e 64 6c 6c 00 52 50 43 52 	-l1-1-0.dll0RPCR
  0xbc60	54 34 2e 64 6c 6c 00 00 61 70 69 2d 6d 73 2d 77 	T4.dll00api-ms-w
  0xbc70	69 6e 2d 73 65 72 76 69 63 65 2d 6d 61 6e 61 67 	in-service-manag
  0xbc80	65 6d 65 6e 74 2d 6c 31 2d 31 2d 30 2e 64 6c 6c 	ement-l1-1-0.dll
  0xbc90	00 00 61 70 69 2d 6d 73 2d 77 69 6e 2d 63 6f 72 	00api-ms-win-cor
  0xbca0	65 2d 68 65 61 70 2d 6c 32 2d 31 2d 30 2e 64 6c 	e-heap-l2-1-0.dl
  0xbcb0	6c 00 61 70 69 2d 6d 73 2d 77 69 6e 2d 73 65 72 	l0api-ms-win-ser
  0xbcc0	76 69 63 65 2d 77 69 6e 73 76 63 2d 6c 31 2d 31 	vice-winsvc-l1-1
  0xbcd0	2d 30 2e 64 6c 6c 00 00 b7 03 55 6e 72 65 67 69 	-0.dll0000Unregi
  0xbce0	73 74 65 72 43 6c 61 73 73 41 00 00 91 04 6d 65 	sterClassA0000me
  0xbcf0	6d 63 6d 70 00 00 96 04 6d 65 6d 73 65 74 00 00 	mcmp0000memset00
  0xbd00	00 00 00 00 00 00 00 00 00 00 00 00 00 00 00 00 	0000000000000000
  0xbd10	00 00 00 00 00 00 00 00 00 00 00 00 00 00 00 00 	0000000000000000
  0xbd20	00 00 00 00 00 00 00 00 00 00 00 00 00 00 00 00 	0000000000000000
  0xbd30	00 00 00 00 00 00 00 00 00 00 00 00 00 00 00 00 	0000000000000000
  0xbd40	00 00 00 00 00 00 00 00 00 00 00 00 00 00 00 00 	0000000000000000
  0xbd50	00 00 00 00 00 00 00 00 00 00 00 00 00 00 00 00 	0000000000000000
  0xbd60	00 00 00 00 00 00 00 00 00 00 00 00 00 00 00 00 	0000000000000000
  0xbd70	00 00 00 00 00 00 00 00 00 00 00 00 00 00 00 00 	0000000000000000
  0xbd80	00 00 00 00 00 00 00 00 00 00 00 00 00 00 00 00 	0000000000000000
  0xbd90	00 00 00 00 00 00 00 00 00 00 00 00 00 00 00 00 	0000000000000000
  0xbda0	00 00 00 00 00 00 00 00 00 00 00 00 00 00 00 00 	0000000000000000
  0xbdb0	00 00 00 00 00 00 00 00 00 00 00 00 00 00 00 00 	0000000000000000
  0xbdc0	00 00 00 00 00 00 00 00 00 00 00 00 00 00 00 00 	0000000000000000
  0xbdd0	00 00 00 00 00 00 00 00 00 00 00 00 00 00 00 00 	0000000000000000
  0xbde0	00 00 00 00 00 00 00 00 00 00 00 00 00 00 00 00 	0000000000000000
  0xbdf0	00 00 00 00 00 00 00 00 00 00 00 00 00 00 00 00 	0000000000000000
=== DATA BLOCK END ===

=== DATA BLOCK ADDRESS 0xc000 ===
  0xc000	40 90 00 40 01 00 00 00 00 00 00 00 00 00 00 00 	@00@000000000000
  0xc010	90 95 00 40 01 00 00 00 70 3e 00 40 01 00 00 00 	000@0000p>0@0000
  0xc020	20 41 00 40 01 00 00 00 90 3e 00 40 01 00 00 00 	 A0@00000>0@0000
  0xc030	00 00 00 00 00 00 00 00 00 00 00 00 00 00 00 00 	0000000000000000
  0xc040	40 1a 00 40 01 00 00 00 40 1a 00 40 01 00 00 00 	@00@0000@00@0000
  0xc050	f0 37 00 40 01 00 00 00 d0 95 00 40 01 00 00 00 	070@0000000@0000
  0xc060	e0 95 00 40 01 00 00 00 01 00 00 00 00 00 00 00 	000@000000000000
  0xc070	00 00 00 00 00 00 00 00 00 00 00 00 00 00 00 00 	0000000000000000
  0xc080	00 00 00 00 00 00 00 00 00 00 00 00 00 00 00 00 	0000000000000000
  0xc090	60 00 00 00 00 00 00 00 00 00 00 40 01 00 00 00 	`0000000000@0000
  0xc0a0	00 00 00 40 01 00 00 00 01 00 00 00 00 08 00 00 	000@000000000000
  0xc0b0	40 97 00 40 01 00 00 00 00 00 00 00 00 00 00 00 	@00@000000000000
  0xc0c0	00 00 00 00 00 00 00 00 00 00 00 00 00 00 00 00 	0000000000000000
  0xc0d0	00 00 00 00 00 00 00 00 00 00 00 00 00 00 00 00 	0000000000000000
  0xc0e0	00 00 00 00 00 00 00 00 00 00 00 00 00 00 00 00 	0000000000000000
  0xc0f0	00 00 00 00 00 00 00 00 00 00 00 40 01 00 00 00 	00000000000@0000
  0xc100	a0 ae 00 40 01 00 00 00 a8 ae 00 40 01 00 00 00 	000@0000000@0000
  0xc110	00 00 00 00 00 00 00 00 00 00 00 00 00 00 00 00 	0000000000000000
  0xc120	00 00 00 00 00 00 00 00 00 00 00 00 00 00 00 00 	0000000000000000
  0xc130	00 00 00 00 00 00 00 00 30 80 00 40 01 00 00 00 	00000000000@0000
  0xc140	00 00 00 00 00 00 00 00 2e 3f 41 56 65 78 63 65 	00000000.?AVexce
  0xc150	70 74 69 6f 6e 40 40 00 30 80 00 40 01 00 00 00 	ption@@0000@0000
  0xc160	00 00 00 00 00 00 00 00 2e 3f 41 56 62 61 64 5f 	00000000.?AVbad_
  0xc170	61 6c 6c 6f 63 40 73 74 64 40 40 00 00 00 00 00 	alloc@std@@00000
  0xc180	30 80 00 40 01 00 00 00 00 00 00 00 00 00 00 00 	000@000000000000
  0xc190	2e 3f 41 56 43 41 74 6c 45 78 63 65 70 74 69 6f 	.?AVCAtlExceptio
  0xc1a0	6e 40 41 54 4c 40 40 00 00 00 00 00 00 00 00 00 	n@ATL@@000000000
  0xc1b0	01 00 00 00 00 00 00 00 32 a2 df 2d 99 2b 00 00 	00000000200-0+00
  0xc1c0	cd 5d 20 d2 66 d4 ff ff 00 00 00 00 00 00 00 00 	0] 0f00000000000
  0xc1d0	48 00 00 00 00 00 00 00 00 00 00 00 00 00 00 00 	H000000000000000
  0xc1e0	00 00 00 00 00 00 00 00 00 00 00 00 00 00 00 00 	0000000000000000
  0xc1f0	00 00 00 00 00 00 00 00 00 00 00 00 00 00 00 00 	0000000000000000
  0xc200	00 00 00 00 00 00 00 00 00 00 00 00 00 00 00 00 	0000000000000000
  0xc210	00 00 00 00 00 00 00 00 00 00 00 00 00 00 00 00 	0000000000000000
  0xc220	00 00 00 00 00 00 00 00 00 00 00 00 00 00 00 00 	0000000000000000
  0xc230	00 00 00 00 00 00 00 00 00 00 00 00 00 00 00 00 	0000000000000000
  0xc240	00 00 00 00 00 00 00 00 00 00 00 00 00 00 00 00 	0000000000000000
  0xc250	00 00 00 00 00 00 00 00 00 00 00 00 00 00 00 00 	0000000000000000
  0xc260	00 00 00 00 00 00 00 00 00 00 00 00 00 00 00 00 	0000000000000000
  0xc270	00 00 00 00 00 00 00 00 00 00 00 00 00 00 00 00 	0000000000000000
  0xc280	00 00 00 00 00 00 00 00 00 00 00 00 00 00 00 00 	0000000000000000
  0xc290	00 00 00 00 00 00 00 00 00 00 00 00 00 00 00 00 	0000000000000000
  0xc2a0	00 00 00 00 00 00 00 00 00 00 00 00 00 00 00 00 	0000000000000000
  0xc2b0	00 00 00 00 00 00 00 00 00 00 00 00 00 00 00 00 	0000000000000000
  0xc2c0	00 00 00 00 00 00 00 00 00 00 00 00 00 00 00 00 	0000000000000000
  0xc2d0	00 00 00 00 00 00 00 00 00 00 00 00 00 00 00 00 	0000000000000000
  0xc2e0	00 00 00 00 00 00 00 00 00 00 00 00 00 00 00 00 	0000000000000000
  0xc2f0	00 00 00 00 00 00 00 00 00 00 00 00 00 00 00 00 	0000000000000000
  0xc300	00 00 00 00 00 00 00 00 00 00 00 00 00 00 00 00 	0000000000000000
  0xc310	00 00 00 00 00 00 00 00 00 00 00 00 00 00 00 00 	0000000000000000
  0xc320	00 00 00 00 00 00 00 00 00 00 00 00 00 00 00 00 	0000000000000000
  0xc330	00 00 00 00 00 00 00 00 00 00 00 00 00 00 00 00 	0000000000000000
  0xc340	00 00 00 00 00 00 00 00 00 00 00 00 00 00 00 00 	0000000000000000
  0xc350	00 00 00 00 00 00 00 00 00 00 00 00 00 00 00 00 	0000000000000000
  0xc360	00 00 00 00 00 00 00 00 00 00 00 00 00 00 00 00 	0000000000000000
  0xc370	00 00 00 00 00 00 00 00 00 00 00 00 00 00 00 00 	0000000000000000
  0xc380	00 00 00 00 00 00 00 00 00 00 00 00 00 00 00 00 	0000000000000000
  0xc390	00 00 00 00 00 00 00 00 00 00 00 00 00 00 00 00 	0000000000000000
  0xc3a0	00 00 00 00 00 00 00 00 00 00 00 00 00 00 00 00 	0000000000000000
  0xc3b0	00 00 00 00 00 00 00 00 00 00 00 00 00 00 00 00 	0000000000000000
  0xc3c0	00 00 00 00 00 00 00 00 00 00 00 00 00 00 00 00 	0000000000000000
  0xc3d0	00 00 00 00 00 00 00 00 00 00 00 00 00 00 00 00 	0000000000000000
  0xc3e0	00 00 00 00 00 00 00 00 00 00 00 00 00 00 00 00 	0000000000000000
  0xc3f0	00 00 00 00 00 00 00 00 00 00 00 00 00 00 00 00 	0000000000000000
=== DATA BLOCK END ===

=== DATA BLOCK ADDRESS 0xd000 ===
  0xd000	10 10 00 00 28 11 00 00 b0 a3 00 00 30 11 00 00 	0000(00000000000
  0xd010	67 11 00 00 80 a3 00 00 70 11 00 00 a2 11 00 00 	g0000000p0000000
  0xd020	80 a3 00 00 b0 11 00 00 e7 11 00 00 80 a3 00 00 	0000000000000000
  0xd030	1c 12 00 00 3e 12 00 00 80 a3 00 00 44 12 00 00 	0000>0000000D000
  0xd040	6b 12 00 00 88 a3 00 00 74 12 00 00 99 12 00 00 	k0000000t0000000
  0xd050	80 a3 00 00 d8 12 00 00 00 13 00 00 b0 a3 00 00 	0000000000000000
  0xd060	08 13 00 00 dd 13 00 00 b8 a3 00 00 e4 13 00 00 	0000000000000000
  0xd070	40 15 00 00 c4 a3 00 00 48 15 00 00 fb 17 00 00 	@0000000H0000000
  0xd080	e0 a3 00 00 04 18 00 00 b4 18 00 00 a8 a4 00 00 	0000000000000000
  0xd090	d4 18 00 00 00 1a 00 00 b8 a4 00 00 4c 1a 00 00 	000000000000L000
  0xd0a0	f4 1a 00 00 d0 a4 00 00 00 1b 00 00 30 1b 00 00 	0000000000000000
  0xd0b0	d0 a4 00 00 40 1b 00 00 ce 1b 00 00 dc a4 00 00 	0000@00000000000
  0xd0c0	d4 1b 00 00 e0 1d 00 00 08 a5 00 00 f0 1d 00 00 	0000000000000000
  0xd0d0	38 1e 00 00 d0 a4 00 00 40 1e 00 00 23 20 00 00 	80000000@000# 00
  0xd0e0	a0 a5 00 00 2c 20 00 00 81 25 00 00 b8 a5 00 00 	0000, 000%000000
  0xd0f0	88 25 00 00 32 26 00 00 a8 a6 00 00 38 26 00 00 	0%002&0000008&00
  0xd100	32 29 00 00 c0 a6 00 00 38 29 00 00 02 2b 00 00 	2)0000008)000+00
  0xd110	18 a7 00 00 08 2b 00 00 2f 33 00 00 3c a7 00 00 	00000+00/300<000
  0xd120	38 33 00 00 d6 35 00 00 98 a7 00 00 dc 35 00 00 	8300050000000500
  0xd130	8f 36 00 00 b8 a7 00 00 98 36 00 00 c1 36 00 00 	0600000006000600
  0xd140	20 a8 00 00 c8 36 00 00 df 37 00 00 38 a8 00 00 	 000060007008000
  0xd150	00 38 00 00 64 38 00 00 80 a3 00 00 70 38 00 00 	0800d8000000p800
  0xd160	9a 38 00 00 80 a3 00 00 b8 38 00 00 00 3b 00 00 	0800000008000;00
  0xd170	50 a8 00 00 10 3b 00 00 81 3b 00 00 f8 a8 00 00 	P0000;000;000000
  0xd180	88 3b 00 00 3d 3e 00 00 28 a9 00 00 44 3e 00 00 	0;00=>00(000D>00
  0xd190	63 3e 00 00 a8 a9 00 00 c0 3e 00 00 59 3f 00 00 	c>0000000>00Y?00
  0xd1a0	b8 a9 00 00 60 3f 00 00 89 40 00 00 c4 a9 00 00 	0000`?000@000000
  0xd1b0	90 40 00 00 f2 40 00 00 b0 a3 00 00 20 41 00 00 	0@000@000000 A00
  0xd1c0	59 42 00 00 e0 a9 00 00 60 42 00 00 78 42 00 00 	YB000000`B00xB00
  0xd1d0	80 a3 00 00 80 42 00 00 9c 42 00 00 b0 a3 00 00 	00000B000B000000
  0xd1e0	a4 42 00 00 d5 42 00 00 b0 a3 00 00 dc 42 00 00 	0B000B0000000B00
  0xd1f0	e6 43 00 00 48 aa 00 00 10 44 00 00 89 44 00 00 	0C00H0000D000D00
  0xd200	d0 a4 00 00 10 45 00 00 93 45 00 00 d0 aa 00 00 	00000E000E000000
  0xd210	bc 45 00 00 ee 45 00 00 b0 a3 00 00 00 46 00 00 	0E000E0000000F00
  0xd220	75 46 00 00 f8 aa 00 00 7c 46 00 00 a5 46 00 00 	uF000000|F000F00
  0xd230	b0 a3 00 00 ac 46 00 00 b1 47 00 00 18 ab 00 00 	00000F000G000000
  0xd240	f0 47 00 00 20 48 00 00 d0 a4 00 00 28 48 00 00 	0G00 H000000(H00
  0xd250	6f 48 00 00 28 ab 00 00 b0 48 00 00 00 49 00 00 	oH00(0000H000I00
  0xd260	b0 a3 00 00 08 49 00 00 e5 49 00 00 a8 a4 00 00 	00000I000I000000
  0xd270	ec 49 00 00 cd 4a 00 00 b8 a9 00 00 d4 4a 00 00 	0I000J0000000J00
  0xd280	4f 4d 00 00 30 ab 00 00 58 4d 00 00 6e 4f 00 00 	OM000000XM00nO00
  0xd290	4c ab 00 00 80 4f 00 00 07 50 00 00 b0 a3 00 00 	L0000O000P000000
  0xd2a0	10 50 00 00 8d 50 00 00 5c ab 00 00 c4 50 00 00 	0P000P0000000P00
  0xd2b0	db 52 00 00 6c ab 00 00 e4 52 00 00 0a 58 00 00 	0R00l0000R000X00
  0xd2c0	8c ab 00 00 10 58 00 00 dc 59 00 00 b0 ab 00 00 	00000X000Y000000
  0xd2d0	e4 59 00 00 18 5b 00 00 cc ab 00 00 20 5b 00 00 	0Y000[000000 [00
  0xd2e0	12 5c 00 00 d8 ab 00 00 18 5c 00 00 a6 5c 00 00 	0000000000000000
  0xd2f0	a8 a4 00 00 b0 5c 00 00 db 5c 00 00 b0 a3 00 00 	0000000000000000
  0xd300	3c 5d 00 00 02 5e 00 00 ec ab 00 00 08 5e 00 00 	<]000^0000000^00
  0xd310	3d 5f 00 00 0c ac 00 00 44 5f 00 00 bb 60 00 00 	=_000000D_000`00
  0xd320	28 ac 00 00 1c 61 00 00 3d 61 00 00 b0 a3 00 00 	(0000a00=a000000
  0xd330	44 61 00 00 72 61 00 00 b0 a3 00 00 90 61 00 00 	Da00ra0000000a00
  0xd340	d7 61 00 00 38 ac 00 00 f0 61 00 00 2a 62 00 00 	0a0080000a00*b00
  0xd350	d0 a4 00 00 30 62 00 00 53 62 00 00 40 ac 00 00 	00000b00Sb00@000
  0xd360	60 62 00 00 33 63 00 00 80 a3 00 00 40 63 00 00 	`b003c000000@c00
  0xd370	89 63 00 00 28 ab 00 00 90 63 00 00 f4 65 00 00 	0c00(0000c000e00
  0xd380	48 ac 00 00 00 66 00 00 12 66 00 00 80 a3 00 00 	H0000f000f000000
  0xd390	40 66 00 00 5e 66 00 00 80 ac 00 00 64 66 00 00 	@f00^f000000df00
  0xd3a0	98 66 00 00 b0 a3 00 00 a0 66 00 00 11 68 00 00 	0f0000000f000h00
  0xd3b0	8c ac 00 00 18 68 00 00 0f 69 00 00 84 ac 00 00 	00000h000i000000
  0xd3c0	20 69 00 00 71 69 00 00 28 ab 00 00 84 69 00 00 	 i00qi00(0000i00
  0xd3d0	eb 69 00 00 bc ac 00 00 f4 69 00 00 46 6a 00 00 	0i0000000i00Fj00
  0xd3e0	94 ac 00 00 5c 6a 00 00 67 6a 00 00 80 a3 00 00 	00000j00gj000000
  0xd3f0	70 6a 00 00 a0 6a 00 00 d0 a4 00 00 b4 6a 00 00 	pj000j0000000j00
  0xd400	21 6b 00 00 e4 ac 00 00 28 6b 00 00 b5 6b 00 00 	!k000000(k000k00
  0xd410	10 ad 00 00 bc 6b 00 00 d3 6b 00 00 80 a3 00 00 	00000k000k000000
  0xd420	30 6c 00 00 69 6c 00 00 80 a3 00 00 70 6c 00 00 	0l00il000000pl00
  0xd430	88 6c 00 00 80 a3 00 00 9c 6c 00 00 f0 6c 00 00 	0l0000000l000l00
  0xd440	30 ad 00 00 f8 6c 00 00 3d 6d 00 00 b0 a3 00 00 	00000l00=m000000
  0xd450	b0 6d 00 00 fd 6d 00 00 50 ad 00 00 44 6e 00 00 	0m000m00P000Dn00
  0xd460	18 6f 00 00 74 ad 00 00 54 6f 00 00 17 70 00 00 	0o00t000To000p00
  0xd470	80 ad 00 00 58 70 00 00 75 70 00 00 80 a3 00 00 	0000Xp00up000000
  0xd480	7c 70 00 00 d7 70 00 00 9c ad 00 00 e0 70 00 00 	|p000p0000000p00
  0xd490	5f 71 00 00 b8 a4 00 00 90 71 00 00 92 71 00 00 	_q0000000q000q00
  0xd4a0	98 ad 00 00 b0 71 00 00 fd 71 00 00 a8 ad 00 00 	00000q000q000000
  0xd4b0	03 72 00 00 23 72 00 00 a8 a3 00 00 29 72 00 00 	0r00#r000000)r00
  0xd4c0	44 72 00 00 98 a4 00 00 44 72 00 00 5f 72 00 00 	Dr000000Dr00_r00
  0xd4d0	98 a4 00 00 9b 72 00 00 b6 72 00 00 90 a5 00 00 	00000r000r000000
  0xd4e0	e0 72 00 00 fb 72 00 00 98 a6 00 00 fb 72 00 00 	0r000r0000000r00
  0xd4f0	16 73 00 00 98 a6 00 00 76 73 00 00 91 73 00 00 	0s000000vs000s00
  0xd500	10 a8 00 00 97 73 00 00 b2 73 00 00 e8 a8 00 00 	00000s000s000000
  0xd510	24 74 00 00 3f 74 00 00 38 aa 00 00 45 74 00 00 	$t00?t008000Et00
  0xd520	60 74 00 00 c0 aa 00 00 8a 74 00 00 ac 74 00 00 	`t0000000t000t00
  0xd530	a8 a3 00 00 b2 74 00 00 d0 74 00 00 a8 a3 00 00 	00000t000t000000
  0xd540	d6 74 00 00 02 75 00 00 a8 a3 00 00 08 75 00 00 	0t000u0000000u00
  0xd550	4a 75 00 00 a8 a3 00 00 50 75 00 00 7c 75 00 00 	Ju000000Pu00|u00
  0xd560	a8 a3 00 00 82 75 00 00 9d 75 00 00 a8 a3 00 00 	00000u000u000000
  0xd570	b0 75 00 00 d0 75 00 00 a8 a3 00 00 00 76 00 00 	0u000u0000000v00
  0xd580	4b 76 00 00 80 a3 00 00 60 76 00 00 5e 77 00 00 	Kv000000`v00^w00
  0xd590	a8 a4 00 00 70 77 00 00 ec 77 00 00 d0 a4 00 00 	0000pw000w000000
  0xd5a0	00 00 00 00 00 00 00 00 00 00 00 00 00 00 00 00 	0000000000000000
  0xd5b0	00 00 00 00 00 00 00 00 00 00 00 00 00 00 00 00 	0000000000000000
  0xd5c0	00 00 00 00 00 00 00 00 00 00 00 00 00 00 00 00 	0000000000000000
  0xd5d0	00 00 00 00 00 00 00 00 00 00 00 00 00 00 00 00 	0000000000000000
  0xd5e0	00 00 00 00 00 00 00 00 00 00 00 00 00 00 00 00 	0000000000000000
  0xd5f0	00 00 00 00 00 00 00 00 00 00 00 00 00 00 00 00 	0000000000000000
=== DATA BLOCK END ===
