===== Assembly blocks =====

=== CODE BLOCK ADDRESS 0x1000 ===
=== CODE BLOCK END ===

=== DATA BLOCK ADDRESS 0x9000 ===
  0x9000	f0 c1 00 40 01 00 00 00 90 c2 00 40 01 00 00 00 	000@0000000@0000
  0x9010	70 7b 00 40 01 00 00 00 50 1c 00 40 01 00 00 00 	p{0@0000P00@0000
  0x9020	70 1c 00 40 01 00 00 00 80 1c 00 40 01 00 00 00 	p00@0000000@0000
  0x9030	80 1d 00 40 01 00 00 00 d0 1f 00 40 01 00 00 00 	000@0000000@0000
  0x9040	40 1d 00 40 01 00 00 00 00 41 00 40 01 00 00 00 	@00@00000A0@0000
  0x9050	70 14 00 40 01 00 00 00 b0 42 00 40 01 00 00 00 	p00@00000B0@0000
  0x9060	90 14 00 40 01 00 00 00 a0 14 00 40 01 00 00 00 	000@0000000@0000
  0x9070	80 42 00 40 01 00 00 00 20 62 00 40 01 00 00 00 	0B0@0000 b0@0000
  0x9080	c0 62 00 40 01 00 00 00 40 62 00 40 01 00 00 00 	0b0@0000@b0@0000
  0x9090	80 49 00 40 01 00 00 00 f0 49 00 40 01 00 00 00 	0I0@00000I0@0000
  0x90a0	e0 64 00 40 01 00 00 00 00 65 00 40 01 00 00 00 	0d0@00000e0@0000
  0x90b0	f0 64 00 40 01 00 00 00 d0 4b 00 40 01 00 00 00 	0d0@00000K0@0000
  0x90c0	80 1c 00 40 01 00 00 00 30 4c 00 40 01 00 00 00 	000@00000L0@0000
  0x90d0	60 4f 00 40 01 00 00 00 80 4f 00 40 01 00 00 00 	`O0@00000O0@0000
  0x90e0	00 63 00 40 01 00 00 00 b0 63 00 40 01 00 00 00 	0c0@00000c0@0000
  0x90f0	20 63 00 40 01 00 00 00 a0 4f 00 40 01 00 00 00 	 c0@00000O0@0000
  0x9100	c0 56 00 40 01 00 00 00 a0 64 00 40 01 00 00 00 	0V0@00000d0@0000
  0x9110	a0 7c 00 40 01 00 00 00 a0 7c 00 40 01 00 00 00 	0|0@00000|0@0000
  0x9120	a0 7c 00 40 01 00 00 00 80 49 00 40 01 00 00 00 	0|0@00000I0@0000
  0x9130	f0 49 00 40 01 00 00 00 d0 6f 00 40 01 00 00 00 	0I0@00000o0@0000
  0x9140	b0 63 00 40 01 00 00 00 f0 6f 00 40 01 00 00 00 	0c0@00000o0@0000
  0x9150	30 67 00 40 01 00 00 00 60 67 00 40 01 00 00 00 	0g0@0000`g0@0000
  0x9160	90 67 00 40 01 00 00 00 c0 67 00 40 01 00 00 00 	0g0@00000g0@0000
  0x9170	f0 67 00 40 01 00 00 00 40 71 00 40 01 00 00 00 	0g0@0000@q0@0000
  0x9180	40 74 00 40 01 00 00 00 00 65 00 40 01 00 00 00 	@t0@00000e0@0000
  0x9190	30 74 00 40 01 00 00 00 20 68 00 40 01 00 00 00 	0t0@0000 h0@0000
  0x91a0	d0 72 00 40 01 00 00 00 c0 62 00 40 01 00 00 00 	0r0@00000b0@0000
  0x91b0	f0 72 00 40 01 00 00 00 00 6a 00 40 01 00 00 00 	0r0@00000j0@0000
  0x91c0	20 6d 00 40 01 00 00 00 f0 73 00 40 01 00 00 00 	 m0@00000s0@0000
  0x91d0	f0 9c 00 40 01 00 00 00 00 00 00 80 ff ff ff ff 	000@000000000000
  0x91e0	00 9d 00 40 01 00 00 00 01 00 00 80 ff ff ff ff 	000@000000000000
  0x91f0	10 9d 00 40 01 00 00 00 02 00 00 80 ff ff ff ff 	000@000000000000
  0x9200	20 9d 00 40 01 00 00 00 03 00 00 80 ff ff ff ff 	 00@000000000000
  0x9210	28 9d 00 40 01 00 00 00 04 00 00 80 ff ff ff ff 	(00@000000000000
  0x9220	38 9d 00 40 01 00 00 00 06 00 00 80 ff ff ff ff 	800@000000000000
  0x9230	48 9d 00 40 01 00 00 00 05 00 00 80 ff ff ff ff 	H00@000000000000
  0x9240	58 9d 00 40 01 00 00 00 00 00 00 80 ff ff ff ff 	X00@000000000000
  0x9250	80 9d 00 40 01 00 00 00 01 00 00 80 ff ff ff ff 	000@000000000000
  0x9260	a8 9d 00 40 01 00 00 00 02 00 00 80 ff ff ff ff 	000@000000000000
  0x9270	d0 9d 00 40 01 00 00 00 03 00 00 80 ff ff ff ff 	000@000000000000
  0x9280	e8 9d 00 40 01 00 00 00 04 00 00 80 ff ff ff ff 	000@000000000000
  0x9290	18 9e 00 40 01 00 00 00 06 00 00 80 ff ff ff ff 	000@000000000000
  0x92a0	38 9e 00 40 01 00 00 00 05 00 00 80 ff ff ff ff 	800@000000000000
  0x92b0	b4 9b 00 40 01 00 00 00 08 00 00 00 00 00 00 00 	000@000000000000
  0x92c0	b8 9b 00 40 01 00 00 00 08 40 00 00 00 00 00 00 	000@00000@000000
  0x92d0	bc 9b 00 40 01 00 00 00 13 00 00 00 00 00 00 00 	000@000000000000
  0x92e0	c0 9b 00 40 01 00 00 00 11 00 00 00 00 00 00 00 	000@000000000000
  0x92f0	a8 9b 00 40 01 00 00 00 98 9b 00 40 01 00 00 00 	000@0000000@0000
  0x9300	10 9c 00 40 01 00 00 00 40 9c 00 40 01 00 00 00 	000@0000@00@0000
  0x9310	58 9c 00 40 01 00 00 00 70 9c 00 40 01 00 00 00 	X00@0000p00@0000
  0x9320	88 9c 00 40 01 00 00 00 98 9c 00 40 01 00 00 00 	000@0000000@0000
  0x9330	a0 9c 00 40 01 00 00 00 b8 9c 00 40 01 00 00 00 	000@0000000@0000
  0x9340	c8 9c 00 40 01 00 00 00 e0 9c 00 40 01 00 00 00 	000@0000000@0000
  0x9350	58 a1 00 40 01 00 00 00 00 00 00 00 00 00 00 00 	X00@000000000000
  0x9360	01 00 00 00 00 00 00 00 00 00 00 00 00 00 00 00 	0000000000000000
  0x9370	00 00 00 00 00 00 00 00 00 00 00 00 00 00 00 00 	0000000000000000
  0x9380	e8 a0 00 40 01 00 00 00 00 00 00 00 00 00 00 00 	000@000000000000
  0x9390	01 00 00 00 00 00 00 00 90 a1 00 40 01 00 00 00 	00000000000@0000
  0x93a0	08 00 00 00 00 00 00 00 01 00 00 00 00 00 00 00 	0000000000000000
  0x93b0	00 00 00 00 00 00 00 00 00 00 00 00 00 00 00 00 	0000000000000000
  0x93c0	00 00 00 00 00 00 00 00 f8 a1 00 40 01 00 00 00 	00000000000@0000
  0x93d0	00 00 00 00 00 00 00 00 01 00 00 00 00 00 00 00 	0000000000000000
  0x93e0	00 00 00 00 00 00 00 00 00 00 00 00 00 00 00 00 	0000000000000000
  0x93f0	00 00 00 00 00 00 00 00 00 00 00 00 00 00 00 00 	0000000000000000
  0x9400	e8 a1 00 40 01 00 00 00 00 00 00 00 00 00 00 00 	000@000000000000
  0x9410	01 00 00 00 00 00 00 00 b8 a1 00 40 01 00 00 00 	00000000000@0000
  0x9420	08 00 00 00 00 00 00 00 01 00 00 00 00 00 00 00 	0000000000000000
  0x9430	00 00 00 00 00 00 00 00 00 00 00 00 00 00 00 00 	0000000000000000
  0x9440	00 00 00 00 00 00 00 00 00 00 00 00 00 00 00 00 	0000000000000000
  0x9450	18 01 00 00 00 00 00 00 00 00 00 00 00 00 00 00 	0000000000000000
  0x9460	00 00 00 00 00 00 00 00 00 00 00 00 00 00 00 00 	0000000000000000
  0x9470	00 00 00 00 00 00 00 00 00 00 00 00 00 00 00 00 	0000000000000000
  0x9480	00 00 00 00 00 00 00 00 00 00 00 00 00 00 00 00 	0000000000000000
  0x9490	00 00 00 00 00 00 00 00 00 00 00 00 00 00 00 00 	0000000000000000
  0x94a0	00 00 00 00 00 00 00 00 58 c1 00 40 01 00 00 00 	00000000X00@0000
  0x94b0	00 00 00 00 00 00 00 00 00 00 00 00 00 00 00 00 	0000000000000000
  0x94c0	08 99 00 40 01 00 00 00 10 99 00 40 01 00 00 00 	000@0000000@0000
  0x94d0	80 99 00 40 01 00 00 00 47 00 00 00 00 00 00 00 	000@0000G0000000
  0x94e0	00 75 41 00 00 00 00 00 00 00 00 00 00 00 00 00 	0uA0000000000000
  0x94f0	9c 9a 00 40 01 00 00 00 01 00 00 00 00 00 00 00 	000@000000000000
  0x9500	00 00 00 00 00 00 00 00 00 00 00 00 00 00 00 00 	0000000000000000
  0x9510	00 00 00 00 00 00 00 00 00 00 00 00 00 00 00 00 	0000000000000000
  0x9520	00 00 00 00 00 00 00 00 00 00 00 00 00 00 00 00 	0000000000000000
  0x9530	00 00 00 00 00 00 00 00 00 00 00 00 00 00 00 00 	0000000000000000
  0x9540	00 00 00 00 00 00 00 00 00 00 00 00 00 00 00 00 	0000000000000000
  0x9550	00 00 00 00 00 00 00 00 70 99 00 40 01 00 00 00 	00000000p00@0000
  0x9560	04 00 00 00 00 00 00 00 a8 ae 00 00 00 00 00 00 	0000000000000000
  0x9570	ba ae 00 00 00 00 00 00 ca ae 00 00 00 00 00 00 	0000000000000000
  0x9580	e2 ae 00 00 00 00 00 00 f8 ae 00 00 00 00 00 00 	0000000000000000
  0x9590	0e af 00 00 00 00 00 00 20 af 00 00 00 00 00 00 	00000000 0000000
  0x95a0	36 af 00 00 00 00 00 00 46 af 00 00 00 00 00 00 	60000000F0000000
  0x95b0	5e af 00 00 00 00 00 00 70 af 00 00 00 00 00 00 	^0000000p0000000
  0x95c0	84 af 00 00 00 00 00 00 92 af 00 00 00 00 00 00 	0000000000000000
  0x95d0	00 00 00 00 00 00 00 00 b0 af 00 00 00 00 00 00 	0000000000000000
  0x95e0	c2 af 00 00 00 00 00 00 da af 00 00 00 00 00 00 	0000000000000000
  0x95f0	ec af 00 00 00 00 00 00 02 b0 00 00 00 00 00 00 	0000000000000000
  0x9600	1a b0 00 00 00 00 00 00 36 b0 00 00 00 00 00 00 	0000000060000000
  0x9610	4c b0 00 00 00 00 00 00 62 b0 00 00 00 00 00 00 	L0000000b0000000
  0x9620	6a b0 00 00 00 00 00 00 7a b0 00 00 00 00 00 00 	j0000000z0000000
  0x9630	86 b0 00 00 00 00 00 00 98 b0 00 00 00 00 00 00 	0000000000000000
  0x9640	aa b0 00 00 00 00 00 00 ba b0 00 00 00 00 00 00 	0000000000000000
  0x9650	cc b0 00 00 00 00 00 00 e4 b0 00 00 00 00 00 00 	0000000000000000
  0x9660	f8 b0 00 00 00 00 00 00 06 b1 00 00 00 00 00 00 	0000000000000000
  0x9670	12 b1 00 00 00 00 00 00 24 b1 00 00 00 00 00 00 	00000000$0000000
  0x9680	a0 b4 00 00 00 00 00 00 b2 b4 00 00 00 00 00 00 	0000000000000000
  0x9690	ce b4 00 00 00 00 00 00 ec b4 00 00 00 00 00 00 	0000000000000000
  0x96a0	00 b5 00 00 00 00 00 00 14 b5 00 00 00 00 00 00 	0000000000000000
  0x96b0	2e b5 00 00 00 00 00 00 44 b5 00 00 00 00 00 00 	.0000000D0000000
  0x96c0	5e b5 00 00 00 00 00 00 6e b5 00 00 00 00 00 00 	^0000000n0000000
  0x96d0	00 00 00 00 00 00 00 00 07 00 00 00 00 00 00 80 	0000000000000000
  0x96e0	02 00 00 00 00 00 00 80 a3 00 00 00 00 00 00 80 	0000000000000000
  0x96f0	06 00 00 00 00 00 00 80 a1 00 00 00 00 00 00 80 	0000000000000000
  0x9700	ba 00 00 00 00 00 00 80 c8 00 00 00 00 00 00 80 	0000000000000000
  0x9710	15 01 00 00 00 00 00 80 00 00 00 00 00 00 00 00 	0000000000000000
  0x9720	5e b4 00 00 00 00 00 00 72 b4 00 00 00 00 00 00 	^0000000r0000000
  0x9730	00 00 00 00 00 00 00 00 46 b4 00 00 00 00 00 00 	00000000F0000000
  0x9740	00 00 00 00 00 00 00 00 6e b1 00 00 00 00 00 00 	00000000n0000000
  0x9750	5a b1 00 00 00 00 00 00 8e b1 00 00 00 00 00 00 	Z000000000000000
  0x9760	7a b1 00 00 00 00 00 00 9c b1 00 00 00 00 00 00 	z000000000000000
  0x9770	44 b1 00 00 00 00 00 00 84 b5 00 00 00 00 00 00 	D000000000000000
  0x9780	00 00 00 00 00 00 00 00 01 00 00 00 00 00 00 80 	0000000000000000
  0x9790	00 00 00 00 00 00 00 00 04 b2 00 00 00 00 00 00 	0000000000000000
  0x97a0	0c b3 00 00 00 00 00 00 f2 b1 00 00 00 00 00 00 	0000000000000000
  0x97b0	e6 b1 00 00 00 00 00 00 da b1 00 00 00 00 00 00 	0000000000000000
  0x97c0	ce b1 00 00 00 00 00 00 b6 b1 00 00 00 00 00 00 	0000000000000000
  0x97d0	10 b2 00 00 00 00 00 00 02 b3 00 00 00 00 00 00 	0000000000000000
  0x97e0	f4 b2 00 00 00 00 00 00 1c b2 00 00 00 00 00 00 	0000000000000000
  0x97f0	e2 b2 00 00 00 00 00 00 d8 b2 00 00 00 00 00 00 	0000000000000000
  0x9800	ce b2 00 00 00 00 00 00 b6 b2 00 00 00 00 00 00 	0000000000000000
  0x9810	ac b2 00 00 00 00 00 00 a2 b2 00 00 00 00 00 00 	0000000000000000
  0x9820	96 b2 00 00 00 00 00 00 82 b2 00 00 00 00 00 00 	0000000000000000
  0x9830	78 b2 00 00 00 00 00 00 70 b2 00 00 00 00 00 00 	x0000000p0000000
  0x9840	68 b2 00 00 00 00 00 00 56 b2 00 00 00 00 00 00 	h0000000V0000000
  0x9850	ea b2 00 00 00 00 00 00 98 b5 00 00 00 00 00 00 	0000000000000000
  0x9860	44 b2 00 00 00 00 00 00 28 b2 00 00 00 00 00 00 	D0000000(0000000
  0x9870	fa b1 00 00 00 00 00 00 36 b2 00 00 00 00 00 00 	0000000060000000
  0x9880	a2 b5 00 00 00 00 00 00 00 00 00 00 00 00 00 00 	0000000000000000
  0x9890	20 b3 00 00 00 00 00 00 4e b3 00 00 00 00 00 00 	 0000000N0000000
  0x98a0	34 b3 00 00 00 00 00 00 00 00 00 00 00 00 00 00 	4000000000000000
  0x98b0	a2 b3 00 00 00 00 00 00 de b3 00 00 00 00 00 00 	0000000000000000
  0x98c0	7e b3 00 00 00 00 00 00 6c b3 00 00 00 00 00 00 	~0000000l0000000
  0x98d0	b6 b3 00 00 00 00 00 00 c6 b3 00 00 00 00 00 00 	0000000000000000
  0x98e0	f2 b3 00 00 00 00 00 00 1a b4 00 00 00 00 00 00 	0000000000000000
  0x98f0	04 b4 00 00 00 00 00 00 90 b3 00 00 00 00 00 00 	0000000000000000
  0x9900	00 00 00 00 00 00 00 00 c0 7f 00 40 01 00 00 00 	00000000000@0000
  0x9910	a0 81 00 40 01 00 00 00 00 00 00 00 00 00 00 00 	000@000000000000
  0x9920	a0 75 00 40 01 00 00 00 20 11 00 40 01 00 00 00 	0u0@0000 00@0000
  0x9930	60 11 00 40 01 00 00 00 a0 11 00 40 01 00 00 00 	`00@0000000@0000
  0x9940	10 10 00 40 01 00 00 00 00 00 00 00 00 00 00 00 	000@000000000000
  0x9950	00 00 00 00 00 00 00 00 c0 74 00 40 01 00 00 00 	000000000t0@0000
  0x9960	00 7d 00 40 01 00 00 00 00 00 00 00 00 00 00 00 	0}0@000000000000
  0x9970	3c 12 00 00 09 78 00 00 72 7d 00 00 80 7e 00 00 	<0000x00r}000~00
  0x9980	10 10 00 00 20 11 00 00 60 11 00 00 a0 11 00 00 	0000 000`0000000
  0x9990	70 14 00 00 90 14 00 00 a0 14 00 00 50 1c 00 00 	p00000000000P000
  0x99a0	70 1c 00 00 80 1c 00 00 40 1d 00 00 80 1d 00 00 	p0000000@0000000
  0x99b0	d0 1f 00 00 60 40 00 00 00 41 00 00 80 42 00 00 	0000`@000A000B00
  0x99c0	b0 42 00 00 70 49 00 00 80 49 00 00 f0 49 00 00 	0B00pI000I000I00
  0x99d0	20 4a 00 00 d0 4b 00 00 30 4c 00 00 60 4f 00 00 	 J000K000L00`O00
  0x99e0	80 4f 00 00 a0 4f 00 00 c0 56 00 00 70 5f 00 00 	0O000O000V00p_00
  0x99f0	a0 5f 00 00 20 62 00 00 40 62 00 00 c0 62 00 00 	0_00 b00@b000b00
  0x9a00	00 63 00 00 20 63 00 00 b0 63 00 00 a0 64 00 00 	0c00 c000c000d00
  0x9a10	e0 64 00 00 f0 64 00 00 00 65 00 00 10 65 00 00 	0d000d000e000e00
  0x9a20	30 67 00 00 60 67 00 00 90 67 00 00 c0 67 00 00 	0g00`g000g000g00
  0x9a30	f0 67 00 00 20 68 00 00 00 6a 00 00 20 6d 00 00 	0g00 h000j00 m00
  0x9a40	d0 6f 00 00 f0 6f 00 00 10 71 00 00 40 71 00 00 	0o000o000q00@q00
  0x9a50	d0 72 00 00 f0 72 00 00 f0 73 00 00 30 74 00 00 	0r000r000s000t00
  0x9a60	40 74 00 00 c0 74 00 00 a0 75 00 00 60 78 00 00 	@t000t000u00`x00
  0x9a70	f0 78 00 00 70 7b 00 00 a0 7c 00 00 c0 7c 00 00 	0x00p{000|000|00
  0x9a80	00 7d 00 00 e0 7d 00 00 c0 7f 00 00 b0 82 00 00 	0}000}0000000000
  0x9a90	d0 82 00 00 60 83 00 00 c0 83 00 00 d8 97 00 00 	0000`00000000000
  0x9aa0	49 6e 76 61 6c 69 64 20 70 61 72 61 6d 65 74 65 	Invalid paramete
  0x9ab0	72 20 70 61 73 73 65 64 20 74 6f 20 43 20 72 75 	r passed to C ru
  0x9ac0	6e 74 69 6d 65 20 66 75 6e 63 74 69 6f 6e 2e 0a 	ntime function.0
  0x9ad0	00 00 00 00 00 00 00 00 05 e0 02 00 00 00 00 00 	0000000000000000
  0x9ae0	c0 00 00 00 00 00 00 46 00 00 00 00 00 00 00 00 	0000000F00000000
  0x9af0	00 00 00 00 00 00 00 00 00 00 00 00 00 00 00 00 	0000000000000000
  0x9b00	41 00 50 00 49 00 2d 00 4d 00 53 00 2d 00 57 00 	A0P0I0-0M0S0-0W0
  0x9b10	69 00 6e 00 2d 00 43 00 6f 00 72 00 65 00 2d 00 	i0n0-0C0o0r0e0-0
  0x9b20	4c 00 6f 00 63 00 61 00 6c 00 52 00 65 00 67 00 	L0o0c0a0l0R0e0g0
  0x9b30	69 00 73 00 74 00 72 00 79 00 2d 00 4c 00 31 00 	i0s0t0r0y0-0L010
  0x9b40	2d 00 31 00 2d 00 30 00 2e 00 64 00 6c 00 6c 00 	-010-000.0d0l0l0
  0x9b50	00 00 00 00 00 00 00 00 52 65 67 44 65 6c 65 74 	00000000RegDelet
  0x9b60	65 4b 65 79 45 78 57 00 61 00 64 00 76 00 61 00 	eKeyExW0a0d0v0a0
  0x9b70	70 00 69 00 33 00 32 00 2e 00 64 00 6c 00 6c 00 	p0i03020.0d0l0l0
  0x9b80	00 00 00 00 00 00 00 00 52 65 67 44 65 6c 65 74 	00000000RegDelet
  0x9b90	65 4b 65 79 57 00 00 00 43 00 4c 00 53 00 49 00 	eKeyW000C0L0S0I0
  0x9ba0	44 00 00 00 00 00 00 00 41 00 70 00 70 00 49 00 	D0000000A0p0p0I0
  0x9bb0	44 00 00 00 53 00 00 00 4d 00 00 00 44 00 00 00 	D000S000M000D000
  0x9bc0	42 00 00 00 00 00 00 00 56 00 61 00 6c 00 00 00 	B0000000V0a0l000
  0x9bd0	46 00 6f 00 72 00 63 00 65 00 52 00 65 00 6d 00 	F0o0r0c0e0R0e0m0
  0x9be0	6f 00 76 00 65 00 00 00 4e 00 6f 00 52 00 65 00 	o0v0e000N0o0R0e0
  0x9bf0	6d 00 6f 00 76 00 65 00 00 00 00 00 00 00 00 00 	m0o0v0e000000000
  0x9c00	44 00 65 00 6c 00 65 00 74 00 65 00 00 00 00 00 	D0e0l0e0t0e00000
  0x9c10	43 00 6f 00 6d 00 70 00 6f 00 6e 00 65 00 6e 00 	C0o0m0p0o0n0e0n0
  0x9c20	74 00 20 00 43 00 61 00 74 00 65 00 67 00 6f 00 	t0 0C0a0t0e0g0o0
  0x9c30	72 00 69 00 65 00 73 00 00 00 00 00 00 00 00 00 	r0i0e0s000000000
  0x9c40	46 00 69 00 6c 00 65 00 54 00 79 00 70 00 65 00 	F0i0l0e0T0y0p0e0
  0x9c50	00 00 00 00 00 00 00 00 49 00 6e 00 74 00 65 00 	00000000I0n0t0e0
  0x9c60	72 00 66 00 61 00 63 00 65 00 00 00 00 00 00 00 	r0f0a0c0e0000000
  0x9c70	48 00 61 00 72 00 64 00 77 00 61 00 72 00 65 00 	H0a0r0d0w0a0r0e0
  0x9c80	00 00 00 00 00 00 00 00 4d 00 69 00 6d 00 65 00 	00000000M0i0m0e0
  0x9c90	00 00 00 00 00 00 00 00 53 00 41 00 4d 00 00 00 	00000000S0A0M000
  0x9ca0	53 00 45 00 43 00 55 00 52 00 49 00 54 00 59 00 	S0E0C0U0R0I0T0Y0
  0x9cb0	00 00 00 00 00 00 00 00 53 00 59 00 53 00 54 00 	00000000S0Y0S0T0
  0x9cc0	45 00 4d 00 00 00 00 00 53 00 6f 00 66 00 74 00 	E0M00000S0o0f0t0
  0x9cd0	77 00 61 00 72 00 65 00 00 00 00 00 00 00 00 00 	w0a0r0e000000000
  0x9ce0	54 00 79 00 70 00 65 00 4c 00 69 00 62 00 00 00 	T0y0p0e0L0i0b000
  0x9cf0	48 00 4b 00 43 00 52 00 00 00 00 00 00 00 00 00 	H0K0C0R000000000
  0x9d00	48 00 4b 00 43 00 55 00 00 00 00 00 00 00 00 00 	H0K0C0U000000000
  0x9d10	48 00 4b 00 4c 00 4d 00 00 00 00 00 00 00 00 00 	H0K0L0M000000000
  0x9d20	48 00 4b 00 55 00 00 00 48 00 4b 00 50 00 44 00 	H0K0U000H0K0P0D0
  0x9d30	00 00 00 00 00 00 00 00 48 00 4b 00 44 00 44 00 	00000000H0K0D0D0
  0x9d40	00 00 00 00 00 00 00 00 48 00 4b 00 43 00 43 00 	00000000H0K0C0C0
  0x9d50	00 00 00 00 00 00 00 00 48 00 4b 00 45 00 59 00 	00000000H0K0E0Y0
  0x9d60	5f 00 43 00 4c 00 41 00 53 00 53 00 45 00 53 00 	_0C0L0A0S0S0E0S0
  0x9d70	5f 00 52 00 4f 00 4f 00 54 00 00 00 00 00 00 00 	_0R0O0O0T0000000
  0x9d80	48 00 4b 00 45 00 59 00 5f 00 43 00 55 00 52 00 	H0K0E0Y0_0C0U0R0
  0x9d90	52 00 45 00 4e 00 54 00 5f 00 55 00 53 00 45 00 	R0E0N0T0_0U0S0E0
  0x9da0	52 00 00 00 00 00 00 00 48 00 4b 00 45 00 59 00 	R0000000H0K0E0Y0
  0x9db0	5f 00 4c 00 4f 00 43 00 41 00 4c 00 5f 00 4d 00 	_0L0O0C0A0L0_0M0
  0x9dc0	41 00 43 00 48 00 49 00 4e 00 45 00 00 00 00 00 	A0C0H0I0N0E00000
  0x9dd0	48 00 4b 00 45 00 59 00 5f 00 55 00 53 00 45 00 	H0K0E0Y0_0U0S0E0
  0x9de0	52 00 53 00 00 00 00 00 48 00 4b 00 45 00 59 00 	R0S00000H0K0E0Y0
  0x9df0	5f 00 50 00 45 00 52 00 46 00 4f 00 52 00 4d 00 	_0P0E0R0F0O0R0M0
  0x9e00	41 00 4e 00 43 00 45 00 5f 00 44 00 41 00 54 00 	A0N0C0E0_0D0A0T0
  0x9e10	41 00 00 00 00 00 00 00 48 00 4b 00 45 00 59 00 	A0000000H0K0E0Y0
  0x9e20	5f 00 44 00 59 00 4e 00 5f 00 44 00 41 00 54 00 	_0D0Y0N0_0D0A0T0
  0x9e30	41 00 00 00 00 00 00 00 48 00 4b 00 45 00 59 00 	A0000000H0K0E0Y0
  0x9e40	5f 00 43 00 55 00 52 00 52 00 45 00 4e 00 54 00 	_0C0U0R0R0E0N0T0
  0x9e50	5f 00 43 00 4f 00 4e 00 46 00 49 00 47 00 00 00 	_0C0O0N0F0I0G000
  0x9e60	4d 00 6f 00 64 00 75 00 6c 00 65 00 00 00 00 00 	M0o0d0u0l0e00000
  0x9e70	4d 00 6f 00 64 00 75 00 6c 00 65 00 5f 00 52 00 	M0o0d0u0l0e0_0R0
  0x9e80	61 00 77 00 00 00 00 00 52 00 45 00 47 00 49 00 	a0w00000R0E0G0I0
  0x9e90	53 00 54 00 52 00 59 00 00 00 00 00 00 00 00 00 	S0T0R0Y000000000
  0x9ea0	2e 00 74 00 6c 00 62 00 00 00 00 00 00 00 00 00 	.0t0l0b000000000
  0x9eb0	43 00 4c 00 53 00 49 00 44 00 5c 00 00 00 00 00 	C0L0S0I0D0000000
  0x9ec0	5c 00 52 00 65 00 71 00 75 00 69 00 72 00 65 00 	00R0e0q0u0i0r0e0
  0x9ed0	64 00 20 00 43 00 61 00 74 00 65 00 67 00 6f 00 	d0 0C0a0t0e0g0o0
  0x9ee0	72 00 69 00 65 00 73 00 00 00 00 00 00 00 00 00 	r0i0e0s000000000
  0x9ef0	5c 00 49 00 6d 00 70 00 6c 00 65 00 6d 00 65 00 	00I0m0p0l0e0m0e0
  0x9f00	6e 00 74 00 65 00 64 00 20 00 43 00 61 00 74 00 	n0t0e0d0 0C0a0t0
  0x9f10	65 00 67 00 6f 00 72 00 69 00 65 00 73 00 00 00 	e0g0o0r0i0e0s000
  0x9f20	7b 00 42 00 42 00 43 00 34 00 33 00 35 00 36 00 	{0B0B0C040305060
  0x9f30	41 00 2d 00 46 00 30 00 30 00 34 00 2d 00 34 00 	A0-0F0000040-040
  0x9f40	36 00 32 00 38 00 2d 00 41 00 32 00 37 00 41 00 	602080-0A02070A0
  0x9f50	2d 00 45 00 31 00 33 00 44 00 37 00 30 00 34 00 	-0E01030D0700040
  0x9f60	31 00 32 00 42 00 37 00 30 00 7d 00 00 00 00 00 	1020B07000}00000
  0x9f70	41 00 50 00 50 00 49 00 44 00 00 00 00 00 00 00 	A0P0P0I0D0000000
  0x9f80	4d 00 73 00 63 00 6f 00 72 00 65 00 65 00 2e 00 	M0s0c0o0r0e0e0.0
  0x9f90	64 00 6c 00 6c 00 00 00 2d 00 2f 00 00 00 00 00 	d0l0l000-0/00000
  0x9fa0	55 00 6e 00 72 00 65 00 67 00 53 00 65 00 72 00 	U0n0r0e0g0S0e0r0
  0x9fb0	76 00 65 00 72 00 00 00 52 00 65 00 67 00 53 00 	v0e0r000R0e0g0S0
  0x9fc0	65 00 72 00 76 00 65 00 72 00 00 00 00 00 00 00 	e0r0v0e0r0000000
  0x9fd0	34 26 1b 2a 69 d0 57 4a b4 65 eb 75 b4 13 e4 95 	4&0*i0WJ0e0u0000
  0x9fe0	12 e0 02 00 00 00 00 00 c0 00 00 00 00 00 00 46 	000000000000000F
  0x9ff0	00 00 00 00 00 00 00 00 c0 00 00 00 00 00 00 46 	000000000000000F
  0xa000	23 03 00 00 00 00 00 00 c0 00 00 00 00 00 00 46 	#00000000000000F
  0xa010	46 01 00 00 00 00 00 00 c0 00 00 00 00 00 00 46 	F00000000000000F
  0xa020	4e 55 4c 4c 00 00 00 00 6d 5f 65 43 6f 6e 66 6c 	NULL0000m_eConfl
  0xa030	69 63 74 50 6f 6c 69 63 79 20 21 3d 20 43 52 50 	ictPolicy != CRP
  0xa040	5f 4e 4f 4e 45 00 00 00 6d 5f 65 43 6f 6e 66 6c 	_NONE000m_eConfl
  0xa050	69 63 74 50 6f 6c 69 63 79 20 21 3d 20 43 52 50 	ictPolicy != CRP
  0xa060	5f 4c 41 53 54 00 00 00 00 00 00 00 00 00 00 00 	_LAST00000000000
  0xa070	28 28 73 72 61 20 3d 3d 20 53 52 41 5f 41 43 43 	((sra == SRA_ACC
  0xa080	45 50 54 5f 44 45 53 54 49 4e 41 54 49 4f 4e 5f 	EPT_DESTINATION_
  0xa090	50 52 4f 56 49 44 45 52 29 20 7c 7c 20 28 73 72 	PROVIDER) || (sr
  0xa0a0	61 20 3d 3d 20 53 52 41 5f 41 43 43 45 50 54 5f 	a == SRA_ACCEPT_
  0xa0b0	53 4f 55 52 43 45 5f 50 52 4f 56 49 44 45 52 29 	SOURCE_PROVIDER)
  0xa0c0	29 00 00 00 00 00 00 00 46 41 49 4c 45 44 28 68 	)0000000FAILED(h
  0xa0d0	72 45 72 72 6f 72 29 00 76 cf 3b 91 c1 47 b5 40 	rError)0v0;00G0@
  0xa0e0	a8 96 5e 8a 9c 41 4c 14 c8 a5 79 dc ad cc 98 46 	00^00AL000y0000F
  0xa0f0	90 34 c4 c8 06 80 11 c5 56 70 65 8f ce 2b 17 4a 	04000000Vpe00+0J
  0xa100	8c 68 c7 bb 78 98 b5 6f 9c ed 01 f3 7e 94 ef 3e 	0h00x00o0000~00>
  0xa110	99 5e 18 3f 20 2e 76 1e 3b 95 45 cb 24 76 bc 47 	0^0? .v0;0E0$v0G
  0xa120	a4 72 eb 8c ac 6b 22 2e ad 2d 1d 1f 31 fb 20 4b 	0r000k".0-0010 K
  0xa130	ab fa 9a 17 68 aa 50 a7 aa ac ef f1 a1 08 1b 46 	0000h0P00000000F
  0xa140	9d 28 7a a8 94 78 89 a0 f1 4e 2b f8 a9 93 de 4d 	0(z00x000N+0000M
  0xa150	80 15 f7 95 0a 1a 6e 31 01 00 00 00 00 00 00 00 	000000n100000000
  0xa160	c0 00 00 00 00 00 00 46 e9 78 a9 34 f2 e7 da 46 	0000000F0x04000F
  0xa170	99 7b 33 ef b5 41 3a c5 ea 24 4b 55 e3 e8 ba 45 	0{300A:00$KU000E
  0xa180	93 52 df b5 61 e1 71 e4 05 00 00 00 00 00 00 00 	0R00a0q000000000
  0xa190	7f 79 99 05 d9 5e 5c 48 ae 36 0c 5d 1b f2 e7 a5 	0y000^0H060]0000
  0xa1a0	61 9e 17 84 f6 60 1c 4c 88 ed f1 c5 31 b3 2b da 	a0000`0L000010+0
  0xa1b0	04 00 00 00 00 00 00 00 57 16 db b4 d7 70 5e 48 	00000000W0000p^H
  0xa1c0	8e 3e 6f cb 5a 5c 18 02 0c 3b a6 e2 46 cc bd 3a 	0>o0Z0000;00F00:
  0xa1d0	f9 83 de 95 47 30 bc 9f 91 5d b2 25 a2 69 fa 47 	0000G0000]0%0i0G
  0xa1e0	a3 75 fd c9 81 89 a0 6f eb 8e 6d 88 f2 8c 46 44 	0u00000o00m000FD
  0xa1f0	8d 02 cd ba 1d bd cf 99 3c f7 68 c2 f8 4b f8 4e 	00000000<0h00K0N
  0xa200	99 f0 15 35 6b 66 94 c2 e0 3d 4c 39 6f 3c d2 11 	0005kf000=L9o<00
  0xa210	81 7b 00 c0 4f 79 7a b7 00 00 00 00 00 00 00 00 	0{00Oyz000000000
  0xa220	00 00 00 00 f4 d6 91 39 00 00 00 00 02 00 00 00 	0000000900000000
  0xa230	25 00 00 00 74 a2 00 00 74 8c 00 00 00 00 00 00 	%000t000t0000000
  0xa240	f4 d6 91 39 00 00 00 00 0d 00 00 00 a8 02 00 00 	0009000000000000
  0xa250	9c a2 00 00 9c 8c 00 00 00 00 00 00 f4 d6 91 39 	0000000000000009
  0xa260	00 00 00 00 10 00 00 00 24 00 00 00 44 a5 00 00 	00000000$000D000
  0xa270	44 8f 00 00 52 53 44 53 e7 ef 7d 23 d7 57 7f fb 	D000RSDS00}#0W00
  0xa280	0d b9 c8 47 20 82 69 6b 01 00 00 00 53 79 6e 63 	000G 0ik0000Sync
  0xa290	48 6f 73 74 2e 70 64 62 00 00 00 00 47 43 54 4c 	Host.pdb0000GCTL
  0xa2a0	00 10 00 00 e0 01 00 00 2e 74 65 78 74 24 64 69 	00000000.text$di
  0xa2b0	00 00 00 00 e0 11 00 00 b0 6f 00 00 2e 74 65 78 	000000000o00.tex
  0xa2c0	74 24 6d 6e 00 00 00 00 90 81 00 00 80 00 00 00 	t$mn000000000000
  0xa2d0	2e 74 65 78 74 24 6d 6e 24 30 30 00 10 82 00 00 	.text$mn$0000000
  0xa2e0	90 00 00 00 2e 74 65 78 74 24 78 00 a0 82 00 00 	0000.text$x00000
  0xa2f0	1e 02 00 00 2e 74 65 78 74 24 79 64 00 00 00 00 	0000.text$yd0000
  0xa300	00 90 00 00 68 05 00 00 2e 72 64 61 74 61 24 62 	0000h000.rdata$b
  0xa310	72 63 00 00 68 95 00 00 a0 03 00 00 2e 69 64 61 	rc00h0000000.ida
  0xa320	74 61 24 35 00 00 00 00 08 99 00 00 10 00 00 00 	ta$5000000000000
  0xa330	2e 30 30 63 66 67 00 00 18 99 00 00 08 00 00 00 	.00cfg0000000000
  0xa340	2e 43 52 54 24 58 43 41 00 00 00 00 20 99 00 00 	.CRT$XCA0000 000
  0xa350	08 00 00 00 2e 43 52 54 24 58 43 41 41 00 00 00 	0000.CRT$XCAA000
  0xa360	28 99 00 00 18 00 00 00 2e 43 52 54 24 58 43 4c 	(0000000.CRT$XCL
  0xa370	00 00 00 00 40 99 00 00 08 00 00 00 2e 43 52 54 	0000@0000000.CRT
  0xa380	24 58 43 55 00 00 00 00 48 99 00 00 08 00 00 00 	$XCU0000H0000000
  0xa390	2e 43 52 54 24 58 43 5a 00 00 00 00 50 99 00 00 	.CRT$XCZ0000P000
  0xa3a0	08 00 00 00 2e 43 52 54 24 58 49 41 00 00 00 00 	0000.CRT$XIA0000
  0xa3b0	58 99 00 00 08 00 00 00 2e 43 52 54 24 58 49 41 	X0000000.CRT$XIA
  0xa3c0	41 00 00 00 60 99 00 00 08 00 00 00 2e 43 52 54 	A000`0000000.CRT
  0xa3d0	24 58 49 59 00 00 00 00 68 99 00 00 08 00 00 00 	$XIY0000h0000000
  0xa3e0	2e 43 52 54 24 58 49 5a 00 00 00 00 70 99 00 00 	.CRT$XIZ0000p000
  0xa3f0	10 00 00 00 2e 67 65 68 63 6f 6e 74 00 00 00 00 	0000.gehcont0000
  0xa400	80 99 00 00 1c 01 00 00 2e 67 66 69 64 73 00 00 	00000000.gfids00
  0xa410	9c 9a 00 00 04 00 00 00 2e 67 69 61 74 73 00 00 	00000000.giats00
  0xa420	a0 9a 00 00 d4 07 00 00 2e 72 64 61 74 61 00 00 	00000000.rdata00
  0xa430	74 a2 00 00 f4 02 00 00 2e 72 64 61 74 61 24 7a 	t0000000.rdata$z
  0xa440	7a 7a 64 62 67 00 00 00 68 a5 00 00 a0 04 00 00 	zzdbg000h0000000
  0xa450	2e 78 64 61 74 61 00 00 08 aa 00 00 08 00 00 00 	.xdata0000000000
  0xa460	41 54 4c 24 5f 5f 61 00 10 aa 00 00 10 00 00 00 	ATL$__a000000000
  0xa470	41 54 4c 24 5f 5f 6d 00 20 aa 00 00 08 00 00 00 	ATL$__m0 0000000
  0xa480	41 54 4c 24 5f 5f 7a 00 28 aa 00 00 c8 00 00 00 	ATL$__z0(0000000
  0xa490	2e 69 64 61 74 61 24 32 00 00 00 00 f0 aa 00 00 	.idata$200000000
  0xa4a0	18 00 00 00 2e 69 64 61 74 61 24 33 00 00 00 00 	0000.idata$30000
  0xa4b0	08 ab 00 00 a0 03 00 00 2e 69 64 61 74 61 24 34 	00000000.idata$4
  0xa4c0	00 00 00 00 a8 ae 00 00 04 07 00 00 2e 69 64 61 	000000000000.ida
  0xa4d0	74 61 24 36 00 00 00 00 00 c0 00 00 50 01 00 00 	ta$600000000P000
  0xa4e0	2e 64 61 74 61 24 62 72 63 00 00 00 50 c1 00 00 	.data$brc000P000
  0xa4f0	70 00 00 00 2e 64 61 74 61 00 00 00 c0 c1 00 00 	p000.data0000000
  0xa500	18 07 00 00 2e 62 73 73 00 00 00 00 00 d0 00 00 	0000.bss00000000
  0xa510	04 05 00 00 2e 70 64 61 74 61 00 00 00 e0 00 00 	0000.pdata000000
  0xa520	60 01 00 00 2e 72 73 72 63 24 30 31 00 00 00 00 	`000.rsrc$010000
  0xa530	60 e1 00 00 50 0b 00 00 2e 72 73 72 63 24 30 32 	`000P000.rsrc$02
  0xa540	00 00 00 00 20 00 00 00 e7 ef 7d 23 d7 57 7f fb 	0000 00000}#0W00
  0xa550	0d b9 c8 47 20 82 69 6b 11 66 cc 18 a6 ce e9 ef 	000G 0ik0f000000
  0xa560	44 7b 9f c9 f4 d6 91 39 01 04 01 00 04 42 00 00 	D{00000900000B00
  0xa570	09 04 01 00 04 62 00 00 78 78 00 00 01 00 00 00 	00000b00xx000000
  0xa580	28 12 00 00 3c 12 00 00 13 82 00 00 3c 12 00 00 	(000<0000000<000
  0xa590	01 06 02 00 06 32 02 50 01 11 04 00 11 52 0d 70 	0000020P00000R0p
  0xa5a0	0c 60 0b 30 01 0f 06 00 0f 64 07 00 0f 34 06 00 	0`0000000d000400
  0xa5b0	0f 32 0b 70 01 0f 06 00 0f 64 09 00 0f 34 08 00 	020p00000d000400
  0xa5c0	0f 52 0b 70 01 14 08 00 14 64 08 00 14 54 07 00 	0R0p00000d000T00
  0xa5d0	14 34 06 00 14 32 10 70 01 0a 04 00 0a 34 08 00 	0400020p00000400
  0xa5e0	0a 52 06 70 19 28 07 00 17 34 56 00 17 01 50 00 	0R0p0(0004V000P0
  0xa5f0	08 70 07 60 06 50 00 00 e8 80 00 00 70 02 00 00 	0p0`0P000000p000
  0xa600	01 1c 0c 00 1c 64 0c 00 1c 54 0b 00 1c 34 0a 00 	00000d000T000400
  0xa610	1c 32 18 f0 16 e0 14 d0 12 c0 10 70 01 19 0a 00 	02000000000p0000
  0xa620	19 74 09 00 19 64 08 00 19 54 07 00 19 34 06 00 	0t000d000T000400
  0xa630	19 32 15 e0 01 0a 04 00 0a 34 06 00 0a 32 06 70 	020000000400020p
  0xa640	19 27 07 00 16 01 8c 00 07 e0 05 70 04 60 03 30 	0'000000000p0`00
  0xa650	02 50 00 00 e8 80 00 00 50 04 00 00 01 18 0a 00 	0P000000P0000000
  0xa660	18 64 0a 00 18 54 09 00 18 34 08 00 18 32 14 f0 	0d000T0004000200
  0xa670	12 e0 10 70 19 33 0a 00 22 01 2f 04 0d f0 0b e0 	000p0300"0/00000
  0xa680	09 d0 07 c0 05 70 04 60 03 30 02 50 e8 80 00 00 	00000p0`000P0000
  0xa690	60 21 00 00 19 25 05 00 13 34 0a 04 13 01 06 04 	`!000%0004000000
  0xa6a0	06 70 00 00 e8 80 00 00 20 20 00 00 19 2a 0b 00 	0p000000  000*00
  0xa6b0	1c 34 1b 00 1c 01 12 00 10 f0 0e e0 0c d0 0a c0 	0400000000000000
  0xa6c0	08 70 07 60 06 50 00 00 e8 80 00 00 80 00 00 00 	0p0`0P0000000000
  0xa6d0	19 2f 0b 00 1d 34 15 04 1d 01 0a 04 10 f0 0e e0 	0/00040000000000
  0xa6e0	0c d0 0a c0 08 70 07 60 06 50 00 00 e8 80 00 00 	00000p0`0P000000
  0xa6f0	40 20 00 00 19 33 0a 00 22 01 5b 04 0d f0 0b e0 	@ 000300"0[00000
  0xa700	09 d0 07 c0 05 70 04 60 03 30 02 50 e8 80 00 00 	00000p0`000P0000
  0xa710	c0 22 00 00 19 2c 09 00 1b 34 60 01 1b 01 5a 01 	0"000,0004`000Z0
  0xa720	0c f0 0a e0 08 70 07 60 06 50 00 00 e8 80 00 00 	00000p0`0P000000
  0xa730	c0 0a 00 00 19 20 07 00 0e 01 4c 00 07 e0 05 70 	00000 0000L0000p
  0xa740	04 60 03 50 02 30 00 00 e8 80 00 00 50 02 00 00 	0`0P00000000P000
  0xa750	19 2f 09 00 1e e4 55 00 1e 74 54 00 1e 64 53 00 	0/0000U00tT00dS0
  0xa760	1e 01 50 00 10 50 00 00 e8 80 00 00 70 02 00 00 	00P00P000000p000
  0xa770	19 32 0b 00 21 64 51 00 21 34 50 00 21 01 48 00 	0200!dQ0!4P0!0H0
  0xa780	12 f0 10 e0 0e c0 0c 70 0b 50 00 00 e8 80 00 00 	0000000p0P000000
  0xa790	30 02 00 00 01 06 02 00 06 32 02 30 01 14 08 00 	0000000002000000
  0xa7a0	14 64 10 00 14 54 0f 00 14 34 0e 00 14 b2 10 70 	0d000T000400000p
  0xa7b0	01 14 06 00 14 64 10 00 14 34 0f 00 14 b2 10 70 	00000d000400000p
  0xa7c0	19 23 08 00 15 64 11 00 15 34 0e 00 15 92 0e e0 	0#000d0004000000
  0xa7d0	0c 70 0b 50 e8 80 00 00 48 00 00 00 01 18 0a 00 	0p0P0000H0000000
  0xa7e0	18 64 0c 00 18 54 0b 00 18 34 0a 00 18 52 14 f0 	0d000T0004000R00
  0xa7f0	12 e0 10 70 01 04 01 00 04 62 00 00 01 07 01 00 	000p00000b000000
  0xa800	07 a2 00 00 01 0b 01 00 0b 82 00 00 01 0b 01 00 	0000000000000000
  0xa810	0b a2 00 00 01 04 01 00 04 82 00 00 01 10 07 00 	0000000000000000
  0xa820	10 62 09 f0 07 e0 05 70 04 60 03 30 02 50 00 00 	0b00000p0`000P00
  0xa830	01 21 0a 00 21 34 16 00 21 b2 1a f0 18 e0 16 d0 	0!00!400!0000000
  0xa840	14 c0 12 70 11 60 10 50 01 15 08 00 15 74 08 00 	000p0`0P00000t00
  0xa850	15 64 07 00 15 34 06 00 15 32 11 e0 19 2b 07 00 	0d00040002000+00
  0xa860	1a 74 91 00 1a 34 90 00 1a 01 8c 00 0b 50 00 00 	0t00040000000P00
  0xa870	e8 80 00 00 50 04 00 00 19 2d 0a 00 1c 01 5f 00 	0000P0000-0000_0
  0xa880	0d f0 0b e0 09 d0 07 c0 05 70 04 60 03 30 02 50 	000000000p0`000P
  0xa890	e8 80 00 00 e0 02 00 00 01 14 06 00 14 64 0b 00 	0000000000000d00
  0xa8a0	14 34 0a 00 14 52 10 70 01 19 0a 00 19 74 09 00 	04000R0p00000t00
  0xa8b0	19 64 08 00 19 54 07 00 19 34 06 00 19 32 15 f0 	0d000T0004000200
  0xa8c0	01 17 08 00 17 74 0b 00 17 64 0a 00 17 34 09 00 	00000t000d000400
  0xa8d0	17 52 10 50 01 17 08 00 17 74 10 00 17 64 0f 00 	0R0P00000t000d00
  0xa8e0	17 34 0e 00 17 b2 10 50 19 1d 06 00 0f 34 15 00 	0400000P00000400
  0xa8f0	0f d2 08 70 07 60 06 50 e8 80 00 00 68 00 00 00 	000p0`0P0000h000
  0xa900	01 19 0a 00 19 74 0b 00 19 64 0a 00 19 54 09 00 	00000t000d000T00
  0xa910	19 34 08 00 19 52 15 f0 09 1c 0b 00 1c e4 1b 00 	04000R0000000000
  0xa920	1c 74 1a 00 1c 64 19 00 1c 34 18 00 1c 01 16 00 	0t000d0004000000
  0xa930	15 f0 00 00 78 78 00 00 01 00 00 00 1f 76 00 00 	0000xx0000000v00
  0xa940	09 78 00 00 39 82 00 00 09 78 00 00 00 00 00 00 	0x0090000x000000
  0xa950	01 00 00 00 01 04 01 00 04 e2 00 00 01 0c 02 00 	0000000000000000
  0xa960	0c 01 11 00 11 06 02 00 06 32 02 30 78 78 00 00 	000000000200xx00
  0xa970	01 00 00 00 01 7c 00 00 46 7c 00 00 5d 82 00 00 	00000|00F|00]000
  0xa980	00 00 00 00 09 04 01 00 04 22 00 00 78 78 00 00 	000000000"00xx00
  0xa990	01 00 00 00 3c 7d 00 00 72 7d 00 00 01 00 00 00 	0000<}00r}000000
  0xa9a0	72 7d 00 00 09 0a 04 00 0a 34 06 00 0a 32 06 70 	r}0000000400020p
  0xa9b0	78 78 00 00 01 00 00 00 4d 7e 00 00 80 7e 00 00 	xx000000M~000~00
  0xa9c0	80 82 00 00 80 7e 00 00 01 0d 04 00 0d 34 09 00 	00000~0000000400
  0xa9d0	0d 32 06 50 19 1b 03 00 09 01 a8 00 02 30 00 00 	020P000000000000
  0xa9e0	e8 80 00 00 30 05 00 00 01 00 00 00 01 02 01 00 	0000000000000000
  0xa9f0	02 30 00 00 00 00 00 00 02 04 03 00 01 16 00 06 	0000000000000000
  0xaa00	04 12 00 00 00 00 00 00 00 00 00 00 00 00 00 00 	0000000000000000
  0xaa10	00 c0 00 40 01 00 00 00 50 c0 00 40 01 00 00 00 	000@0000P00@0000
  0xaa20	00 00 00 00 00 00 00 00 08 ab 00 00 00 00 00 00 	0000000000000000
  0xaa30	00 00 00 00 a2 af 00 00 68 95 00 00 78 ab 00 00 	00000000h000x000
  0xaa40	00 00 00 00 00 00 00 00 36 b1 00 00 d8 95 00 00 	0000000060000000
  0xaa50	e8 ac 00 00 00 00 00 00 00 00 00 00 aa b1 00 00 	0000000000000000
  0xaa60	48 97 00 00 38 ad 00 00 00 00 00 00 00 00 00 00 	H000800000000000
  0xaa70	c2 b2 00 00 98 97 00 00 30 ae 00 00 00 00 00 00 	0000000000000000
  0xaa80	00 00 00 00 62 b3 00 00 90 98 00 00 50 ae 00 00 	0000b0000000P000
  0xaa90	00 00 00 00 00 00 00 00 2e b4 00 00 b0 98 00 00 	00000000.0000000
  0xaaa0	78 ac 00 00 00 00 00 00 00 00 00 00 38 b4 00 00 	x000000000008000
  0xaab0	d8 96 00 00 d8 ac 00 00 00 00 00 00 00 00 00 00 	0000000000000000
  0xaac0	52 b4 00 00 38 97 00 00 c0 ac 00 00 00 00 00 00 	R000800000000000
  0xaad0	00 00 00 00 88 b4 00 00 20 97 00 00 28 ad 00 00 	00000000 000(000
  0xaae0	00 00 00 00 00 00 00 00 94 b4 00 00 88 97 00 00 	0000000000000000
  0xaaf0	00 00 00 00 00 00 00 00 00 00 00 00 00 00 00 00 	0000000000000000
  0xab00	00 00 00 00 00 00 00 00 a8 ae 00 00 00 00 00 00 	0000000000000000
  0xab10	ba ae 00 00 00 00 00 00 ca ae 00 00 00 00 00 00 	0000000000000000
  0xab20	e2 ae 00 00 00 00 00 00 f8 ae 00 00 00 00 00 00 	0000000000000000
  0xab30	0e af 00 00 00 00 00 00 20 af 00 00 00 00 00 00 	00000000 0000000
  0xab40	36 af 00 00 00 00 00 00 46 af 00 00 00 00 00 00 	60000000F0000000
  0xab50	5e af 00 00 00 00 00 00 70 af 00 00 00 00 00 00 	^0000000p0000000
  0xab60	84 af 00 00 00 00 00 00 92 af 00 00 00 00 00 00 	0000000000000000
  0xab70	00 00 00 00 00 00 00 00 b0 af 00 00 00 00 00 00 	0000000000000000
  0xab80	c2 af 00 00 00 00 00 00 da af 00 00 00 00 00 00 	0000000000000000
  0xab90	ec af 00 00 00 00 00 00 02 b0 00 00 00 00 00 00 	0000000000000000
  0xaba0	1a b0 00 00 00 00 00 00 36 b0 00 00 00 00 00 00 	0000000060000000
  0xabb0	4c b0 00 00 00 00 00 00 62 b0 00 00 00 00 00 00 	L0000000b0000000
  0xabc0	6a b0 00 00 00 00 00 00 7a b0 00 00 00 00 00 00 	j0000000z0000000
  0xabd0	86 b0 00 00 00 00 00 00 98 b0 00 00 00 00 00 00 	0000000000000000
  0xabe0	aa b0 00 00 00 00 00 00 ba b0 00 00 00 00 00 00 	0000000000000000
  0xabf0	cc b0 00 00 00 00 00 00 e4 b0 00 00 00 00 00 00 	0000000000000000
  0xac00	f8 b0 00 00 00 00 00 00 06 b1 00 00 00 00 00 00 	0000000000000000
  0xac10	12 b1 00 00 00 00 00 00 24 b1 00 00 00 00 00 00 	00000000$0000000
  0xac20	a0 b4 00 00 00 00 00 00 b2 b4 00 00 00 00 00 00 	0000000000000000
  0xac30	ce b4 00 00 00 00 00 00 ec b4 00 00 00 00 00 00 	0000000000000000
  0xac40	00 b5 00 00 00 00 00 00 14 b5 00 00 00 00 00 00 	0000000000000000
  0xac50	2e b5 00 00 00 00 00 00 44 b5 00 00 00 00 00 00 	.0000000D0000000
  0xac60	5e b5 00 00 00 00 00 00 6e b5 00 00 00 00 00 00 	^0000000n0000000
  0xac70	00 00 00 00 00 00 00 00 07 00 00 00 00 00 00 80 	0000000000000000
  0xac80	02 00 00 00 00 00 00 80 a3 00 00 00 00 00 00 80 	0000000000000000
  0xac90	06 00 00 00 00 00 00 80 a1 00 00 00 00 00 00 80 	0000000000000000
  0xaca0	ba 00 00 00 00 00 00 80 c8 00 00 00 00 00 00 80 	0000000000000000
  0xacb0	15 01 00 00 00 00 00 80 00 00 00 00 00 00 00 00 	0000000000000000
  0xacc0	5e b4 00 00 00 00 00 00 72 b4 00 00 00 00 00 00 	^0000000r0000000
  0xacd0	00 00 00 00 00 00 00 00 46 b4 00 00 00 00 00 00 	00000000F0000000
  0xace0	00 00 00 00 00 00 00 00 6e b1 00 00 00 00 00 00 	00000000n0000000
  0xacf0	5a b1 00 00 00 00 00 00 8e b1 00 00 00 00 00 00 	Z000000000000000
  0xad00	7a b1 00 00 00 00 00 00 9c b1 00 00 00 00 00 00 	z000000000000000
  0xad10	44 b1 00 00 00 00 00 00 84 b5 00 00 00 00 00 00 	D000000000000000
  0xad20	00 00 00 00 00 00 00 00 01 00 00 00 00 00 00 80 	0000000000000000
  0xad30	00 00 00 00 00 00 00 00 04 b2 00 00 00 00 00 00 	0000000000000000
  0xad40	0c b3 00 00 00 00 00 00 f2 b1 00 00 00 00 00 00 	0000000000000000
  0xad50	e6 b1 00 00 00 00 00 00 da b1 00 00 00 00 00 00 	0000000000000000
  0xad60	ce b1 00 00 00 00 00 00 b6 b1 00 00 00 00 00 00 	0000000000000000
  0xad70	10 b2 00 00 00 00 00 00 02 b3 00 00 00 00 00 00 	0000000000000000
  0xad80	f4 b2 00 00 00 00 00 00 1c b2 00 00 00 00 00 00 	0000000000000000
  0xad90	e2 b2 00 00 00 00 00 00 d8 b2 00 00 00 00 00 00 	0000000000000000
  0xada0	ce b2 00 00 00 00 00 00 b6 b2 00 00 00 00 00 00 	0000000000000000
  0xadb0	ac b2 00 00 00 00 00 00 a2 b2 00 00 00 00 00 00 	0000000000000000
  0xadc0	96 b2 00 00 00 00 00 00 82 b2 00 00 00 00 00 00 	0000000000000000
  0xadd0	78 b2 00 00 00 00 00 00 70 b2 00 00 00 00 00 00 	x0000000p0000000
  0xade0	68 b2 00 00 00 00 00 00 56 b2 00 00 00 00 00 00 	h0000000V0000000
  0xadf0	ea b2 00 00 00 00 00 00 98 b5 00 00 00 00 00 00 	0000000000000000
  0xae00	44 b2 00 00 00 00 00 00 28 b2 00 00 00 00 00 00 	D0000000(0000000
  0xae10	fa b1 00 00 00 00 00 00 36 b2 00 00 00 00 00 00 	0000000060000000
  0xae20	a2 b5 00 00 00 00 00 00 00 00 00 00 00 00 00 00 	0000000000000000
  0xae30	20 b3 00 00 00 00 00 00 4e b3 00 00 00 00 00 00 	 0000000N0000000
  0xae40	34 b3 00 00 00 00 00 00 00 00 00 00 00 00 00 00 	4000000000000000
  0xae50	a2 b3 00 00 00 00 00 00 de b3 00 00 00 00 00 00 	0000000000000000
  0xae60	7e b3 00 00 00 00 00 00 6c b3 00 00 00 00 00 00 	~0000000l0000000
  0xae70	b6 b3 00 00 00 00 00 00 c6 b3 00 00 00 00 00 00 	0000000000000000
  0xae80	f2 b3 00 00 00 00 00 00 1a b4 00 00 00 00 00 00 	0000000000000000
  0xae90	04 b4 00 00 00 00 00 00 90 b3 00 00 00 00 00 00 	0000000000000000
  0xaea0	00 00 00 00 00 00 00 00 73 02 52 65 67 44 65 6c 	00000000s0RegDel
  0xaeb0	65 74 65 56 61 6c 75 65 57 00 8c 02 52 65 67 4f 	eteValueW000RegO
  0xaec0	70 65 6e 4b 65 79 45 78 57 00 35 03 55 6e 72 65 	penKeyExW050Unre
  0xaed0	67 69 73 74 65 72 54 72 61 63 65 47 75 69 64 73 	gisterTraceGuids
  0xaee0	00 00 b5 02 52 65 67 69 73 74 65 72 54 72 61 63 	0000RegisterTrac
  0xaef0	65 47 75 69 64 73 57 00 72 01 47 65 74 54 72 61 	eGuidsW0r0GetTra
  0xaf00	63 65 45 6e 61 62 6c 65 4c 65 76 65 6c 00 a9 02 	ceEnableLevel000
  0xaf10	52 65 67 53 65 74 56 61 6c 75 65 45 78 57 00 00 	RegSetValueExW00
  0xaf20	71 01 47 65 74 54 72 61 63 65 45 6e 61 62 6c 65 	q0GetTraceEnable
  0xaf30	46 6c 61 67 73 00 7a 02 52 65 67 45 6e 75 6d 4b 	Flags0z0RegEnumK
  0xaf40	65 79 45 78 57 00 73 01 47 65 74 54 72 61 63 65 	eyExW0s0GetTrace
  0xaf50	4c 6f 67 67 65 72 48 61 6e 64 6c 65 00 00 64 02 	LoggerHandle00d0
  0xaf60	52 65 67 43 72 65 61 74 65 4b 65 79 45 78 57 00 	RegCreateKeyExW0
  0xaf70	93 02 52 65 67 51 75 65 72 79 49 6e 66 6f 4b 65 	00RegQueryInfoKe
  0xaf80	79 57 00 00 5b 02 52 65 67 43 6c 6f 73 65 4b 65 	yW00[0RegCloseKe
  0xaf90	79 00 28 03 54 72 61 63 65 4d 65 73 73 61 67 65 	y0(0TraceMessage
  0xafa0	00 00 41 44 56 41 50 49 33 32 2e 64 6c 6c 00 00 	00ADVAPI32.dll00
  0xafb0	8e 05 53 69 7a 65 6f 66 52 65 73 6f 75 72 63 65 	00SizeofResource
  0xafc0	00 00 38 01 45 6e 74 65 72 43 72 69 74 69 63 61 	0080EnterCritica
  0xafd0	6c 53 65 63 74 69 6f 6e 00 00 e0 01 47 65 74 43 	lSection0000GetC
  0xafe0	6f 6d 6d 61 6e 64 4c 69 6e 65 57 00 7d 02 47 65 	ommandLineW0}0Ge
  0xaff0	74 4d 6f 64 75 6c 65 46 69 6c 65 4e 61 6d 65 57 	tModuleFileNameW
  0xb000	00 00 c4 03 4c 65 61 76 65 43 72 69 74 69 63 61 	0000LeaveCritica
  0xb010	6c 53 65 63 74 69 6f 6e 00 00 6a 03 49 6e 69 74 	lSection00j0Init
  0xb020	69 61 6c 69 7a 65 43 72 69 74 69 63 61 6c 53 65 	ializeCriticalSe
  0xb030	63 74 69 6f 6e 00 25 02 47 65 74 43 75 72 72 65 	ction0%0GetCurre
  0xb040	6e 74 54 68 72 65 61 64 49 64 00 00 f6 03 4d 75 	ntThreadId0000Mu
  0xb050	6c 74 69 42 79 74 65 54 6f 57 69 64 65 43 68 61 	ltiByteToWideCha
  0xb060	72 00 8f 05 53 6c 65 65 70 00 6a 02 47 65 74 4c 	r000Sleep0j0GetL
  0xb070	61 73 74 45 72 72 6f 72 00 00 26 05 53 65 74 45 	astError00&0SetE
  0xb080	76 65 6e 74 00 00 68 04 52 61 69 73 65 45 78 63 	vent00h0RaiseExc
  0xb090	65 70 74 69 6f 6e 00 00 9e 01 46 69 6e 64 52 65 	eption0000FindRe
  0xb0a0	73 6f 75 72 63 65 45 78 57 00 ce 03 4c 6f 61 64 	sourceExW000Load
  0xb0b0	52 65 73 6f 75 72 63 65 00 00 b8 02 47 65 74 50 	Resource0000GetP
  0xb0c0	72 6f 63 41 64 64 72 65 73 73 00 00 14 01 44 65 	rocAddress0000De
  0xb0d0	6c 65 74 65 43 72 69 74 69 63 61 6c 53 65 63 74 	leteCriticalSect
  0xb0e0	69 6f 6e 00 81 02 47 65 74 4d 6f 64 75 6c 65 48 	ion000GetModuleH
  0xb0f0	61 6e 64 6c 65 57 00 00 b4 01 46 72 65 65 4c 69 	andleW0000FreeLi
  0xb100	62 72 61 72 79 00 4a 06 6c 73 74 72 63 6d 70 69 	brary0J0lstrcmpi
  0xb110	57 00 ca 03 4c 6f 61 64 4c 69 62 72 61 72 79 45 	W000LoadLibraryE
  0xb120	78 57 00 00 b0 01 46 6f 72 6d 61 74 4d 65 73 73 	xW0000FormatMess
  0xb130	61 67 65 57 00 00 4b 45 52 4e 45 4c 33 32 2e 64 	ageW00KERNEL32.d
  0xb140	6c 6c 00 00 b2 02 50 6f 73 74 54 68 72 65 61 64 	ll0000PostThread
  0xb150	4d 65 73 73 61 67 65 57 00 00 ad 03 54 72 61 6e 	MessageW0000Tran
  0xb160	73 6c 61 74 65 4d 65 73 73 61 67 65 00 00 34 00 	slateMessage0040
  0xb170	43 68 61 72 4e 65 78 74 57 00 bd 00 44 69 73 70 	CharNextW000Disp
  0xb180	61 74 63 68 4d 65 73 73 61 67 65 57 00 00 3f 00 	atchMessageW00?0
  0xb190	43 68 61 72 55 70 70 65 72 57 00 00 89 01 47 65 	CharUpperW0000Ge
  0xb1a0	74 4d 65 73 73 61 67 65 57 00 55 53 45 52 33 32 	tMessageW0USER32
  0xb1b0	2e 64 6c 6c 00 00 57 00 5f 5f 43 5f 73 70 65 63 	.dll00W0__C_spec
  0xb1c0	69 66 69 63 5f 68 61 6e 64 6c 65 72 00 00 93 04 	ific_handler0000
  0xb1d0	6d 65 6d 63 70 79 5f 73 00 00 05 05 77 63 73 63 	memcpy_s0000wcsc
  0xb1e0	70 79 5f 73 00 00 00 05 77 63 73 63 61 74 5f 73 	py_s0000wcscat_s
  0xb1f0	00 00 4c 04 66 72 65 65 00 00 86 04 6d 61 6c 6c 	00L0free0000mall
  0xb200	6f 63 00 00 0d 05 77 63 73 6e 63 70 79 5f 73 00 	oc0000wcsncpy_s0
  0xb210	9e 02 5f 70 75 72 65 63 61 6c 6c 00 bf 00 5f 63 	00_purecall000_c
  0xb220	61 6c 6c 6e 65 77 68 00 55 00 5f 58 63 70 74 46 	allnewh0U0_XcptF
  0xb230	69 6c 74 65 72 00 ae 00 5f 61 6d 73 67 5f 65 78 	ilter000_amsg_ex
  0xb240	69 74 00 00 9d 00 5f 5f 77 67 65 74 6d 61 69 6e 	it0000__wgetmain
  0xb250	61 72 67 73 00 00 8e 00 5f 5f 73 65 74 5f 61 70 	args0000__set_ap
  0xb260	70 5f 74 79 70 65 00 00 32 04 65 78 69 74 00 00 	p_type0020exit00
  0xb270	0e 01 5f 65 78 69 74 00 c1 00 5f 63 65 78 69 74 	00_exit000_cexit
  0xb280	00 00 90 00 5f 5f 73 65 74 75 73 65 72 6d 61 74 	0000__setusermat
  0xb290	68 65 72 72 00 00 7d 01 5f 69 6e 69 74 74 65 72 	herr00}0_initter
  0xb2a0	6d 00 82 03 5f 77 63 6d 64 6c 6e 00 27 01 5f 66 	m000_wcmdln0'0_f
  0xb2b0	6d 6f 64 65 00 00 d2 00 5f 63 6f 6d 6d 6f 64 65 	mode0000_commode
  0xb2c0	00 00 6d 73 76 63 72 74 2e 64 6c 6c 00 00 05 01 	00msvcrt.dll0000
  0xb2d0	5f 65 72 72 6e 6f 00 00 a9 04 72 65 61 6c 6c 6f 	_errno0000reallo
  0xb2e0	63 00 e6 01 5f 6c 6f 63 6b 00 41 03 5f 75 6e 6c 	c000_lock0A0_unl
  0xb2f0	6f 63 6b 00 7b 00 5f 5f 64 6c 6c 6f 6e 65 78 69 	ock0{0__dllonexi
  0xb300	74 00 90 02 5f 6f 6e 65 78 69 74 00 2f 00 3f 74 	t000_onexit0/0?t
  0xb310	65 72 6d 69 6e 61 74 65 40 40 59 41 58 58 5a 00 	erminate@@YAXXZ0
  0xb320	f3 02 52 74 6c 43 61 70 74 75 72 65 43 6f 6e 74 	00RtlCaptureCont
  0xb330	65 78 74 00 e9 04 52 74 6c 4c 6f 6f 6b 75 70 46 	ext000RtlLookupF
  0xb340	75 6e 63 74 69 6f 6e 45 6e 74 72 79 00 00 28 06 	unctionEntry00(0
  0xb350	52 74 6c 56 69 72 74 75 61 6c 55 6e 77 69 6e 64 	RtlVirtualUnwind
  0xb360	00 00 6e 74 64 6c 6c 2e 64 6c 6c 00 8b 00 43 6f 	00ntdll.dll000Co
  0xb370	54 61 73 6b 4d 65 6d 41 6c 6c 6f 63 00 00 0c 02 	TaskMemAlloc0000
  0xb380	53 74 72 69 6e 67 46 72 6f 6d 47 55 49 44 32 00 	StringFromGUID20
  0xb390	90 00 43 6f 55 6e 69 6e 69 74 69 61 6c 69 7a 65 	00CoUninitialize
  0xb3a0	00 00 2b 00 43 6f 43 72 65 61 74 65 49 6e 73 74 	00+0CoCreateInst
  0xb3b0	61 6e 63 65 00 00 8c 00 43 6f 54 61 73 6b 4d 65 	ance0000CoTaskMe
  0xb3c0	6d 46 72 65 65 00 76 00 43 6f 52 65 67 69 73 74 	mFree0v0CoRegist
  0xb3d0	65 72 43 6c 61 73 73 4f 62 6a 65 63 74 00 8d 00 	erClassObject000
  0xb3e0	43 6f 54 61 73 6b 4d 65 6d 52 65 61 6c 6c 6f 63 	CoTaskMemRealloc
  0xb3f0	00 00 61 00 43 6f 49 6e 69 74 69 61 6c 69 7a 65 	00a0CoInitialize
  0xb400	45 78 00 00 82 00 43 6f 52 65 76 6f 6b 65 43 6c 	Ex0000CoRevokeCl
  0xb410	61 73 73 4f 62 6a 65 63 74 00 cf 01 50 72 6f 70 	assObject000Prop
  0xb420	56 61 72 69 61 6e 74 43 6c 65 61 72 00 00 6f 6c 	VariantClear00ol
  0xb430	65 33 32 2e 64 6c 6c 00 4f 4c 45 41 55 54 33 32 	e32.dll0OLEAUT32
  0xb440	2e 64 6c 6c 00 00 08 01 53 48 53 74 72 44 75 70 	.dll0000SHStrDup
  0xb450	57 00 53 48 4c 57 41 50 49 2e 64 6c 6c 00 85 00 	W0SHLWAPI.dll000
  0xb460	50 72 6f 70 56 61 72 69 61 6e 74 54 6f 47 55 49 	PropVariantToGUI
  0xb470	44 00 9c 00 50 72 6f 70 56 61 72 69 61 6e 74 54 	D000PropVariantT
  0xb480	6f 55 49 6e 74 33 32 00 50 52 4f 50 53 59 53 2e 	oUInt320PROPSYS.
  0xb490	64 6c 6c 00 57 69 6e 53 79 6e 63 2e 64 6c 6c 00 	dll0WinSync.dll0
  0xb4a0	da 02 47 65 74 53 74 61 72 74 75 70 49 6e 66 6f 	00GetStartupInfo
  0xb4b0	57 00 c0 05 55 6e 68 61 6e 64 6c 65 64 45 78 63 	W000UnhandledExc
  0xb4c0	65 70 74 69 6f 6e 46 69 6c 74 65 72 00 00 7f 05 	eptionFilter0000
  0xb4d0	53 65 74 55 6e 68 61 6e 64 6c 65 64 45 78 63 65 	SetUnhandledExce
  0xb4e0	70 74 69 6f 6e 46 69 6c 74 65 72 00 20 02 47 65 	ptionFilter0 0Ge
  0xb4f0	74 43 75 72 72 65 6e 74 50 72 6f 63 65 73 73 00 	tCurrentProcess0
  0xb500	9e 05 54 65 72 6d 69 6e 61 74 65 50 72 6f 63 65 	00TerminateProce
  0xb510	73 73 00 00 52 04 51 75 65 72 79 50 65 72 66 6f 	ss00R0QueryPerfo
  0xb520	72 6d 61 6e 63 65 43 6f 75 6e 74 65 72 00 21 02 	rmanceCounter0!0
  0xb530	47 65 74 43 75 72 72 65 6e 74 50 72 6f 63 65 73 	GetCurrentProces
  0xb540	73 49 64 00 f3 02 47 65 74 53 79 73 74 65 6d 54 	sId000GetSystemT
  0xb550	69 6d 65 41 73 46 69 6c 65 54 69 6d 65 00 11 03 	imeAsFileTime000
  0xb560	47 65 74 54 69 63 6b 43 6f 75 6e 74 00 00 1d 04 	GetTickCount0000
  0xb570	4f 75 74 70 75 74 44 65 62 75 67 53 74 72 69 6e 	OutputDebugStrin
  0xb580	67 41 00 00 b7 03 55 6e 72 65 67 69 73 74 65 72 	gA0000Unregister
  0xb590	43 6c 61 73 73 41 00 00 91 04 6d 65 6d 63 6d 70 	ClassA0000memcmp
  0xb5a0	00 00 96 04 6d 65 6d 73 65 74 00 00 00 00 00 00 	0000memset000000
  0xb5b0	00 00 00 00 00 00 00 00 00 00 00 00 00 00 00 00 	0000000000000000
  0xb5c0	00 00 00 00 00 00 00 00 00 00 00 00 00 00 00 00 	0000000000000000
  0xb5d0	00 00 00 00 00 00 00 00 00 00 00 00 00 00 00 00 	0000000000000000
  0xb5e0	00 00 00 00 00 00 00 00 00 00 00 00 00 00 00 00 	0000000000000000
  0xb5f0	00 00 00 00 00 00 00 00 00 00 00 00 00 00 00 00 	0000000000000000
=== DATA BLOCK END ===

=== DATA BLOCK ADDRESS 0xc000 ===
  0xc000	38 a1 00 40 01 00 00 00 20 4a 00 40 01 00 00 00 	800@0000 J0@0000
  0xc010	a0 5f 00 40 01 00 00 00 70 5f 00 40 01 00 00 00 	0_0@0000p_0@0000
  0xc020	00 00 00 00 00 00 00 00 00 00 00 00 00 00 00 00 	0000000000000000
  0xc030	80 1c 00 40 01 00 00 00 80 1c 00 40 01 00 00 00 	000@0000000@0000
  0xc040	70 49 00 40 01 00 00 00 00 00 00 00 00 00 00 00 	pI0@000000000000
  0xc050	d8 a1 00 40 01 00 00 00 10 65 00 40 01 00 00 00 	000@00000e0@0000
  0xc060	a0 5f 00 40 01 00 00 00 10 71 00 40 01 00 00 00 	0_0@00000q0@0000
  0xc070	00 00 00 00 00 00 00 00 00 00 00 00 00 00 00 00 	0000000000000000
  0xc080	80 1c 00 40 01 00 00 00 80 1c 00 40 01 00 00 00 	000@0000000@0000
  0xc090	70 49 00 40 01 00 00 00 98 c0 00 40 01 00 00 00 	pI0@0000000@0000
  0xc0a0	00 00 00 00 00 00 00 00 00 00 00 40 01 00 00 00 	00000000000@0000
  0xc0b0	10 aa 00 40 01 00 00 00 20 aa 00 40 01 00 00 00 	000@0000 00@0000
  0xc0c0	00 00 00 00 00 00 00 00 00 00 00 00 00 00 00 00 	0000000000000000
  0xc0d0	00 00 00 00 00 00 00 00 00 00 00 00 00 00 00 00 	0000000000000000
  0xc0e0	00 00 00 00 00 00 00 00 00 00 00 00 00 00 00 00 	0000000000000000
  0xc0f0	60 00 00 00 00 00 00 00 00 00 00 40 01 00 00 00 	`0000000000@0000
  0xc100	00 00 00 40 01 00 00 00 01 00 00 00 00 08 00 00 	000@000000000000
  0xc110	08 a2 00 40 01 00 00 00 00 00 00 00 00 00 00 00 	000@000000000000
  0xc120	00 00 00 00 00 00 00 00 00 00 00 00 00 00 00 00 	0000000000000000
  0xc130	00 00 00 00 00 00 00 00 00 00 00 00 00 00 00 00 	0000000000000000
  0xc140	00 00 00 00 00 00 00 00 00 00 00 00 00 00 00 00 	0000000000000000
  0xc150	01 00 00 00 00 00 00 00 32 a2 df 2d 99 2b 00 00 	00000000200-0+00
  0xc160	cd 5d 20 d2 66 d4 ff ff 00 00 00 00 00 00 00 00 	0] 0f00000000000
  0xc170	48 00 00 00 00 00 00 00 00 00 00 00 00 00 00 00 	H000000000000000
  0xc180	00 00 00 00 00 00 00 00 00 00 00 00 00 00 00 00 	0000000000000000
  0xc190	00 00 00 00 00 00 00 00 00 00 00 00 00 00 00 00 	0000000000000000
  0xc1a0	00 00 00 00 00 00 00 00 00 00 00 00 00 00 00 00 	0000000000000000
  0xc1b0	00 00 00 00 00 00 00 00 00 00 00 00 00 00 00 00 	0000000000000000
  0xc1c0	00 00 00 00 00 00 00 00 00 00 00 00 00 00 00 00 	0000000000000000
  0xc1d0	00 00 00 00 00 00 00 00 00 00 00 00 00 00 00 00 	0000000000000000
  0xc1e0	00 00 00 00 00 00 00 00 00 00 00 00 00 00 00 00 	0000000000000000
  0xc1f0	00 00 00 00 00 00 00 00 00 00 00 00 00 00 00 00 	0000000000000000
=== DATA BLOCK END ===

=== DATA BLOCK ADDRESS 0xd000 ===
  0xd000	10 10 00 00 19 11 00 00 94 a7 00 00 20 11 00 00 	000000000000 000
  0xd010	57 11 00 00 68 a5 00 00 60 11 00 00 97 11 00 00 	W000h000`0000000
  0xd020	68 a5 00 00 a0 11 00 00 d2 11 00 00 68 a5 00 00 	h00000000000h000
  0xd030	fc 11 00 00 1b 12 00 00 68 a5 00 00 24 12 00 00 	00000000h000$000
  0xd040	4b 12 00 00 70 a5 00 00 54 12 00 00 79 12 00 00 	K000p000T000y000
  0xd050	68 a5 00 00 98 12 00 00 cc 13 00 00 98 a5 00 00 	h000000000000000
  0xd060	d4 13 00 00 62 14 00 00 a4 a5 00 00 a0 14 00 00 	0000b00000000000
  0xd070	1d 15 00 00 b4 a5 00 00 24 15 00 00 16 16 00 00 	00000000$0000000
  0xd080	c4 a5 00 00 1c 16 00 00 f1 16 00 00 d8 a5 00 00 	0000000000000000
  0xd090	f8 16 00 00 54 18 00 00 e4 a5 00 00 5c 18 00 00 	0000T00000000000
  0xd0a0	59 1a 00 00 00 a6 00 00 60 1a 00 00 10 1b 00 00 	Y0000000`0000000
  0xd0b0	a4 a5 00 00 18 1b 00 00 44 1c 00 00 1c a6 00 00 	00000000D0000000
  0xd0c0	8c 1c 00 00 34 1d 00 00 34 a6 00 00 40 1d 00 00 	000040004000@000
  0xd0d0	70 1d 00 00 34 a6 00 00 80 1d 00 00 00 1e 00 00 	p000400000000000
  0xd0e0	c4 a5 00 00 08 1e 00 00 c4 1f 00 00 40 a6 00 00 	000000000000@000
  0xd0f0	d0 1f 00 00 18 20 00 00 34 a6 00 00 20 20 00 00 	00000 004000  00
  0xd100	03 22 00 00 5c a6 00 00 0c 22 00 00 85 26 00 00 	0"0000000"000&00
  0xd110	74 a6 00 00 8c 26 00 00 36 27 00 00 94 a6 00 00 	t0000&006'000000
  0xd120	3c 27 00 00 23 2a 00 00 ac a6 00 00 2c 2a 00 00 	<'00#*000000,*00
  0xd130	f6 2b 00 00 d0 a6 00 00 fc 2b 00 00 26 34 00 00 	0+0000000+00&400
  0xd140	f4 a6 00 00 2c 34 00 00 32 37 00 00 14 a7 00 00 	0000,40027000000
  0xd150	38 37 00 00 04 39 00 00 34 a7 00 00 0c 39 00 00 	8700090040000900
  0xd160	23 3b 00 00 50 a7 00 00 2c 3b 00 00 52 40 00 00 	#;00P000,;00R@00
  0xd170	70 a7 00 00 60 40 00 00 f2 40 00 00 a4 a5 00 00 	p000`@000@000000
  0xd180	00 41 00 00 30 41 00 00 34 a6 00 00 38 41 00 00 	0A000A0040008A00
  0xd190	72 42 00 00 9c a7 00 00 b0 42 00 00 00 43 00 00 	rB0000000B000C00
  0xd1a0	94 a7 00 00 08 43 00 00 e5 43 00 00 a4 a5 00 00 	00000C000C000000
  0xd1b0	ec 43 00 00 72 45 00 00 b0 a7 00 00 78 45 00 00 	0C00rE000000xE00
  0xd1c0	f3 47 00 00 c0 a7 00 00 14 48 00 00 46 48 00 00 	0G0000000H00FH00
  0xd1d0	94 a7 00 00 4c 48 00 00 63 49 00 00 dc a7 00 00 	0000LH00cI000000
  0xd1e0	80 49 00 00 e4 49 00 00 68 a5 00 00 f0 49 00 00 	0I000I00h0000I00
  0xd1f0	1a 4a 00 00 68 a5 00 00 38 4a 00 00 64 4a 00 00 	0J00h0008J00dJ00
  0xd200	f4 a7 00 00 6c 4a 00 00 b6 4a 00 00 fc a7 00 00 	0000lJ000J000000
  0xd210	bc 4a 00 00 f7 4a 00 00 04 a8 00 00 00 4b 00 00 	0J000J0000000K00
  0xd220	54 4b 00 00 0c a8 00 00 5c 4b 00 00 be 4b 00 00 	TK0000000K000K00
  0xd230	14 a8 00 00 d0 4b 00 00 21 4c 00 00 68 a5 00 00 	00000K00!L00h000
  0xd240	30 4c 00 00 5a 4f 00 00 1c a8 00 00 80 4f 00 00 	0L00ZO0000000O00
  0xd250	9a 4f 00 00 68 a5 00 00 a0 4f 00 00 ae 56 00 00 	0O00h0000O000V00
  0xd260	30 a8 00 00 c0 56 00 00 c1 57 00 00 48 a8 00 00 	00000V000W00H000
  0xd270	c8 57 00 00 22 5a 00 00 5c a8 00 00 28 5a 00 00 	0W00"Z000000(Z00
  0xd280	3a 5e 00 00 78 a8 00 00 40 5e 00 00 6a 5f 00 00 	:^00x000@^00j_00
  0xd290	98 a8 00 00 a0 5f 00 00 a9 60 00 00 5c a6 00 00 	00000_000`000000
  0xd2a0	b0 60 00 00 19 62 00 00 a8 a8 00 00 40 62 00 00 	0`000b000000@b00
  0xd2b0	b9 62 00 00 34 a6 00 00 20 63 00 00 a5 63 00 00 	0b004000 c000c00
  0xd2c0	34 a6 00 00 ec 63 00 00 92 64 00 00 94 a7 00 00 	40000c000d000000
  0xd2d0	a0 64 00 00 d0 64 00 00 34 a6 00 00 28 65 00 00 	0d000d004000(e00
  0xd2e0	1b 67 00 00 5c a6 00 00 30 67 00 00 55 67 00 00 	0g0000000g00Ug00
  0xd2f0	68 a5 00 00 60 67 00 00 85 67 00 00 68 a5 00 00 	h000`g000g00h000
  0xd300	90 67 00 00 b5 67 00 00 68 a5 00 00 c0 67 00 00 	0g000g00h0000g00
  0xd310	e5 67 00 00 68 a5 00 00 f0 67 00 00 15 68 00 00 	0g00h0000g000h00
  0xd320	68 a5 00 00 20 68 00 00 f7 69 00 00 c0 a8 00 00 	h000 h000i000000
  0xd330	00 6a 00 00 0b 6d 00 00 d4 a8 00 00 20 6d 00 00 	0j000m000000 m00
  0xd340	c9 6f 00 00 e8 a8 00 00 f0 6f 00 00 75 70 00 00 	0o0000000o00up00
  0xd350	34 a6 00 00 7c 70 00 00 02 71 00 00 94 a7 00 00 	4000|p000q000000
  0xd360	40 71 00 00 70 71 00 00 34 a6 00 00 78 71 00 00 	@q00pq004000xq00
  0xd370	c9 72 00 00 00 a9 00 00 f0 72 00 00 75 73 00 00 	0r0000000r00us00
  0xd380	34 a6 00 00 7c 73 00 00 e1 73 00 00 94 a7 00 00 	4000|s000s000000
  0xd390	f0 73 00 00 20 74 00 00 34 a6 00 00 74 74 00 00 	0s00 t004000tt00
  0xd3a0	ad 74 00 00 34 a6 00 00 c0 74 00 00 93 75 00 00 	0t0040000t000u00
  0xd3b0	68 a5 00 00 a0 75 00 00 e9 75 00 00 f4 a7 00 00 	h0000u000u000000
  0xd3c0	f0 75 00 00 54 78 00 00 18 a9 00 00 60 78 00 00 	0u00Tx000000`x00
  0xd3d0	72 78 00 00 68 a5 00 00 90 78 00 00 ae 78 00 00 	rx00h0000x000x00
  0xd3e0	50 a9 00 00 b4 78 00 00 e8 78 00 00 94 a7 00 00 	P0000x000x000000
  0xd3f0	f0 78 00 00 61 7a 00 00 5c a9 00 00 68 7a 00 00 	0x00az000000hz00
  0xd400	5f 7b 00 00 54 a9 00 00 70 7b 00 00 c1 7b 00 00 	_{00T000p{000{00
  0xd410	f4 a7 00 00 c8 7b 00 00 55 7c 00 00 64 a9 00 00 	00000{00U|00d000
  0xd420	5c 7c 00 00 73 7c 00 00 68 a5 00 00 c0 7c 00 00 	0|00s|00h0000|00
  0xd430	f9 7c 00 00 68 a5 00 00 00 7d 00 00 18 7d 00 00 	0|00h0000}000}00
  0xd440	68 a5 00 00 2c 7d 00 00 80 7d 00 00 84 a9 00 00 	h000,}000}000000
  0xd450	88 7d 00 00 cd 7d 00 00 94 a7 00 00 40 7e 00 00 	0}000}000000@~00
  0xd460	8d 7e 00 00 a4 a9 00 00 d4 7e 00 00 a8 7f 00 00 	0~0000000~000000
  0xd470	c8 a9 00 00 e4 7f 00 00 a7 80 00 00 d4 a9 00 00 	0000000000000000
  0xd480	e8 80 00 00 05 81 00 00 68 a5 00 00 0c 81 00 00 	00000000h0000000
  0xd490	67 81 00 00 ec a9 00 00 a0 81 00 00 a2 81 00 00 	g000000000000000
  0xd4a0	e8 a9 00 00 c0 81 00 00 0d 82 00 00 f8 a9 00 00 	0000000000000000
  0xd4b0	13 82 00 00 33 82 00 00 90 a5 00 00 39 82 00 00 	0000300000009000
  0xd4c0	57 82 00 00 90 a5 00 00 5d 82 00 00 78 82 00 00 	W0000000]000x000
  0xd4d0	90 a5 00 00 80 82 00 00 a0 82 00 00 90 a5 00 00 	0000000000000000
  0xd4e0	d0 82 00 00 4c 83 00 00 34 a6 00 00 60 83 00 00 	0000L0004000`000
  0xd4f0	ab 83 00 00 68 a5 00 00 c0 83 00 00 be 84 00 00 	0000h00000000000
  0xd500	a4 a5 00 00 00 00 00 00 00 00 00 00 00 00 00 00 	0000000000000000
  0xd510	00 00 00 00 00 00 00 00 00 00 00 00 00 00 00 00 	0000000000000000
  0xd520	00 00 00 00 00 00 00 00 00 00 00 00 00 00 00 00 	0000000000000000
  0xd530	00 00 00 00 00 00 00 00 00 00 00 00 00 00 00 00 	0000000000000000
  0xd540	00 00 00 00 00 00 00 00 00 00 00 00 00 00 00 00 	0000000000000000
  0xd550	00 00 00 00 00 00 00 00 00 00 00 00 00 00 00 00 	0000000000000000
  0xd560	00 00 00 00 00 00 00 00 00 00 00 00 00 00 00 00 	0000000000000000
  0xd570	00 00 00 00 00 00 00 00 00 00 00 00 00 00 00 00 	0000000000000000
  0xd580	00 00 00 00 00 00 00 00 00 00 00 00 00 00 00 00 	0000000000000000
  0xd590	00 00 00 00 00 00 00 00 00 00 00 00 00 00 00 00 	0000000000000000
  0xd5a0	00 00 00 00 00 00 00 00 00 00 00 00 00 00 00 00 	0000000000000000
  0xd5b0	00 00 00 00 00 00 00 00 00 00 00 00 00 00 00 00 	0000000000000000
  0xd5c0	00 00 00 00 00 00 00 00 00 00 00 00 00 00 00 00 	0000000000000000
  0xd5d0	00 00 00 00 00 00 00 00 00 00 00 00 00 00 00 00 	0000000000000000
  0xd5e0	00 00 00 00 00 00 00 00 00 00 00 00 00 00 00 00 	0000000000000000
  0xd5f0	00 00 00 00 00 00 00 00 00 00 00 00 00 00 00 00 	0000000000000000
=== DATA BLOCK END ===
