===== Assembly blocks =====

=== CODE BLOCK ADDRESS 0x1000 ===
=== CODE BLOCK END ===

=== DATA BLOCK ADDRESS 0x5000 ===
  0x5000	50 81 00 40 01 00 00 00 f0 81 00 40 01 00 00 00 	P00@0000000@0000
  0x5010	d0 11 00 40 01 00 00 00 30 15 00 40 01 00 00 00 	000@0000000@0000
  0x5020	60 1b 00 40 01 00 00 00 c0 1c 00 40 01 00 00 00 	`00@0000000@0000
  0x5030	90 17 00 40 01 00 00 00 20 1f 00 40 01 00 00 00 	000@0000 00@0000
  0x5040	e0 20 00 40 01 00 00 00 70 22 00 40 01 00 00 00 	0 0@0000p"0@0000
  0x5050	00 00 00 00 00 00 00 00 00 00 00 00 00 00 00 00 	0000000000000000
  0x5060	18 01 00 00 00 00 00 00 00 00 00 00 00 00 00 00 	0000000000000000
  0x5070	00 00 00 00 00 00 00 00 00 00 00 00 00 00 00 00 	0000000000000000
  0x5080	00 00 00 00 00 00 00 00 00 00 00 00 00 00 00 00 	0000000000000000
  0x5090	00 00 00 00 00 00 00 00 00 00 00 00 00 00 00 00 	0000000000000000
  0x50a0	00 00 00 00 00 00 00 00 00 00 00 00 00 00 00 00 	0000000000000000
  0x50b0	00 00 00 00 00 00 00 00 e8 80 00 40 01 00 00 00 	00000000000@0000
  0x50c0	00 00 00 00 00 00 00 00 00 00 00 00 00 00 00 00 	0000000000000000
  0x50d0	e8 54 00 40 01 00 00 00 f0 54 00 40 01 00 00 00 	0T0@00000T0@0000
  0x50e0	44 55 00 40 01 00 00 00 1a 00 00 00 00 00 00 00 	DU0@000000000000
  0x50f0	00 75 41 00 00 00 00 00 00 00 00 00 00 00 00 00 	0uA0000000000000
  0x5100	ac 55 00 40 01 00 00 00 01 00 00 00 00 00 00 00 	0U0@000000000000
  0x5110	00 00 00 00 00 00 00 00 00 00 00 00 00 00 00 00 	0000000000000000
  0x5120	00 00 00 00 00 00 00 00 00 00 00 00 00 00 00 00 	0000000000000000
  0x5130	00 00 00 00 00 00 00 00 00 00 00 00 00 00 00 00 	0000000000000000
  0x5140	00 00 00 00 00 00 00 00 00 00 00 00 00 00 00 00 	0000000000000000
  0x5150	00 00 00 00 00 00 00 00 00 00 00 00 00 00 00 00 	0000000000000000
  0x5160	00 00 00 00 00 00 00 00 38 55 00 40 01 00 00 00 	000000008U0@0000
  0x5170	03 00 00 00 00 00 00 00 62 6e 00 00 00 00 00 00 	00000000bn000000
  0x5180	2a 6f 00 00 00 00 00 00 62 6d 00 00 00 00 00 00 	*o000000bm000000
  0x5190	84 6d 00 00 00 00 00 00 32 6e 00 00 00 00 00 00 	0m0000002n000000
  0x51a0	9c 6e 00 00 00 00 00 00 02 6f 00 00 00 00 00 00 	0n0000000o000000
  0x51b0	ba 6e 00 00 00 00 00 00 d8 6e 00 00 00 00 00 00 	0n0000000n000000
  0x51c0	46 6f 00 00 00 00 00 00 00 00 00 00 00 00 00 00 	Fo00000000000000
  0x51d0	fa 72 00 00 00 00 00 00 22 73 00 00 00 00 00 00 	0r000000"s000000
  0x51e0	38 73 00 00 00 00 00 00 d2 72 00 00 00 00 00 00 	8s0000000r000000
  0x51f0	00 00 00 00 00 00 00 00 bc 6d 00 00 00 00 00 00 	000000000m000000
  0x5200	c0 6f 00 00 00 00 00 00 a4 70 00 00 00 00 00 00 	0o0000000p000000
  0x5210	5a 74 00 00 00 00 00 00 00 00 00 00 00 00 00 00 	Zt00000000000000
  0x5220	80 74 00 00 00 00 00 00 6a 74 00 00 00 00 00 00 	0t000000jt000000
  0x5230	94 74 00 00 00 00 00 00 00 00 00 00 00 00 00 00 	0t00000000000000
  0x5240	f2 73 00 00 00 00 00 00 84 73 00 00 00 00 00 00 	0s0000000s000000
  0x5250	aa 6f 00 00 00 00 00 00 28 74 00 00 00 00 00 00 	0o000000(t000000
  0x5260	00 00 00 00 00 00 00 00 3a 74 00 00 00 00 00 00 	00000000:t000000
  0x5270	48 74 00 00 00 00 00 00 de 6f 00 00 00 00 00 00 	Ht0000000o000000
  0x5280	fe 73 00 00 00 00 00 00 a8 73 00 00 00 00 00 00 	0s0000000s000000
  0x5290	00 00 00 00 00 00 00 00 a8 74 00 00 00 00 00 00 	000000000t000000
  0x52a0	00 00 00 00 00 00 00 00 d4 70 00 00 00 00 00 00 	000000000p000000
  0x52b0	22 70 00 00 00 00 00 00 0c 70 00 00 00 00 00 00 	"p0000000p000000
  0x52c0	c0 70 00 00 00 00 00 00 00 00 00 00 00 00 00 00 	0p00000000000000
  0x52d0	f2 6f 00 00 00 00 00 00 00 00 00 00 00 00 00 00 	0o00000000000000
  0x52e0	78 6e 00 00 00 00 00 00 8c 6e 00 00 00 00 00 00 	xn0000000n000000
  0x52f0	66 6f 00 00 00 00 00 00 76 6f 00 00 00 00 00 00 	fo000000vo000000
  0x5300	86 6f 00 00 00 00 00 00 00 00 00 00 00 00 00 00 	0o00000000000000
  0x5310	90 70 00 00 00 00 00 00 76 70 00 00 00 00 00 00 	0p000000vp000000
  0x5320	62 70 00 00 00 00 00 00 00 00 00 00 00 00 00 00 	bp00000000000000
  0x5330	94 6f 00 00 00 00 00 00 00 00 00 00 00 00 00 00 	0o00000000000000
  0x5340	90 73 00 00 00 00 00 00 be 73 00 00 00 00 00 00 	0s0000000s000000
  0x5350	d6 73 00 00 00 00 00 00 10 74 00 00 00 00 00 00 	0s0000000t000000
  0x5360	00 00 00 00 00 00 00 00 14 6e 00 00 00 00 00 00 	000000000n000000
  0x5370	00 00 00 00 00 00 00 00 02 6e 00 00 00 00 00 00 	000000000n000000
  0x5380	52 70 00 00 00 00 00 00 38 70 00 00 00 00 00 00 	Rp0000008p000000
  0x5390	00 00 00 00 00 00 00 00 1c 6e 00 00 00 00 00 00 	000000000n000000
  0x53a0	00 00 00 00 00 00 00 00 cc 6d 00 00 00 00 00 00 	000000000m000000
  0x53b0	dc 6d 00 00 00 00 00 00 f2 6d 00 00 00 00 00 00 	0m0000000m000000
  0x53c0	aa 6d 00 00 00 00 00 00 00 00 00 00 00 00 00 00 	0m00000000000000
  0x53d0	50 6e 00 00 00 00 00 00 00 00 00 00 00 00 00 00 	Pn00000000000000
  0x53e0	78 73 00 00 00 00 00 00 56 73 00 00 00 00 00 00 	xs000000Vs000000
  0x53f0	6e 73 00 00 00 00 00 00 24 6d 00 00 00 00 00 00 	ns000000$m000000
  0x5400	16 6d 00 00 00 00 00 00 0c 6d 00 00 00 00 00 00 	0m0000000m000000
  0x5410	04 6d 00 00 00 00 00 00 f0 6c 00 00 00 00 00 00 	0m0000000l000000
  0x5420	d8 6c 00 00 00 00 00 00 ce 6c 00 00 00 00 00 00 	0l0000000l000000
  0x5430	b6 6c 00 00 00 00 00 00 aa 6c 00 00 00 00 00 00 	0l0000000l000000
  0x5440	96 6c 00 00 00 00 00 00 8c 6c 00 00 00 00 00 00 	0l0000000l000000
  0x5450	84 6c 00 00 00 00 00 00 7c 6c 00 00 00 00 00 00 	0l000000|l000000
  0x5460	6a 6c 00 00 00 00 00 00 5a 6c 00 00 00 00 00 00 	jl000000Zl000000
  0x5470	4c 6c 00 00 00 00 00 00 3e 6c 00 00 00 00 00 00 	Ll000000>l000000
  0x5480	32 6c 00 00 00 00 00 00 26 6c 00 00 00 00 00 00 	2l000000&l000000
  0x5490	1e 6c 00 00 00 00 00 00 14 6c 00 00 00 00 00 00 	0l0000000l000000
  0x54a0	64 73 00 00 00 00 00 00 08 6c 00 00 00 00 00 00 	ds0000000l000000
  0x54b0	54 75 00 00 00 00 00 00 00 00 00 00 00 00 00 00 	Tu00000000000000
  0x54c0	2e 6d 00 00 00 00 00 00 48 6d 00 00 00 00 00 00 	.m000000Hm000000
  0x54d0	34 75 00 00 00 00 00 00 46 75 00 00 00 00 00 00 	4u000000Fu000000
  0x54e0	00 00 00 00 00 00 00 00 10 4b 00 40 01 00 00 00 	000000000K0@0000
  0x54f0	b0 4d 00 40 01 00 00 00 00 00 00 00 00 00 00 00 	0M0@000000000000
  0x5500	d0 44 00 40 01 00 00 00 10 10 00 40 01 00 00 00 	0D0@0000000@0000
  0x5510	00 00 00 00 00 00 00 00 00 00 00 00 00 00 00 00 	0000000000000000
  0x5520	f0 43 00 40 01 00 00 00 90 47 00 40 01 00 00 00 	0C0@00000G0@0000
  0x5530	00 00 00 00 00 00 00 00 9b 46 00 00 02 48 00 00 	000000000F000H00
  0x5540	10 49 00 00 10 10 00 00 d0 11 00 00 30 15 00 00 	0I00000000000000
  0x5550	90 17 00 00 60 1b 00 00 c0 1c 00 00 20 1f 00 00 	0000`0000000 000
  0x5560	e0 20 00 00 70 22 00 00 70 25 00 00 c0 25 00 00 	0 00p"00p%000%00
  0x5570	30 27 00 00 60 27 00 00 f0 27 00 00 40 28 00 00 	0'00`'000'00@(00
  0x5580	90 28 00 00 10 29 00 00 f0 43 00 00 d0 44 00 00 	0(000)000C000D00
  0x5590	f0 46 00 00 50 47 00 00 90 47 00 00 70 48 00 00 	0F00PG000G00pH00
  0x55a0	10 4b 00 00 60 4b 00 00 40 4e 00 00 f8 53 00 00 	0K00`K00@N000S00
  0x55b0	18 00 00 00 01 00 00 00 01 4a 00 eb 1a 9b d4 11 	000000000J000000
  0x55c0	91 23 00 50 04 77 59 bc 18 00 00 00 01 00 00 00 	0#0P0wY000000000
  0x55d0	00 4a 00 eb 1a 9b d4 11 91 23 00 50 04 77 59 bc 	0J0000000#0P0wY0
  0x55e0	5c 00 00 00 00 00 00 00 49 63 6d 70 52 65 64 69 	00000000IcmpRedi
  0x55f0	72 65 63 74 73 45 6e 61 62 6c 65 64 00 00 00 00 	rectsEnabled0000
  0x5600	4d 65 74 72 69 63 00 00 44 68 63 70 45 6e 61 62 	Metric00DhcpEnab
  0x5610	6c 65 64 00 00 00 00 00 52 6f 75 74 65 72 44 69 	led00000RouterDi
  0x5620	73 63 6f 76 65 72 79 45 6e 61 62 6c 65 64 00 00 	scoveryEnabled00
  0x5630	50 72 65 66 69 78 00 00 4e 65 78 74 48 6f 70 41 	Prefix00NextHopA
  0x5640	64 64 72 65 73 73 00 00 54 43 50 49 50 3a 20 46 	ddress00TCPIP: F
  0x5650	61 69 6c 65 64 20 70 61 72 73 69 6e 67 20 49 50 	ailed parsing IP
  0x5660	20 61 64 64 72 65 73 73 20 27 25 73 27 3a 20 30 	 address '%s': 0
  0x5670	78 25 78 2e 00 00 00 00 54 43 50 49 50 3a 20 46 	x%x.0000TCPIP: F
  0x5680	61 69 6c 65 64 20 61 64 64 69 6e 67 20 49 50 20 	ailed adding IP 
  0x5690	61 64 64 72 65 73 73 20 27 25 73 27 20 74 6f 20 	address '%s' to 
  0x56a0	69 6e 74 65 72 66 61 63 65 3a 20 30 78 25 78 2e 	interface: 0x%x.
  0x56b0	00 00 00 00 00 00 00 00 4f 70 65 6e 53 43 4d 61 	00000000OpenSCMa
  0x56c0	6e 61 67 65 72 20 66 61 69 6c 65 64 20 64 75 65 	nager failed due
  0x56d0	20 74 6f 20 65 72 72 6f 72 20 25 75 00 00 00 00 	 to error %u0000
  0x56e0	4f 70 65 6e 53 65 72 76 69 63 65 20 25 73 20 66 	OpenService %s f
  0x56f0	61 69 6c 65 64 20 64 75 65 20 74 6f 20 65 72 72 	ailed due to err
  0x5700	6f 72 20 25 75 00 00 00 51 75 65 72 79 53 65 72 	or %u000QuerySer
  0x5710	76 69 63 65 53 74 61 74 75 73 20 25 73 20 66 61 	viceStatus %s fa
  0x5720	69 6c 65 64 20 64 75 65 20 74 6f 20 65 72 72 6f 	iled due to erro
  0x5730	72 20 25 75 00 00 00 00 53 65 72 76 69 63 65 20 	r %u0000Service 
  0x5740	25 73 20 69 73 20 61 6c 72 65 61 64 79 20 72 75 	%s is already ru
  0x5750	6e 6e 69 6e 67 00 00 00 53 74 61 72 74 53 65 72 	nning000StartSer
  0x5760	76 69 63 65 20 25 73 20 66 61 69 6c 65 64 20 64 	vice %s failed d
  0x5770	75 65 20 74 6f 20 65 72 72 6f 72 20 25 75 00 00 	ue to error %u00
  0x5780	53 65 72 76 69 63 65 20 25 73 20 69 73 20 73 75 	Service %s is su
  0x5790	63 63 65 73 66 75 6c 6c 79 20 73 74 61 72 74 65 	ccesfully starte
  0x57a0	64 00 00 00 00 00 00 00 53 65 72 76 69 63 65 20 	d0000000Service 
  0x57b0	25 73 20 66 61 69 6c 65 64 20 74 6f 20 73 74 61 	%s failed to sta
  0x57c0	72 74 20 64 75 65 20 74 6f 20 74 69 6d 65 6f 75 	rt due to timeou
  0x57d0	74 2e 00 00 44 48 43 50 00 00 00 00 00 00 00 00 	t.00DHCP00000000
  0x57e0	54 43 50 49 50 3a 20 46 61 69 6c 65 64 20 70 61 	TCPIP: Failed pa
  0x57f0	72 73 69 6e 67 20 72 6f 75 74 65 20 70 72 65 66 	rsing route pref
  0x5800	69 78 20 27 25 73 27 3a 20 30 78 25 78 2e 00 00 	ix '%s': 0x%x.00
  0x5810	54 43 50 49 50 3a 20 45 72 72 6f 72 20 71 75 65 	TCPIP: Error que
  0x5820	72 79 69 6e 67 20 66 6f 72 20 69 6e 66 6f 72 6d 	rying for inform
  0x5830	61 74 69 6f 6e 20 61 62 6f 75 74 20 74 68 65 20 	ation about the 
  0x5840	72 65 67 69 73 74 72 79 20 6b 65 79 20 6e 61 6d 	registry key nam
  0x5850	65 64 20 27 25 73 27 3a 20 30 78 25 78 00 00 00 	ed '%s': 0x%x000
  0x5860	54 43 50 49 50 3a 20 46 61 69 6c 65 64 20 74 6f 	TCPIP: Failed to
  0x5870	20 65 6e 75 6d 65 72 61 74 65 20 76 61 6c 75 65 	 enumerate value
  0x5880	20 25 64 20 6f 66 20 25 64 20 75 6e 64 65 72 20 	 %d of %d under 
  0x5890	74 68 65 20 72 65 67 69 73 74 72 79 20 6b 65 79 	the registry key
  0x58a0	20 6e 61 6d 65 64 20 27 25 73 27 3a 20 30 78 25 	 named '%s': 0x%
  0x58b0	78 2e 00 00 00 00 00 00 54 43 50 49 50 3a 20 4e 	x.000000TCPIP: N
  0x58c0	6f 20 63 6f 6e 73 75 6d 65 72 20 61 63 63 65 70 	o consumer accep
  0x58d0	74 65 64 20 74 68 65 20 76 61 6c 75 65 20 6e 61 	ted the value na
  0x58e0	6d 65 64 20 27 25 73 27 20 28 75 6e 64 65 72 20 	med '%s' (under 
  0x58f0	27 25 73 27 29 2e 00 00 00 00 00 00 00 00 00 00 	'%s').0000000000
  0x5900	54 43 50 49 50 3a 20 43 6f 6e 73 75 6d 65 72 20 	TCPIP: Consumer 
  0x5910	25 64 20 52 45 4a 45 43 54 45 44 20 74 68 65 20 	%d REJECTED the 
  0x5920	76 61 6c 75 65 20 6e 61 6d 65 64 20 27 25 73 27 	value named '%s'
  0x5930	20 28 75 6e 64 65 72 20 27 25 73 27 29 20 77 69 	 (under '%s') wi
  0x5940	74 68 20 73 74 61 74 75 73 20 30 78 25 78 2e 00 	th status 0x%x.0
  0x5950	54 43 50 49 50 3a 20 43 6f 6e 73 75 6d 65 72 20 	TCPIP: Consumer 
  0x5960	25 64 20 61 63 63 65 70 74 65 64 20 74 68 65 20 	%d accepted the 
  0x5970	76 61 6c 75 65 20 6e 61 6d 65 64 20 27 25 73 27 	value named '%s'
  0x5980	20 28 75 6e 64 65 72 20 27 25 73 27 29 2e 00 00 	 (under '%s').00
  0x5990	49 70 76 34 53 65 74 74 69 6e 67 73 00 00 00 00 	Ipv4Settings0000
  0x59a0	49 70 76 36 53 65 74 74 69 6e 67 73 00 00 00 00 	Ipv6Settings0000
  0x59b0	55 6e 69 63 61 73 74 49 70 41 64 64 72 65 73 73 	UnicastIpAddress
  0x59c0	65 73 00 00 52 6f 75 74 65 73 00 00 00 00 00 00 	es00Routes000000
  0x59d0	49 6e 74 65 72 66 61 63 65 73 00 00 00 00 00 00 	Interfaces000000
  0x59e0	54 43 50 49 50 3a 20 46 61 69 6c 65 64 20 74 6f 	TCPIP: Failed to
  0x59f0	20 61 6c 6c 6f 63 61 74 65 20 6d 65 6d 6f 72 79 	 allocate memory
  0x5a00	20 66 6f 72 20 61 20 72 6f 75 74 65 20 74 61 62 	 for a route tab
  0x5a10	6c 65 20 65 6e 74 72 79 20 2d 2d 20 72 65 6a 65 	le entry -- reje
  0x5a20	63 74 69 6e 67 20 74 72 61 6e 73 69 74 69 6f 6e 	cting transition
  0x5a30	2e 00 00 00 00 00 00 00 00 00 00 00 00 00 00 00 	.000000000000000
  0x5a40	54 43 50 49 50 3a 20 46 61 69 6c 65 64 20 74 6f 	TCPIP: Failed to
  0x5a50	20 61 64 64 20 74 68 65 20 63 6f 6e 73 74 72 75 	 add the constru
  0x5a60	63 74 65 64 20 72 6f 75 74 65 20 74 61 62 6c 65 	cted route table
  0x5a70	20 65 6e 74 72 79 20 74 6f 20 74 68 65 20 73 74 	 entry to the st
  0x5a80	61 63 6b 3a 20 30 78 25 78 2e 00 00 00 00 00 00 	ack: 0x%x.000000
  0x5a90	54 43 50 49 50 3a 20 54 72 61 6e 73 69 74 69 6f 	TCPIP: Transitio
  0x5aa0	6e 20 74 6f 20 63 6f 6e 74 65 78 74 20 25 64 20 	n to context %d 
  0x5ab0	61 63 63 65 70 74 65 64 20 66 6f 72 20 6b 65 79 	accepted for key
  0x5ac0	20 27 25 73 27 2e 00 00 54 43 50 49 50 3a 20 45 	 '%s'.00TCPIP: E
  0x5ad0	72 72 6f 72 20 77 68 69 6c 65 20 70 72 6f 63 65 	rror while proce
  0x5ae0	73 73 69 6e 67 20 74 68 65 20 74 68 65 20 27 25 	ssing the the '%
  0x5af0	73 27 20 72 65 67 69 73 74 72 79 20 6b 65 79 2e 	s' registry key.
  0x5b00	00 00 00 00 00 00 00 00 54 43 50 49 50 3a 20 52 	00000000TCPIP: R
  0x5b10	65 74 75 72 6e 69 6e 67 20 66 72 6f 6d 20 63 6f 	eturning from co
  0x5b20	6e 74 65 78 74 20 25 64 20 28 27 25 73 27 29 20 	ntext %d ('%s') 
  0x5b30	74 6f 20 63 6f 6e 74 65 78 74 20 25 64 20 28 27 	to context %d ('
  0x5b40	25 73 27 29 2e 00 00 00 54 43 50 49 50 3a 20 46 	%s').000TCPIP: F
  0x5b50	61 69 6c 65 64 20 74 6f 20 71 75 65 72 79 20 69 	ailed to query i
  0x5b60	6e 66 6f 72 6d 61 74 69 6f 6e 20 66 6f 72 20 74 	nformation for t
  0x5b70	68 65 20 27 25 73 27 20 72 65 67 69 73 74 72 79 	he '%s' registry
  0x5b80	20 6b 65 79 2e 00 00 00 00 00 00 00 00 00 00 00 	 key.00000000000
  0x5b90	54 43 50 49 50 3a 20 46 61 69 6c 65 64 20 74 6f 	TCPIP: Failed to
  0x5ba0	20 65 6e 75 6d 65 72 61 74 65 20 73 75 62 6b 65 	 enumerate subke
  0x5bb0	79 20 25 64 20 6f 66 20 25 64 20 75 6e 64 65 72 	y %d of %d under
  0x5bc0	20 74 68 65 20 72 65 67 69 73 74 72 79 20 6b 65 	 the registry ke
  0x5bd0	79 20 6e 61 6d 65 64 20 27 25 73 27 3a 20 30 78 	y named '%s': 0x
  0x5be0	25 78 2e 00 00 00 00 00 00 00 00 00 00 00 00 00 	%x.0000000000000
  0x5bf0	54 43 50 49 50 3a 20 46 61 69 6c 65 64 20 74 6f 	TCPIP: Failed to
  0x5c00	20 6f 70 65 6e 20 73 75 62 6b 65 79 20 27 25 73 	 open subkey '%s
  0x5c10	27 20 28 6e 75 6d 62 65 72 20 25 64 20 6f 66 20 	' (number %d of 
  0x5c20	25 64 29 20 75 6e 64 65 72 20 74 68 65 20 72 65 	%d) under the re
  0x5c30	67 69 73 74 72 79 20 6b 65 79 20 6e 61 6d 65 64 	gistry key named
  0x5c40	20 27 25 73 27 3a 20 30 78 25 78 00 00 00 00 00 	 '%s': 0x%x00000
  0x5c50	54 43 50 49 50 3a 20 55 6e 61 62 6c 65 20 74 6f 	TCPIP: Unable to
  0x5c60	20 74 72 61 6e 73 69 74 69 6f 6e 20 74 6f 20 73 	 transition to s
  0x5c70	75 62 6b 65 79 20 27 25 73 27 20 28 75 6e 64 65 	ubkey '%s' (unde
  0x5c80	72 20 27 25 73 27 29 3a 20 30 78 25 78 2e 00 00 	r '%s'): 0x%x.00
  0x5c90	54 43 50 49 50 3a 20 45 72 72 6f 72 20 70 72 6f 	TCPIP: Error pro
  0x5ca0	63 65 73 73 69 6e 67 20 76 61 6c 75 65 73 20 75 	cessing values u
  0x5cb0	6e 64 65 72 20 27 25 73 27 20 72 65 67 69 73 74 	nder '%s' regist
  0x5cc0	72 79 20 6b 65 79 3a 20 30 78 25 78 2e 00 00 00 	ry key: 0x%x.000
  0x5cd0	54 43 50 49 50 3a 20 45 72 72 6f 72 20 70 72 6f 	TCPIP: Error pro
  0x5ce0	63 65 73 73 69 6e 67 20 73 75 62 6b 65 79 73 20 	cessing subkeys 
  0x5cf0	75 6e 64 65 72 20 27 25 73 27 20 72 65 67 69 73 	under '%s' regis
  0x5d00	74 72 79 20 6b 65 79 3a 20 30 78 25 78 2e 00 00 	try key: 0x%x.00
  0x5d10	53 6f 66 74 77 61 72 65 5c 4d 69 63 72 6f 73 6f 	Software0Microso
  0x5d20	66 74 5c 57 69 6e 64 6f 77 73 20 4e 54 5c 43 75 	ft0Windows NT0Cu
  0x5d30	72 72 65 6e 74 56 65 72 73 69 6f 6e 5c 55 6e 61 	rrentVersion0Una
  0x5d40	74 74 65 6e 64 53 65 74 74 69 6e 67 73 5c 4e 65 	ttendSettings0Ne
  0x5d50	74 69 6f 00 00 00 00 00 54 43 50 49 50 3a 20 48 	tio00000TCPIP: H
  0x5d60	65 61 70 53 65 74 49 6e 66 6f 72 6d 61 74 69 6f 	eapSetInformatio
  0x5d70	6e 20 66 61 69 6c 65 64 2c 20 62 61 69 6c 69 6e 	n failed, bailin
  0x5d80	67 20 6f 75 74 00 00 00 2d 6f 6e 6c 69 6e 65 00 	g out000-online0
  0x5d90	2d 6f 6e 6c 69 6e 65 20 73 70 65 63 69 66 69 65 	-online specifie
  0x5da0	64 3b 20 75 73 69 6e 67 20 4e 73 69 41 63 74 69 	d; using NsiActi
  0x5db0	76 65 20 73 74 6f 72 65 00 00 00 00 00 00 00 00 	ve store00000000
  0x5dc0	54 43 50 49 50 3a 20 46 61 69 6c 65 64 20 74 6f 	TCPIP: Failed to
  0x5dd0	20 6f 70 65 6e 20 74 68 65 20 72 6f 6f 74 20 72 	 open the root r
  0x5de0	65 67 69 73 74 72 79 20 6b 65 79 20 28 6e 61 6d 	egistry key (nam
  0x5df0	65 64 20 27 25 73 27 29 20 66 6f 72 20 61 6c 6c 	ed '%s') for all
  0x5e00	20 4e 65 74 69 6f 20 55 6e 61 74 74 65 6e 64 20 	 Netio Unattend 
  0x5e10	73 65 74 74 69 6e 67 73 3a 20 30 78 25 78 2e 00 	settings: 0x%x.0
  0x5e20	54 43 50 49 50 3a 20 45 6e 63 6f 75 6e 74 65 72 	TCPIP: Encounter
  0x5e30	65 64 20 61 6e 20 65 72 72 6f 72 20 64 75 72 69 	ed an error duri
  0x5e40	6e 67 20 4e 65 74 69 6f 20 55 6e 61 74 74 65 6e 	ng Netio Unatten
  0x5e50	64 20 70 72 6f 63 65 73 73 69 6e 67 3a 20 30 78 	d processing: 0x
  0x5e60	25 78 2e 00 00 00 00 00 57 64 73 53 65 74 75 70 	%x.00000WdsSetup
  0x5e70	4c 6f 67 49 6e 69 74 00 57 64 73 47 65 6e 65 72 	LogInit0WdsGener
  0x5e80	69 63 53 65 74 75 70 4c 6f 67 49 6e 69 74 00 00 	icSetupLogInit00
  0x5e90	57 64 73 53 65 74 75 70 4c 6f 67 44 65 73 74 72 	WdsSetupLogDestr
  0x5ea0	6f 79 00 00 00 00 00 00 57 64 73 53 65 74 75 70 	oy000000WdsSetup
  0x5eb0	4c 6f 67 4d 65 73 73 61 67 65 41 00 00 00 00 00 	LogMessageA00000
  0x5ec0	57 64 73 53 65 74 75 70 4c 6f 67 4d 65 73 73 61 	WdsSetupLogMessa
  0x5ed0	67 65 57 00 00 00 00 00 43 6f 6e 73 74 72 75 63 	geW00000Construc
  0x5ee0	74 50 61 72 74 69 61 6c 4d 73 67 56 41 00 00 00 	tPartialMsgVA000
  0x5ef0	43 6f 6e 73 74 72 75 63 74 50 61 72 74 69 61 6c 	ConstructPartial
  0x5f00	4d 73 67 56 57 00 00 00 43 75 72 72 65 6e 74 49 	MsgVW000CurrentI
  0x5f10	50 00 00 00 00 00 00 00 25 00 77 00 69 00 6e 00 	P0000000%0w0i0n0
  0x5f20	64 00 69 00 72 00 25 00 5c 00 50 00 61 00 6e 00 	d0i0r0%000P0a0n0
  0x5f30	74 00 68 00 65 00 72 00 5c 00 55 00 6e 00 61 00 	t0h0e0r000U0n0a0
  0x5f40	74 00 74 00 65 00 6e 00 64 00 47 00 43 00 00 00 	t0t0e0n0d0G0C000
  0x5f50	77 00 64 00 73 00 63 00 6f 00 72 00 65 00 2e 00 	w0d0s0c0o0r0e0.0
  0x5f60	64 00 6c 00 6c 00 00 00 3c 00 75 00 6e 00 6b 00 	d0l0l000<0u0n0k0
  0x5f70	6e 00 6f 00 77 00 6e 00 3e 00 00 00 00 00 00 00 	n0o0w0n0>0000000
  0x5f80	5b 25 53 5d 20 25 73 00 55 6e 61 74 74 65 6e 64 	[%S] %s0Unattend
  0x5f90	4c 6f 67 41 56 00 00 00 6f 6e 65 63 6f 72 65 5c 	LogAV000onecore0
  0x5fa0	62 61 73 65 5c 6e 74 73 65 74 75 70 5c 6c 69 62 	base0ntsetup0lib
  0x5fb0	5c 75 6e 61 74 74 65 6e 64 6c 6f 67 5c 73 72 63 	0unattendlog0src
  0x5fc0	5c 75 6e 61 74 74 65 6e 64 6c 6f 67 2e 63 70 70 	0unattendlog.cpp
  0x5fd0	00 00 00 00 44 00 00 00 5c 00 5c 00 3f 00 5c 00 	0000D0000000?000
  0x5fe0	55 00 4e 00 43 00 00 00 00 00 00 00 00 00 00 00 	U0N0C00000000000
  0x5ff0	43 00 72 00 65 00 61 00 74 00 65 00 50 00 61 00 	C0r0e0a0t0e0P0a0
  0x6000	74 00 68 00 3a 00 20 00 55 00 6e 00 61 00 62 00 	t0h0:0 0U0n0a0b0
  0x6010	6c 00 65 00 20 00 74 00 6f 00 20 00 63 00 72 00 	l0e0 0t0o0 0c0r0
  0x6020	65 00 61 00 74 00 65 00 20 00 5b 00 25 00 73 00 	e0a0t0e0 0[0%0s0
  0x6030	5d 00 3b 00 20 00 47 00 4c 00 45 00 20 00 3d 00 	]0;0 0G0L0E0 0=0
  0x6040	20 00 30 00 78 00 25 00 78 00 00 00 00 00 00 00 	 000x0%0x0000000
  0x6050	43 00 72 00 65 00 61 00 74 00 65 00 50 00 61 00 	C0r0e0a0t0e0P0a0
  0x6060	74 00 68 00 3a 00 20 00 55 00 6e 00 61 00 62 00 	t0h0:0 0U0n0a0b0
  0x6070	6c 00 65 00 20 00 74 00 6f 00 20 00 63 00 72 00 	l0e0 0t0o0 0c0r0
  0x6080	65 00 61 00 74 00 65 00 20 00 70 00 61 00 72 00 	e0a0t0e0 0p0a0r0
  0x6090	65 00 6e 00 74 00 20 00 64 00 69 00 72 00 65 00 	e0n0t0 0d0i0r0e0
  0x60a0	63 00 74 00 6f 00 72 00 79 00 20 00 66 00 6f 00 	c0t0o0r0y0 0f0o0
  0x60b0	72 00 20 00 5b 00 25 00 73 00 5d 00 3b 00 20 00 	r0 0[0%0s0]0;0 0
  0x60c0	47 00 4c 00 45 00 20 00 3d 00 20 00 30 00 78 00 	G0L0E0 0=0 000x0
  0x60d0	25 00 78 00 00 00 00 00 5c 00 5c 00 00 00 00 00 	%0x0000000000000
  0x60e0	00 00 00 00 27 7e e6 a8 00 00 00 00 02 00 00 00 	0000'~0000000000
  0x60f0	25 00 00 00 34 61 00 00 34 55 00 00 00 00 00 00 	%0004a004U000000
  0x6100	27 7e e6 a8 00 00 00 00 0d 00 00 00 64 02 00 00 	'~0000000000d000
  0x6110	5c 61 00 00 5c 55 00 00 00 00 00 00 27 7e e6 a8 	0a000U000000'~00
  0x6120	00 00 00 00 10 00 00 00 24 00 00 00 c0 63 00 00 	00000000$0000c00
  0x6130	c0 57 00 00 52 53 44 53 42 2e a4 03 08 62 4e 9c 	0W00RSDSB.000bN0
  0x6140	62 38 55 b4 30 16 2c 0c 01 00 00 00 6e 65 74 69 	b8U000,00000neti
  0x6150	6f 75 67 63 2e 70 64 62 00 00 00 00 47 43 54 4c 	ougc.pdb0000GCTL
  0x6160	00 10 00 00 40 00 00 00 2e 74 65 78 74 24 64 69 	0000@000.text$di
  0x6170	00 00 00 00 40 10 00 00 60 3d 00 00 2e 74 65 78 	0000@000`=00.tex
  0x6180	74 24 6d 6e 00 00 00 00 a0 4d 00 00 20 00 00 00 	t$mn00000M00 000
  0x6190	2e 74 65 78 74 24 6d 6e 24 30 30 00 c0 4d 00 00 	.text$mn$0000M00
  0x61a0	80 00 00 00 2e 74 65 78 74 24 78 00 40 4e 00 00 	0000.text$x0@N00
  0x61b0	13 00 00 00 2e 74 65 78 74 24 79 64 00 00 00 00 	0000.text$yd0000
  0x61c0	00 50 00 00 78 01 00 00 2e 72 64 61 74 61 24 62 	0P00x000.rdata$b
  0x61d0	72 63 00 00 78 51 00 00 70 03 00 00 2e 69 64 61 	rc00xQ00p000.ida
  0x61e0	74 61 24 35 00 00 00 00 e8 54 00 00 10 00 00 00 	ta$500000T000000
  0x61f0	2e 30 30 63 66 67 00 00 f8 54 00 00 08 00 00 00 	.00cfg000T000000
  0x6200	2e 43 52 54 24 58 43 41 00 00 00 00 00 55 00 00 	.CRT$XCA00000U00
  0x6210	08 00 00 00 2e 43 52 54 24 58 43 41 41 00 00 00 	0000.CRT$XCAA000
  0x6220	08 55 00 00 08 00 00 00 2e 43 52 54 24 58 43 55 	0U000000.CRT$XCU
  0x6230	00 00 00 00 10 55 00 00 08 00 00 00 2e 43 52 54 	00000U000000.CRT
  0x6240	24 58 43 5a 00 00 00 00 18 55 00 00 08 00 00 00 	$XCZ00000U000000
  0x6250	2e 43 52 54 24 58 49 41 00 00 00 00 20 55 00 00 	.CRT$XIA0000 U00
  0x6260	08 00 00 00 2e 43 52 54 24 58 49 41 41 00 00 00 	0000.CRT$XIAA000
  0x6270	28 55 00 00 08 00 00 00 2e 43 52 54 24 58 49 59 	(U000000.CRT$XIY
  0x6280	00 00 00 00 30 55 00 00 08 00 00 00 2e 43 52 54 	00000U000000.CRT
  0x6290	24 58 49 5a 00 00 00 00 38 55 00 00 0c 00 00 00 	$XIZ00008U000000
  0x62a0	2e 67 65 68 63 6f 6e 74 00 00 00 00 44 55 00 00 	.gehcont0000DU00
  0x62b0	68 00 00 00 2e 67 66 69 64 73 00 00 ac 55 00 00 	h000.gfids000U00
  0x62c0	04 00 00 00 2e 67 69 61 74 73 00 00 b0 55 00 00 	0000.giats000U00
  0x62d0	84 0b 00 00 2e 72 64 61 74 61 00 00 34 61 00 00 	0000.rdata004a00
  0x62e0	b4 02 00 00 2e 72 64 61 74 61 24 7a 7a 7a 64 62 	0000.rdata$zzzdb
  0x62f0	67 00 00 00 e8 63 00 00 0c 03 00 00 2e 78 64 61 	g0000c000000.xda
  0x6300	74 61 00 00 f4 66 00 00 90 01 00 00 2e 69 64 61 	ta000f000000.ida
  0x6310	74 61 24 32 00 00 00 00 84 68 00 00 14 00 00 00 	ta$200000h000000
  0x6320	2e 69 64 61 74 61 24 33 00 00 00 00 98 68 00 00 	.idata$300000h00
  0x6330	70 03 00 00 2e 69 64 61 74 61 24 34 00 00 00 00 	p000.idata$40000
  0x6340	08 6c 00 00 56 09 00 00 2e 69 64 61 74 61 24 36 	0l00V000.idata$6
  0x6350	00 00 00 00 00 80 00 00 e0 00 00 00 2e 64 61 74 	000000000000.dat
  0x6360	61 24 62 72 63 00 00 00 e0 80 00 00 30 00 00 00 	a$brc00000000000
  0x6370	2e 64 61 74 61 00 00 00 10 81 00 00 f0 06 00 00 	.data00000000000
  0x6380	2e 62 73 73 00 00 00 00 00 90 00 00 00 03 00 00 	.bss000000000000
  0x6390	2e 70 64 61 74 61 00 00 00 a0 00 00 f0 00 00 00 	.pdata0000000000
  0x63a0	2e 72 73 72 63 24 30 31 00 00 00 00 f0 a0 00 00 	.rsrc$0100000000
  0x63b0	38 07 00 00 2e 72 73 72 63 24 30 32 00 00 00 00 	8000.rsrc$020000
  0x63c0	20 00 00 00 42 2e a4 03 08 62 4e 9c 62 38 55 b4 	 000B.000bN0b8U0
  0x63d0	30 16 2c 0c 92 6a ee c1 bc 1b 83 2c 74 7e 48 ae 	00,00j00000,t~H0
  0x63e0	27 7e e6 a8 00 00 00 00 19 25 0a 00 17 34 13 00 	'~0000000%000400
  0x63f0	17 72 10 f0 0e e0 0c d0 0a c0 08 70 07 60 06 50 	0r000000000p0`0P
  0x6400	08 4d 00 00 38 00 00 00 01 1c 0c 00 1c 64 14 00 	0M00800000000d00
  0x6410	1c 54 13 00 1c 34 12 00 1c b2 18 f0 16 e0 14 d0 	0T00040000000000
  0x6420	12 c0 10 70 01 1d 0c 00 1d 74 13 00 1d 64 12 00 	000p00000t000d00
  0x6430	1d 54 11 00 1d 34 10 00 1d b2 19 f0 17 e0 15 c0 	0T00040000000000
  0x6440	01 18 0a 00 18 64 0a 00 18 54 09 00 18 34 08 00 	00000d000T000400
  0x6450	18 32 14 f0 12 e0 10 70 19 23 08 00 14 64 0e 00 	0200000p0#000d00
  0x6460	14 54 0d 00 14 34 0c 00 14 92 10 70 08 4d 00 00 	0T000400000p0M00
  0x6470	40 00 00 00 01 14 08 00 14 64 08 00 14 54 07 00 	@00000000d000T00
  0x6480	14 34 06 00 14 32 10 70 01 19 0a 00 19 64 12 00 	0400020p00000d00
  0x6490	19 54 11 00 19 34 10 00 19 b2 15 f0 13 e0 11 d0 	0T00040000000000
  0x64a0	01 18 0a 00 18 64 0d 00 18 54 0c 00 18 34 0b 00 	00000d000T000400
  0x64b0	18 52 14 f0 12 e0 10 70 01 1d 0c 00 1d 74 0d 00 	0R00000p00000t00
  0x64c0	1d 64 0c 00 1d 54 0b 00 1d 34 0a 00 1d 52 19 f0 	0d000T0004000R00
  0x64d0	17 e0 15 c0 01 0a 04 00 0a 34 06 00 0a 32 06 70 	000000000400020p
  0x64e0	01 1a 09 00 1a e2 13 f0 11 e0 0f d0 0d c0 0b 70 	000000000000000p
  0x64f0	0a 60 09 30 08 50 00 00 01 06 02 00 06 32 02 30 	0`000P0000000200
  0x6500	19 27 0a 00 18 64 0d 00 18 54 0c 00 18 34 0b 00 	0'000d000T000400
  0x6510	18 52 14 f0 12 e0 10 70 08 4d 00 00 28 00 00 00 	0R00000p0M00(000
  0x6520	01 04 01 00 04 42 00 00 01 18 09 00 18 01 14 00 	00000B0000000000
  0x6530	0c f0 0a e0 08 d0 06 c0 04 60 03 30 02 50 00 00 	000000000`000P00
  0x6540	01 0f 06 00 0f 64 07 00 0f 34 06 00 0f 32 0b 70 	00000d000400020p
  0x6550	01 06 02 00 06 52 02 30 01 15 08 00 15 74 13 00 	00000R0000000t00
  0x6560	15 64 11 00 15 34 10 00 15 d2 11 e0 01 11 04 00 	0d00040000000000
  0x6570	11 32 0d 70 0c 60 0b 30 01 13 01 00 13 42 00 00 	020p0`0000000B00
  0x6580	19 2c 09 00 1a 01 50 00 13 f0 11 e0 0f c0 0d 70 	0,0000P00000000p
  0x6590	0c 60 0b 50 0a 30 00 00 08 4d 00 00 70 02 00 00 	0`0P00000M00p000
  0x65a0	01 15 03 00 15 62 11 70 10 30 00 00 01 05 02 00 	00000b0p00000000
  0x65b0	05 34 01 00 19 25 0a 00 17 34 14 00 17 92 10 f0 	04000%0004000000
  0x65c0	0e e0 0c d0 0a c0 08 70 07 60 06 50 08 4d 00 00 	0000000p0`0P0M00
  0x65d0	48 00 00 00 01 0f 08 00 0f 52 0b f0 09 e0 07 c0 	H00000000R000000
  0x65e0	05 70 04 60 03 50 02 30 01 1d 0c 00 1d 74 0b 00 	0p0`0P0000000t00
  0x65f0	1d 64 0a 00 1d 54 09 00 1d 34 08 00 1d 32 19 f0 	0d000T0004000200
  0x6600	17 e0 15 c0 01 0f 06 00 0f 74 03 00 0a 64 02 00 	000000000t000d00
  0x6610	05 34 01 00 01 14 0a 00 14 34 11 00 14 72 10 f0 	0400000004000r00
  0x6620	0e e0 0c d0 0a c0 08 70 07 60 06 50 01 04 01 00 	0000000p0`0P0000
  0x6630	04 62 00 00 09 15 08 00 15 74 0a 00 15 64 09 00 	0b0000000t000d00
  0x6640	15 34 08 00 15 52 11 f0 4a 4a 00 00 01 00 00 00 	04000R00JJ000000
  0x6650	35 45 00 00 9b 46 00 00 c0 4d 00 00 9b 46 00 00 	5E000F000M000F00
  0x6660	01 06 02 00 06 32 02 50 01 00 00 00 09 04 01 00 	0000020P00000000
  0x6670	04 22 00 00 4a 4a 00 00 01 00 00 00 cc 47 00 00 	0"00JJ0000000G00
  0x6680	02 48 00 00 01 00 00 00 02 48 00 00 09 0a 04 00 	0H0000000H000000
  0x6690	0a 34 06 00 0a 32 06 70 4a 4a 00 00 01 00 00 00 	0400020pJJ000000
  0x66a0	dd 48 00 00 10 49 00 00 f0 4d 00 00 10 49 00 00 	0H000I000M000I00
  0x66b0	01 0d 04 00 0d 34 09 00 0d 32 06 50 11 06 02 00 	00000400020P0000
  0x66c0	06 32 02 30 4a 4a 00 00 01 00 00 00 91 4a 00 00 	0200JJ0000000J00
  0x66d0	d6 4a 00 00 16 4e 00 00 00 00 00 00 01 0c 02 00 	0J000N0000000000
  0x66e0	0c 01 11 00 00 00 00 00 01 00 00 00 01 02 01 00 	0000000000000000
  0x66f0	02 30 00 00 00 6b 00 00 00 00 00 00 00 00 00 00 	00000k0000000000
  0x6700	e4 6c 00 00 e0 53 00 00 e0 6b 00 00 00 00 00 00 	0l000S000k000000
  0x6710	00 00 00 00 e8 70 00 00 c0 54 00 00 98 68 00 00 	00000p000T000h00
  0x6720	00 00 00 00 00 00 00 00 f2 70 00 00 78 51 00 00 	000000000p00xQ00
  0x6730	c8 6a 00 00 00 00 00 00 00 00 00 00 00 71 00 00 	0j00000000000q00
  0x6740	a8 53 00 00 18 69 00 00 00 00 00 00 00 00 00 00 	0S000i0000000000
  0x6750	26 71 00 00 f8 51 00 00 98 6a 00 00 00 00 00 00 	&q000Q000j000000
  0x6760	00 00 00 00 50 71 00 00 78 53 00 00 88 6a 00 00 	0000Pq00xS000j00
  0x6770	00 00 00 00 00 00 00 00 74 71 00 00 68 53 00 00 	00000000tq00hS00
  0x6780	b8 6a 00 00 00 00 00 00 00 00 00 00 96 71 00 00 	0j00000000000q00
  0x6790	98 53 00 00 f0 6a 00 00 00 00 00 00 00 00 00 00 	0S000j0000000000
  0x67a0	c0 71 00 00 d0 53 00 00 00 6a 00 00 00 00 00 00 	0q000S000j000000
  0x67b0	00 00 00 00 ce 71 00 00 e0 52 00 00 50 6a 00 00 	00000q000R00Pj00
  0x67c0	00 00 00 00 00 00 00 00 f2 71 00 00 30 53 00 00 	000000000q000S00
  0x67d0	60 69 00 00 00 00 00 00 00 00 00 00 14 72 00 00 	`i00000000000r00
  0x67e0	40 52 00 00 88 69 00 00 00 00 00 00 00 00 00 00 	@R000i0000000000
  0x67f0	34 72 00 00 68 52 00 00 f0 69 00 00 00 00 00 00 	4r00hR000i000000
  0x6800	00 00 00 00 5e 72 00 00 d0 52 00 00 c8 69 00 00 	0000^r000R000i00
  0x6810	00 00 00 00 00 00 00 00 82 72 00 00 a8 52 00 00 	000000000r000R00
  0x6820	30 6a 00 00 00 00 00 00 00 00 00 00 ac 72 00 00 	0j00000000000r00
  0x6830	10 53 00 00 f0 68 00 00 00 00 00 00 00 00 00 00 	0S000h0000000000
  0x6840	4e 73 00 00 d0 51 00 00 60 6a 00 00 00 00 00 00 	Ns000Q00`j000000
  0x6850	00 00 00 00 c4 74 00 00 40 53 00 00 40 69 00 00 	00000t00@S00@i00
  0x6860	00 00 00 00 00 00 00 00 e6 74 00 00 20 52 00 00 	000000000t00 R00
  0x6870	b8 69 00 00 00 00 00 00 00 00 00 00 06 75 00 00 	0i00000000000u00
  0x6880	98 52 00 00 00 00 00 00 00 00 00 00 00 00 00 00 	0R00000000000000
  0x6890	00 00 00 00 00 00 00 00 62 6e 00 00 00 00 00 00 	00000000bn000000
  0x68a0	2a 6f 00 00 00 00 00 00 62 6d 00 00 00 00 00 00 	*o000000bm000000
  0x68b0	84 6d 00 00 00 00 00 00 32 6e 00 00 00 00 00 00 	0m0000002n000000
  0x68c0	9c 6e 00 00 00 00 00 00 02 6f 00 00 00 00 00 00 	0n0000000o000000
  0x68d0	ba 6e 00 00 00 00 00 00 d8 6e 00 00 00 00 00 00 	0n0000000n000000
  0x68e0	46 6f 00 00 00 00 00 00 00 00 00 00 00 00 00 00 	Fo00000000000000
  0x68f0	fa 72 00 00 00 00 00 00 22 73 00 00 00 00 00 00 	0r000000"s000000
  0x6900	38 73 00 00 00 00 00 00 d2 72 00 00 00 00 00 00 	8s0000000r000000
  0x6910	00 00 00 00 00 00 00 00 bc 6d 00 00 00 00 00 00 	000000000m000000
  0x6920	c0 6f 00 00 00 00 00 00 a4 70 00 00 00 00 00 00 	0o0000000p000000
  0x6930	5a 74 00 00 00 00 00 00 00 00 00 00 00 00 00 00 	Zt00000000000000
  0x6940	80 74 00 00 00 00 00 00 6a 74 00 00 00 00 00 00 	0t000000jt000000
  0x6950	94 74 00 00 00 00 00 00 00 00 00 00 00 00 00 00 	0t00000000000000
  0x6960	f2 73 00 00 00 00 00 00 84 73 00 00 00 00 00 00 	0s0000000s000000
  0x6970	aa 6f 00 00 00 00 00 00 28 74 00 00 00 00 00 00 	0o000000(t000000
  0x6980	00 00 00 00 00 00 00 00 3a 74 00 00 00 00 00 00 	00000000:t000000
  0x6990	48 74 00 00 00 00 00 00 de 6f 00 00 00 00 00 00 	Ht0000000o000000
  0x69a0	fe 73 00 00 00 00 00 00 a8 73 00 00 00 00 00 00 	0s0000000s000000
  0x69b0	00 00 00 00 00 00 00 00 a8 74 00 00 00 00 00 00 	000000000t000000
  0x69c0	00 00 00 00 00 00 00 00 d4 70 00 00 00 00 00 00 	000000000p000000
  0x69d0	22 70 00 00 00 00 00 00 0c 70 00 00 00 00 00 00 	"p0000000p000000
  0x69e0	c0 70 00 00 00 00 00 00 00 00 00 00 00 00 00 00 	0p00000000000000
  0x69f0	f2 6f 00 00 00 00 00 00 00 00 00 00 00 00 00 00 	0o00000000000000
  0x6a00	78 6e 00 00 00 00 00 00 8c 6e 00 00 00 00 00 00 	xn0000000n000000
  0x6a10	66 6f 00 00 00 00 00 00 76 6f 00 00 00 00 00 00 	fo000000vo000000
  0x6a20	86 6f 00 00 00 00 00 00 00 00 00 00 00 00 00 00 	0o00000000000000
  0x6a30	90 70 00 00 00 00 00 00 76 70 00 00 00 00 00 00 	0p000000vp000000
  0x6a40	62 70 00 00 00 00 00 00 00 00 00 00 00 00 00 00 	bp00000000000000
  0x6a50	94 6f 00 00 00 00 00 00 00 00 00 00 00 00 00 00 	0o00000000000000
  0x6a60	90 73 00 00 00 00 00 00 be 73 00 00 00 00 00 00 	0s0000000s000000
  0x6a70	d6 73 00 00 00 00 00 00 10 74 00 00 00 00 00 00 	0s0000000t000000
  0x6a80	00 00 00 00 00 00 00 00 14 6e 00 00 00 00 00 00 	000000000n000000
  0x6a90	00 00 00 00 00 00 00 00 02 6e 00 00 00 00 00 00 	000000000n000000
  0x6aa0	52 70 00 00 00 00 00 00 38 70 00 00 00 00 00 00 	Rp0000008p000000
  0x6ab0	00 00 00 00 00 00 00 00 1c 6e 00 00 00 00 00 00 	000000000n000000
  0x6ac0	00 00 00 00 00 00 00 00 cc 6d 00 00 00 00 00 00 	000000000m000000
  0x6ad0	dc 6d 00 00 00 00 00 00 f2 6d 00 00 00 00 00 00 	0m0000000m000000
  0x6ae0	aa 6d 00 00 00 00 00 00 00 00 00 00 00 00 00 00 	0m00000000000000
  0x6af0	50 6e 00 00 00 00 00 00 00 00 00 00 00 00 00 00 	Pn00000000000000
  0x6b00	78 73 00 00 00 00 00 00 56 73 00 00 00 00 00 00 	xs000000Vs000000
  0x6b10	6e 73 00 00 00 00 00 00 24 6d 00 00 00 00 00 00 	ns000000$m000000
  0x6b20	16 6d 00 00 00 00 00 00 0c 6d 00 00 00 00 00 00 	0m0000000m000000
  0x6b30	04 6d 00 00 00 00 00 00 f0 6c 00 00 00 00 00 00 	0m0000000l000000
  0x6b40	d8 6c 00 00 00 00 00 00 ce 6c 00 00 00 00 00 00 	0l0000000l000000
  0x6b50	b6 6c 00 00 00 00 00 00 aa 6c 00 00 00 00 00 00 	0l0000000l000000
  0x6b60	96 6c 00 00 00 00 00 00 8c 6c 00 00 00 00 00 00 	0l0000000l000000
  0x6b70	84 6c 00 00 00 00 00 00 7c 6c 00 00 00 00 00 00 	0l000000|l000000
  0x6b80	6a 6c 00 00 00 00 00 00 5a 6c 00 00 00 00 00 00 	jl000000Zl000000
  0x6b90	4c 6c 00 00 00 00 00 00 3e 6c 00 00 00 00 00 00 	Ll000000>l000000
  0x6ba0	32 6c 00 00 00 00 00 00 26 6c 00 00 00 00 00 00 	2l000000&l000000
  0x6bb0	1e 6c 00 00 00 00 00 00 14 6c 00 00 00 00 00 00 	0l0000000l000000
  0x6bc0	64 73 00 00 00 00 00 00 08 6c 00 00 00 00 00 00 	ds0000000l000000
  0x6bd0	54 75 00 00 00 00 00 00 00 00 00 00 00 00 00 00 	Tu00000000000000
  0x6be0	2e 6d 00 00 00 00 00 00 48 6d 00 00 00 00 00 00 	.m000000Hm000000
  0x6bf0	34 75 00 00 00 00 00 00 46 75 00 00 00 00 00 00 	4u000000Fu000000
  0x6c00	00 00 00 00 00 00 00 00 73 04 69 73 77 64 69 67 	00000000s0iswdig
  0x6c10	69 74 00 00 86 04 6d 61 6c 6c 6f 63 00 00 4c 04 	it0000malloc00L0
  0x6c20	66 72 65 65 00 00 04 03 5f 73 74 72 6e 69 63 6d 	free0000_strnicm
  0x6c30	70 00 fa 02 5f 73 74 72 69 63 6d 70 00 00 55 00 	p000_stricmp00U0
  0x6c40	5f 58 63 70 74 46 69 6c 74 65 72 00 ae 00 5f 61 	_XcptFilter000_a
  0x6c50	6d 73 67 5f 65 78 69 74 00 00 7f 00 5f 5f 67 65 	msg_exit0000__ge
  0x6c60	74 6d 61 69 6e 61 72 67 73 00 8e 00 5f 5f 73 65 	tmainargs000__se
  0x6c70	74 5f 61 70 70 5f 74 79 70 65 00 00 32 04 65 78 	t_app_type0020ex
  0x6c80	69 74 00 00 0e 01 5f 65 78 69 74 00 c1 00 5f 63 	it0000_exit000_c
  0x6c90	65 78 69 74 00 00 90 00 5f 5f 73 65 74 75 73 65 	exit0000__setuse
  0x6ca0	72 6d 61 74 68 65 72 72 00 00 7d 01 5f 69 6e 69 	rmatherr00}0_ini
  0x6cb0	74 74 65 72 6d 00 57 00 5f 5f 43 5f 73 70 65 63 	tterm0W0__C_spec
  0x6cc0	69 66 69 63 5f 68 61 6e 64 6c 65 72 00 00 27 01 	ific_handler00'0
  0x6cd0	5f 66 6d 6f 64 65 00 00 d2 00 5f 63 6f 6d 6d 6f 	_fmode0000_commo
  0x6ce0	64 65 00 00 6d 73 76 63 72 74 2e 64 6c 6c 00 00 	de00msvcrt.dll00
  0x6cf0	2f 00 3f 74 65 72 6d 69 6e 61 74 65 40 40 59 41 	/0?terminate@@YA
  0x6d00	58 58 5a 00 e6 01 5f 6c 6f 63 6b 00 41 03 5f 75 	XXZ000_lock0A0_u
  0x6d10	6e 6c 6f 63 6b 00 7b 00 5f 5f 64 6c 6c 6f 6e 65 	nlock0{0__dllone
  0x6d20	78 69 74 00 90 02 5f 6f 6e 65 78 69 74 00 0e 00 	xit000_onexit000
  0x6d30	52 74 6c 49 70 76 34 53 74 72 69 6e 67 54 6f 41 	RtlIpv4StringToA
  0x6d40	64 64 72 65 73 73 57 00 16 00 52 74 6c 49 70 76 	ddressW000RtlIpv
  0x6d50	36 53 74 72 69 6e 67 54 6f 41 64 64 72 65 73 73 	6StringToAddress
  0x6d60	57 00 a1 00 49 6e 69 74 69 61 6c 69 7a 65 55 6e 	W000InitializeUn
  0x6d70	69 63 61 73 74 49 70 41 64 64 72 65 73 73 45 6e 	icastIpAddressEn
  0x6d80	74 72 79 00 a9 00 49 6e 74 65 72 6e 61 6c 43 72 	try000InternalCr
  0x6d90	65 61 74 65 55 6e 69 63 61 73 74 49 70 41 64 64 	eateUnicastIpAdd
  0x6da0	72 65 73 73 45 6e 74 72 79 00 06 00 4f 70 65 6e 	ressEntry000Open
  0x6db0	53 43 4d 61 6e 61 67 65 72 41 00 00 05 00 47 65 	SCManagerA0000Ge
  0x6dc0	74 4c 61 73 74 45 72 72 6f 72 00 00 07 00 4f 70 	tLastError0000Op
  0x6dd0	65 6e 53 65 72 76 69 63 65 41 00 00 0a 00 51 75 	enServiceA0000Qu
  0x6de0	65 72 79 53 65 72 76 69 63 65 53 74 61 74 75 73 	eryServiceStatus
  0x6df0	00 00 0e 00 53 74 61 72 74 53 65 72 76 69 63 65 	0000StartService
  0x6e00	41 00 1b 00 47 65 74 54 69 63 6b 43 6f 75 6e 74 	A000GetTickCount
  0x6e10	36 34 00 00 2d 00 53 6c 65 65 70 00 00 00 43 6c 	6400-0Sleep000Cl
  0x6e20	6f 73 65 53 65 72 76 69 63 65 48 61 6e 64 6c 65 	oseServiceHandle
  0x6e30	00 00 14 00 43 6f 6e 76 65 72 74 49 6e 74 65 72 	0000ConvertInter
  0x6e40	66 61 63 65 4c 75 69 64 54 6f 4e 61 6d 65 57 00 	faceLuidToNameW0
  0x6e50	09 00 44 68 63 70 45 6e 61 62 6c 65 44 68 63 70 	00DhcpEnableDhcp
  0x6e60	00 00 f7 00 50 61 72 73 65 4e 65 74 77 6f 72 6b 	0000ParseNetwork
  0x6e70	53 74 72 69 6e 67 00 00 20 00 52 65 67 51 75 65 	String00 0RegQue
  0x6e80	72 79 49 6e 66 6f 4b 65 79 41 00 00 0f 00 52 65 	ryInfoKeyA0000Re
  0x6e90	67 45 6e 75 6d 56 61 6c 75 65 41 00 16 00 43 6f 	gEnumValueA000Co
  0x6ea0	6e 76 65 72 74 49 6e 74 65 72 66 61 63 65 4e 61 	nvertInterfaceNa
  0x6eb0	6d 65 54 6f 4c 75 69 64 57 00 0d 00 43 6f 6e 76 	meToLuidW000Conv
  0x6ec0	65 72 74 49 6e 74 65 72 66 61 63 65 41 6c 69 61 	ertInterfaceAlia
  0x6ed0	73 54 6f 4c 75 69 64 00 22 00 43 6f 6e 76 65 72 	sToLuid0"0Conver
  0x6ee0	74 53 74 72 69 6e 67 54 6f 49 6e 74 65 72 66 61 	tStringToInterfa
  0x6ef0	63 65 50 68 79 73 69 63 61 6c 41 64 64 72 65 73 	cePhysicalAddres
  0x6f00	73 00 17 00 43 6f 6e 76 65 72 74 49 6e 74 65 72 	s000ConvertInter
  0x6f10	66 61 63 65 50 68 79 73 69 63 61 6c 41 64 64 72 	facePhysicalAddr
  0x6f20	65 73 73 54 6f 4c 75 69 64 00 9f 00 49 6e 69 74 	essToLuid000Init
  0x6f30	69 61 6c 69 7a 65 49 70 46 6f 72 77 61 72 64 45 	ializeIpForwardE
  0x6f40	6e 74 72 79 00 00 a5 00 49 6e 74 65 72 6e 61 6c 	ntry0000Internal
  0x6f50	43 72 65 61 74 65 49 70 46 6f 72 77 61 72 64 45 	CreateIpForwardE
  0x6f60	6e 74 72 79 32 00 0d 00 52 65 67 45 6e 75 6d 4b 	ntry2000RegEnumK
  0x6f70	65 79 45 78 41 00 1d 00 52 65 67 4f 70 65 6e 4b 	eyExA000RegOpenK
  0x6f80	65 79 45 78 41 00 00 00 52 65 67 43 6c 6f 73 65 	eyExA000RegClose
  0x6f90	4b 65 79 00 06 00 4d 75 6c 74 69 42 79 74 65 54 	Key000MultiByteT
  0x6fa0	6f 57 69 64 65 43 68 61 72 00 0a 00 48 65 61 70 	oWideChar000Heap
  0x6fb0	53 65 74 49 6e 66 6f 72 6d 61 74 69 6f 6e 00 00 	SetInformation00
  0x6fc0	0f 00 53 65 74 55 6e 68 61 6e 64 6c 65 64 45 78 	00SetUnhandledEx
  0x6fd0	63 65 70 74 69 6f 6e 46 69 6c 74 65 72 00 14 00 	ceptionFilter000
  0x6fe0	47 65 74 4d 6f 64 75 6c 65 48 61 6e 64 6c 65 57 	GetModuleHandleW
  0x6ff0	00 00 00 00 51 75 65 72 79 50 65 72 66 6f 72 6d 	0000QueryPerform
  0x7000	61 6e 63 65 43 6f 75 6e 74 65 72 00 0d 00 47 65 	anceCounter000Ge
  0x7010	74 43 75 72 72 65 6e 74 50 72 6f 63 65 73 73 49 	tCurrentProcessI
  0x7020	64 00 11 00 47 65 74 43 75 72 72 65 6e 74 54 68 	d000GetCurrentTh
  0x7030	72 65 61 64 49 64 00 00 16 00 47 65 74 53 79 73 	readId0000GetSys
  0x7040	74 65 6d 54 69 6d 65 41 73 46 69 6c 65 54 69 6d 	temTimeAsFileTim
  0x7050	65 00 1a 00 47 65 74 54 69 63 6b 43 6f 75 6e 74 	e000GetTickCount
  0x7060	00 00 02 00 52 74 6c 43 61 70 74 75 72 65 43 6f 	0000RtlCaptureCo
  0x7070	6e 74 65 78 74 00 0a 00 52 74 6c 4c 6f 6f 6b 75 	ntext000RtlLooku
  0x7080	70 46 75 6e 63 74 69 6f 6e 45 6e 74 72 79 00 00 	pFunctionEntry00
  0x7090	10 00 52 74 6c 56 69 72 74 75 61 6c 55 6e 77 69 	00RtlVirtualUnwi
  0x70a0	6e 64 00 00 11 00 55 6e 68 61 6e 64 6c 65 64 45 	nd0000UnhandledE
  0x70b0	78 63 65 70 74 69 6f 6e 46 69 6c 74 65 72 00 00 	xceptionFilter00
  0x70c0	0c 00 47 65 74 43 75 72 72 65 6e 74 50 72 6f 63 	00GetCurrentProc
  0x70d0	65 73 73 00 4e 00 54 65 72 6d 69 6e 61 74 65 50 	ess0N0TerminateP
  0x70e0	72 6f 63 65 73 73 00 00 6e 74 64 6c 6c 2e 64 6c 	rocess00ntdll.dl
  0x70f0	6c 00 49 50 48 4c 50 41 50 49 2e 44 4c 4c 00 00 	l0IPHLPAPI.DLL00
  0x7100	61 70 69 2d 6d 73 2d 77 69 6e 2d 73 65 72 76 69 	api-ms-win-servi
  0x7110	63 65 2d 77 69 6e 73 76 63 2d 6c 31 2d 31 2d 30 	ce-winsvc-l1-1-0
  0x7120	2e 64 6c 6c 00 00 61 70 69 2d 6d 73 2d 77 69 6e 	.dll00api-ms-win
  0x7130	2d 63 6f 72 65 2d 65 72 72 6f 72 68 61 6e 64 6c 	-core-errorhandl
  0x7140	69 6e 67 2d 6c 31 2d 31 2d 30 2e 64 6c 6c 00 00 	ing-l1-1-0.dll00
  0x7150	61 70 69 2d 6d 73 2d 77 69 6e 2d 63 6f 72 65 2d 	api-ms-win-core-
  0x7160	73 79 73 69 6e 66 6f 2d 6c 31 2d 31 2d 30 2e 64 	sysinfo-l1-1-0.d
  0x7170	6c 6c 00 00 61 70 69 2d 6d 73 2d 77 69 6e 2d 63 	ll00api-ms-win-c
  0x7180	6f 72 65 2d 73 79 6e 63 68 2d 6c 31 2d 32 2d 30 	ore-synch-l1-2-0
  0x7190	2e 64 6c 6c 00 00 61 70 69 2d 6d 73 2d 77 69 6e 	.dll00api-ms-win
  0x71a0	2d 73 65 72 76 69 63 65 2d 6d 61 6e 61 67 65 6d 	-service-managem
  0x71b0	65 6e 74 2d 6c 31 2d 31 2d 30 2e 64 6c 6c 00 00 	ent-l1-1-0.dll00
  0x71c0	64 68 63 70 63 73 76 63 2e 44 4c 4c 00 00 61 70 	dhcpcsvc.DLL00ap
  0x71d0	69 2d 6d 73 2d 77 69 6e 2d 63 6f 72 65 2d 72 65 	i-ms-win-core-re
  0x71e0	67 69 73 74 72 79 2d 6c 31 2d 31 2d 30 2e 64 6c 	gistry-l1-1-0.dl
  0x71f0	6c 00 61 70 69 2d 6d 73 2d 77 69 6e 2d 63 6f 72 	l0api-ms-win-cor
  0x7200	65 2d 73 74 72 69 6e 67 2d 6c 31 2d 31 2d 30 2e 	e-string-l1-1-0.
  0x7210	64 6c 6c 00 61 70 69 2d 6d 73 2d 77 69 6e 2d 63 	dll0api-ms-win-c
  0x7220	6f 72 65 2d 68 65 61 70 2d 6c 31 2d 31 2d 30 2e 	ore-heap-l1-1-0.
  0x7230	64 6c 6c 00 61 70 69 2d 6d 73 2d 77 69 6e 2d 63 	dll0api-ms-win-c
  0x7240	6f 72 65 2d 6c 69 62 72 61 72 79 6c 6f 61 64 65 	ore-libraryloade
  0x7250	72 2d 6c 31 2d 32 2d 30 2e 64 6c 6c 00 00 61 70 	r-l1-2-0.dll00ap
  0x7260	69 2d 6d 73 2d 77 69 6e 2d 63 6f 72 65 2d 70 72 	i-ms-win-core-pr
  0x7270	6f 66 69 6c 65 2d 6c 31 2d 31 2d 30 2e 64 6c 6c 	ofile-l1-1-0.dll
  0x7280	00 00 61 70 69 2d 6d 73 2d 77 69 6e 2d 63 6f 72 	00api-ms-win-cor
  0x7290	65 2d 70 72 6f 63 65 73 73 74 68 72 65 61 64 73 	e-processthreads
  0x72a0	2d 6c 31 2d 31 2d 30 2e 64 6c 6c 00 61 70 69 2d 	-l1-1-0.dll0api-
  0x72b0	6d 73 2d 77 69 6e 2d 63 6f 72 65 2d 72 74 6c 73 	ms-win-core-rtls
  0x72c0	75 70 70 6f 72 74 2d 6c 31 2d 31 2d 30 2e 64 6c 	upport-l1-1-0.dl
  0x72d0	6c 00 0c 00 4e 73 69 47 65 74 41 6c 6c 50 65 72 	l000NsiGetAllPer
  0x72e0	73 69 73 74 65 6e 74 50 61 72 61 6d 65 74 65 72 	sistentParameter
  0x72f0	73 57 69 74 68 4d 61 73 6b 00 16 00 4e 73 69 53 	sWithMask000NsiS
  0x7300	65 74 41 6c 6c 50 65 72 73 69 73 74 65 6e 74 50 	etAllPersistentP
  0x7310	61 72 61 6d 65 74 65 72 73 57 69 74 68 4d 61 73 	arametersWithMas
  0x7320	6b 00 0a 00 4e 73 69 47 65 74 41 6c 6c 50 61 72 	k000NsiGetAllPar
  0x7330	61 6d 65 74 65 72 73 00 14 00 4e 73 69 53 65 74 	ameters000NsiSet
  0x7340	41 6c 6c 50 61 72 61 6d 65 74 65 72 73 00 4e 53 	AllParameters0NS
  0x7350	49 2e 64 6c 6c 00 63 03 5f 76 73 6e 70 72 69 6e 	I.dll0c0_vsnprin
  0x7360	74 66 00 00 10 05 77 63 73 72 63 68 72 00 01 05 	tf0000wcsrchr000
  0x7370	77 63 73 63 68 72 00 00 94 03 5f 77 63 73 6e 69 	wcschr0000_wcsni
  0x7380	63 6d 70 00 06 00 48 65 61 70 46 72 65 65 00 00 	cmp000HeapFree00
  0x7390	11 00 45 6e 74 65 72 43 72 69 74 69 63 61 6c 53 	00EnterCriticalS
  0x73a0	65 63 74 69 6f 6e 00 00 10 00 47 65 74 4d 6f 64 	ection0000GetMod
  0x73b0	75 6c 65 46 69 6c 65 4e 61 6d 65 57 00 00 1d 00 	uleFileNameW0000
  0x73c0	4c 65 61 76 65 43 72 69 74 69 63 61 6c 53 65 63 	LeaveCriticalSec
  0x73d0	74 69 6f 6e 00 00 18 00 49 6e 69 74 69 61 6c 69 	tion0000Initiali
  0x73e0	7a 65 43 72 69 74 69 63 61 6c 53 65 63 74 69 6f 	zeCriticalSectio
  0x73f0	6e 00 02 00 48 65 61 70 41 6c 6c 6f 63 00 15 00 	n000HeapAlloc000
  0x7400	47 65 74 50 72 6f 63 41 64 64 72 65 73 73 00 00 	GetProcAddress00
  0x7410	0f 00 44 65 6c 65 74 65 43 72 69 74 69 63 61 6c 	00DeleteCritical
  0x7420	53 65 63 74 69 6f 6e 00 00 00 47 65 74 50 72 6f 	Section000GetPro
  0x7430	63 65 73 73 48 65 61 70 00 00 0c 00 46 72 65 65 	cessHeap0000Free
  0x7440	4c 69 62 72 61 72 79 00 18 00 4c 6f 61 64 4c 69 	Library000LoadLi
  0x7450	62 72 61 72 79 45 78 57 00 00 0d 00 53 65 74 4c 	braryExW0000SetL
  0x7460	61 73 74 45 72 72 6f 72 00 00 2c 00 47 65 74 46 	astError00,0GetF
  0x7470	69 6c 65 41 74 74 72 69 62 75 74 65 73 57 00 00 	ileAttributesW00
  0x7480	03 00 43 72 65 61 74 65 44 69 72 65 63 74 6f 72 	00CreateDirector
  0x7490	79 57 00 00 35 00 47 65 74 46 75 6c 6c 50 61 74 	yW0050GetFullPat
  0x74a0	68 4e 61 6d 65 57 00 00 01 00 45 78 70 61 6e 64 	hNameW0000Expand
  0x74b0	45 6e 76 69 72 6f 6e 6d 65 6e 74 53 74 72 69 6e 	EnvironmentStrin
  0x74c0	67 73 57 00 61 70 69 2d 6d 73 2d 77 69 6e 2d 63 	gsW0api-ms-win-c
  0x74d0	6f 72 65 2d 73 79 6e 63 68 2d 6c 31 2d 31 2d 30 	ore-synch-l1-1-0
  0x74e0	2e 64 6c 6c 00 00 61 70 69 2d 6d 73 2d 77 69 6e 	.dll00api-ms-win
  0x74f0	2d 63 6f 72 65 2d 66 69 6c 65 2d 6c 31 2d 31 2d 	-core-file-l1-1-
  0x7500	30 2e 64 6c 6c 00 61 70 69 2d 6d 73 2d 77 69 6e 	0.dll0api-ms-win
  0x7510	2d 63 6f 72 65 2d 70 72 6f 63 65 73 73 65 6e 76 	-core-processenv
  0x7520	69 72 6f 6e 6d 65 6e 74 2d 6c 31 2d 31 2d 30 2e 	ironment-l1-1-0.
  0x7530	64 6c 6c 00 d3 02 52 74 6c 41 6c 6c 6f 63 61 74 	dll000RtlAllocat
  0x7540	65 48 65 61 70 00 f6 03 52 74 6c 46 72 65 65 48 	eHeap000RtlFreeH
  0x7550	65 61 70 00 96 04 6d 65 6d 73 65 74 00 00 00 00 	eap000memset0000
  0x7560	00 00 00 00 00 00 00 00 00 00 00 00 00 00 00 00 	0000000000000000
  0x7570	00 00 00 00 00 00 00 00 00 00 00 00 00 00 00 00 	0000000000000000
  0x7580	00 00 00 00 00 00 00 00 00 00 00 00 00 00 00 00 	0000000000000000
  0x7590	00 00 00 00 00 00 00 00 00 00 00 00 00 00 00 00 	0000000000000000
  0x75a0	00 00 00 00 00 00 00 00 00 00 00 00 00 00 00 00 	0000000000000000
  0x75b0	00 00 00 00 00 00 00 00 00 00 00 00 00 00 00 00 	0000000000000000
  0x75c0	00 00 00 00 00 00 00 00 00 00 00 00 00 00 00 00 	0000000000000000
  0x75d0	00 00 00 00 00 00 00 00 00 00 00 00 00 00 00 00 	0000000000000000
  0x75e0	00 00 00 00 00 00 00 00 00 00 00 00 00 00 00 00 	0000000000000000
  0x75f0	00 00 00 00 00 00 00 00 00 00 00 00 00 00 00 00 	0000000000000000
=== DATA BLOCK END ===

=== DATA BLOCK ADDRESS 0x8000 ===
  0x8000	70 25 00 40 01 00 00 00 00 00 00 00 00 00 00 00 	p%0@000000000000
  0x8010	20 80 00 40 01 00 00 00 00 00 00 00 00 00 00 00 	 00@000000000000
  0x8020	c0 25 00 40 01 00 00 00 30 27 00 40 01 00 00 00 	0%0@00000'0@0000
  0x8030	68 80 00 40 01 00 00 00 80 80 00 40 01 00 00 00 	h00@0000000@0000
  0x8040	50 80 00 40 01 00 00 00 00 00 00 00 00 00 00 00 	P00@000000000000
  0x8050	60 27 00 40 01 00 00 00 00 00 00 00 00 00 00 00 	`'0@000000000000
  0x8060	00 00 00 00 00 00 00 00 f0 27 00 40 01 00 00 00 	000000000'0@0000
  0x8070	00 00 00 00 00 00 00 00 00 00 00 00 00 00 00 00 	0000000000000000
  0x8080	40 28 00 40 01 00 00 00 00 00 00 00 00 00 00 00 	@(0@000000000000
  0x8090	a0 80 00 40 01 00 00 00 00 00 00 00 00 00 00 00 	000@000000000000
  0x80a0	90 28 00 40 01 00 00 00 10 29 00 40 01 00 00 00 	0(0@00000)0@0000
  0x80b0	00 00 00 00 00 00 00 00 00 00 00 00 00 00 00 00 	0000000000000000
  0x80c0	00 00 00 00 00 00 00 00 00 80 00 40 01 00 00 00 	00000000000@0000
  0x80d0	00 00 00 00 00 00 00 00 00 00 00 00 00 00 00 00 	0000000000000000
  0x80e0	01 00 00 00 00 00 00 00 32 a2 df 2d 99 2b 00 00 	00000000200-0+00
  0x80f0	cd 5d 20 d2 66 d4 ff ff 00 00 00 00 00 00 00 00 	0] 0f00000000000
  0x8100	02 00 00 00 00 00 00 00 00 00 00 00 00 00 00 00 	0000000000000000
  0x8110	00 00 00 00 00 00 00 00 00 00 00 00 00 00 00 00 	0000000000000000
  0x8120	00 00 00 00 00 00 00 00 00 00 00 00 00 00 00 00 	0000000000000000
  0x8130	00 00 00 00 00 00 00 00 00 00 00 00 00 00 00 00 	0000000000000000
  0x8140	00 00 00 00 00 00 00 00 00 00 00 00 00 00 00 00 	0000000000000000
  0x8150	00 00 00 00 00 00 00 00 00 00 00 00 00 00 00 00 	0000000000000000
  0x8160	00 00 00 00 00 00 00 00 00 00 00 00 00 00 00 00 	0000000000000000
  0x8170	00 00 00 00 00 00 00 00 00 00 00 00 00 00 00 00 	0000000000000000
  0x8180	00 00 00 00 00 00 00 00 00 00 00 00 00 00 00 00 	0000000000000000
  0x8190	00 00 00 00 00 00 00 00 00 00 00 00 00 00 00 00 	0000000000000000
  0x81a0	00 00 00 00 00 00 00 00 00 00 00 00 00 00 00 00 	0000000000000000
  0x81b0	00 00 00 00 00 00 00 00 00 00 00 00 00 00 00 00 	0000000000000000
  0x81c0	00 00 00 00 00 00 00 00 00 00 00 00 00 00 00 00 	0000000000000000
  0x81d0	00 00 00 00 00 00 00 00 00 00 00 00 00 00 00 00 	0000000000000000
  0x81e0	00 00 00 00 00 00 00 00 00 00 00 00 00 00 00 00 	0000000000000000
  0x81f0	00 00 00 00 00 00 00 00 00 00 00 00 00 00 00 00 	0000000000000000
=== DATA BLOCK END ===

=== DATA BLOCK ADDRESS 0x9000 ===
  0x9000	10 10 00 00 37 10 00 00 20 65 00 00 40 10 00 00 	00007000 e00@000
  0x9010	c8 11 00 00 e8 63 00 00 d0 11 00 00 26 15 00 00 	00000c000000&000
  0x9020	08 64 00 00 30 15 00 00 8a 17 00 00 24 64 00 00 	0d0000000000$d00
  0x9030	90 17 00 00 06 19 00 00 40 64 00 00 0c 19 00 00 	00000000@d000000
  0x9040	54 1b 00 00 58 64 00 00 60 1b 00 00 b3 1c 00 00 	T000Xd00`0000000
  0x9050	74 64 00 00 c0 1c 00 00 0e 1f 00 00 88 64 00 00 	td00000000000d00
  0x9060	20 1f 00 00 cf 20 00 00 a0 64 00 00 e0 20 00 00 	 0000 000d000 00
  0x9070	67 22 00 00 b8 64 00 00 70 22 00 00 d3 22 00 00 	g"000d00p"000"00
  0x9080	d4 64 00 00 dc 22 00 00 5b 25 00 00 e0 64 00 00 	0d000"00[%000d00
  0x9090	70 25 00 00 b3 25 00 00 f8 64 00 00 c0 25 00 00 	p%000%000d000%00
  0x90a0	20 27 00 00 00 65 00 00 30 27 00 00 4f 27 00 00 	 '000e000'00O'00
  0x90b0	20 65 00 00 60 27 00 00 de 27 00 00 f8 64 00 00 	 e00`'000'000d00
  0x90c0	f0 27 00 00 33 28 00 00 f8 64 00 00 40 28 00 00 	0'003(000d00@(00
  0x90d0	83 28 00 00 f8 64 00 00 90 28 00 00 06 29 00 00 	0(000d000(000)00
  0x90e0	d4 64 00 00 10 29 00 00 63 29 00 00 f8 64 00 00 	0d000)00c)000d00
  0x90f0	6c 29 00 00 5b 2c 00 00 28 65 00 00 64 2c 00 00 	l)00[,00(e00d,00
  0x9100	d9 2c 00 00 40 65 00 00 e0 2c 00 00 20 2d 00 00 	0,00@e000,00 -00
  0x9110	50 65 00 00 28 2d 00 00 0c 2f 00 00 58 65 00 00 	Pe00(-000/00Xe00
  0x9120	14 2f 00 00 8e 2f 00 00 6c 65 00 00 94 2f 00 00 	0/000/00le000/00
  0x9130	2d 31 00 00 f8 64 00 00 34 31 00 00 44 32 00 00 	-1000d004100D200
  0x9140	f8 64 00 00 4c 32 00 00 6e 32 00 00 78 65 00 00 	0d00L200n200xe00
  0x9150	74 32 00 00 98 34 00 00 80 65 00 00 a0 34 00 00 	t20004000e000400
  0x9160	21 35 00 00 a0 65 00 00 28 35 00 00 f2 35 00 00 	!5000e00(5000500
  0x9170	40 65 00 00 f8 35 00 00 7b 36 00 00 ac 65 00 00 	@e000500{6000e00
  0x9180	84 36 00 00 14 37 00 00 ac 65 00 00 1c 37 00 00 	060007000e000700
  0x9190	ce 39 00 00 b4 65 00 00 d4 39 00 00 0a 3c 00 00 	09000e0009000<00
  0x91a0	d4 65 00 00 10 3c 00 00 70 3c 00 00 f8 64 00 00 	0e000<00p<000d00
  0x91b0	78 3c 00 00 52 3d 00 00 74 64 00 00 58 3d 00 00 	x<00R=00td00X=00
  0x91c0	db 3e 00 00 e8 65 00 00 e4 3e 00 00 a1 3f 00 00 	0>000e000>000?00
  0x91d0	74 64 00 00 a8 3f 00 00 cd 40 00 00 04 66 00 00 	td000?000@000f00
  0x91e0	d4 40 00 00 a6 42 00 00 14 66 00 00 ac 42 00 00 	0@000B000f000B00
  0x91f0	78 43 00 00 74 64 00 00 80 43 00 00 e7 43 00 00 	xC00td000C000C00
  0x9200	f8 64 00 00 f0 43 00 00 c3 44 00 00 20 65 00 00 	0d000C000D00 e00
  0x9210	d0 44 00 00 19 45 00 00 2c 66 00 00 20 45 00 00 	0D000E00,f00 E00
  0x9220	de 46 00 00 34 66 00 00 f0 46 00 00 02 47 00 00 	0F004f000F000G00
  0x9230	20 65 00 00 20 47 00 00 3e 47 00 00 68 66 00 00 	 e00 G00>G00hf00
  0x9240	50 47 00 00 89 47 00 00 20 65 00 00 90 47 00 00 	PG000G00 e000G00
  0x9250	a8 47 00 00 20 65 00 00 bc 47 00 00 10 48 00 00 	0G00 e000G000H00
  0x9260	6c 66 00 00 18 48 00 00 5d 48 00 00 f8 64 00 00 	lf000H00]H000d00
  0x9270	d0 48 00 00 1d 49 00 00 8c 66 00 00 64 49 00 00 	0H000I000f00dI00
  0x9280	38 4a 00 00 b0 66 00 00 58 4a 00 00 e5 4a 00 00 	8J000f00XJ000J00
  0x9290	bc 66 00 00 ec 4a 00 00 03 4b 00 00 20 65 00 00 	0f000J000K00 e00
  0x92a0	1c 4b 00 00 50 4b 00 00 f8 64 00 00 60 4b 00 00 	0K00PK000d00`K00
  0x92b0	d1 4c 00 00 dc 66 00 00 08 4d 00 00 25 4d 00 00 	0L000f000M00%M00
  0x92c0	20 65 00 00 2c 4d 00 00 87 4d 00 00 ec 66 00 00 	 e00,M000M000f00
  0x92d0	b0 4d 00 00 b2 4d 00 00 e8 66 00 00 c0 4d 00 00 	0M000M000f000M00
  0x92e0	de 4d 00 00 60 66 00 00 f0 4d 00 00 10 4e 00 00 	0M00`f000M000N00
  0x92f0	60 66 00 00 16 4e 00 00 31 4e 00 00 60 66 00 00 	`f000N001N00`f00
  0x9300	00 00 00 00 00 00 00 00 00 00 00 00 00 00 00 00 	0000000000000000
  0x9310	00 00 00 00 00 00 00 00 00 00 00 00 00 00 00 00 	0000000000000000
  0x9320	00 00 00 00 00 00 00 00 00 00 00 00 00 00 00 00 	0000000000000000
  0x9330	00 00 00 00 00 00 00 00 00 00 00 00 00 00 00 00 	0000000000000000
  0x9340	00 00 00 00 00 00 00 00 00 00 00 00 00 00 00 00 	0000000000000000
  0x9350	00 00 00 00 00 00 00 00 00 00 00 00 00 00 00 00 	0000000000000000
  0x9360	00 00 00 00 00 00 00 00 00 00 00 00 00 00 00 00 	0000000000000000
  0x9370	00 00 00 00 00 00 00 00 00 00 00 00 00 00 00 00 	0000000000000000
  0x9380	00 00 00 00 00 00 00 00 00 00 00 00 00 00 00 00 	0000000000000000
  0x9390	00 00 00 00 00 00 00 00 00 00 00 00 00 00 00 00 	0000000000000000
  0x93a0	00 00 00 00 00 00 00 00 00 00 00 00 00 00 00 00 	0000000000000000
  0x93b0	00 00 00 00 00 00 00 00 00 00 00 00 00 00 00 00 	0000000000000000
  0x93c0	00 00 00 00 00 00 00 00 00 00 00 00 00 00 00 00 	0000000000000000
  0x93d0	00 00 00 00 00 00 00 00 00 00 00 00 00 00 00 00 	0000000000000000
  0x93e0	00 00 00 00 00 00 00 00 00 00 00 00 00 00 00 00 	0000000000000000
  0x93f0	00 00 00 00 00 00 00 00 00 00 00 00 00 00 00 00 	0000000000000000
=== DATA BLOCK END ===
