===== Assembly blocks =====

=== CODE BLOCK ADDRESS 0x1000 ===
=== CODE BLOCK END ===

=== DATA BLOCK ADDRESS 0xb000 ===
  0xb000	70 e6 00 40 01 00 00 00 10 e7 00 40 01 00 00 00 	p00@0000000@0000
  0xb010	42 00 44 00 00 00 00 00 20 b8 00 40 01 00 00 00 	B0D00000 00@0000
  0xb020	42 00 44 00 00 00 00 00 70 b8 00 40 01 00 00 00 	B0D00000p00@0000
  0xb030	50 00 52 00 00 00 00 00 20 b9 00 40 01 00 00 00 	P0R00000 00@0000
  0xb040	18 01 00 00 00 00 00 00 00 00 00 00 00 00 00 00 	0000000000000000
  0xb050	00 00 00 00 00 00 00 00 00 00 00 00 00 00 00 00 	0000000000000000
  0xb060	00 00 00 00 00 00 00 00 00 00 00 00 00 00 00 00 	0000000000000000
  0xb070	00 00 00 00 00 00 00 00 00 00 00 00 00 00 00 00 	0000000000000000
  0xb080	00 00 00 00 00 00 00 00 00 00 00 00 00 00 00 00 	0000000000000000
  0xb090	00 00 00 00 00 00 00 00 88 e2 00 40 01 00 00 00 	00000000000@0000
  0xb0a0	00 00 00 00 00 00 00 00 00 00 00 00 00 00 00 00 	0000000000000000
  0xb0b0	30 b6 00 40 01 00 00 00 38 b6 00 40 01 00 00 00 	000@0000800@0000
  0xb0c0	78 b6 00 40 01 00 00 00 0c 00 00 00 00 00 00 00 	x00@000000000000
  0xb0d0	00 75 01 00 00 00 00 00 00 00 00 00 00 00 00 00 	0u00000000000000
  0xb0e0	a8 b6 00 40 01 00 00 00 01 00 00 00 00 00 00 00 	000@000000000000
  0xb0f0	00 00 00 00 00 00 00 00 00 00 00 00 00 00 00 00 	0000000000000000
  0xb100	00 00 00 00 00 00 00 00 00 00 00 00 00 00 00 00 	0000000000000000
  0xb110	00 00 00 00 00 00 00 00 00 00 00 00 00 00 00 00 	0000000000000000
  0xb120	00 00 00 00 00 00 00 00 00 00 00 00 00 00 00 00 	0000000000000000
  0xb130	00 00 00 00 00 00 00 00 00 00 00 00 00 00 00 00 	0000000000000000
  0xb140	00 00 00 00 00 00 00 00 00 00 00 00 00 00 00 00 	0000000000000000
  0xb150	00 00 00 00 00 00 00 00 68 bd 00 40 01 00 00 00 	00000000h00@0000
  0xb160	80 bd 00 40 01 00 00 00 90 bd 00 40 01 00 00 00 	000@0000000@0000
  0xb170	22 d8 00 00 00 00 00 00 00 00 00 00 00 00 00 00 	"000000000000000
  0xb180	ea d6 00 00 00 00 00 00 70 d7 00 00 00 00 00 00 	00000000p0000000
  0xb190	a4 d7 00 00 00 00 00 00 e8 d7 00 00 00 00 00 00 	0000000000000000
  0xb1a0	da d6 00 00 00 00 00 00 4a d7 00 00 00 00 00 00 	00000000J0000000
  0xb1b0	24 d7 00 00 00 00 00 00 00 00 00 00 00 00 00 00 	$000000000000000
  0xb1c0	2c de 00 00 00 00 00 00 00 00 00 00 00 00 00 00 	,000000000000000
  0xb1d0	58 da 00 00 00 00 00 00 96 d9 00 00 00 00 00 00 	X000000000000000
  0xb1e0	84 d9 00 00 00 00 00 00 72 d9 00 00 00 00 00 00 	00000000r0000000
  0xb1f0	0a d6 00 00 00 00 00 00 00 00 00 00 00 00 00 00 	0000000000000000
  0xb200	a6 d9 00 00 00 00 00 00 00 00 00 00 00 00 00 00 	0000000000000000
  0xb210	aa da 00 00 00 00 00 00 00 00 00 00 00 00 00 00 	0000000000000000
  0xb220	64 df 00 00 00 00 00 00 00 00 00 00 00 00 00 00 	d000000000000000
  0xb230	4c df 00 00 00 00 00 00 00 00 00 00 00 00 00 00 	L000000000000000
  0xb240	a8 d8 00 00 00 00 00 00 ec d9 00 00 00 00 00 00 	0000000000000000
  0xb250	8c d8 00 00 00 00 00 00 7e d6 00 00 00 00 00 00 	00000000~0000000
  0xb260	00 00 00 00 00 00 00 00 3a da 00 00 00 00 00 00 	00000000:0000000
  0xb270	8a da 00 00 00 00 00 00 02 d8 00 00 00 00 00 00 	0000000000000000
  0xb280	00 00 00 00 00 00 00 00 8e d6 00 00 00 00 00 00 	0000000000000000
  0xb290	00 00 00 00 00 00 00 00 9c d6 00 00 00 00 00 00 	0000000000000000
  0xb2a0	00 00 00 00 00 00 00 00 68 da 00 00 00 00 00 00 	00000000h0000000
  0xb2b0	c8 da 00 00 00 00 00 00 00 00 00 00 00 00 00 00 	0000000000000000
  0xb2c0	ee d8 00 00 00 00 00 00 98 da 00 00 00 00 00 00 	0000000000000000
  0xb2d0	d6 da 00 00 00 00 00 00 fc d9 00 00 00 00 00 00 	0000000000000000
  0xb2e0	00 00 00 00 00 00 00 00 46 da 00 00 00 00 00 00 	00000000F0000000
  0xb2f0	30 d6 00 00 00 00 00 00 3c d6 00 00 00 00 00 00 	00000000<0000000
  0xb300	00 00 00 00 00 00 00 00 f8 d5 00 00 00 00 00 00 	0000000000000000
  0xb310	20 d6 00 00 00 00 00 00 00 00 00 00 00 00 00 00 	 000000000000000
  0xb320	1c d9 00 00 00 00 00 00 32 d9 00 00 00 00 00 00 	0000000020000000
  0xb330	c6 d8 00 00 00 00 00 00 b2 d6 00 00 00 00 00 00 	0000000000000000
  0xb340	da d8 00 00 00 00 00 00 c4 d6 00 00 00 00 00 00 	0000000000000000
  0xb350	00 00 00 00 00 00 00 00 02 d9 00 00 00 00 00 00 	0000000000000000
  0xb360	00 00 00 00 00 00 00 00 14 d7 00 00 00 00 00 00 	0000000000000000
  0xb370	38 d7 00 00 00 00 00 00 00 d7 00 00 00 00 00 00 	8000000000000000
  0xb380	b4 d7 00 00 00 00 00 00 5e d7 00 00 00 00 00 00 	00000000^0000000
  0xb390	00 00 00 00 00 00 00 00 fa dd 00 00 00 00 00 00 	0000000000000000
  0xb3a0	00 00 00 00 00 00 00 00 4a d8 00 00 00 00 00 00 	00000000J0000000
  0xb3b0	5e d8 00 00 00 00 00 00 78 d8 00 00 00 00 00 00 	^0000000x0000000
  0xb3c0	00 00 00 00 00 00 00 00 74 da 00 00 00 00 00 00 	00000000t0000000
  0xb3d0	00 00 00 00 00 00 00 00 52 d6 00 00 00 00 00 00 	00000000R0000000
  0xb3e0	00 00 00 00 00 00 00 00 42 d8 00 00 00 00 00 00 	00000000B0000000
  0xb3f0	00 00 00 00 00 00 00 00 68 d6 00 00 00 00 00 00 	00000000h0000000
  0xb400	62 d9 00 00 00 00 00 00 48 d9 00 00 00 00 00 00 	b0000000H0000000
  0xb410	00 00 00 00 00 00 00 00 c4 d4 00 00 00 00 00 00 	0000000000000000
  0xb420	78 d4 00 00 00 00 00 00 ba d4 00 00 00 00 00 00 	x000000000000000
  0xb430	d0 d4 00 00 00 00 00 00 dc d4 00 00 00 00 00 00 	0000000000000000
  0xb440	e8 d4 00 00 00 00 00 00 f2 d4 00 00 00 00 00 00 	0000000000000000
  0xb450	c8 df 00 00 00 00 00 00 fe d4 00 00 00 00 00 00 	0000000000000000
  0xb460	d8 df 00 00 00 00 00 00 36 df 00 00 00 00 00 00 	0000000060000000
  0xb470	2c df 00 00 00 00 00 00 e2 df 00 00 00 00 00 00 	,000000000000000
  0xb480	08 d5 00 00 00 00 00 00 10 d5 00 00 00 00 00 00 	0000000000000000
  0xb490	1a d5 00 00 00 00 00 00 42 df 00 00 00 00 00 00 	00000000B0000000
  0xb4a0	24 d5 00 00 00 00 00 00 30 d5 00 00 00 00 00 00 	$000000000000000
  0xb4b0	3a d5 00 00 00 00 00 00 ec df 00 00 00 00 00 00 	:000000000000000
  0xb4c0	b0 d4 00 00 00 00 00 00 22 df 00 00 00 00 00 00 	00000000"0000000
  0xb4d0	18 df 00 00 00 00 00 00 0e df 00 00 00 00 00 00 	0000000000000000
  0xb4e0	a4 d4 00 00 00 00 00 00 e4 d5 00 00 00 00 00 00 	0000000000000000
  0xb4f0	cc d5 00 00 00 00 00 00 c2 d5 00 00 00 00 00 00 	0000000000000000
  0xb500	aa d5 00 00 00 00 00 00 9e d5 00 00 00 00 00 00 	0000000000000000
  0xb510	8a d5 00 00 00 00 00 00 80 d5 00 00 00 00 00 00 	0000000000000000
  0xb520	78 d5 00 00 00 00 00 00 66 d5 00 00 00 00 00 00 	x0000000f0000000
  0xb530	56 d5 00 00 00 00 00 00 98 d4 00 00 00 00 00 00 	V000000000000000
  0xb540	8c d4 00 00 00 00 00 00 04 df 00 00 00 00 00 00 	0000000000000000
  0xb550	fc de 00 00 00 00 00 00 f2 de 00 00 00 00 00 00 	0000000000000000
  0xb560	e2 de 00 00 00 00 00 00 d2 de 00 00 00 00 00 00 	0000000000000000
  0xb570	c4 de 00 00 00 00 00 00 80 d4 00 00 00 00 00 00 	0000000000000000
  0xb580	48 d5 00 00 00 00 00 00 f6 df 00 00 00 00 00 00 	H000000000000000
  0xb590	00 00 00 00 00 00 00 00 94 de 00 00 00 00 00 00 	0000000000000000
  0xb5a0	7c de 00 00 00 00 00 00 6c de 00 00 00 00 00 00 	|0000000l0000000
  0xb5b0	ba d9 00 00 00 00 00 00 c2 d7 00 00 00 00 00 00 	0000000000000000
  0xb5c0	d4 d9 00 00 00 00 00 00 00 00 00 00 00 00 00 00 	0000000000000000
  0xb5d0	a8 de 00 00 00 00 00 00 00 00 00 00 00 00 00 00 	0000000000000000
  0xb5e0	d6 d7 00 00 00 00 00 00 00 00 00 00 00 00 00 00 	0000000000000000
  0xb5f0	e4 da 00 00 00 00 00 00 12 d8 00 00 00 00 00 00 	0000000000000000
  0xb600	00 00 00 00 00 00 00 00 94 d7 00 00 00 00 00 00 	0000000000000000
  0xb610	86 d7 00 00 00 00 00 00 12 da 00 00 00 00 00 00 	0000000000000000
  0xb620	28 da 00 00 00 00 00 00 00 00 00 00 00 00 00 00 	(000000000000000
  0xb630	f0 2e 00 40 01 00 00 00 40 32 00 40 01 00 00 00 	0.0@0000@20@0000
  0xb640	00 00 00 00 00 00 00 00 b0 26 00 40 01 00 00 00 	000000000&0@0000
  0xb650	00 00 00 00 00 00 00 00 00 00 00 00 00 00 00 00 	0000000000000000
  0xb660	d0 25 00 40 01 00 00 00 20 2c 00 40 01 00 00 00 	0%0@0000 ,0@0000
  0xb670	00 00 00 00 00 00 00 00 d0 25 00 00 b0 26 00 00 	000000000%000&00
  0xb680	d0 28 00 00 60 29 00 00 e0 2b 00 00 20 2c 00 00 	0(00`)000+00 ,00
  0xb690	00 2d 00 00 f0 2e 00 00 10 30 00 00 e0 4d 00 00 	0-000.0000000M00
  0xb6a0	80 70 00 00 90 a9 00 00 20 b2 00 00 00 00 00 00 	0p000000 0000000
  0xb6b0	2e 25 75 00 00 00 00 00 4e 00 45 00 54 00 4d 00 	.%u00000N0E0T0M0
  0xb6c0	53 00 47 00 00 00 00 00 0d 00 0a 00 00 00 00 00 	S0G0000000000000
  0xb6d0	53 00 6f 00 66 00 74 00 77 00 61 00 72 00 65 00 	S0o0f0t0w0a0r0e0
  0xb6e0	5c 00 4d 00 69 00 63 00 72 00 6f 00 73 00 6f 00 	00M0i0c0r0o0s0o0
  0xb6f0	66 00 74 00 5c 00 57 00 69 00 6e 00 64 00 6f 00 	f0t000W0i0n0d0o0
  0xb700	77 00 73 00 20 00 4e 00 54 00 5c 00 43 00 75 00 	w0s0 0N0T000C0u0
  0xb710	72 00 72 00 65 00 6e 00 74 00 56 00 65 00 72 00 	r0r0e0n0t0V0e0r0
  0xb720	73 00 69 00 6f 00 6e 00 5c 00 4e 00 65 00 74 00 	s0i0o0n000N0e0t0
  0xb730	77 00 6f 00 72 00 6b 00 5c 00 50 00 65 00 72 00 	w0o0r0k000P0e0r0
  0xb740	73 00 69 00 73 00 74 00 65 00 6e 00 74 00 20 00 	s0i0s0t0e0n0t0 0
  0xb750	43 00 6f 00 6e 00 6e 00 65 00 63 00 74 00 69 00 	C0o0n0n0e0c0t0i0
  0xb760	6f 00 6e 00 73 00 00 00 4e 00 61 00 6d 00 65 00 	o0n0s000N0a0m0e0
  0xb770	00 00 00 00 00 00 00 00 00 00 00 00 00 00 00 00 	0000000000000000
  0xb780	53 00 79 00 73 00 74 00 65 00 6d 00 5c 00 43 00 	S0y0s0t0e0m000C0
  0xb790	75 00 72 00 72 00 65 00 6e 00 74 00 43 00 6f 00 	u0r0r0e0n0t0C0o0
  0xb7a0	6e 00 74 00 72 00 6f 00 6c 00 53 00 65 00 74 00 	n0t0r0o0l0S0e0t0
  0xb7b0	5c 00 53 00 65 00 72 00 76 00 69 00 63 00 65 00 	00S0e0r0v0i0c0e0
  0xb7c0	73 00 5c 00 4c 00 61 00 6e 00 6d 00 61 00 6e 00 	s000L0a0n0m0a0n0
  0xb7d0	57 00 6f 00 72 00 6b 00 73 00 74 00 61 00 74 00 	W0o0r0k0s0t0a0t0
  0xb7e0	69 00 6f 00 6e 00 5c 00 4e 00 65 00 74 00 77 00 	i0o0n000N0e0t0w0
  0xb7f0	6f 00 72 00 6b 00 50 00 72 00 6f 00 76 00 69 00 	o0r0k0P0r0o0v0i0
  0xb800	64 00 65 00 72 00 00 00 5c 00 6e 00 65 00 74 00 	d0e0r00000n0e0t0
  0xb810	31 00 00 00 00 00 00 00 00 00 00 00 00 00 00 00 	1000000000000000
  0xb820	65 00 78 00 74 00 2d 00 6d 00 73 00 2d 00 77 00 	e0x0t0-0m0s0-0w0
  0xb830	69 00 6e 00 2d 00 73 00 65 00 63 00 75 00 72 00 	i0n0-0s0e0c0u0r0
  0xb840	69 00 74 00 79 00 2d 00 63 00 72 00 65 00 64 00 	i0t0y0-0c0r0e0d0
  0xb850	75 00 69 00 2d 00 6c 00 31 00 2d 00 31 00 2d 00 	u0i0-0l010-010-0
  0xb860	30 00 00 00 00 00 00 00 00 00 00 00 00 00 00 00 	0000000000000000
  0xb870	65 00 78 00 74 00 2d 00 6d 00 73 00 2d 00 77 00 	e0x0t0-0m0s0-0w0
  0xb880	69 00 6e 00 2d 00 73 00 65 00 63 00 75 00 72 00 	i0n0-0s0e0c0u0r0
  0xb890	69 00 74 00 79 00 2d 00 63 00 72 00 65 00 64 00 	i0t0y0-0c0r0e0d0
  0xb8a0	75 00 69 00 2d 00 6c 00 31 00 2d 00 31 00 2d 00 	u0i0-0l010-010-0
  0xb8b0	31 00 00 00 00 00 00 00 00 00 00 00 00 00 00 00 	1000000000000000
  0xb8c0	65 78 74 2d 6d 73 2d 77 69 6e 2d 73 65 63 75 72 	ext-ms-win-secur
  0xb8d0	69 74 79 2d 63 72 65 64 75 69 2d 6c 31 2d 31 2d 	ity-credui-l1-1-
  0xb8e0	30 2e 64 6c 6c 00 00 00 00 00 00 00 00 00 00 00 	0.dll00000000000
  0xb8f0	65 78 74 2d 6d 73 2d 77 69 6e 2d 73 6d 62 73 68 	ext-ms-win-smbsh
  0xb900	61 72 65 2d 62 72 6f 77 73 65 72 63 6c 69 65 6e 	are-browserclien
  0xb910	74 2d 6c 31 2d 31 2d 30 2e 64 6c 6c 00 00 00 00 	t-l1-1-0.dll0000
  0xb920	65 00 78 00 74 00 2d 00 6d 00 73 00 2d 00 77 00 	e0x0t0-0m0s0-0w0
  0xb930	69 00 6e 00 2d 00 73 00 6d 00 62 00 73 00 68 00 	i0n0-0s0m0b0s0h0
  0xb940	61 00 72 00 65 00 2d 00 62 00 72 00 6f 00 77 00 	a0r0e0-0b0r0o0w0
  0xb950	73 00 65 00 72 00 63 00 6c 00 69 00 65 00 6e 00 	s0e0r0c0l0i0e0n0
  0xb960	74 00 2d 00 6c 00 31 00 2d 00 31 00 2d 00 30 00 	t0-0l010-010-000
  0xb970	00 00 00 00 00 00 00 00 2a 00 00 00 00 00 00 00 	00000000*0000000
  0xb980	79 00 65 00 73 00 00 00 53 00 61 00 76 00 65 00 	y0e0s000S0a0v0e0
  0xb990	43 00 6f 00 6e 00 6e 00 65 00 63 00 74 00 69 00 	C0o0n0n0e0c0t0i0
  0xb9a0	6f 00 6e 00 73 00 00 00 42 00 41 00 53 00 45 00 	o0n0s000B0A0S0E0
  0xb9b0	00 00 00 00 00 00 00 00 00 00 00 00 00 00 00 00 	0000000000000000
  0xb9c0	2d 00 2d 00 2d 00 2d 00 2d 00 2d 00 2d 00 2d 00 	-0-0-0-0-0-0-0-0
  0xb9d0	2d 00 2d 00 2d 00 2d 00 2d 00 2d 00 2d 00 2d 00 	-0-0-0-0-0-0-0-0
  0xb9e0	2d 00 2d 00 2d 00 2d 00 2d 00 2d 00 2d 00 2d 00 	-0-0-0-0-0-0-0-0
  0xb9f0	2d 00 2d 00 2d 00 2d 00 2d 00 2d 00 2d 00 2d 00 	-0-0-0-0-0-0-0-0
  0xba00	2d 00 2d 00 2d 00 2d 00 2d 00 2d 00 2d 00 2d 00 	-0-0-0-0-0-0-0-0
  0xba10	2d 00 2d 00 2d 00 2d 00 2d 00 2d 00 2d 00 2d 00 	-0-0-0-0-0-0-0-0
  0xba20	2d 00 2d 00 2d 00 2d 00 2d 00 2d 00 2d 00 2d 00 	-0-0-0-0-0-0-0-0
  0xba30	2d 00 2d 00 2d 00 2d 00 2d 00 2d 00 2d 00 2d 00 	-0-0-0-0-0-0-0-0
  0xba40	2d 00 2d 00 2d 00 2d 00 2d 00 2d 00 2d 00 2d 00 	-0-0-0-0-0-0-0-0
  0xba50	2d 00 2d 00 2d 00 2d 00 2d 00 2d 00 2d 00 0d 00 	-0-0-0-0-0-0-000
  0xba60	0a 00 00 00 00 00 00 00 00 00 00 00 00 00 00 00 	0000000000000000
  0xba70	50 00 41 00 4e 00 49 00 43 00 3a 00 20 00 65 00 	P0A0N0I0C0:0 0e0
  0xba80	78 00 70 00 72 00 65 00 73 00 73 00 69 00 6f 00 	x0p0r0e0s0s0i0o0
  0xba90	6e 00 20 00 74 00 6f 00 6f 00 20 00 63 00 6f 00 	n0 0t0o0o0 0c0o0
  0xbaa0	6d 00 70 00 6c 00 65 00 78 00 2c 00 20 00 70 00 	m0p0l0e0x0,0 0p0
  0xbab0	6c 00 65 00 61 00 73 00 65 00 20 00 73 00 69 00 	l0e0a0s0e0 0s0i0
  0xbac0	6d 00 70 00 6c 00 69 00 66 00 79 00 3b 00 00 00 	m0p0l0i0f0y0;000
  0xbad0	09 00 0a 00 0b 00 0c 00 0d 00 20 00 00 00 00 00 	0000000000 00000
  0xbae0	00 00 00 00 5d 48 bd 1e 00 00 00 00 02 00 00 00 	0000]H0000000000
  0xbaf0	20 00 00 00 58 c0 00 00 58 ae 00 00 00 00 00 00 	 000X000X0000000
  0xbb00	5d 48 bd 1e 00 00 00 00 0d 00 00 00 c8 03 00 00 	]H00000000000000
  0xbb10	78 c0 00 00 78 ae 00 00 00 00 00 00 5d 48 bd 1e 	x000x0000000]H00
  0xbb20	00 00 00 00 10 00 00 00 24 00 00 00 40 c4 00 00 	00000000$000@000
  0xbb30	40 b2 00 00 00 00 00 00 00 00 00 00 00 00 00 00 	@000000000000000
  0xbb40	2e 4f 43 50 00 00 00 00 00 00 00 00 00 00 00 00 	.OCP000000000000
  0xbb50	03 00 5c 00 7b 00 06 00 0b 00 7c 00 09 00 4e 00 	0000{00000|000N0
  0xbb60	7d 00 59 00 7f 00 58 02 00 00 18 00 ff ff 13 00 	}0Y000X000000000
  0xbb70	01 00 00 00 89 00 00 00 02 00 01 00 8c 00 8d 00 	0000000000000000
  0xbb80	29 00 74 00 24 00 ff ff 21 00 01 00 03 00 02 00 	)0t0$000!0000000
  0xbb90	94 00 03 00 98 00 99 00 71 00 ff ff 04 00 9c 00 	00000000q0000000
  0xbba0	9d 00 5f 00 39 00 ff ff 30 00 04 00 05 00 a4 00 	00_0900000000000
  0xbbb0	35 00 01 00 05 00 06 00 a7 00 02 00 07 00 aa 00 	5000000000000000
  0xbbc0	ab 00 40 00 71 00 ff ff 02 00 08 00 b0 00 b1 00 	00@0q00000000000
  0xbbd0	74 00 47 00 71 00 ff ff 09 00 c0 00 c1 00 ff ff 	t0G0q00000000000
  0xbbe0	0a 00 ce 00 cf 00 d0 00 d1 00 d1 00 59 02 06 00 	000000000000Y000
  0xbbf0	54 00 ff ff 0b 00 d8 00 77 00 ff ff 0c 00 db 00 	T0000000w0000000
  0xbc00	db 00 00 00 0d 00 e4 00 ff ff 0e 00 e8 00 00 00 	0000000000000000
  0xbc10	07 00 ef 00 00 00 08 00 f1 00 00 00 09 00 f3 00 	0000000000000000
  0xbc20	00 00 0a 00 f5 00 00 00 0b 00 f7 00 00 00 0c 00 	0000000000000000
  0xbc30	f9 00 00 00 0d 00 fb 00 00 00 0e 00 fd 00 00 00 	0000000000000000
  0xbc40	0f 00 ff 00 00 00 00 00 00 00 00 00 00 00 00 00 	0000000000000000
  0xbc50	01 00 02 00 07 00 01 00 02 00 07 00 01 00 02 00 	0000000000000000
  0xbc60	07 00 02 00 07 00 03 00 05 00 01 00 03 00 01 00 	0000000000000000
  0xbc70	05 00 06 00 07 00 0b 00 05 00 06 00 07 00 07 00 	0000000000000000
  0xbc80	01 00 02 00 01 00 03 00 01 00 0b 00 05 00 06 00 	0000000000000000
  0xbc90	07 00 06 00 07 00 07 00 02 00 03 00 06 00 07 00 	0000000000000000
  0xbca0	07 00 02 00 01 00 03 00 01 00 05 00 06 00 07 00 	0000000000000000
  0xbcb0	01 00 0b 00 05 00 06 00 07 00 0b 00 06 00 07 00 	0000000000000000
  0xbcc0	07 00 01 00 02 00 03 00 0b 00 06 00 07 00 07 00 	0000000000000000
  0xbcd0	02 00 01 00 02 00 03 00 06 00 07 00 07 00 03 00 	0000000000000000
  0xbce0	06 00 07 00 07 00 07 00 07 00 07 00 03 00 05 00 	0000000000000000
  0xbcf0	01 00 03 00 06 00 07 00 02 00 03 00 06 00 07 00 	0000000000000000
  0xbd00	07 00 0a 00 06 00 07 00 03 00 06 00 07 00 0a 00 	0000000000000000
  0xbd10	05 00 07 00 0a 00 05 00 07 00 0a 00 05 00 07 00 	0000000000000000
  0xbd20	0a 00 05 00 07 00 0a 00 05 00 07 00 0a 00 05 00 	0000000000000000
  0xbd30	07 00 0a 00 05 00 07 00 0a 00 05 00 07 00 0a 00 	0000000000000000
  0xbd40	05 00 07 00 00 00 00 00 75 00 73 00 65 00 00 00 	00000000u0s0e000
  0xbd50	76 00 69 00 65 00 77 00 00 00 00 00 00 00 00 00 	v0i0e0w000000000
  0xbd60	2a 00 2a 00 2a 00 00 00 2f 00 50 00 45 00 52 00 	*0*0*000/0P0E0R0
  0xbd70	53 00 49 00 53 00 54 00 45 00 4e 00 54 00 00 00 	S0I0S0T0E0N0T000
  0xbd80	2f 00 44 00 45 00 4c 00 45 00 54 00 45 00 00 00 	/0D0E0L0E0T0E000
  0xbd90	2f 00 48 00 4f 00 4d 00 45 00 00 00 00 00 00 00 	/0H0O0M0E0000000
  0xbda0	25 00 46 00 73 00 20 00 25 00 46 00 73 00 20 00 	%0F0s0 0%0F0s0 0
  0xbdb0	25 00 46 00 73 00 20 00 25 00 46 00 73 00 0d 00 	%0F0s0 0%0F0s000
  0xbdc0	0a 00 00 00 00 00 00 00 00 00 00 00 00 00 00 00 	0000000000000000
  0xbdd0	25 00 46 00 73 00 20 00 25 00 46 00 73 00 20 00 	%0F0s0 0%0F0s0 0
  0xbde0	25 00 46 00 73 00 20 00 0d 00 0a 00 25 00 46 00 	%0F0s0 00000%0F0
  0xbdf0	73 00 20 00 25 00 46 00 73 00 20 00 25 00 46 00 	s0 0%0F0s0 0%0F0
  0xbe00	73 00 20 00 25 00 46 00 73 00 0d 00 0a 00 00 00 	s0 0%0F0s0000000
  0xbe10	4c 00 50 00 54 00 00 00 20 00 20 00 20 00 20 00 	L0P0T000 0 0 0 0
  0xbe20	25 00 46 00 77 00 73 00 20 00 25 00 46 00 77 00 	%0F0w0s0 0%0F0w0
  0xbe30	73 00 0d 00 0a 00 00 00 5c 00 5c 00 00 00 00 00 	s000000000000000
  0xbe40	5c 00 2f 00 00 00 00 00 6e 00 6f 00 00 00 00 00 	00/00000n0o00000
  0xbe50	25 00 77 00 73 00 0d 00 0a 00 00 00 00 00 00 00 	%0w0s00000000000
  0xbe60	5a 00 3a 00 5c 00 00 00 25 00 46 00 77 00 73 00 	Z0:00000%0F0w0s0
  0xbe70	20 00 00 00 00 00 00 00 5c 00 5c 00 25 00 46 00 	 00000000000%0F0
  0xbe80	77 00 73 00 20 00 00 00 5c 00 00 00 00 00 00 00 	w0s0 00000000000
  0xbe90	25 00 46 00 77 00 73 00 0d 00 0a 00 0d 00 0a 00 	%0F0w0s000000000
  0xbea0	00 00 00 00 00 00 00 00 25 00 2d 00 2a 00 2e 00 	00000000%0-0*0.0
  0xbeb0	2a 00 77 00 73 00 00 00 41 00 44 00 4d 00 49 00 	*0w0s000A0D0M0I0
  0xbec0	4e 00 24 00 00 00 00 00 25 00 2d 00 2a 00 2e 00 	N0$00000%0-0*0.0
  0xbed0	2a 00 77 00 73 00 25 00 46 00 77 00 73 00 0d 00 	*0w0s0%0F0w0s000
  0xbee0	0a 00 00 00 00 00 00 00 25 00 2d 00 2a 00 2e 00 	00000000%0-0*0.0
  0xbef0	2a 00 77 00 73 00 25 00 77 00 73 00 0d 00 0a 00 	*0w0s0%0w0s00000
  0xbf00	00 00 00 00 00 00 00 00 25 00 2d 00 2a 00 2e 00 	00000000%0-0*0.0
  0xbf10	2a 00 77 00 73 00 25 00 68 00 75 00 0d 00 0a 00 	*0w0s0%0h0u00000
  0xbf20	00 00 00 00 00 00 00 00 5c 00 50 00 49 00 50 00 	0000000000P0I0P0
  0xbf30	45 00 00 00 00 00 00 00 5c 00 50 00 52 00 49 00 	E000000000P0R0I0
  0xbf40	4e 00 54 00 00 00 00 00 5c 00 43 00 4f 00 4d 00 	N0T0000000C0O0M0
  0xbf50	4d 00 00 00 3a 00 00 00 00 00 00 00 00 00 00 00 	M000:00000000000
  0xbf60	53 00 6f 00 66 00 74 00 77 00 61 00 72 00 65 00 	S0o0f0t0w0a0r0e0
  0xbf70	5c 00 4d 00 69 00 63 00 72 00 6f 00 73 00 6f 00 	00M0i0c0r0o0s0o0
  0xbf80	66 00 74 00 5c 00 57 00 69 00 6e 00 64 00 6f 00 	f0t000W0i0n0d0o0
  0xbf90	77 00 73 00 20 00 4e 00 54 00 5c 00 43 00 75 00 	w0s0 0N0T000C0u0
  0xbfa0	72 00 72 00 65 00 6e 00 74 00 56 00 65 00 72 00 	r0r0e0n0t0V0e0r0
  0xbfb0	73 00 69 00 6f 00 6e 00 5c 00 53 00 65 00 72 00 	s0i0o0n000S0e0r0
  0xbfc0	76 00 65 00 72 00 5c 00 53 00 65 00 72 00 76 00 	v0e0r000S0e0r0v0
  0xbfd0	65 00 72 00 4c 00 65 00 76 00 65 00 6c 00 73 00 	e0r0L0e0v0e0l0s0
  0xbfe0	00 00 00 00 00 00 00 00 4e 00 61 00 6e 00 6f 00 	00000000N0a0n0o0
  0xbff0	53 00 65 00 72 00 76 00 65 00 72 00 00 00 00 00 	S0e0r0v0e0r00000
  0xc000	4e 00 45 00 54 00 00 00 24 00 00 00 00 00 00 00 	N0E0T000$0000000
  0xc010	3a 00 2c 00 24 00 00 00 20 00 00 00 00 00 00 00 	:0,0$000 0000000
  0xc020	6e 00 65 00 74 00 68 00 2e 00 64 00 6c 00 6c 00 	n0e0t0h0.0d0l0l0
  0xc030	00 00 00 00 00 00 00 00 0a 00 09 00 09 00 00 00 	0000000000000000
  0xc040	25 00 46 00 77 00 73 00 00 00 00 00 00 00 00 00 	%0F0w0s000000000
  0xc050	00 00 00 00 00 00 00 00 52 53 44 53 af ee 87 ea 	00000000RSDS0000
  0xc060	ae 38 d8 a2 a3 c6 0b cc 7c 18 8f eb 01 00 00 00 	08000000|0000000
  0xc070	6e 65 74 2e 70 64 62 00 00 55 47 50 00 10 00 00 	net.pdb00UGP0000
  0xc080	c0 15 00 00 2e 74 65 78 74 24 6c 70 30 31 6e 65 	0000.text$lp01ne
  0xc090	74 2e 65 78 65 21 32 30 5f 70 72 69 37 00 00 00 	t.exe!20_pri7000
  0xc0a0	c0 25 00 00 70 0c 00 00 2e 74 65 78 74 24 6d 6e 	0%00p000.text$mn
  0xc0b0	00 00 00 00 30 32 00 00 80 00 00 00 2e 74 65 78 	000002000000.tex
  0xc0c0	74 24 6d 6e 24 30 30 00 b0 32 00 00 50 00 00 00 	t$mn$0000200P000
  0xc0d0	2e 74 65 78 74 24 78 00 00 33 00 00 f0 16 00 00 	.text$x003000000
  0xc0e0	2e 74 65 78 74 24 7a 79 00 00 00 00 f0 49 00 00 	.text$zy00000I00
  0xc0f0	dd 5f 00 00 2e 74 65 78 74 24 7a 7a 00 00 00 00 	0_00.text$zz0000
  0xc100	00 b0 00 00 58 01 00 00 2e 72 64 61 74 61 24 62 	0000X000.rdata$b
  0xc110	72 63 00 00 58 b1 00 00 18 00 00 00 2e 72 64 61 	rc00X0000000.rda
  0xc120	74 61 24 7a 7a 24 62 72 63 00 00 00 70 b1 00 00 	ta$zz$brc000p000
  0xc130	c0 04 00 00 2e 69 64 61 74 61 24 35 00 00 00 00 	0000.idata$50000
  0xc140	30 b6 00 00 10 00 00 00 2e 30 30 63 66 67 00 00 	00000000.00cfg00
  0xc150	40 b6 00 00 08 00 00 00 2e 43 52 54 24 58 43 41 	@0000000.CRT$XCA
  0xc160	00 00 00 00 48 b6 00 00 08 00 00 00 2e 43 52 54 	0000H0000000.CRT
  0xc170	24 58 43 41 41 00 00 00 50 b6 00 00 08 00 00 00 	$XCAA000P0000000
  0xc180	2e 43 52 54 24 58 43 5a 00 00 00 00 58 b6 00 00 	.CRT$XCZ0000X000
  0xc190	08 00 00 00 2e 43 52 54 24 58 49 41 00 00 00 00 	0000.CRT$XIA0000
  0xc1a0	60 b6 00 00 08 00 00 00 2e 43 52 54 24 58 49 41 	`0000000.CRT$XIA
  0xc1b0	41 00 00 00 68 b6 00 00 08 00 00 00 2e 43 52 54 	A000h0000000.CRT
  0xc1c0	24 58 49 59 00 00 00 00 70 b6 00 00 08 00 00 00 	$XIY0000p0000000
  0xc1d0	2e 43 52 54 24 58 49 5a 00 00 00 00 78 b6 00 00 	.CRT$XIZ0000x000
  0xc1e0	30 00 00 00 2e 67 66 69 64 73 00 00 a8 b6 00 00 	0000.gfids000000
  0xc1f0	08 00 00 00 2e 67 69 61 74 73 00 00 b0 b6 00 00 	0000.giats000000
  0xc200	90 04 00 00 2e 72 64 61 74 61 00 00 40 bb 00 00 	0000.rdata00@000
  0xc210	20 02 00 00 2e 72 64 61 74 61 24 30 30 00 00 00 	 000.rdata$00000
  0xc220	60 bd 00 00 f8 02 00 00 2e 72 64 61 74 61 24 7a 	`0000000.rdata$z
  0xc230	7a 00 00 00 58 c0 00 00 10 04 00 00 2e 72 64 61 	z000X0000000.rda
  0xc240	74 61 24 7a 7a 7a 64 62 67 00 00 00 68 c4 00 00 	ta$zzzdbg000h000
  0xc250	f4 07 00 00 2e 78 64 61 74 61 00 00 5c cc 00 00 	0000.xdata000000
  0xc260	40 00 00 00 2e 64 69 64 61 74 24 32 00 00 00 00 	@000.didat$20000
  0xc270	9c cc 00 00 24 00 00 00 2e 64 69 64 61 74 24 33 	0000$000.didat$3
  0xc280	00 00 00 00 c0 cc 00 00 20 00 00 00 2e 64 69 64 	00000000 000.did
  0xc290	61 74 24 34 00 00 00 00 e0 cc 00 00 38 00 00 00 	at$4000000008000
  0xc2a0	2e 64 69 64 61 74 24 36 00 00 00 00 18 cd 00 00 	.didat$600000000
  0xc2b0	20 00 00 00 2e 64 69 64 61 74 24 37 00 00 00 00 	 000.didat$70000
  0xc2c0	38 cd 00 00 6c 02 00 00 2e 69 64 61 74 61 24 32 	8000l000.idata$2
  0xc2d0	00 00 00 00 a4 cf 00 00 14 00 00 00 2e 69 64 61 	000000000000.ida
  0xc2e0	74 61 24 33 00 00 00 00 b8 cf 00 00 c0 04 00 00 	ta$3000000000000
  0xc2f0	2e 69 64 61 74 61 24 34 00 00 00 00 78 d4 00 00 	.idata$40000x000
  0xc300	88 0b 00 00 2e 69 64 61 74 61 24 36 00 00 00 00 	0000.idata$60000
  0xc310	00 e0 00 00 a0 01 00 00 2e 64 61 74 61 24 64 6b 	00000000.data$dk
  0xc320	30 30 24 62 72 63 00 00 a0 e1 00 00 e0 00 00 00 	00$brc0000000000
  0xc330	2e 64 61 74 61 24 7a 7a 24 62 72 63 00 00 00 00 	.data$zz$brc0000
  0xc340	80 e2 00 00 20 00 00 00 2e 64 61 74 61 00 00 00 	0000 000.data000
  0xc350	a0 e2 00 00 d0 00 00 00 2e 64 61 74 61 24 64 6b 	00000000.data$dk
  0xc360	30 30 00 00 70 e3 00 00 60 00 00 00 2e 64 61 74 	0000p000`000.dat
  0xc370	61 24 70 72 30 30 00 00 d0 e3 00 00 70 02 00 00 	a$pr00000000p000
  0xc380	2e 64 61 74 61 24 7a 7a 00 00 00 00 40 e6 00 00 	.data$zz0000@000
  0xc390	e0 7d 00 00 2e 62 73 73 00 00 00 00 20 64 01 00 	0}00.bss0000 d00
  0xc3a0	90 08 00 00 2e 62 73 73 24 30 30 00 b0 6c 01 00 	0000.bss$0000l00
  0xc3b0	50 1c 00 00 2e 62 73 73 24 30 31 00 00 89 01 00 	P000.bss$0100000
  0xc3c0	b0 00 00 00 2e 62 73 73 24 64 6b 30 30 00 00 00 	0000.bss$dk00000
  0xc3d0	b0 89 01 00 10 08 00 00 2e 62 73 73 24 70 72 30 	00000000.bss$pr0
  0xc3e0	30 00 00 00 c0 91 01 00 32 06 00 00 2e 62 73 73 	000000002000.bss
  0xc3f0	24 7a 7a 00 00 a0 01 00 0c 06 00 00 2e 70 64 61 	$zz000000000.pda
  0xc400	74 61 00 00 00 b0 01 00 20 00 00 00 2e 64 69 64 	ta000000 000.did
  0xc410	61 74 24 35 00 00 00 00 00 c0 01 00 a0 00 00 00 	at$5000000000000
  0xc420	2e 72 73 72 63 24 30 31 00 00 00 00 a0 c0 01 00 	.rsrc$0100000000
  0xc430	10 06 00 00 2e 72 73 72 63 24 30 32 00 00 00 00 	0000.rsrc$020000
  0xc440	20 00 00 00 af ee 87 ea ae 38 d8 a2 a3 c6 0b cc 	 000000008000000
  0xc450	7c 18 8f eb d8 3b b2 d5 49 44 d9 3e cb aa a4 71 	|0000;00ID0>000q
  0xc460	5d 48 bd 1e 00 00 00 00 19 2c 09 00 1b 34 5b 00 	]H0000000,0004[0
  0xc470	1b 01 52 00 0c e0 0a c0 08 70 07 60 06 50 00 00 	00R000000p0`0P00
  0xc480	70 31 00 00 80 02 00 00 21 1b 04 00 1b f4 5a 00 	p1000000!00000Z0
  0xc490	08 d4 59 00 10 10 00 00 ee 11 00 00 68 c4 00 00 	00Y000000000h000
  0xc4a0	21 00 00 00 10 10 00 00 ee 11 00 00 68 c4 00 00 	!00000000000h000
  0xc4b0	21 00 04 00 00 f4 5a 00 00 d4 59 00 00 33 00 00 	!00000Z000Y00300
  0xc4c0	e4 33 00 00 a0 c4 00 00 01 18 0a 00 18 74 06 00 	0300000000000t00
  0xc4d0	18 64 05 00 18 54 04 00 18 34 03 00 18 f0 16 e0 	0d000T0004000000
  0xc4e0	21 00 00 00 e0 13 00 00 cf 15 00 00 c8 c4 00 00 	!000000000000000
  0xc4f0	01 17 0b 00 17 34 26 00 17 01 1c 00 10 f0 0e e0 	000004&000000000
  0xc500	0c d0 0a c0 08 70 07 60 06 50 00 00 21 00 00 00 	00000p0`0P00!000
  0xc510	e0 15 00 00 e0 1a 00 00 f0 c4 00 00 01 06 02 00 	0000000000000000
  0xc520	06 32 02 30 21 05 02 00 05 74 06 00 f0 1a 00 00 	0200!0000t000000
  0xc530	15 1b 00 00 1c c5 00 00 21 00 00 00 f0 1a 00 00 	00000000!0000000
  0xc540	15 1b 00 00 1c c5 00 00 21 00 02 00 00 74 06 00 	00000000!0000t00
  0xc550	f0 1a 00 00 15 1b 00 00 1c c5 00 00 21 00 00 00 	000000000000!000
  0xc560	f0 1a 00 00 15 1b 00 00 1c c5 00 00 19 24 04 00 	0000000000000$00
  0xc570	13 01 71 00 04 e0 02 50 70 31 00 00 60 03 00 00 	00q0000Pp100`000
  0xc580	21 ce 08 00 ce 74 76 00 bc 64 75 00 1c f4 6e 00 	!0000tv00du000n0
  0xc590	08 34 74 00 a0 1b 00 00 ff 1b 00 00 6c c5 00 00 	04t000000000l000
  0xc5a0	21 1c 04 00 1c d4 6f 00 08 c4 70 00 ff 1b 00 00 	!00000o000p00000
  0xc5b0	02 1e 00 00 80 c5 00 00 21 00 00 00 a0 1b 00 00 	00000000!0000000
  0xc5c0	ff 1b 00 00 6c c5 00 00 21 00 04 00 00 f4 6e 00 	0000l000!00000n0
  0xc5d0	00 34 74 00 ca 39 00 00 de 39 00 00 b8 c5 00 00 	04t0090009000000
  0xc5e0	21 00 08 00 00 f4 6e 00 00 74 76 00 00 64 75 00 	!00000n00tv00du0
  0xc5f0	00 34 74 00 ca 39 00 00 de 39 00 00 b8 c5 00 00 	04t0090009000000
  0xc600	21 00 0c 00 00 f4 6e 00 00 d4 6f 00 00 c4 70 00 	!00000n000o000p0
  0xc610	00 74 76 00 00 64 75 00 00 34 74 00 ca 39 00 00 	0tv00du004t00900
  0xc620	de 39 00 00 b8 c5 00 00 21 00 00 00 ca 39 00 00 	09000000!0000900
  0xc630	de 39 00 00 b8 c5 00 00 01 0a 04 00 0a 34 06 00 	0900000000000400
  0xc640	0a 32 06 70 21 00 00 00 30 23 00 00 46 24 00 00 	020p!0000#00F$00
  0xc650	38 c6 00 00 01 0b 05 00 0b c2 07 f0 05 e0 03 70 	800000000000000p
  0xc660	02 60 00 00 21 08 02 00 08 34 13 00 50 24 00 00 	0`00!0000400P$00
  0xc670	93 24 00 00 54 c6 00 00 21 0f 06 00 0f d4 0a 00 	0$00T000!0000000
  0xc680	0a c4 0b 00 05 54 0c 00 93 24 00 00 bf 24 00 00 	00000T000$000$00
  0xc690	64 c6 00 00 21 00 00 00 93 24 00 00 bf 24 00 00 	d000!0000$000$00
  0xc6a0	64 c6 00 00 21 00 00 00 50 24 00 00 93 24 00 00 	d000!000P$000$00
  0xc6b0	54 c6 00 00 21 00 00 00 50 24 00 00 93 24 00 00 	T000!000P$000$00
  0xc6c0	54 c6 00 00 21 00 02 00 00 34 13 00 6c 45 00 00 	T000!0000400lE00
  0xc6d0	7e 45 00 00 b4 c6 00 00 21 00 08 00 00 d4 0a 00 	~E000000!0000000
  0xc6e0	00 c4 0b 00 00 54 0c 00 00 34 13 00 6c 45 00 00 	00000T000400lE00
  0xc6f0	7e 45 00 00 b4 c6 00 00 01 1c 0c 00 1c 64 0d 00 	~E00000000000d00
  0xc700	1c 54 0b 00 1c 34 0a 00 1c 32 18 f0 16 e0 14 d0 	0T00040002000000
  0xc710	12 c0 10 70 21 00 00 00 60 25 00 00 bc 25 00 00 	000p!000`%000%00
  0xc720	f8 c6 00 00 09 15 08 00 15 74 0a 00 15 64 09 00 	000000000t000d00
  0xc730	15 34 08 00 15 52 11 f0 da 2e 00 00 01 00 00 00 	04000R000.000000
  0xc740	15 27 00 00 7b 28 00 00 b3 32 00 00 7b 28 00 00 	0'00{(000200{(00
  0xc750	01 06 02 00 06 32 02 50 01 00 00 00 01 04 01 00 	0000020P00000000
  0xc760	04 e2 00 00 01 0c 02 00 0c 01 11 00 09 04 01 00 	0000000000000000
  0xc770	04 22 00 00 da 2e 00 00 01 00 00 00 5c 2c 00 00 	0"000.0000000,00
  0xc780	92 2c 00 00 01 00 00 00 92 2c 00 00 09 0a 04 00 	0,0000000,000000
  0xc790	0a 34 06 00 0a 32 06 70 da 2e 00 00 01 00 00 00 	0400020p0.000000
  0xc7a0	6d 2d 00 00 a0 2d 00 00 e0 32 00 00 a0 2d 00 00 	m-000-0002000-00
  0xc7b0	01 0d 04 00 0d 34 09 00 0d 32 06 50 00 00 00 00 	00000400020P0000
  0xc7c0	01 00 00 00 01 18 01 00 18 c2 00 00 01 18 01 00 	0000000000000000
  0xc7d0	18 c2 00 00 01 1a 09 00 1a 64 23 00 1a 34 22 00 	000000000d#004"0
  0xc7e0	1a 01 1c 00 0e e0 0c 70 0b 50 00 00 01 0a 04 00 	0000000p0P000000
  0xc7f0	0a 34 06 00 0a 32 06 70 01 06 02 00 06 32 02 30 	0400020p00000200
  0xc800	01 08 02 00 08 92 04 30 19 1b 04 00 0c 34 0f 00 	0000000000000400
  0xc810	0c b2 08 70 70 31 00 00 50 00 00 00 19 1b 03 00 	000pp100P0000000
  0xc820	09 01 12 00 02 70 00 00 70 31 00 00 80 00 00 00 	00000p00p1000000
  0xc830	01 0a 03 00 0a 62 03 30 02 50 00 00 19 1f 05 00 	00000b000P000000
  0xc840	0d 34 4e 00 0d 01 4a 00 06 70 00 00 70 31 00 00 	04N000J00p00p100
  0xc850	40 02 00 00 19 19 02 00 07 01 65 00 70 31 00 00 	@000000000e0p100
  0xc860	10 03 00 00 01 04 01 00 04 42 00 00 01 14 08 00 	000000000B000000
  0xc870	14 64 0b 00 14 54 0a 00 14 34 09 00 14 52 10 70 	0d000T0004000R0p
  0xc880	01 17 0a 00 17 34 13 00 17 72 10 f0 0e e0 0c d0 	000004000r000000
  0xc890	0a c0 08 70 07 60 06 50 01 0b 04 00 0b 52 04 70 	000p0`0P00000R0p
  0xc8a0	03 30 02 50 01 13 08 00 13 34 0f 00 13 72 0c f0 	000P000004000r00
  0xc8b0	0a e0 08 70 07 60 06 50 01 11 08 00 11 72 0d f0 	000p0`0P00000r00
  0xc8c0	0b e0 09 c0 07 70 06 60 05 50 04 30 01 06 02 00 	00000p0`0P000000
  0xc8d0	06 72 02 30 19 2e 09 00 1d 64 d9 00 1d 34 d8 00 	0r000.000d000400
  0xc8e0	1d 01 d2 00 0e f0 0c 70 0b 50 00 00 70 31 00 00 	0000000p0P00p100
  0xc8f0	80 06 00 00 01 1c 0a 00 1c 64 0f 00 1c 54 0d 00 	000000000d000T00
  0xc900	1c 34 0c 00 1c 72 18 e0 16 d0 14 70 19 2a 0b 00 	04000r00000p0*00
  0xc910	1c 34 2f 00 1c 01 24 00 10 f0 0e e0 0c d0 0a c0 	04/000$000000000
  0xc920	08 70 07 60 06 50 00 00 70 31 00 00 10 01 00 00 	0p0`0P00p1000000
  0xc930	01 21 0a 00 21 34 12 00 21 92 1a f0 18 e0 16 d0 	0!00!400!0000000
  0xc940	14 c0 12 70 11 60 10 50 01 1d 0a 00 1d 01 11 00 	000p0`0P00000000
  0xc950	11 f0 0f e0 0d d0 0b c0 09 70 08 60 07 30 06 50 	000000000p0`000P
  0xc960	19 1f 08 00 10 34 13 00 10 b2 0c f0 0a d0 08 70 	000004000000000p
  0xc970	07 60 06 50 70 31 00 00 50 00 00 00 01 14 08 00 	0`0Pp100P0000000
  0xc980	14 34 0f 00 14 52 10 e0 0e c0 0c 70 0b 60 0a 50 	04000R00000p0`0P
  0xc990	01 0f 06 00 0f 64 07 00 0f 34 06 00 0f 32 0b 70 	00000d000400020p
  0xc9a0	01 15 08 00 15 74 0b 00 15 64 0a 00 15 34 09 00 	00000t000d000400
  0xc9b0	15 52 11 e0 19 1f 05 00 0d 34 1a 00 0d 01 16 00 	0R00000004000000
  0xc9c0	06 70 00 00 70 31 00 00 a0 00 00 00 01 18 0a 00 	0p00p10000000000
  0xc9d0	18 64 0e 00 18 54 0d 00 18 34 0c 00 18 72 14 f0 	0d000T0004000r00
  0xc9e0	12 e0 10 70 01 10 06 00 10 74 0d 00 10 34 0c 00 	000p00000t000400
  0xc9f0	10 92 0c f0 01 17 01 00 17 62 00 00 19 1b 03 00 	000000000b000000
  0xca00	09 01 16 00 02 30 00 00 70 31 00 00 a0 00 00 00 	00000000p1000000
  0xca10	19 24 07 00 12 64 50 00 12 34 4f 00 12 01 4c 00 	0$000dP004O000L0
  0xca20	0b 70 00 00 70 31 00 00 50 02 00 00 01 19 0a 00 	0p00p100P0000000
  0xca30	19 74 09 00 19 64 08 00 19 54 07 00 19 34 06 00 	0t000d000T000400
  0xca40	19 32 15 e0 19 25 0a 00 17 34 14 00 17 b2 10 f0 	02000%0004000000
  0xca50	0e e0 0c d0 0a c0 08 70 07 60 06 50 70 31 00 00 	0000000p0`0Pp100
  0xca60	58 00 00 00 11 0a 04 00 0a 34 0e 00 0a b2 06 70 	X00000000400000p
  0xca70	da 2e 00 00 03 00 00 00 c7 8c 00 00 f9 8c 00 00 	0.00000000000000
  0xca80	89 8d 00 00 00 00 00 00 00 8d 00 00 38 8d 00 00 	0000000000008000
  0xca90	89 8d 00 00 00 00 00 00 42 8d 00 00 4a 8d 00 00 	00000000B000J000
  0xcaa0	89 8d 00 00 00 00 00 00 01 06 02 00 06 52 02 50 	0000000000000R0P
  0xcab0	19 26 0a 00 14 01 8b 00 0d f0 0b e0 09 d0 07 c0 	0&00000000000000
  0xcac0	05 70 04 60 03 50 02 30 70 31 00 00 40 04 00 00 	0p0`0P00p100@000
  0xcad0	19 30 0b 00 1f 34 6c 00 1f 01 64 00 10 f0 0e e0 	000004l000d00000
  0xcae0	0c d0 0a c0 08 70 07 60 06 50 00 00 70 31 00 00 	00000p0`0P00p100
  0xcaf0	10 03 00 00 19 18 02 00 09 f2 02 30 70 31 00 00 	000000000000p100
  0xcb00	70 00 00 00 01 16 01 00 16 a2 00 00 01 12 08 00 	p000000000000000
  0xcb10	12 54 0f 00 12 34 0c 00 12 72 0e e0 0c 70 0b 60 	0T0004000r000p0`
  0xcb20	01 18 0a 00 18 64 0a 00 18 54 09 00 18 34 08 00 	00000d000T000400
  0xcb30	18 32 14 f0 12 e0 10 70 19 37 0d 00 26 74 a8 00 	0200000p0700&t00
  0xcb40	26 64 a7 00 26 34 a6 00 26 01 a0 00 18 f0 16 e0 	&d00&400&0000000
  0xcb50	14 d0 12 c0 10 50 00 00 70 31 00 00 f0 04 00 00 	00000P00p1000000
  0xcb60	19 24 07 00 12 64 2f 00 12 34 2e 00 12 01 2a 00 	0$000d/004.000*0
  0xcb70	0b 70 00 00 70 31 00 00 40 01 00 00 01 14 06 00 	0p00p100@0000000
  0xcb80	14 64 0b 00 14 34 0a 00 14 72 10 70 19 29 0b 00 	0d0004000r0p0)00
  0xcb90	17 34 1d 00 17 01 14 00 10 f0 0e e0 0c d0 0a c0 	0400000000000000
  0xcba0	08 70 07 60 06 50 00 00 70 31 00 00 90 00 00 00 	0p0`0P00p1000000
  0xcbb0	01 14 08 00 14 64 08 00 14 54 07 00 14 34 06 00 	00000d000T000400
  0xcbc0	14 32 10 70 19 1e 06 00 0f 64 0d 00 0f 34 0c 00 	020p00000d000400
  0xcbd0	0f 72 0b 70 70 31 00 00 38 00 00 00 19 25 05 00 	0r0pp10080000%00
  0xcbe0	13 34 0f 02 13 01 0c 02 06 70 00 00 70 31 00 00 	040000000p00p100
  0xcbf0	50 10 00 00 01 17 08 00 17 54 10 00 17 34 0f 00 	P00000000T000400
  0xcc00	17 92 13 e0 11 70 10 60 01 1b 0a 00 1b 54 0d 00 	00000p0`00000T00
  0xcc10	1b 34 0c 00 1b 52 17 f0 15 e0 13 c0 11 70 10 60 	04000R0000000p0`
  0xcc20	01 1c 0c 00 1c 64 10 00 1c 54 0f 00 1c 34 0e 00 	00000d000T000400
  0xcc30	1c 72 18 f0 16 e0 14 d0 12 c0 10 70 01 04 01 00 	0r000000000p0000
  0xcc40	04 62 00 00 01 02 01 00 02 30 00 00 00 00 00 00 	0b00000000000000
  0xcc50	02 04 03 00 01 16 00 06 04 12 00 00 01 00 00 00 	0000000000000000
  0xcc60	c0 b8 00 00 f8 eb 00 00 00 b0 01 00 c0 cc 00 00 	0000000000000000
  0xcc70	18 cd 00 00 00 00 00 00 00 00 00 00 01 00 00 00 	0000000000000000
  0xcc80	f0 b8 00 00 00 ec 00 00 10 b0 01 00 d0 cc 00 00 	0000000000000000
  0xcc90	28 cd 00 00 00 00 00 00 00 00 00 00 00 00 00 00 	(000000000000000
  0xcca0	00 00 00 00 00 00 00 00 00 00 00 00 00 00 00 00 	0000000000000000
  0xccb0	00 00 00 00 00 00 00 00 00 00 00 00 00 00 00 00 	0000000000000000
  0xccc0	e0 cc 00 00 00 00 00 00 00 00 00 00 00 00 00 00 	0000000000000000
  0xccd0	06 cd 00 00 00 00 00 00 00 00 00 00 00 00 00 00 	0000000000000000
  0xcce0	02 00 43 72 65 64 55 49 43 6d 64 4c 69 6e 65 50 	00CredUICmdLineP
  0xccf0	72 6f 6d 70 74 46 6f 72 43 72 65 64 65 6e 74 69 	romptForCredenti
  0xcd00	61 6c 73 57 00 00 01 00 4e 65 74 53 65 72 76 65 	alsW0000NetServe
  0xcd10	72 45 6e 75 6d 00 00 00 00 00 00 00 00 00 00 00 	rEnum00000000000
  0xcd20	00 00 00 00 00 00 00 00 00 00 00 00 00 00 00 00 	0000000000000000
  0xcd30	00 00 00 00 00 00 00 00 60 d2 00 00 00 00 00 00 	00000000`0000000
  0xcd40	00 00 00 00 d8 d5 00 00 18 b4 00 00 50 d1 00 00 	000000000000P000
  0xcd50	00 00 00 00 00 00 00 00 f8 da 00 00 08 b3 00 00 	0000000000000000
  0xcd60	18 d0 00 00 00 00 00 00 00 00 00 00 26 db 00 00 	000000000000&000
  0xcd70	d0 b1 00 00 30 d1 00 00 00 00 00 00 00 00 00 00 	0000000000000000
  0xcd80	4a db 00 00 e8 b2 00 00 20 d2 00 00 00 00 00 00 	J0000000 0000000
  0xcd90	00 00 00 00 72 db 00 00 d8 b3 00 00 40 d2 00 00 	0000r0000000@000
  0xcda0	00 00 00 00 00 00 00 00 94 db 00 00 f8 b3 00 00 	0000000000000000
  0xcdb0	88 d0 00 00 00 00 00 00 00 00 00 00 b8 db 00 00 	0000000000000000
  0xcdc0	40 b2 00 00 d0 d0 00 00 00 00 00 00 00 00 00 00 	@000000000000000
  0xcdd0	e2 db 00 00 88 b2 00 00 e0 d0 00 00 00 00 00 00 	0000000000000000
  0xcde0	00 00 00 00 04 dc 00 00 98 b2 00 00 68 d1 00 00 	000000000000h000
  0xcdf0	00 00 00 00 00 00 00 00 24 dc 00 00 20 b3 00 00 	00000000$000 000
  0xce00	c8 cf 00 00 00 00 00 00 00 00 00 00 4e dc 00 00 	000000000000N000
  0xce10	80 b1 00 00 b0 d1 00 00 00 00 00 00 00 00 00 00 	0000000000000000
  0xce20	56 dc 00 00 68 b3 00 00 50 d4 00 00 00 00 00 00 	V000h000P0000000
  0xce30	00 00 00 00 7a dc 00 00 08 b6 00 00 e0 d3 00 00 	0000z00000000000
  0xce40	00 00 00 00 00 00 00 00 86 dc 00 00 98 b5 00 00 	0000000000000000
  0xce50	28 d4 00 00 00 00 00 00 00 00 00 00 94 dc 00 00 	(000000000000000
  0xce60	e0 b5 00 00 b0 d0 00 00 00 00 00 00 00 00 00 00 	0000000000000000
  0xce70	a0 dc 00 00 68 b2 00 00 38 d4 00 00 00 00 00 00 	0000h00080000000
  0xce80	00 00 00 00 c0 dc 00 00 f0 b5 00 00 b8 cf 00 00 	0000000000000000
  0xce90	00 00 00 00 00 00 00 00 cc dc 00 00 70 b1 00 00 	000000000000p000
  0xcea0	30 d2 00 00 00 00 00 00 00 00 00 00 da dc 00 00 	0000000000000000
  0xceb0	e8 b3 00 00 f0 d1 00 00 00 00 00 00 00 00 00 00 	0000000000000000
  0xcec0	fc dc 00 00 a8 b3 00 00 08 d1 00 00 00 00 00 00 	0000000000000000
  0xced0	00 00 00 00 22 dd 00 00 c0 b2 00 00 a0 d1 00 00 	0000"00000000000
  0xcee0	00 00 00 00 00 00 00 00 4c dd 00 00 58 b3 00 00 	00000000L000X000
  0xcef0	48 d0 00 00 00 00 00 00 00 00 00 00 70 dd 00 00 	H00000000000p000
  0xcf00	00 b2 00 00 f0 d0 00 00 00 00 00 00 00 00 00 00 	0000000000000000
  0xcf10	94 dd 00 00 a8 b2 00 00 10 d2 00 00 00 00 00 00 	0000000000000000
  0xcf20	00 00 00 00 b4 dd 00 00 c8 b3 00 00 58 d0 00 00 	000000000000X000
  0xcf30	00 00 00 00 00 00 00 00 d6 dd 00 00 10 b2 00 00 	0000000000000000
  0xcf40	e0 d1 00 00 00 00 00 00 00 00 00 00 08 de 00 00 	0000000000000000
  0xcf50	98 b3 00 00 08 d0 00 00 00 00 00 00 00 00 00 00 	0000000000000000
  0xcf60	48 de 00 00 c0 b1 00 00 18 d4 00 00 00 00 00 00 	H000000000000000
  0xcf70	00 00 00 00 ba de 00 00 d0 b5 00 00 78 d0 00 00 	000000000000x000
  0xcf80	00 00 00 00 00 00 00 00 7c df 00 00 30 b2 00 00 	00000000|0000000
  0xcf90	68 d0 00 00 00 00 00 00 00 00 00 00 a2 df 00 00 	h000000000000000
  0xcfa0	20 b2 00 00 00 00 00 00 00 00 00 00 00 00 00 00 	 000000000000000
  0xcfb0	00 00 00 00 00 00 00 00 22 d8 00 00 00 00 00 00 	00000000"0000000
  0xcfc0	00 00 00 00 00 00 00 00 ea d6 00 00 00 00 00 00 	0000000000000000
  0xcfd0	70 d7 00 00 00 00 00 00 a4 d7 00 00 00 00 00 00 	p000000000000000
  0xcfe0	e8 d7 00 00 00 00 00 00 da d6 00 00 00 00 00 00 	0000000000000000
  0xcff0	4a d7 00 00 00 00 00 00 24 d7 00 00 00 00 00 00 	J0000000$0000000
  0xd000	00 00 00 00 00 00 00 00 2c de 00 00 00 00 00 00 	00000000,0000000
  0xd010	00 00 00 00 00 00 00 00 58 da 00 00 00 00 00 00 	00000000X0000000
  0xd020	96 d9 00 00 00 00 00 00 84 d9 00 00 00 00 00 00 	0000000000000000
  0xd030	72 d9 00 00 00 00 00 00 0a d6 00 00 00 00 00 00 	r000000000000000
  0xd040	00 00 00 00 00 00 00 00 a6 d9 00 00 00 00 00 00 	0000000000000000
  0xd050	00 00 00 00 00 00 00 00 aa da 00 00 00 00 00 00 	0000000000000000
  0xd060	00 00 00 00 00 00 00 00 64 df 00 00 00 00 00 00 	00000000d0000000
  0xd070	00 00 00 00 00 00 00 00 4c df 00 00 00 00 00 00 	00000000L0000000
  0xd080	00 00 00 00 00 00 00 00 a8 d8 00 00 00 00 00 00 	0000000000000000
  0xd090	ec d9 00 00 00 00 00 00 8c d8 00 00 00 00 00 00 	0000000000000000
  0xd0a0	7e d6 00 00 00 00 00 00 00 00 00 00 00 00 00 00 	~000000000000000
  0xd0b0	3a da 00 00 00 00 00 00 8a da 00 00 00 00 00 00 	:000000000000000
  0xd0c0	02 d8 00 00 00 00 00 00 00 00 00 00 00 00 00 00 	0000000000000000
  0xd0d0	8e d6 00 00 00 00 00 00 00 00 00 00 00 00 00 00 	0000000000000000
  0xd0e0	9c d6 00 00 00 00 00 00 00 00 00 00 00 00 00 00 	0000000000000000
  0xd0f0	68 da 00 00 00 00 00 00 c8 da 00 00 00 00 00 00 	h000000000000000
  0xd100	00 00 00 00 00 00 00 00 ee d8 00 00 00 00 00 00 	0000000000000000
  0xd110	98 da 00 00 00 00 00 00 d6 da 00 00 00 00 00 00 	0000000000000000
  0xd120	fc d9 00 00 00 00 00 00 00 00 00 00 00 00 00 00 	0000000000000000
  0xd130	46 da 00 00 00 00 00 00 30 d6 00 00 00 00 00 00 	F000000000000000
  0xd140	3c d6 00 00 00 00 00 00 00 00 00 00 00 00 00 00 	<000000000000000
  0xd150	f8 d5 00 00 00 00 00 00 20 d6 00 00 00 00 00 00 	00000000 0000000
  0xd160	00 00 00 00 00 00 00 00 1c d9 00 00 00 00 00 00 	0000000000000000
  0xd170	32 d9 00 00 00 00 00 00 c6 d8 00 00 00 00 00 00 	2000000000000000
  0xd180	b2 d6 00 00 00 00 00 00 da d8 00 00 00 00 00 00 	0000000000000000
  0xd190	c4 d6 00 00 00 00 00 00 00 00 00 00 00 00 00 00 	0000000000000000
  0xd1a0	02 d9 00 00 00 00 00 00 00 00 00 00 00 00 00 00 	0000000000000000
  0xd1b0	14 d7 00 00 00 00 00 00 38 d7 00 00 00 00 00 00 	0000000080000000
  0xd1c0	00 d7 00 00 00 00 00 00 b4 d7 00 00 00 00 00 00 	0000000000000000
  0xd1d0	5e d7 00 00 00 00 00 00 00 00 00 00 00 00 00 00 	^000000000000000
  0xd1e0	fa dd 00 00 00 00 00 00 00 00 00 00 00 00 00 00 	0000000000000000
  0xd1f0	4a d8 00 00 00 00 00 00 5e d8 00 00 00 00 00 00 	J0000000^0000000
  0xd200	78 d8 00 00 00 00 00 00 00 00 00 00 00 00 00 00 	x000000000000000
  0xd210	74 da 00 00 00 00 00 00 00 00 00 00 00 00 00 00 	t000000000000000
  0xd220	52 d6 00 00 00 00 00 00 00 00 00 00 00 00 00 00 	R000000000000000
  0xd230	42 d8 00 00 00 00 00 00 00 00 00 00 00 00 00 00 	B000000000000000
  0xd240	68 d6 00 00 00 00 00 00 62 d9 00 00 00 00 00 00 	h0000000b0000000
  0xd250	48 d9 00 00 00 00 00 00 00 00 00 00 00 00 00 00 	H000000000000000
  0xd260	c4 d4 00 00 00 00 00 00 78 d4 00 00 00 00 00 00 	00000000x0000000
  0xd270	ba d4 00 00 00 00 00 00 d0 d4 00 00 00 00 00 00 	0000000000000000
  0xd280	dc d4 00 00 00 00 00 00 e8 d4 00 00 00 00 00 00 	0000000000000000
  0xd290	f2 d4 00 00 00 00 00 00 c8 df 00 00 00 00 00 00 	0000000000000000
  0xd2a0	fe d4 00 00 00 00 00 00 d8 df 00 00 00 00 00 00 	0000000000000000
  0xd2b0	36 df 00 00 00 00 00 00 2c df 00 00 00 00 00 00 	60000000,0000000
  0xd2c0	e2 df 00 00 00 00 00 00 08 d5 00 00 00 00 00 00 	0000000000000000
  0xd2d0	10 d5 00 00 00 00 00 00 1a d5 00 00 00 00 00 00 	0000000000000000
  0xd2e0	42 df 00 00 00 00 00 00 24 d5 00 00 00 00 00 00 	B0000000$0000000
  0xd2f0	30 d5 00 00 00 00 00 00 3a d5 00 00 00 00 00 00 	00000000:0000000
  0xd300	ec df 00 00 00 00 00 00 b0 d4 00 00 00 00 00 00 	0000000000000000
  0xd310	22 df 00 00 00 00 00 00 18 df 00 00 00 00 00 00 	"000000000000000
  0xd320	0e df 00 00 00 00 00 00 a4 d4 00 00 00 00 00 00 	0000000000000000
  0xd330	e4 d5 00 00 00 00 00 00 cc d5 00 00 00 00 00 00 	0000000000000000
  0xd340	c2 d5 00 00 00 00 00 00 aa d5 00 00 00 00 00 00 	0000000000000000
  0xd350	9e d5 00 00 00 00 00 00 8a d5 00 00 00 00 00 00 	0000000000000000
  0xd360	80 d5 00 00 00 00 00 00 78 d5 00 00 00 00 00 00 	00000000x0000000
  0xd370	66 d5 00 00 00 00 00 00 56 d5 00 00 00 00 00 00 	f0000000V0000000
  0xd380	98 d4 00 00 00 00 00 00 8c d4 00 00 00 00 00 00 	0000000000000000
  0xd390	04 df 00 00 00 00 00 00 fc de 00 00 00 00 00 00 	0000000000000000
  0xd3a0	f2 de 00 00 00 00 00 00 e2 de 00 00 00 00 00 00 	0000000000000000
  0xd3b0	d2 de 00 00 00 00 00 00 c4 de 00 00 00 00 00 00 	0000000000000000
  0xd3c0	80 d4 00 00 00 00 00 00 48 d5 00 00 00 00 00 00 	00000000H0000000
  0xd3d0	f6 df 00 00 00 00 00 00 00 00 00 00 00 00 00 00 	0000000000000000
  0xd3e0	94 de 00 00 00 00 00 00 7c de 00 00 00 00 00 00 	00000000|0000000
  0xd3f0	6c de 00 00 00 00 00 00 ba d9 00 00 00 00 00 00 	l000000000000000
  0xd400	c2 d7 00 00 00 00 00 00 d4 d9 00 00 00 00 00 00 	0000000000000000
  0xd410	00 00 00 00 00 00 00 00 a8 de 00 00 00 00 00 00 	0000000000000000
  0xd420	00 00 00 00 00 00 00 00 d6 d7 00 00 00 00 00 00 	0000000000000000
  0xd430	00 00 00 00 00 00 00 00 e4 da 00 00 00 00 00 00 	0000000000000000
  0xd440	12 d8 00 00 00 00 00 00 00 00 00 00 00 00 00 00 	0000000000000000
  0xd450	94 d7 00 00 00 00 00 00 86 d7 00 00 00 00 00 00 	0000000000000000
  0xd460	12 da 00 00 00 00 00 00 28 da 00 00 00 00 00 00 	00000000(0000000
  0xd470	00 00 00 00 00 00 00 00 32 04 65 78 69 74 00 00 	0000000020exit00
  0xd480	b1 04 73 65 74 6c 6f 63 61 6c 65 00 05 05 77 63 	00setlocale000wc
  0xd490	73 63 70 79 5f 73 00 00 00 05 77 63 73 63 61 74 	scpy_s0000wcscat
  0xd4a0	5f 73 00 00 c8 02 5f 73 65 74 6d 6f 64 65 00 00 	_s0000_setmode00
  0xd4b0	1b 01 5f 66 69 6c 65 6e 6f 00 01 05 77 63 73 63 	00_fileno000wcsc
  0xd4c0	68 72 00 00 94 03 5f 77 63 73 6e 69 63 6d 70 00 	hr0000_wcsnicmp0
  0xd4d0	b9 04 73 70 72 69 6e 74 66 5f 73 00 8a 03 5f 77 	00sprintf_s000_w
  0xd4e0	63 73 69 63 6d 70 00 00 3a 03 5f 75 6c 74 6f 77 	csicmp00:0_ultow
  0xd4f0	00 00 72 04 69 73 77 63 74 79 70 65 00 00 a6 03 	00r0iswctype0000
  0xd500	5f 77 63 73 75 70 72 00 a4 04 71 73 6f 72 74 00 	_wcsupr000qsort0
  0xd510	0f 05 77 63 73 70 62 72 6b 00 0b 05 77 63 73 6e 	00wcspbrk000wcsn
  0xd520	63 6d 70 00 0d 05 77 63 73 6e 63 70 79 5f 73 00 	cmp000wcsncpy_s0
  0xd530	10 05 77 63 73 72 63 68 72 00 55 00 5f 58 63 70 	00wcsrchr0U0_Xcp
  0xd540	74 46 69 6c 74 65 72 00 ae 00 5f 61 6d 73 67 5f 	tFilter000_amsg_
  0xd550	65 78 69 74 00 00 7f 00 5f 5f 67 65 74 6d 61 69 	exit0000__getmai
  0xd560	6e 61 72 67 73 00 8e 00 5f 5f 73 65 74 5f 61 70 	nargs000__set_ap
  0xd570	70 5f 74 79 70 65 00 00 0e 01 5f 65 78 69 74 00 	p_type0000_exit0
  0xd580	c1 00 5f 63 65 78 69 74 00 00 90 00 5f 5f 73 65 	00_cexit0000__se
  0xd590	74 75 73 65 72 6d 61 74 68 65 72 72 00 00 7d 01 	tusermatherr00}0
  0xd5a0	5f 69 6e 69 74 74 65 72 6d 00 57 00 5f 5f 43 5f 	_initterm0W0__C_
  0xd5b0	73 70 65 63 69 66 69 63 5f 68 61 6e 64 6c 65 72 	specific_handler
  0xd5c0	00 00 27 01 5f 66 6d 6f 64 65 00 00 d2 00 5f 63 	00'0_fmode0000_c
  0xd5d0	6f 6d 6d 6f 64 65 00 00 6d 73 76 63 72 74 2e 64 	ommode00msvcrt.d
  0xd5e0	6c 6c 00 00 2f 00 3f 74 65 72 6d 69 6e 61 74 65 	ll00/0?terminate
  0xd5f0	40 40 59 41 58 58 5a 00 05 00 47 65 74 43 6f 6d 	@@YAXXZ000GetCom
  0xd600	6d 61 6e 64 4c 69 6e 65 57 00 07 00 47 65 74 43 	mandLineW000GetC
  0xd610	6f 6e 73 6f 6c 65 4f 75 74 70 75 74 43 50 00 00 	onsoleOutputCP00
  0xd620	0c 00 47 65 74 53 74 64 48 61 6e 64 6c 65 00 00 	00GetStdHandle00
  0xd630	0b 00 47 65 74 43 50 49 6e 66 6f 00 3f 00 53 65 	00GetCPInfo0?0Se
  0xd640	74 54 68 72 65 61 64 55 49 4c 61 6e 67 75 61 67 	tThreadUILanguag
  0xd650	65 00 36 00 57 61 69 74 46 6f 72 53 69 6e 67 6c 	e060WaitForSingl
  0xd660	65 4f 62 6a 65 63 74 00 0f 00 47 65 74 53 79 73 	eObject000GetSys
  0xd670	74 65 6d 44 69 72 65 63 74 6f 72 79 57 00 05 00 	temDirectoryW000
  0xd680	47 65 74 4c 61 73 74 45 72 72 6f 72 00 00 00 00 	GetLastError0000
  0xd690	43 6c 6f 73 65 48 61 6e 64 6c 65 00 0a 00 48 65 	CloseHandle000He
  0xd6a0	61 70 53 65 74 49 6e 66 6f 72 6d 61 74 69 6f 6e 	apSetInformation
  0xd6b0	00 00 03 00 43 72 65 61 74 65 50 72 6f 63 65 73 	0000CreateProces
  0xd6c0	73 57 00 00 13 00 47 65 74 45 78 69 74 43 6f 64 	sW0000GetExitCod
  0xd6d0	65 50 72 6f 63 65 73 73 00 00 19 00 57 4e 65 74 	eProcess0000WNet
  0xd6e0	43 6c 6f 73 65 45 6e 75 6d 00 2d 00 57 4e 65 74 	CloseEnum0-0WNet
  0xd6f0	47 65 74 43 6f 6e 6e 65 63 74 69 6f 6e 57 00 00 	GetConnectionW00
  0xd700	25 00 52 65 67 51 75 65 72 79 56 61 6c 75 65 45 	%0RegQueryValueE
  0xd710	78 57 00 00 1e 00 52 65 67 4f 70 65 6e 4b 65 79 	xW0000RegOpenKey
  0xd720	45 78 57 00 32 00 57 4e 65 74 47 65 74 4c 61 73 	ExW020WNetGetLas
  0xd730	74 45 72 72 6f 72 57 00 2e 00 52 65 67 53 65 74 	tErrorW0.0RegSet
  0xd740	56 61 6c 75 65 45 78 57 00 00 25 00 57 4e 65 74 	ValueExW00%0WNet
  0xd750	45 6e 75 6d 52 65 73 6f 75 72 63 65 57 00 03 00 	EnumResourceW000
  0xd760	52 65 67 43 72 65 61 74 65 4b 65 79 45 78 57 00 	RegCreateKeyExW0
  0xd770	0d 00 57 4e 65 74 41 64 64 43 6f 6e 6e 65 63 74 	00WNetAddConnect
  0xd780	69 6f 6e 32 57 00 0b 00 4e 65 74 55 73 65 45 6e 	ion2W000NetUseEn
  0xd790	75 6d 00 00 0c 00 4e 65 74 55 73 65 47 65 74 49 	um0000NetUseGetI
  0xd7a0	6e 66 6f 00 46 00 57 4e 65 74 4f 70 65 6e 45 6e 	nfo0F0WNetOpenEn
  0xd7b0	75 6d 57 00 00 00 52 65 67 43 6c 6f 73 65 4b 65 	umW000RegCloseKe
  0xd7c0	79 00 01 00 4e 65 74 41 70 69 42 75 66 66 65 72 	y000NetApiBuffer
  0xd7d0	46 72 65 65 00 00 1b 00 4e 65 74 55 73 65 72 47 	Free0000NetUserG
  0xd7e0	65 74 49 6e 66 6f 00 00 15 00 57 4e 65 74 43 61 	etInfo0000WNetCa
  0xd7f0	6e 63 65 6c 43 6f 6e 6e 65 63 74 69 6f 6e 32 57 	ncelConnection2W
  0xd800	00 00 28 00 47 65 74 44 72 69 76 65 54 79 70 65 	00(0GetDriveType
  0xd810	57 00 33 00 4e 65 74 53 68 61 72 65 45 6e 75 6d 	W030NetShareEnum
  0xd820	00 00 4b 00 47 65 74 43 75 72 72 65 6e 74 54 68 	00K0GetCurrentTh
  0xd830	72 65 61 64 43 6f 6d 70 61 72 74 6d 65 6e 74 49 	readCompartmentI
  0xd840	64 00 2d 00 53 6c 65 65 70 00 02 00 52 74 6c 43 	d0-0Sleep000RtlC
  0xd850	61 70 74 75 72 65 43 6f 6e 74 65 78 74 00 0a 00 	aptureContext000
  0xd860	52 74 6c 4c 6f 6f 6b 75 70 46 75 6e 63 74 69 6f 	RtlLookupFunctio
  0xd870	6e 45 6e 74 72 79 00 00 10 00 52 74 6c 56 69 72 	nEntry0000RtlVir
  0xd880	74 75 61 6c 55 6e 77 69 6e 64 00 00 11 00 55 6e 	tualUnwind0000Un
  0xd890	68 61 6e 64 6c 65 64 45 78 63 65 70 74 69 6f 6e 	handledException
  0xd8a0	46 69 6c 74 65 72 00 00 0f 00 53 65 74 55 6e 68 	Filter0000SetUnh
  0xd8b0	61 6e 64 6c 65 64 45 78 63 65 70 74 69 6f 6e 46 	andledExceptionF
  0xd8c0	69 6c 74 65 72 00 0c 00 47 65 74 43 75 72 72 65 	ilter000GetCurre
  0xd8d0	6e 74 50 72 6f 63 65 73 73 00 4e 00 54 65 72 6d 	ntProcess0N0Term
  0xd8e0	69 6e 61 74 65 50 72 6f 63 65 73 73 00 00 14 00 	inateProcess0000
  0xd8f0	47 65 74 4d 6f 64 75 6c 65 48 61 6e 64 6c 65 57 	GetModuleHandleW
  0xd900	00 00 00 00 51 75 65 72 79 50 65 72 66 6f 72 6d 	0000QueryPerform
  0xd910	61 6e 63 65 43 6f 75 6e 74 65 72 00 0d 00 47 65 	anceCounter000Ge
  0xd920	74 43 75 72 72 65 6e 74 50 72 6f 63 65 73 73 49 	tCurrentProcessI
  0xd930	64 00 11 00 47 65 74 43 75 72 72 65 6e 74 54 68 	d000GetCurrentTh
  0xd940	72 65 61 64 49 64 00 00 16 00 47 65 74 53 79 73 	readId0000GetSys
  0xd950	74 65 6d 54 69 6d 65 41 73 46 69 6c 65 54 69 6d 	temTimeAsFileTim
  0xd960	65 00 1a 00 47 65 74 54 69 63 6b 43 6f 75 6e 74 	e000GetTickCount
  0xd970	00 00 11 00 53 65 74 43 6f 6e 73 6f 6c 65 4d 6f 	0000SetConsoleMo
  0xd980	64 65 00 00 06 00 47 65 74 43 6f 6e 73 6f 6c 65 	de0000GetConsole
  0xd990	4d 6f 64 65 00 00 0e 00 52 65 61 64 43 6f 6e 73 	Mode0000ReadCons
  0xd9a0	6f 6c 65 57 00 00 0a 00 50 65 65 6b 43 6f 6e 73 	oleW0000PeekCons
  0xd9b0	6f 6c 65 49 6e 70 75 74 57 00 02 00 4e 65 74 41 	oleInputW000NetA
  0xd9c0	70 69 42 75 66 66 65 72 52 65 61 6c 6c 6f 63 61 	piBufferRealloca
  0xd9d0	74 65 00 00 00 00 4e 65 74 41 70 69 42 75 66 66 	te0000NetApiBuff
  0xd9e0	65 72 41 6c 6c 6f 63 61 74 65 00 00 0d 00 53 65 	erAllocate0000Se
  0xd9f0	74 4c 61 73 74 45 72 72 6f 72 00 00 10 00 47 65 	tLastError0000Ge
  0xda00	74 4d 6f 64 75 6c 65 46 69 6c 65 4e 61 6d 65 57 	tModuleFileNameW
  0xda10	00 00 15 00 4e 65 74 57 6b 73 74 61 55 73 65 72 	0000NetWkstaUser
  0xda20	47 65 74 49 6e 66 6f 00 0e 00 4e 65 74 57 6b 73 	GetInfo000NetWks
  0xda30	74 61 47 65 74 49 6e 66 6f 00 5b 00 57 72 69 74 	taGetInfo0[0Writ
  0xda40	65 46 69 6c 65 00 09 00 46 6f 72 6d 61 74 4d 65 	eFile000FormatMe
  0xda50	73 73 61 67 65 57 00 00 13 00 57 72 69 74 65 43 	ssageW0000WriteC
  0xda60	6f 6e 73 6f 6c 65 57 00 03 00 4c 6f 63 61 6c 46 	onsoleW000LocalF
  0xda70	72 65 65 00 07 00 57 69 64 65 43 68 61 72 54 6f 	ree000WideCharTo
  0xda80	4d 75 6c 74 69 42 79 74 65 00 31 00 47 65 74 46 	MultiByte010GetF
  0xda90	69 6c 65 54 79 70 65 00 18 00 4c 6f 61 64 4c 69 	ileType000LoadLi
  0xdaa0	62 72 61 72 79 45 78 57 00 00 09 00 47 65 74 43 	braryExW0000GetC
  0xdab0	6f 6e 73 6f 6c 65 53 63 72 65 65 6e 42 75 66 66 	onsoleScreenBuff
  0xdac0	65 72 49 6e 66 6f 00 00 02 00 4c 6f 63 61 6c 41 	erInfo0000LocalA
  0xdad0	6c 6c 6f 63 00 00 0c 00 46 72 65 65 4c 69 62 72 	lloc0000FreeLibr
  0xdae0	61 72 79 00 24 00 4e 65 74 53 65 72 76 65 72 47 	ary0$0NetServerG
  0xdaf0	65 74 49 6e 66 6f 00 00 61 70 69 2d 6d 73 2d 77 	etInfo00api-ms-w
  0xdb00	69 6e 2d 63 6f 72 65 2d 70 72 6f 63 65 73 73 65 	in-core-processe
  0xdb10	6e 76 69 72 6f 6e 6d 65 6e 74 2d 6c 31 2d 31 2d 	nvironment-l1-1-
  0xdb20	30 2e 64 6c 6c 00 61 70 69 2d 6d 73 2d 77 69 6e 	0.dll0api-ms-win
  0xdb30	2d 63 6f 72 65 2d 63 6f 6e 73 6f 6c 65 2d 6c 31 	-core-console-l1
  0xdb40	2d 31 2d 30 2e 64 6c 6c 00 00 61 70 69 2d 6d 73 	-1-0.dll00api-ms
  0xdb50	2d 77 69 6e 2d 63 6f 72 65 2d 6c 6f 63 61 6c 69 	-win-core-locali
  0xdb60	7a 61 74 69 6f 6e 2d 6c 31 2d 32 2d 30 2e 64 6c 	zation-l1-2-0.dl
  0xdb70	6c 00 61 70 69 2d 6d 73 2d 77 69 6e 2d 63 6f 72 	l0api-ms-win-cor
  0xdb80	65 2d 73 79 6e 63 68 2d 6c 31 2d 31 2d 30 2e 64 	e-synch-l1-1-0.d
  0xdb90	6c 6c 00 00 61 70 69 2d 6d 73 2d 77 69 6e 2d 63 	ll00api-ms-win-c
  0xdba0	6f 72 65 2d 73 79 73 69 6e 66 6f 2d 6c 31 2d 31 	ore-sysinfo-l1-1
  0xdbb0	2d 30 2e 64 6c 6c 00 00 61 70 69 2d 6d 73 2d 77 	-0.dll00api-ms-w
  0xdbc0	69 6e 2d 63 6f 72 65 2d 65 72 72 6f 72 68 61 6e 	in-core-errorhan
  0xdbd0	64 6c 69 6e 67 2d 6c 31 2d 31 2d 30 2e 64 6c 6c 	dling-l1-1-0.dll
  0xdbe0	00 00 61 70 69 2d 6d 73 2d 77 69 6e 2d 63 6f 72 	00api-ms-win-cor
  0xdbf0	65 2d 68 61 6e 64 6c 65 2d 6c 31 2d 31 2d 30 2e 	e-handle-l1-1-0.
  0xdc00	64 6c 6c 00 61 70 69 2d 6d 73 2d 77 69 6e 2d 63 	dll0api-ms-win-c
  0xdc10	6f 72 65 2d 68 65 61 70 2d 6c 31 2d 31 2d 30 2e 	ore-heap-l1-1-0.
  0xdc20	64 6c 6c 00 61 70 69 2d 6d 73 2d 77 69 6e 2d 63 	dll0api-ms-win-c
  0xdc30	6f 72 65 2d 70 72 6f 63 65 73 73 74 68 72 65 61 	ore-processthrea
  0xdc40	64 73 2d 6c 31 2d 31 2d 30 2e 64 6c 6c 00 4d 50 	ds-l1-1-0.dll0MP
  0xdc50	52 2e 64 6c 6c 00 61 70 69 2d 6d 73 2d 77 69 6e 	R.dll0api-ms-win
  0xdc60	2d 63 6f 72 65 2d 72 65 67 69 73 74 72 79 2d 6c 	-core-registry-l
  0xdc70	31 2d 31 2d 30 2e 64 6c 6c 00 77 6b 73 63 6c 69 	1-1-0.dll0wkscli
  0xdc80	2e 64 6c 6c 00 00 6e 65 74 75 74 69 6c 73 2e 64 	.dll00netutils.d
  0xdc90	6c 6c 00 00 73 61 6d 63 6c 69 2e 64 6c 6c 00 00 	ll00samcli.dll00
  0xdca0	61 70 69 2d 6d 73 2d 77 69 6e 2d 63 6f 72 65 2d 	api-ms-win-core-
  0xdcb0	66 69 6c 65 2d 6c 31 2d 31 2d 30 2e 64 6c 6c 00 	file-l1-1-0.dll0
  0xdcc0	73 72 76 63 6c 69 2e 64 6c 6c 00 00 49 50 48 4c 	srvcli.dll00IPHL
  0xdcd0	50 41 50 49 2e 44 4c 4c 00 00 61 70 69 2d 6d 73 	PAPI.DLL00api-ms
  0xdce0	2d 77 69 6e 2d 63 6f 72 65 2d 73 79 6e 63 68 2d 	-win-core-synch-
  0xdcf0	6c 31 2d 32 2d 30 2e 64 6c 6c 00 00 61 70 69 2d 	l1-2-0.dll00api-
  0xdd00	6d 73 2d 77 69 6e 2d 63 6f 72 65 2d 72 74 6c 73 	ms-win-core-rtls
  0xdd10	75 70 70 6f 72 74 2d 6c 31 2d 31 2d 30 2e 64 6c 	upport-l1-1-0.dl
  0xdd20	6c 00 61 70 69 2d 6d 73 2d 77 69 6e 2d 63 6f 72 	l0api-ms-win-cor
  0xdd30	65 2d 6c 69 62 72 61 72 79 6c 6f 61 64 65 72 2d 	e-libraryloader-
  0xdd40	6c 31 2d 32 2d 30 2e 64 6c 6c 00 00 61 70 69 2d 	l1-2-0.dll00api-
  0xdd50	6d 73 2d 77 69 6e 2d 63 6f 72 65 2d 70 72 6f 66 	ms-win-core-prof
  0xdd60	69 6c 65 2d 6c 31 2d 31 2d 30 2e 64 6c 6c 00 00 	ile-l1-1-0.dll00
  0xdd70	61 70 69 2d 6d 73 2d 77 69 6e 2d 63 6f 72 65 2d 	api-ms-win-core-
  0xdd80	63 6f 6e 73 6f 6c 65 2d 6c 31 2d 32 2d 30 2e 64 	console-l1-2-0.d
  0xdd90	6c 6c 00 00 61 70 69 2d 6d 73 2d 77 69 6e 2d 63 	ll00api-ms-win-c
  0xdda0	6f 72 65 2d 68 65 61 70 2d 6c 32 2d 31 2d 30 2e 	ore-heap-l2-1-0.
  0xddb0	64 6c 6c 00 61 70 69 2d 6d 73 2d 77 69 6e 2d 63 	dll0api-ms-win-c
  0xddc0	6f 72 65 2d 73 74 72 69 6e 67 2d 6c 31 2d 31 2d 	ore-string-l1-1-
  0xddd0	30 2e 64 6c 6c 00 61 70 69 2d 6d 73 2d 77 69 6e 	0.dll0api-ms-win
  0xdde0	2d 63 6f 72 65 2d 63 6f 6e 73 6f 6c 65 2d 6c 32 	-core-console-l2
  0xddf0	2d 31 2d 30 2e 64 6c 6c 00 00 11 00 52 65 67 4f 	-1-0.dll0000RegO
  0xde00	70 65 6e 4b 65 79 57 00 61 70 69 2d 6d 73 2d 77 	penKeyW0api-ms-w
  0xde10	69 6e 2d 63 6f 72 65 2d 72 65 67 69 73 74 72 79 	in-core-registry
  0xde20	2d 6c 32 2d 31 2d 30 2e 64 6c 6c 00 00 00 41 70 	-l2-1-0.dll000Ap
  0xde30	69 53 65 74 51 75 65 72 79 41 70 69 53 65 74 50 	iSetQueryApiSetP
  0xde40	72 65 73 65 6e 63 65 00 61 70 69 2d 6d 73 2d 77 	resence0api-ms-w
  0xde50	69 6e 2d 63 6f 72 65 2d 61 70 69 71 75 65 72 79 	in-core-apiquery
  0xde60	2d 6c 31 2d 31 2d 30 2e 64 6c 6c 00 15 00 4e 65 	-l1-1-0.dll000Ne
  0xde70	74 70 77 50 61 74 68 54 79 70 65 00 05 00 4e 65 	tpwPathType000Ne
  0xde80	74 61 70 69 70 42 75 66 66 65 72 41 6c 6c 6f 63 	tapipBufferAlloc
  0xde90	61 74 65 00 12 00 4e 65 74 70 77 4e 61 6d 65 56 	ate000NetpwNameV
  0xdea0	61 6c 69 64 61 74 65 00 d2 02 52 74 6c 41 6c 6c 	alidate000RtlAll
  0xdeb0	6f 63 61 74 65 48 65 61 70 00 6e 74 64 6c 6c 2e 	ocateHeap0ntdll.
  0xdec0	64 6c 6c 00 81 00 5f 5f 69 6f 62 5f 66 75 6e 63 	dll000__iob_func
  0xded0	00 00 d7 02 5f 73 6e 77 70 72 69 6e 74 66 5f 73 	0000_snwprintf_s
  0xdee0	00 00 6b 03 5f 76 73 6e 77 70 72 69 6e 74 66 5f 	00k0_vsnwprintf_
  0xdef0	73 00 a0 04 70 75 74 63 68 61 72 00 4c 04 66 72 	s000putchar0L0fr
  0xdf00	65 65 00 00 86 04 6d 61 6c 6c 6f 63 00 00 13 05 	ee0000malloc0000
  0xdf10	77 63 73 73 70 6e 00 00 25 04 63 61 6c 6c 6f 63 	wcsspn00%0calloc
  0xdf20	00 00 06 05 77 63 73 63 73 70 6e 00 85 03 5f 77 	0000wcscspn000_w
  0xdf30	63 73 64 75 70 00 0a 05 77 63 73 6e 63 61 74 5f 	csdup000wcsncat_
  0xdf40	73 00 16 05 77 63 73 74 6f 6b 00 00 01 00 52 65 	s000wcstok0000Re
  0xdf50	73 6f 6c 76 65 44 65 6c 61 79 4c 6f 61 64 65 64 	solveDelayLoaded
  0xdf60	41 50 49 00 00 00 44 65 6c 61 79 4c 6f 61 64 46 	API000DelayLoadF
  0xdf70	61 69 6c 75 72 65 48 6f 6f 6b 00 00 61 70 69 2d 	ailureHook00api-
  0xdf80	6d 73 2d 77 69 6e 2d 63 6f 72 65 2d 64 65 6c 61 	ms-win-core-dela
  0xdf90	79 6c 6f 61 64 2d 6c 31 2d 31 2d 31 2e 64 6c 6c 	yload-l1-1-1.dll
  0xdfa0	00 00 61 70 69 2d 6d 73 2d 77 69 6e 2d 63 6f 72 	00api-ms-win-cor
  0xdfb0	65 2d 64 65 6c 61 79 6c 6f 61 64 2d 6c 31 2d 31 	e-delayload-l1-1
  0xdfc0	2d 30 2e 64 6c 6c 00 00 e1 01 5f 6c 6f 63 61 6c 	-0.dll0000_local
  0xdfd0	5f 75 6e 77 69 6e 64 00 92 04 6d 65 6d 63 70 79 	_unwind000memcpy
  0xdfe0	00 00 94 04 6d 65 6d 6d 6f 76 65 00 96 04 6d 65 	0000memmove000me
  0xdff0	6d 73 65 74 00 00 02 05 77 63 73 63 6d 70 00 00 	mset0000wcscmp00
=== DATA BLOCK END ===

=== DATA BLOCK ADDRESS 0xe000 ===
  0xe000	58 02 00 00 00 00 00 00 48 bd 00 40 01 00 00 00 	X0000000H00@0000
  0xe010	59 02 00 00 00 00 00 00 50 bd 00 40 01 00 00 00 	Y0000000P00@0000
  0xe020	00 00 00 00 00 00 00 00 00 00 00 00 00 00 00 00 	0000000000000000
  0xe030	90 e3 00 40 01 00 00 00 00 00 00 00 00 00 00 00 	000@000000000000
  0xe040	01 00 00 00 00 00 00 00 a0 e3 00 40 01 00 00 00 	00000000000@0000
  0xe050	00 00 00 00 00 00 00 00 01 00 00 00 00 00 00 00 	0000000000000000
  0xe060	80 e3 00 40 01 00 00 00 00 00 00 00 00 00 00 00 	000@000000000000
  0xe070	00 00 00 00 00 00 00 00 70 e3 00 40 01 00 00 00 	00000000p00@0000
  0xe080	00 00 00 00 00 00 00 00 00 00 00 00 00 00 00 00 	0000000000000000
  0xe090	00 00 00 00 00 00 00 00 00 00 00 00 00 00 00 00 	0000000000000000
  0xe0a0	00 00 00 00 00 00 00 00 00 00 00 00 00 00 00 00 	0000000000000000
  0xe0b0	48 e3 00 40 01 00 00 00 00 00 00 00 00 00 00 00 	H00@000000000000
  0xe0c0	02 00 00 00 00 00 00 00 30 e3 00 40 01 00 00 00 	00000000000@0000
  0xe0d0	00 00 00 00 00 00 00 00 02 00 00 00 00 00 00 00 	0000000000000000
  0xe0e0	b8 e3 00 40 01 00 00 00 00 00 00 00 00 00 00 00 	000@000000000000
  0xe0f0	00 00 00 00 00 00 00 00 c0 e2 00 40 01 00 00 00 	00000000000@0000
  0xe100	00 00 00 00 00 00 00 00 00 00 00 00 00 00 00 00 	0000000000000000
  0xe110	58 e3 00 40 01 00 00 00 00 00 00 00 00 00 00 00 	X00@000000000000
  0xe120	00 00 00 00 00 00 00 00 d8 e2 00 40 01 00 00 00 	00000000000@0000
  0xe130	00 00 00 00 00 00 00 00 00 00 00 00 00 00 00 00 	0000000000000000
  0xe140	a0 e2 00 40 01 00 00 00 00 00 00 00 00 00 00 00 	000@000000000000
  0xe150	00 00 00 00 00 00 00 00 00 e3 00 40 01 00 00 00 	00000000000@0000
  0xe160	00 00 00 00 00 00 00 00 00 00 00 00 00 00 00 00 	0000000000000000
  0xe170	20 e3 00 40 01 00 00 00 00 00 00 00 00 00 00 00 	 00@000000000000
  0xe180	00 00 00 00 00 00 00 00 00 00 00 00 00 00 00 00 	0000000000000000
  0xe190	00 00 00 00 00 00 00 00 00 00 00 00 00 00 00 00 	0000000000000000
  0xe1a0	60 bd 00 40 01 00 00 00 60 bd 00 40 01 00 00 00 	`00@0000`00@0000
  0xe1b0	60 bd 00 40 01 00 00 00 60 bd 00 40 01 00 00 00 	`00@0000`00@0000
  0xe1c0	60 bd 00 40 01 00 00 00 60 bd 00 40 01 00 00 00 	`00@0000`00@0000
  0xe1d0	60 bd 00 40 01 00 00 00 60 bd 00 40 01 00 00 00 	`00@0000`00@0000
  0xe1e0	60 bd 00 40 01 00 00 00 00 00 00 00 00 00 00 00 	`00@000000000000
  0xe1f0	28 e6 00 40 01 00 00 00 01 00 00 00 00 00 00 00 	(00@000000000000
  0xe200	2c e6 00 40 01 00 00 00 02 00 00 00 00 00 00 00 	,00@000000000000
  0xe210	00 00 00 00 00 00 00 00 00 00 00 00 00 00 00 00 	0000000000000000
  0xe220	00 00 00 00 00 00 00 00 00 00 00 00 00 00 00 00 	0000000000000000
  0xe230	00 00 00 00 00 00 00 00 00 00 00 00 00 00 00 00 	0000000000000000
  0xe240	00 00 00 00 00 00 00 00 00 00 00 00 00 00 00 00 	0000000000000000
  0xe250	00 00 00 00 00 00 00 00 00 00 00 00 00 00 00 00 	0000000000000000
  0xe260	00 00 00 00 00 00 00 00 00 00 00 00 00 00 00 00 	0000000000000000
  0xe270	00 00 00 00 00 00 00 00 00 00 00 00 00 00 00 00 	0000000000000000
  0xe280	01 00 00 00 00 00 00 00 32 a2 df 2d 99 2b 00 00 	00000000200-0+00
  0xe290	cd 5d 20 d2 66 d4 ff ff 00 00 00 00 00 00 00 00 	0] 0f00000000000
  0xe2a0	2f 00 52 00 45 00 51 00 55 00 49 00 52 00 45 00 	/0R0E0Q0U0I0R0E0
  0xe2b0	50 00 52 00 49 00 56 00 41 00 43 00 59 00 00 00 	P0R0I0V0A0C0Y000
  0xe2c0	2f 00 53 00 4d 00 41 00 52 00 54 00 43 00 41 00 	/0S0M0A0R0T0C0A0
  0xe2d0	52 00 44 00 00 00 00 00 2f 00 52 00 45 00 51 00 	R0D00000/0R0E0Q0
  0xe2e0	55 00 49 00 52 00 45 00 49 00 4e 00 54 00 45 00 	U0I0R0E0I0N0T0E0
  0xe2f0	47 00 52 00 49 00 54 00 59 00 00 00 00 00 00 00 	G0R0I0T0Y0000000
  0xe300	2f 00 57 00 52 00 49 00 54 00 45 00 54 00 48 00 	/0W0R0I0T0E0T0H0
  0xe310	52 00 4f 00 55 00 47 00 48 00 00 00 00 00 00 00 	R0O0U0G0H0000000
  0xe320	2f 00 44 00 45 00 4c 00 45 00 54 00 45 00 00 00 	/0D0E0L0E0T0E000
  0xe330	2f 00 50 00 45 00 52 00 53 00 49 00 53 00 54 00 	/0P0E0R0S0I0S0T0
  0xe340	45 00 4e 00 54 00 00 00 2f 00 55 00 53 00 45 00 	E0N0T000/0U0S0E0
  0xe350	52 00 00 00 00 00 00 00 2f 00 53 00 41 00 56 00 	R0000000/0S0A0V0
  0xe360	45 00 43 00 52 00 45 00 44 00 00 00 00 00 00 00 	E0C0R0E0D0000000
  0xe370	2f 00 41 00 4c 00 4c 00 00 00 00 00 00 00 00 00 	/0A0L0L000000000
  0xe380	2f 00 43 00 41 00 43 00 48 00 45 00 00 00 00 00 	/0C0A0C0H0E00000
  0xe390	2f 00 44 00 4f 00 4d 00 41 00 49 00 4e 00 00 00 	/0D0O0M0A0I0N000
  0xe3a0	2f 00 4e 00 45 00 54 00 57 00 4f 00 52 00 4b 00 	/0N0E0T0W0O0R0K0
  0xe3b0	00 00 00 00 00 00 00 00 2f 00 48 00 4f 00 4d 00 	00000000/0H0O0M0
  0xe3c0	45 00 00 00 00 00 00 00 00 00 00 00 00 00 00 00 	E000000000000000
  0xe3d0	73 12 00 00 00 00 00 00 00 00 00 00 00 00 00 00 	s000000000000000
  0xe3e0	74 12 00 00 00 00 00 00 00 00 00 00 00 00 00 00 	t000000000000000
  0xe3f0	75 12 00 00 00 00 00 00 00 00 00 00 00 00 00 00 	u000000000000000
  0xe400	e1 10 00 00 00 00 00 00 00 00 00 00 00 00 00 00 	0000000000000000
  0xe410	72 12 00 00 00 00 00 00 00 00 00 00 00 00 00 00 	r000000000000000
  0xe420	e1 10 00 00 00 00 00 00 00 00 00 00 00 00 00 00 	0000000000000000
  0xe430	76 12 00 00 00 00 00 00 00 00 00 00 00 00 00 00 	v000000000000000
  0xe440	77 12 00 00 00 00 00 00 00 00 00 00 00 00 00 00 	w000000000000000
  0xe450	6b 12 00 00 00 00 00 00 00 00 00 00 00 00 00 00 	k000000000000000
  0xe460	6d 12 00 00 00 00 00 00 00 00 00 00 00 00 00 00 	m000000000000000
  0xe470	6e 12 00 00 00 00 00 00 00 00 00 00 00 00 00 00 	n000000000000000
  0xe480	6f 12 00 00 00 00 00 00 00 00 00 00 00 00 00 00 	o000000000000000
  0xe490	70 12 00 00 00 00 00 00 00 00 00 00 00 00 00 00 	p000000000000000
  0xe4a0	71 12 00 00 00 00 00 00 00 00 00 00 00 00 00 00 	q000000000000000
  0xe4b0	78 12 00 00 00 00 00 00 00 00 00 00 00 00 00 00 	x000000000000000
  0xe4c0	5e 12 00 00 00 00 00 00 00 00 00 00 00 00 00 00 	^000000000000000
  0xe4d0	5f 12 00 00 00 00 00 00 00 00 00 00 00 00 00 00 	_000000000000000
  0xe4e0	66 12 00 00 00 00 00 00 00 00 00 00 00 00 00 00 	f000000000000000
  0xe4f0	68 12 00 00 00 00 00 00 00 00 00 00 00 00 00 00 	h000000000000000
  0xe500	67 12 00 00 00 00 00 00 00 00 00 00 00 00 00 00 	g000000000000000
  0xe510	69 12 00 00 00 00 00 00 00 00 00 00 00 00 00 00 	i000000000000000
  0xe520	e1 10 00 00 00 00 00 00 00 00 00 00 00 00 00 00 	0000000000000000
  0xe530	a2 12 00 00 00 00 00 00 00 00 00 00 00 00 00 00 	0000000000000000
  0xe540	a3 12 00 00 00 00 00 00 00 00 00 00 00 00 00 00 	0000000000000000
  0xe550	a4 12 00 00 00 00 00 00 00 00 00 00 00 00 00 00 	0000000000000000
  0xe560	a5 12 00 00 00 00 00 00 00 00 00 00 00 00 00 00 	0000000000000000
  0xe570	a6 12 00 00 00 00 00 00 00 00 00 00 00 00 00 00 	0000000000000000
  0xe580	2f 00 4e 00 4f 00 00 00 2f 00 59 00 45 00 53 00 	/0N0O000/0Y0E0S0
  0xe590	00 00 00 00 00 00 00 00 2f 00 48 00 45 00 4c 00 	00000000/0H0E0L0
  0xe5a0	50 00 00 00 2f 00 3f 00 00 00 00 00 00 00 00 00 	P000/0?000000000
  0xe5b0	cc 10 00 00 01 00 00 00 cd 10 00 00 02 00 00 00 	0000000000000000
  0xe5c0	f8 10 00 00 01 00 00 00 f9 10 00 00 02 00 00 00 	0000000000000000
  0xe5d0	00 00 00 00 00 00 00 00 08 00 00 00 a0 00 00 00 	0000000000000000
  0xe5e0	10 00 00 00 a8 00 00 00 ff ff ff ff ff ff ff ff 	0000000000000000
  0xe5f0	20 00 00 00 08 00 00 00 08 00 00 00 10 00 00 00 	 000000000000000
  0xe600	10 00 00 00 20 00 00 00 ff ff ff ff ff ff ff ff 	0000 00000000000
  0xe610	00 00 00 00 18 00 00 00 18 00 00 00 88 00 00 00 	0000000000000000
  0xe620	ff ff ff ff ff ff ff ff 59 65 73 00 4e 6f 00 00 	00000000Yes0No00
  0xe630	00 00 00 00 00 00 00 00 00 00 00 00 00 00 00 00 	0000000000000000
  0xe640	00 00 00 00 00 00 00 00 00 00 00 00 00 00 00 00 	0000000000000000
  0xe650	00 00 00 00 00 00 00 00 00 00 00 00 00 00 00 00 	0000000000000000
  0xe660	00 00 00 00 00 00 00 00 00 00 00 00 00 00 00 00 	0000000000000000
  0xe670	00 00 00 00 00 00 00 00 00 00 00 00 00 00 00 00 	0000000000000000
  0xe680	00 00 00 00 00 00 00 00 00 00 00 00 00 00 00 00 	0000000000000000
  0xe690	00 00 00 00 00 00 00 00 00 00 00 00 00 00 00 00 	0000000000000000
  0xe6a0	00 00 00 00 00 00 00 00 00 00 00 00 00 00 00 00 	0000000000000000
  0xe6b0	00 00 00 00 00 00 00 00 00 00 00 00 00 00 00 00 	0000000000000000
  0xe6c0	00 00 00 00 00 00 00 00 00 00 00 00 00 00 00 00 	0000000000000000
  0xe6d0	00 00 00 00 00 00 00 00 00 00 00 00 00 00 00 00 	0000000000000000
  0xe6e0	00 00 00 00 00 00 00 00 00 00 00 00 00 00 00 00 	0000000000000000
  0xe6f0	00 00 00 00 00 00 00 00 00 00 00 00 00 00 00 00 	0000000000000000
  0xe700	00 00 00 00 00 00 00 00 00 00 00 00 00 00 00 00 	0000000000000000
  0xe710	00 00 00 00 00 00 00 00 00 00 00 00 00 00 00 00 	0000000000000000
  0xe720	00 00 00 00 00 00 00 00 00 00 00 00 00 00 00 00 	0000000000000000
  0xe730	00 00 00 00 00 00 00 00 00 00 00 00 00 00 00 00 	0000000000000000
  0xe740	00 00 00 00 00 00 00 00 00 00 00 00 00 00 00 00 	0000000000000000
  0xe750	00 00 00 00 00 00 00 00 00 00 00 00 00 00 00 00 	0000000000000000
  0xe760	00 00 00 00 00 00 00 00 00 00 00 00 00 00 00 00 	0000000000000000
  0xe770	00 00 00 00 00 00 00 00 00 00 00 00 00 00 00 00 	0000000000000000
  0xe780	00 00 00 00 00 00 00 00 00 00 00 00 00 00 00 00 	0000000000000000
  0xe790	00 00 00 00 00 00 00 00 00 00 00 00 00 00 00 00 	0000000000000000
  0xe7a0	00 00 00 00 00 00 00 00 00 00 00 00 00 00 00 00 	0000000000000000
  0xe7b0	00 00 00 00 00 00 00 00 00 00 00 00 00 00 00 00 	0000000000000000
  0xe7c0	00 00 00 00 00 00 00 00 00 00 00 00 00 00 00 00 	0000000000000000
  0xe7d0	00 00 00 00 00 00 00 00 00 00 00 00 00 00 00 00 	0000000000000000
  0xe7e0	00 00 00 00 00 00 00 00 00 00 00 00 00 00 00 00 	0000000000000000
  0xe7f0	00 00 00 00 00 00 00 00 00 00 00 00 00 00 00 00 	0000000000000000
=== DATA BLOCK END ===

=== DATA BLOCK ADDRESS 0x1a000 ===
  0x1a000	10 10 00 00 ee 11 00 00 68 c4 00 00 ee 11 00 00 	00000000h0000000
  0x1a010	d3 13 00 00 88 c4 00 00 e0 13 00 00 cf 15 00 00 	0000000000000000
  0x1a020	c8 c4 00 00 e0 15 00 00 e0 1a 00 00 f0 c4 00 00 	0000000000000000
  0x1a030	f0 1a 00 00 15 1b 00 00 1c c5 00 00 15 1b 00 00 	0000000000000000
  0x1a040	6a 1b 00 00 24 c5 00 00 6a 1b 00 00 7e 1b 00 00 	j000$000j000~000
  0x1a050	38 c5 00 00 7e 1b 00 00 8e 1b 00 00 48 c5 00 00 	8000~0000000H000
  0x1a060	8e 1b 00 00 8f 1b 00 00 5c c5 00 00 a0 1b 00 00 	0000000000000000
  0x1a070	ff 1b 00 00 6c c5 00 00 ff 1b 00 00 02 1e 00 00 	0000l00000000000
  0x1a080	80 c5 00 00 02 1e 00 00 23 23 00 00 a0 c5 00 00 	00000000##000000
  0x1a090	30 23 00 00 46 24 00 00 38 c6 00 00 50 24 00 00 	0#00F$008000P$00
  0x1a0a0	93 24 00 00 54 c6 00 00 93 24 00 00 bf 24 00 00 	0$00T0000$000$00
  0x1a0b0	64 c6 00 00 bf 24 00 00 3e 25 00 00 78 c6 00 00 	d0000$00>%00x000
  0x1a0c0	3e 25 00 00 51 25 00 00 94 c6 00 00 51 25 00 00 	>%00Q%000000Q%00
  0x1a0d0	52 25 00 00 a4 c6 00 00 60 25 00 00 bc 25 00 00 	R%000000`%000%00
  0x1a0e0	f8 c6 00 00 d0 25 00 00 a3 26 00 00 64 c8 00 00 	00000%000&00d000
  0x1a0f0	b0 26 00 00 f9 26 00 00 3c cc 00 00 00 27 00 00 	0&000&00<0000'00
  0x1a100	be 28 00 00 24 c7 00 00 d0 28 00 00 e2 28 00 00 	0(00$0000(000(00
  0x1a110	64 c8 00 00 00 29 00 00 1e 29 00 00 58 c7 00 00 	d0000)000)00X000
  0x1a120	24 29 00 00 58 29 00 00 f8 c7 00 00 60 29 00 00 	$)00X)000000`)00
  0x1a130	d1 2a 00 00 64 c7 00 00 d8 2a 00 00 cf 2b 00 00 	0*00d0000*000+00
  0x1a140	5c c7 00 00 e0 2b 00 00 19 2c 00 00 64 c8 00 00 	00000+000,00d000
  0x1a150	20 2c 00 00 38 2c 00 00 64 c8 00 00 4c 2c 00 00 	 ,008,00d000L,00
  0x1a160	a0 2c 00 00 6c c7 00 00 a8 2c 00 00 ed 2c 00 00 	0,00l0000,000,00
  0x1a170	f8 c7 00 00 60 2d 00 00 ad 2d 00 00 8c c7 00 00 	0000`-000-000000
  0x1a180	f4 2d 00 00 c8 2e 00 00 b0 c7 00 00 08 2f 00 00 	0-000.0000000/00
  0x1a190	26 2f 00 00 f8 c7 00 00 2c 2f 00 00 7a 2f 00 00 	&/000000,/00z/00
  0x1a1a0	64 c8 00 00 8c 2f 00 00 03 30 00 00 c4 c7 00 00 	d0000/0000000000
  0x1a1b0	28 30 00 00 9f 30 00 00 cc c7 00 00 a8 30 00 00 	(000000000000000
  0x1a1c0	f6 30 00 00 64 c8 00 00 08 31 00 00 24 31 00 00 	0000d0000100$100
  0x1a1d0	f8 c7 00 00 2c 31 00 00 42 31 00 00 64 c8 00 00 	0000,100B100d000
  0x1a1e0	48 31 00 00 68 31 00 00 64 c8 00 00 70 31 00 00 	H100h100d000p100
  0x1a1f0	8d 31 00 00 64 c8 00 00 94 31 00 00 ef 31 00 00 	0100d00001000100
  0x1a200	44 cc 00 00 40 32 00 00 42 32 00 00 c0 c7 00 00 	D000@200B2000000
  0x1a210	60 32 00 00 ad 32 00 00 50 cc 00 00 b3 32 00 00 	`2000200P0000200
  0x1a220	d1 32 00 00 50 c7 00 00 e0 32 00 00 00 33 00 00 	0200P00002000300
  0x1a230	50 c7 00 00 00 33 00 00 e4 33 00 00 a0 c4 00 00 	P000030003000000
  0x1a240	e4 33 00 00 51 35 00 00 b0 c4 00 00 52 35 00 00 	0300Q5000000R500
  0x1a250	c1 35 00 00 e0 c4 00 00 c2 35 00 00 ca 39 00 00 	0500000005000900
  0x1a260	0c c5 00 00 ca 39 00 00 de 39 00 00 b8 c5 00 00 	0000090009000000
  0x1a270	de 39 00 00 76 3a 00 00 c8 c5 00 00 76 3a 00 00 	0900v:000000v:00
  0x1a280	d8 3b 00 00 e0 c5 00 00 d8 3b 00 00 3d 45 00 00 	0;0000000;00=E00
  0x1a290	00 c6 00 00 3d 45 00 00 56 45 00 00 28 c6 00 00 	0000=E00VE00(000
  0x1a2a0	56 45 00 00 6b 45 00 00 44 c6 00 00 6c 45 00 00 	VE00kE00D000lE00
  0x1a2b0	7e 45 00 00 b4 c6 00 00 7e 45 00 00 96 45 00 00 	~E000000~E000E00
  0x1a2c0	c4 c6 00 00 96 45 00 00 32 47 00 00 d8 c6 00 00 	00000E002G000000
  0x1a2d0	32 47 00 00 f0 49 00 00 14 c7 00 00 f8 49 00 00 	2G000I0000000I00
  0x1a2e0	99 4a 00 00 ec c7 00 00 a0 4a 00 00 76 4c 00 00 	0J0000000J00vL00
  0x1a2f0	d4 c7 00 00 7c 4c 00 00 d4 4d 00 00 3c c8 00 00 	0000|L000M00<000
  0x1a300	4c 4e 00 00 9c 4f 00 00 30 c8 00 00 a4 4f 00 00 	LN000O0000000O00
  0x1a310	b2 51 00 00 6c c8 00 00 b8 51 00 00 ea 52 00 00 	0Q00l0000Q000R00
  0x1a320	b8 c8 00 00 f0 52 00 00 f8 53 00 00 1c c8 00 00 	00000R000S000000
  0x1a330	00 54 00 00 f9 55 00 00 98 c8 00 00 00 56 00 00 	0T000U0000000V00
  0x1a340	1d 58 00 00 a4 c8 00 00 24 58 00 00 15 59 00 00 	0X000000$X000Y00
  0x1a350	08 c8 00 00 1c 59 00 00 d2 59 00 00 00 c8 00 00 	00000Y000Y000000
  0x1a360	d8 59 00 00 fc 59 00 00 64 c8 00 00 04 5a 00 00 	0Y000Y00d0000Z00
  0x1a370	a1 5b 00 00 54 c8 00 00 a8 5b 00 00 00 5c 00 00 	0[00T0000[000000
  0x1a380	f8 c7 00 00 08 5c 00 00 c6 64 00 00 0c c9 00 00 	000000000d000000
  0x1a390	cc 64 00 00 ad 67 00 00 d4 c8 00 00 b4 67 00 00 	0d000g0000000g00
  0x1a3a0	97 69 00 00 f4 c8 00 00 a0 69 00 00 58 6d 00 00 	0i0000000i00Xm00
  0x1a3b0	80 c8 00 00 60 6d 00 00 3c 6e 00 00 cc c8 00 00 	0000`m00<n000000
  0x1a3c0	44 6e 00 00 7d 6f 00 00 cc c8 00 00 84 6f 00 00 	Dn00}o0000000o00
  0x1a3d0	79 70 00 00 cc c8 00 00 98 70 00 00 5d 72 00 00 	yp0000000p00]r00
  0x1a3e0	30 c9 00 00 64 72 00 00 2a 7e 00 00 48 c9 00 00 	0000dr00*~00H000
  0x1a3f0	30 7e 00 00 9d 7e 00 00 cc c8 00 00 a4 7e 00 00 	0~000~0000000~00
  0x1a400	ba 7f 00 00 b4 c9 00 00 c0 7f 00 00 b8 80 00 00 	0000000000000000
  0x1a410	a0 c9 00 00 c0 80 00 00 22 82 00 00 7c c9 00 00 	00000000"000|000
  0x1a420	28 82 00 00 72 83 00 00 60 c9 00 00 78 83 00 00 	(000r000`000x000
  0x1a430	31 84 00 00 fc c9 00 00 38 84 00 00 fe 84 00 00 	1000000080000000
  0x1a440	cc c9 00 00 04 85 00 00 18 86 00 00 e4 c9 00 00 	0000000000000000
  0x1a450	20 86 00 00 c1 86 00 00 90 c9 00 00 c8 86 00 00 	 000000000000000
  0x1a460	2b 87 00 00 f4 c9 00 00 34 87 00 00 74 87 00 00 	+00000004000t000
  0x1a470	64 c8 00 00 7c 87 00 00 e7 87 00 00 ec c7 00 00 	d000|00000000000
  0x1a480	f0 87 00 00 42 88 00 00 ec c7 00 00 48 88 00 00 	0000B0000000H000
  0x1a490	8f 88 00 00 f8 c7 00 00 98 88 00 00 bb 89 00 00 	0000000000000000
  0x1a4a0	10 ca 00 00 c4 89 00 00 40 8a 00 00 ec c7 00 00 	00000000@0000000
  0x1a4b0	48 8a 00 00 72 8a 00 00 64 c8 00 00 c4 8a 00 00 	H000r000d0000000
  0x1a4c0	31 8b 00 00 ec c7 00 00 38 8b 00 00 83 8b 00 00 	1000000080000000
  0x1a4d0	ec c7 00 00 b0 8b 00 00 50 8c 00 00 2c ca 00 00 	00000000P000,000
  0x1a4e0	58 8c 00 00 89 8d 00 00 64 ca 00 00 89 8d 00 00 	X0000000d0000000
  0x1a4f0	cf 8d 00 00 a8 ca 00 00 d8 8d 00 00 a1 90 00 00 	0000000000000000
  0x1a500	44 ca 00 00 a8 90 00 00 d5 90 00 00 64 c8 00 00 	D00000000000d000
  0x1a510	dc 90 00 00 20 92 00 00 b0 ca 00 00 28 92 00 00 	0000 0000000(000
  0x1a520	44 95 00 00 d0 ca 00 00 4c 95 00 00 75 95 00 00 	D0000000L000u000
  0x1a530	64 c8 00 00 7c 95 00 00 18 96 00 00 30 c8 00 00 	d000|00000000000
  0x1a540	20 96 00 00 59 97 00 00 20 cb 00 00 60 97 00 00 	 000Y000 000`000
  0x1a550	e4 97 00 00 f4 ca 00 00 ec 97 00 00 aa 98 00 00 	0000000000000000
  0x1a560	04 cb 00 00 b0 98 00 00 03 9a 00 00 0c cb 00 00 	0000000000000000
  0x1a570	0c 9a 00 00 4c 9f 00 00 38 cb 00 00 54 9f 00 00 	0000L0008000T000
  0x1a580	27 a0 00 00 60 cb 00 00 30 a0 00 00 3d a2 00 00 	'000`0000000=000
  0x1a590	8c cb 00 00 44 a2 00 00 bf a2 00 00 b0 cb 00 00 	0000D00000000000
  0x1a5a0	c8 a2 00 00 7b a3 00 00 dc cb 00 00 84 a3 00 00 	0000{00000000000
  0x1a5b0	89 a4 00 00 7c cb 00 00 90 a4 00 00 53 a5 00 00 	0000|0000000S000
  0x1a5c0	c4 cb 00 00 5c a5 00 00 47 a6 00 00 f4 cb 00 00 	00000000G0000000
  0x1a5d0	50 a6 00 00 25 a7 00 00 08 cc 00 00 2c a7 00 00 	P000%0000000,000
  0x1a5e0	90 a7 00 00 90 c9 00 00 98 a7 00 00 c8 a8 00 00 	0000000000000000
  0x1a5f0	20 cc 00 00 d0 a8 00 00 84 a9 00 00 20 cb 00 00 	 00000000000 000
  0x1a600	90 a9 00 00 cd a9 00 00 3c cc 00 00 00 00 00 00 	00000000<0000000
  0x1a610	00 00 00 00 00 00 00 00 00 00 00 00 00 00 00 00 	0000000000000000
  0x1a620	00 00 00 00 00 00 00 00 00 00 00 00 00 00 00 00 	0000000000000000
  0x1a630	00 00 00 00 00 00 00 00 00 00 00 00 00 00 00 00 	0000000000000000
  0x1a640	00 00 00 00 00 00 00 00 00 00 00 00 00 00 00 00 	0000000000000000
  0x1a650	00 00 00 00 00 00 00 00 00 00 00 00 00 00 00 00 	0000000000000000
  0x1a660	00 00 00 00 00 00 00 00 00 00 00 00 00 00 00 00 	0000000000000000
  0x1a670	00 00 00 00 00 00 00 00 00 00 00 00 00 00 00 00 	0000000000000000
  0x1a680	00 00 00 00 00 00 00 00 00 00 00 00 00 00 00 00 	0000000000000000
  0x1a690	00 00 00 00 00 00 00 00 00 00 00 00 00 00 00 00 	0000000000000000
  0x1a6a0	00 00 00 00 00 00 00 00 00 00 00 00 00 00 00 00 	0000000000000000
  0x1a6b0	00 00 00 00 00 00 00 00 00 00 00 00 00 00 00 00 	0000000000000000
  0x1a6c0	00 00 00 00 00 00 00 00 00 00 00 00 00 00 00 00 	0000000000000000
  0x1a6d0	00 00 00 00 00 00 00 00 00 00 00 00 00 00 00 00 	0000000000000000
  0x1a6e0	00 00 00 00 00 00 00 00 00 00 00 00 00 00 00 00 	0000000000000000
  0x1a6f0	00 00 00 00 00 00 00 00 00 00 00 00 00 00 00 00 	0000000000000000
  0x1a700	00 00 00 00 00 00 00 00 00 00 00 00 00 00 00 00 	0000000000000000
  0x1a710	00 00 00 00 00 00 00 00 00 00 00 00 00 00 00 00 	0000000000000000
  0x1a720	00 00 00 00 00 00 00 00 00 00 00 00 00 00 00 00 	0000000000000000
  0x1a730	00 00 00 00 00 00 00 00 00 00 00 00 00 00 00 00 	0000000000000000
  0x1a740	00 00 00 00 00 00 00 00 00 00 00 00 00 00 00 00 	0000000000000000
  0x1a750	00 00 00 00 00 00 00 00 00 00 00 00 00 00 00 00 	0000000000000000
  0x1a760	00 00 00 00 00 00 00 00 00 00 00 00 00 00 00 00 	0000000000000000
  0x1a770	00 00 00 00 00 00 00 00 00 00 00 00 00 00 00 00 	0000000000000000
  0x1a780	00 00 00 00 00 00 00 00 00 00 00 00 00 00 00 00 	0000000000000000
  0x1a790	00 00 00 00 00 00 00 00 00 00 00 00 00 00 00 00 	0000000000000000
  0x1a7a0	00 00 00 00 00 00 00 00 00 00 00 00 00 00 00 00 	0000000000000000
  0x1a7b0	00 00 00 00 00 00 00 00 00 00 00 00 00 00 00 00 	0000000000000000
  0x1a7c0	00 00 00 00 00 00 00 00 00 00 00 00 00 00 00 00 	0000000000000000
  0x1a7d0	00 00 00 00 00 00 00 00 00 00 00 00 00 00 00 00 	0000000000000000
  0x1a7e0	00 00 00 00 00 00 00 00 00 00 00 00 00 00 00 00 	0000000000000000
  0x1a7f0	00 00 00 00 00 00 00 00 00 00 00 00 00 00 00 00 	0000000000000000
=== DATA BLOCK END ===
