===== Assembly blocks =====

=== CODE BLOCK ADDRESS 0x1000 ===
=== CODE BLOCK END ===

=== DATA BLOCK ADDRESS 0x9000 ===
  0x9000	d0 c0 00 40 01 00 00 00 70 c1 00 40 01 00 00 00 	000@0000p00@0000
  0x9010	90 4c 00 40 01 00 00 00 00 00 00 00 00 00 00 00 	0L0@000000000000
  0x9020	18 01 00 00 00 00 00 00 00 00 00 00 00 00 00 00 	0000000000000000
  0x9030	00 00 00 00 00 00 00 00 00 00 00 00 00 00 00 00 	0000000000000000
  0x9040	00 00 00 00 00 00 00 00 00 00 00 00 00 00 00 00 	0000000000000000
  0x9050	00 00 00 00 00 00 00 00 00 00 00 00 00 00 00 00 	0000000000000000
  0x9060	00 00 00 00 00 00 00 00 00 00 00 00 00 00 00 00 	0000000000000000
  0x9070	00 00 00 00 00 00 00 00 78 c0 00 40 01 00 00 00 	00000000x00@0000
  0x9080	00 00 00 00 00 00 00 00 00 00 00 00 00 00 00 00 	0000000000000000
  0x9090	f0 94 00 40 01 00 00 00 f8 94 00 40 01 00 00 00 	000@0000000@0000
  0x90a0	38 95 00 40 01 00 00 00 11 00 00 00 00 00 00 00 	800@000000000000
  0x90b0	00 75 01 00 00 00 00 00 00 00 00 00 00 00 00 00 	0u00000000000000
  0x90c0	00 00 00 00 00 00 00 00 00 00 00 00 00 00 00 00 	0000000000000000
  0x90d0	00 00 00 00 00 00 00 00 00 00 00 00 00 00 00 00 	0000000000000000
  0x90e0	00 00 00 00 00 00 00 00 00 00 00 00 00 00 00 00 	0000000000000000
  0x90f0	00 00 00 00 00 00 00 00 00 00 00 00 00 00 00 00 	0000000000000000
  0x9100	00 00 00 00 00 00 00 00 00 00 00 00 00 00 00 00 	0000000000000000
  0x9110	00 00 00 00 00 00 00 00 00 00 00 00 00 00 00 00 	0000000000000000
  0x9120	00 00 00 00 00 00 00 00 00 00 00 00 00 00 00 00 	0000000000000000
  0x9130	00 00 00 00 00 00 00 00 28 b1 00 00 00 00 00 00 	00000000(0000000
  0x9140	3a b1 00 00 00 00 00 00 4a b1 00 00 00 00 00 00 	:0000000J0000000
  0x9150	48 b6 00 00 00 00 00 00 30 b6 00 00 00 00 00 00 	H000000000000000
  0x9160	e4 b5 00 00 00 00 00 00 f4 b5 00 00 00 00 00 00 	0000000000000000
  0x9170	08 b6 00 00 00 00 00 00 1a b6 00 00 00 00 00 00 	0000000000000000
  0x9180	58 b6 00 00 00 00 00 00 00 00 00 00 00 00 00 00 	X000000000000000
  0x9190	c4 b4 00 00 00 00 00 00 59 01 00 00 00 00 00 80 	00000000Y0000000
  0x91a0	00 00 00 00 00 00 00 00 04 b2 00 00 00 00 00 00 	0000000000000000
  0x91b0	10 b2 00 00 00 00 00 00 1c b2 00 00 00 00 00 00 	0000000000000000
  0x91c0	2e b2 00 00 00 00 00 00 40 b2 00 00 00 00 00 00 	.0000000@0000000
  0x91d0	54 b2 00 00 00 00 00 00 60 b2 00 00 00 00 00 00 	T0000000`0000000
  0x91e0	be b7 00 00 00 00 00 00 b0 b7 00 00 00 00 00 00 	0000000000000000
  0x91f0	9a b7 00 00 00 00 00 00 de b1 00 00 00 00 00 00 	0000000000000000
  0x9200	6c b7 00 00 00 00 00 00 5a b7 00 00 00 00 00 00 	l0000000Z0000000
  0x9210	46 b7 00 00 00 00 00 00 32 b7 00 00 00 00 00 00 	F000000020000000
  0x9220	16 b7 00 00 00 00 00 00 06 b7 00 00 00 00 00 00 	0000000000000000
  0x9230	ec b6 00 00 00 00 00 00 d6 b6 00 00 00 00 00 00 	0000000000000000
  0x9240	c0 b6 00 00 00 00 00 00 a6 b6 00 00 00 00 00 00 	0000000000000000
  0x9250	88 b6 00 00 00 00 00 00 76 b6 00 00 00 00 00 00 	00000000v0000000
  0x9260	6e b6 00 00 00 00 00 00 d0 b1 00 00 00 00 00 00 	n000000000000000
  0x9270	c0 b1 00 00 00 00 00 00 ae b1 00 00 00 00 00 00 	0000000000000000
  0x9280	a2 b1 00 00 00 00 00 00 94 b1 00 00 00 00 00 00 	0000000000000000
  0x9290	84 b1 00 00 00 00 00 00 72 b1 00 00 00 00 00 00 	00000000r0000000
  0x92a0	ee b1 00 00 00 00 00 00 66 b1 00 00 00 00 00 00 	00000000f0000000
  0x92b0	88 b7 00 00 00 00 00 00 d8 b7 00 00 00 00 00 00 	0000000000000000
  0x92c0	00 00 00 00 00 00 00 00 17 00 00 00 00 00 00 80 	0000000000000000
  0x92d0	0a 00 00 00 00 00 00 80 0f 00 00 00 00 00 00 80 	0000000000000000
  0x92e0	08 00 00 00 00 00 00 80 06 00 00 00 00 00 00 80 	0000000000000000
  0x92f0	95 00 00 00 00 00 00 80 02 00 00 00 00 00 00 80 	0000000000000000
  0x9300	07 00 00 00 00 00 00 80 18 00 00 00 00 00 00 80 	0000000000000000
  0x9310	09 00 00 00 00 00 00 80 00 00 00 00 00 00 00 00 	0000000000000000
  0x9320	fc b7 00 00 00 00 00 00 3e b5 00 00 00 00 00 00 	00000000>0000000
  0x9330	00 00 00 00 00 00 00 00 0c b3 00 00 00 00 00 00 	0000000000000000
  0x9340	66 b3 00 00 00 00 00 00 8c b2 00 00 00 00 00 00 	f000000000000000
  0x9350	9e b2 00 00 00 00 00 00 56 b3 00 00 00 00 00 00 	00000000V0000000
  0x9360	b4 b2 00 00 00 00 00 00 42 b3 00 00 00 00 00 00 	00000000B0000000
  0x9370	32 b3 00 00 00 00 00 00 20 b3 00 00 00 00 00 00 	20000000 0000000
  0x9380	ce b2 00 00 00 00 00 00 fe b2 00 00 00 00 00 00 	0000000000000000
  0x9390	f0 b2 00 00 00 00 00 00 da b2 00 00 00 00 00 00 	0000000000000000
  0x93a0	c0 b2 00 00 00 00 00 00 00 00 00 00 00 00 00 00 	0000000000000000
  0x93b0	8a b5 00 00 00 00 00 00 9c b5 00 00 00 00 00 00 	0000000000000000
  0x93c0	b0 b5 00 00 00 00 00 00 72 b5 00 00 00 00 00 00 	00000000r0000000
  0x93d0	60 b5 00 00 00 00 00 00 00 00 00 00 00 00 00 00 	`000000000000000
  0x93e0	f2 b7 00 00 00 00 00 00 0e b8 00 00 00 00 00 00 	0000000000000000
  0x93f0	18 b8 00 00 00 00 00 00 22 b8 00 00 00 00 00 00 	00000000"0000000
  0x9400	0c b4 00 00 00 00 00 00 fe b3 00 00 00 00 00 00 	0000000000000000
  0x9410	f2 b3 00 00 00 00 00 00 e8 b3 00 00 00 00 00 00 	0000000000000000
  0x9420	e0 b3 00 00 00 00 00 00 d6 b3 00 00 00 00 00 00 	0000000000000000
  0x9430	ca b3 00 00 00 00 00 00 c0 b3 00 00 00 00 00 00 	0000000000000000
  0x9440	b4 b3 00 00 00 00 00 00 a8 b3 00 00 00 00 00 00 	0000000000000000
  0x9450	9a b3 00 00 00 00 00 00 44 b4 00 00 00 00 00 00 	00000000D0000000
  0x9460	1a b4 00 00 00 00 00 00 2a b4 00 00 00 00 00 00 	00000000*0000000
  0x9470	2c b8 00 00 00 00 00 00 3c b4 00 00 00 00 00 00 	,0000000<0000000
  0x9480	b0 b4 00 00 00 00 00 00 98 b4 00 00 00 00 00 00 	0000000000000000
  0x9490	8e b4 00 00 00 00 00 00 84 b4 00 00 00 00 00 00 	0000000000000000
  0x94a0	78 b4 00 00 00 00 00 00 64 b4 00 00 00 00 00 00 	x0000000d0000000
  0x94b0	56 b4 00 00 00 00 00 00 4c b4 00 00 00 00 00 00 	V0000000L0000000
  0x94c0	82 b3 00 00 00 00 00 00 00 00 00 00 00 00 00 00 	0000000000000000
  0x94d0	12 b5 00 00 00 00 00 00 f8 b4 00 00 00 00 00 00 	0000000000000000
  0x94e0	e4 b4 00 00 00 00 00 00 00 00 00 00 00 00 00 00 	0000000000000000
  0x94f0	a0 7a 00 40 01 00 00 00 e0 7d 00 40 01 00 00 00 	0z0@00000}0@0000
  0x9500	00 00 00 00 00 00 00 00 80 74 00 40 01 00 00 00 	000000000t0@0000
  0x9510	00 00 00 00 00 00 00 00 00 00 00 00 00 00 00 00 	0000000000000000
  0x9520	a0 73 00 40 01 00 00 00 e0 77 00 40 01 00 00 00 	0s0@00000w0@0000
  0x9530	00 00 00 00 00 00 00 00 10 10 00 00 e0 1c 00 00 	0000000000000000
  0x9540	70 2d 00 00 f0 2d 00 00 a0 37 00 00 70 3a 00 00 	p-000-000700p:00
  0x9550	e0 3b 00 00 40 46 00 00 90 4c 00 00 a0 73 00 00 	0;00@F000L000s00
  0x9560	80 74 00 00 d0 74 00 00 a0 77 00 00 e0 77 00 00 	0t000t000w000w00
  0x9570	c0 78 00 00 a0 7a 00 00 f0 7a 00 00 00 00 00 00 	0x000z000z000000
  0x9580	00 00 00 00 00 00 00 00 00 00 00 00 00 00 00 00 	0000000000000000
  0x9590	53 00 6f 00 66 00 74 00 77 00 61 00 72 00 65 00 	S0o0f0t0w0a0r0e0
  0x95a0	5c 00 4d 00 69 00 63 00 72 00 6f 00 73 00 6f 00 	00M0i0c0r0o0s0o0
  0x95b0	66 00 74 00 5c 00 57 00 69 00 6e 00 64 00 6f 00 	f0t000W0i0n0d0o0
  0x95c0	77 00 73 00 5c 00 43 00 75 00 72 00 72 00 65 00 	w0s000C0u0r0r0e0
  0x95d0	6e 00 74 00 56 00 65 00 72 00 73 00 69 00 6f 00 	n0t0V0e0r0s0i0o0
  0x95e0	6e 00 5c 00 52 00 75 00 6e 00 4f 00 6e 00 63 00 	n000R0u0n0O0n0c0
  0x95f0	65 00 00 00 00 00 00 00 54 00 70 00 6d 00 49 00 	e0000000T0p0m0I0
  0x9600	6e 00 69 00 74 00 00 00 25 00 73 00 20 00 5b 00 	n0i0t000%0s0 0[0
  0x9610	25 00 73 00 5d 00 00 00 68 00 65 00 6c 00 70 00 	%0s0]000h0e0l0p0
  0x9620	2d 00 57 00 68 00 61 00 74 00 53 00 68 00 6f 00 	-0W0h0a0t0S0h0o0
  0x9630	75 00 6c 00 64 00 49 00 4c 00 6f 00 6f 00 6b 00 	u0l0d0I0L0o0o0k0
  0x9640	46 00 6f 00 72 00 00 00 00 00 00 00 00 00 00 00 	F0o0r00000000000
  0x9650	74 00 70 00 6d 00 61 00 64 00 6d 00 69 00 6e 00 	t0p0m0a0d0m0i0n0
  0x9660	2e 00 63 00 68 00 6d 00 3a 00 3a 00 2f 00 68 00 	.0c0h0m0:0:0/0h0
  0x9670	74 00 6d 00 6c 00 2f 00 31 00 37 00 31 00 61 00 	t0m0l0/0107010a0
  0x9680	35 00 61 00 30 00 37 00 2d 00 30 00 30 00 62 00 	50a00070-00000b0
  0x9690	30 00 2d 00 34 00 66 00 66 00 36 00 2d 00 62 00 	00-040f0f060-0b0
  0x96a0	64 00 37 00 33 00 2d 00 34 00 64 00 31 00 64 00 	d07030-040d010d0
  0x96b0	64 00 38 00 34 00 31 00 62 00 66 00 31 00 62 00 	d0804010b0f010b0
  0x96c0	2e 00 68 00 74 00 6d 00 00 00 00 00 00 00 00 00 	.0h0t0m000000000
  0x96d0	68 00 65 00 6c 00 70 00 2d 00 48 00 6f 00 77 00 	h0e0l0p0-0H0o0w0
  0x96e0	44 00 6f 00 49 00 43 00 6f 00 6e 00 6e 00 65 00 	D0o0I0C0o0n0n0e0
  0x96f0	63 00 74 00 54 00 6f 00 54 00 68 00 65 00 4e 00 	c0t0T0o0T0h0e0N0
  0x9700	65 00 74 00 77 00 6f 00 72 00 6b 00 00 00 00 00 	e0t0w0o0r0k00000
  0x9710	74 00 70 00 6d 00 61 00 64 00 6d 00 69 00 6e 00 	t0p0m0a0d0m0i0n0
  0x9720	2e 00 63 00 68 00 6d 00 3a 00 3a 00 2f 00 68 00 	.0c0h0m0:0:0/0h0
  0x9730	74 00 6d 00 6c 00 2f 00 36 00 63 00 39 00 31 00 	t0m0l0/060c09010
  0x9740	31 00 33 00 32 00 31 00 2d 00 30 00 65 00 30 00 	10302010-000e000
  0x9750	64 00 2d 00 34 00 33 00 37 00 36 00 2d 00 61 00 	d0-040307060-0a0
  0x9760	66 00 65 00 31 00 2d 00 31 00 36 00 32 00 33 00 	f0e010-010602030
  0x9770	32 00 36 00 63 00 34 00 32 00 30 00 31 00 38 00 	2060c04020001080
  0x9780	2e 00 68 00 74 00 6d 00 00 00 00 00 00 00 00 00 	.0h0t0m000000000
  0x9790	68 00 65 00 6c 00 70 00 2d 00 48 00 6f 00 77 00 	h0e0l0p0-0H0o0w0
  0x97a0	44 00 6f 00 49 00 41 00 6c 00 6c 00 6f 00 77 00 	D0o0I0A0l0l0o0w0
  0x97b0	43 00 6f 00 6d 00 6d 00 61 00 6e 00 64 00 73 00 	C0o0m0m0a0n0d0s0
  0x97c0	00 00 00 00 00 00 00 00 00 00 00 00 00 00 00 00 	0000000000000000
  0x97d0	74 00 70 00 6d 00 61 00 64 00 6d 00 69 00 6e 00 	t0p0m0a0d0m0i0n0
  0x97e0	2e 00 63 00 68 00 6d 00 3a 00 3a 00 2f 00 68 00 	.0c0h0m0:0:0/0h0
  0x97f0	74 00 6d 00 6c 00 2f 00 62 00 62 00 63 00 30 00 	t0m0l0/0b0b0c000
  0x9800	32 00 62 00 64 00 31 00 2d 00 33 00 65 00 33 00 	20b0d010-030e030
  0x9810	31 00 2d 00 34 00 64 00 62 00 39 00 2d 00 38 00 	10-040d0b090-080
  0x9820	62 00 31 00 39 00 2d 00 31 00 64 00 38 00 35 00 	b01090-010d08050
  0x9830	37 00 66 00 35 00 32 00 61 00 37 00 37 00 62 00 	70f05020a07070b0
  0x9840	2e 00 68 00 74 00 6d 00 00 00 00 00 00 00 00 00 	.0h0t0m000000000
  0x9850	68 00 65 00 6c 00 70 00 2d 00 48 00 6f 00 77 00 	h0e0l0p0-0H0o0w0
  0x9860	44 00 6f 00 49 00 53 00 65 00 74 00 75 00 70 00 	D0o0I0S0e0t0u0p0
  0x9870	41 00 63 00 74 00 69 00 76 00 65 00 44 00 69 00 	A0c0t0i0v0e0D0i0
  0x9880	72 00 65 00 63 00 74 00 6f 00 72 00 79 00 00 00 	r0e0c0t0o0r0y000
  0x9890	74 00 70 00 6d 00 61 00 64 00 6d 00 69 00 6e 00 	t0p0m0a0d0m0i0n0
  0x98a0	2e 00 63 00 68 00 6d 00 3a 00 3a 00 2f 00 68 00 	.0c0h0m0:0:0/0h0
  0x98b0	74 00 6d 00 6c 00 2f 00 31 00 34 00 38 00 62 00 	t0m0l0/0104080b0
  0x98c0	62 00 38 00 37 00 64 00 2d 00 61 00 33 00 63 00 	b08070d0-0a030c0
  0x98d0	31 00 2d 00 34 00 33 00 34 00 34 00 2d 00 39 00 	10-040304040-090
  0x98e0	35 00 38 00 65 00 2d 00 35 00 66 00 35 00 62 00 	5080e0-050f050b0
  0x98f0	37 00 64 00 65 00 31 00 34 00 61 00 39 00 63 00 	70d0e01040a090c0
  0x9900	2e 00 68 00 74 00 6d 00 00 00 00 00 00 00 00 00 	.0h0t0m000000000
  0x9910	68 00 65 00 6c 00 70 00 2d 00 48 00 6f 00 77 00 	h0e0l0p0-0H0o0w0
  0x9920	44 00 6f 00 49 00 54 00 72 00 6f 00 75 00 62 00 	D0o0I0T0r0o0u0b0
  0x9930	6c 00 65 00 53 00 68 00 6f 00 6f 00 74 00 46 00 	l0e0S0h0o0o0t0F0
  0x9940	61 00 69 00 6c 00 75 00 72 00 65 00 00 00 00 00 	a0i0l0u0r0e00000
  0x9950	74 00 70 00 6d 00 61 00 64 00 6d 00 69 00 6e 00 	t0p0m0a0d0m0i0n0
  0x9960	2e 00 63 00 68 00 6d 00 3a 00 3a 00 2f 00 68 00 	.0c0h0m0:0:0/0h0
  0x9970	74 00 6d 00 6c 00 2f 00 63 00 61 00 63 00 30 00 	t0m0l0/0c0a0c000
  0x9980	61 00 39 00 66 00 37 00 2d 00 37 00 37 00 63 00 	a090f070-07070c0
  0x9990	36 00 2d 00 34 00 36 00 37 00 34 00 2d 00 61 00 	60-040607040-0a0
  0x99a0	37 00 39 00 33 00 2d 00 65 00 38 00 66 00 37 00 	709030-0e080f070
  0x99b0	34 00 31 00 38 00 38 00 38 00 64 00 62 00 38 00 	4010808080d0b080
  0x99c0	2e 00 68 00 74 00 6d 00 00 00 00 00 00 00 00 00 	.0h0t0m000000000
  0x99d0	73 00 68 00 75 00 74 00 64 00 6f 00 77 00 6e 00 	s0h0u0t0d0o0w0n0
  0x99e0	20 00 2d 00 72 00 20 00 2d 00 74 00 20 00 31 00 	 0-0r0 0-0t0 010
  0x99f0	35 00 00 00 00 00 00 00 73 00 68 00 75 00 74 00 	50000000s0h0u0t0
  0x9a00	64 00 6f 00 77 00 6e 00 20 00 2d 00 73 00 20 00 	d0o0w0n0 0-0s0 0
  0x9a10	2d 00 74 00 20 00 31 00 35 00 00 00 00 00 00 00 	-0t0 01050000000
  0x9a20	20 00 2d 00 6d 00 20 00 00 00 00 00 00 00 00 00 	 0-0m0 000000000
  0x9a30	36 00 39 00 30 00 31 00 31 00 33 00 00 00 00 00 	6090001010300000
  0x9a40	74 00 70 00 6d 00 61 00 64 00 6d 00 69 00 6e 00 	t0p0m0a0d0m0i0n0
  0x9a50	2e 00 63 00 68 00 6d 00 3a 00 3a 00 2f 00 68 00 	.0c0h0m0:0:0/0h0
  0x9a60	74 00 6d 00 6c 00 2f 00 35 00 66 00 32 00 34 00 	t0m0l0/050f02040
  0x9a70	35 00 37 00 62 00 37 00 2d 00 32 00 63 00 63 00 	5070b070-020c0c0
  0x9a80	62 00 2d 00 34 00 37 00 39 00 63 00 2d 00 39 00 	b0-0407090c0-090
  0x9a90	65 00 63 00 34 00 2d 00 37 00 61 00 63 00 35 00 	e0c040-070a0c050
  0x9aa0	65 00 63 00 62 00 30 00 62 00 35 00 62 00 37 00 	e0c0b000b050b070
  0x9ab0	2e 00 68 00 74 00 6d 00 00 00 00 00 00 00 00 00 	.0h0t0m000000000
  0x9ac0	74 00 70 00 6d 00 61 00 64 00 6d 00 69 00 6e 00 	t0p0m0a0d0m0i0n0
  0x9ad0	2e 00 63 00 68 00 6d 00 3a 00 3a 00 2f 00 68 00 	.0c0h0m0:0:0/0h0
  0x9ae0	74 00 6d 00 6c 00 2f 00 34 00 35 00 64 00 61 00 	t0m0l0/04050d0a0
  0x9af0	37 00 39 00 36 00 64 00 2d 00 64 00 65 00 64 00 	709060d0-0d0e0d0
  0x9b00	35 00 2d 00 34 00 32 00 33 00 66 00 2d 00 62 00 	50-0402030f0-0b0
  0x9b10	66 00 39 00 30 00 2d 00 30 00 37 00 63 00 36 00 	f09000-00070c060
  0x9b20	37 00 30 00 33 00 38 00 34 00 61 00 32 00 61 00 	7000308040a020a0
  0x9b30	2e 00 68 00 74 00 6d 00 00 00 00 00 20 00 09 00 	.0h0t0m00000 000
  0x9b40	00 00 00 00 2f 00 6d 00 00 00 00 00 00 00 00 00 	0000/0m000000000
  0x9b50	2f 00 70 00 6f 00 73 00 74 00 54 00 75 00 72 00 	/0p0o0s0t0T0u0r0
  0x9b60	6e 00 4f 00 6e 00 00 00 2f 00 63 00 6c 00 65 00 	n0O0n000/0c0l0e0
  0x9b70	61 00 72 00 54 00 70 00 6d 00 00 00 00 00 00 00 	a0r0T0p0m0000000
  0x9b80	2f 00 63 00 6c 00 65 00 61 00 72 00 54 00 70 00 	/0c0l0e0a0r0T0p0
  0x9b90	6d 00 42 00 79 00 50 00 6f 00 6c 00 69 00 63 00 	m0B0y0P0o0l0i0c0
  0x9ba0	79 00 00 00 25 00 73 00 00 00 00 00 00 00 00 00 	y000%0s000000000
  0x9bb0	25 00 73 00 20 00 00 00 4c 00 6f 00 63 00 61 00 	%0s0 000L0o0c0a0
  0x9bc0	6c 00 5c 00 54 00 70 00 6d 00 49 00 6e 00 69 00 	l000T0p0m0I0n0i0
  0x9bd0	74 00 00 00 00 00 00 00 57 00 69 00 6e 00 33 00 	t0000000W0i0n030
  0x9be0	32 00 5f 00 54 00 70 00 6d 00 00 00 00 00 00 00 	20_0T0p0m0000000
  0x9bf0	72 00 6f 00 6f 00 74 00 5c 00 63 00 69 00 6d 00 	r0o0o0t000c0i0m0
  0x9c00	76 00 32 00 5c 00 73 00 65 00 63 00 75 00 72 00 	v02000s0e0c0u0r0
  0x9c10	69 00 74 00 79 00 5c 00 6d 00 69 00 63 00 72 00 	i0t0y000m0i0c0r0
  0x9c20	6f 00 73 00 6f 00 66 00 74 00 74 00 70 00 6d 00 	o0s0o0f0t0t0p0m0
  0x9c30	00 00 00 00 00 00 00 00 4d 00 61 00 6e 00 75 00 	00000000M0a0n0u0
  0x9c40	66 00 61 00 63 00 74 00 75 00 72 00 65 00 72 00 	f0a0c0t0u0r0e0r0
  0x9c50	49 00 64 00 00 00 00 00 50 00 68 00 79 00 73 00 	I0d00000P0h0y0s0
  0x9c60	69 00 63 00 61 00 6c 00 50 00 72 00 65 00 73 00 	i0c0a0l0P0r0e0s0
  0x9c70	65 00 6e 00 63 00 65 00 56 00 65 00 72 00 73 00 	e0n0c0e0V0e0r0s0
  0x9c80	69 00 6f 00 6e 00 49 00 6e 00 66 00 6f 00 00 00 	i0o0n0I0n0f0o000
  0x9c90	43 00 6c 00 65 00 61 00 72 00 00 00 00 00 00 00 	C0l0e0a0r0000000
  0x9ca0	4f 00 77 00 6e 00 65 00 72 00 41 00 75 00 74 00 	O0w0n0e0r0A0u0t0
  0x9cb0	68 00 00 00 00 00 00 00 52 00 65 00 71 00 75 00 	h0000000R0e0q0u0
  0x9cc0	65 00 73 00 74 00 00 00 47 00 65 00 74 00 50 00 	e0s0t000G0e0t0P0
  0x9cd0	68 00 79 00 73 00 69 00 63 00 61 00 6c 00 50 00 	h0y0s0i0c0a0l0P0
  0x9ce0	72 00 65 00 73 00 65 00 6e 00 63 00 65 00 52 00 	r0e0s0e0n0c0e0R0
  0x9cf0	65 00 73 00 70 00 6f 00 6e 00 73 00 65 00 00 00 	e0s0p0o0n0s0e000
  0x9d00	52 00 65 00 73 00 70 00 6f 00 6e 00 73 00 65 00 	R0e0s0p0o0n0s0e0
  0x9d10	00 00 00 00 00 00 00 00 47 00 65 00 74 00 50 00 	00000000G0e0t0P0
  0x9d20	68 00 79 00 73 00 69 00 63 00 61 00 6c 00 50 00 	h0y0s0i0c0a0l0P0
  0x9d30	72 00 65 00 73 00 65 00 6e 00 63 00 65 00 54 00 	r0e0s0e0n0c0e0T0
  0x9d40	72 00 61 00 6e 00 73 00 69 00 74 00 69 00 6f 00 	r0a0n0s0i0t0i0o0
  0x9d50	6e 00 00 00 00 00 00 00 54 00 72 00 61 00 6e 00 	n0000000T0r0a0n0
  0x9d60	73 00 69 00 74 00 69 00 6f 00 6e 00 00 00 00 00 	s0i0t0i0o0n00000
  0x9d70	49 00 73 00 52 00 65 00 61 00 64 00 79 00 00 00 	I0s0R0e0a0d0y000
  0x9d80	49 00 6e 00 66 00 6f 00 72 00 6d 00 61 00 74 00 	I0n0f0o0r0m0a0t0
  0x9d90	69 00 6f 00 6e 00 00 00 49 00 73 00 52 00 65 00 	i0o0n000I0s0R0e0
  0x9da0	61 00 64 00 79 00 49 00 6e 00 66 00 6f 00 72 00 	a0d0y0I0n0f0o0r0
  0x9db0	6d 00 61 00 74 00 69 00 6f 00 6e 00 00 00 00 00 	m0a0t0i0o0n00000
  0x9dc0	53 00 65 00 74 00 50 00 68 00 79 00 73 00 69 00 	S0e0t0P0h0y0s0i0
  0x9dd0	63 00 61 00 6c 00 50 00 72 00 65 00 73 00 65 00 	c0a0l0P0r0e0s0e0
  0x9de0	6e 00 63 00 65 00 52 00 65 00 71 00 75 00 65 00 	n0c0e0R0e0q0u0e0
  0x9df0	73 00 74 00 00 00 00 00 52 00 65 00 71 00 75 00 	s0t00000R0e0q0u0
  0x9e00	65 00 73 00 74 00 50 00 61 00 72 00 61 00 6d 00 	e0s0t0P0a0r0a0m0
  0x9e10	65 00 74 00 65 00 72 00 00 00 00 00 00 00 00 00 	e0t0e0r000000000
  0x9e20	46 00 6f 00 72 00 63 00 65 00 43 00 6c 00 65 00 	F0o0r0c0e0C0l0e0
  0x9e30	61 00 72 00 5f 00 41 00 6c 00 6c 00 6f 00 77 00 	a0r0_0A0l0l0o0w0
  0x9e40	65 00 64 00 00 00 00 00 00 00 00 00 00 00 00 00 	e0d0000000000000
  0x9e50	50 00 68 00 79 00 73 00 69 00 63 00 61 00 6c 00 	P0h0y0s0i0c0a0l0
  0x9e60	50 00 72 00 65 00 73 00 65 00 6e 00 63 00 65 00 	P0r0e0s0e0n0c0e0
  0x9e70	50 00 72 00 6f 00 6d 00 70 00 74 00 73 00 5f 00 	P0r0o0m0p0t0s0_0
  0x9e80	41 00 6c 00 6c 00 6f 00 77 00 65 00 64 00 00 00 	A0l0l0o0w0e0d000
  0x9e90	50 00 72 00 6f 00 76 00 69 00 73 00 69 00 6f 00 	P0r0o0v0i0s0i0o0
  0x9ea0	6e 00 00 00 00 00 00 00 47 00 65 00 74 00 4f 00 	n0000000G0e0t0O0
  0x9eb0	77 00 6e 00 65 00 72 00 41 00 75 00 74 00 68 00 	w0n0e0r0A0u0t0h0
  0x9ec0	00 00 00 00 00 00 00 00 4f 00 70 00 65 00 72 00 	00000000O0p0e0r0
  0x9ed0	61 00 74 00 69 00 6f 00 6e 00 00 00 00 00 00 00 	a0t0i0o0n0000000
  0x9ee0	43 00 6f 00 6e 00 66 00 69 00 72 00 6d 00 61 00 	C0o0n0f0i0r0m0a0
  0x9ef0	74 00 69 00 6f 00 6e 00 53 00 74 00 61 00 74 00 	t0i0o0n0S0t0a0t0
  0x9f00	75 00 73 00 00 00 00 00 00 00 00 00 00 00 00 00 	u0s0000000000000
  0x9f10	47 00 65 00 74 00 50 00 68 00 79 00 73 00 69 00 	G0e0t0P0h0y0s0i0
  0x9f20	63 00 61 00 6c 00 50 00 72 00 65 00 73 00 65 00 	c0a0l0P0r0e0s0e0
  0x9f30	6e 00 63 00 65 00 43 00 6f 00 6e 00 66 00 69 00 	n0c0e0C0o0n0f0i0
  0x9f40	72 00 6d 00 61 00 74 00 69 00 6f 00 6e 00 53 00 	r0m0a0t0i0o0n0S0
  0x9f50	74 00 61 00 74 00 75 00 73 00 00 00 3d 00 40 00 	t0a0t0u0s000=0@0
  0x9f60	00 00 00 00 00 00 00 00 25 00 73 00 25 00 73 00 	00000000%0s0%0s0
  0x9f70	00 00 00 00 00 00 00 00 52 00 65 00 74 00 75 00 	00000000R0e0t0u0
  0x9f80	72 00 6e 00 56 00 61 00 6c 00 75 00 65 00 00 00 	r0n0V0a0l0u0e000
  0x9f90	2e 00 00 00 00 00 00 00 5c 00 5c 00 25 00 73 00 	.00000000000%0s0
  0x9fa0	5c 00 25 00 73 00 00 00 5f 00 5f 00 50 00 61 00 	00%0s000_0_0P0a0
  0x9fb0	74 00 68 00 00 00 00 00 11 f8 90 45 3a 1d d0 11 	t0h00000000E:000
  0x9fc0	89 1f 00 aa 00 4b 2e 24 87 a6 12 dc 7f 73 cf 11 	00000K.$00000s00
  0x9fd0	88 4d 00 aa 00 4b 2e 24 43 4c 53 49 44 5c 7b 41 	0M000K.$CLSID0{A
  0x9fe0	44 42 38 38 30 41 36 2d 44 38 46 46 2d 31 31 43 	DB880A6-D8FF-11C
  0x9ff0	46 2d 39 33 37 37 2d 30 30 41 41 30 30 33 42 37 	F-9377-00AA003B7
  0xa000	41 31 31 7d 5c 49 6e 70 72 6f 63 53 65 72 76 65 	A11}0InprocServe
  0xa010	72 33 32 00 00 00 00 00 68 68 63 74 72 6c 2e 6f 	r3200000hhctrl.o
  0xa020	63 78 00 00 00 00 00 00 00 00 00 00 00 00 00 00 	cx00000000000000
  0xa030	68 00 74 00 74 00 70 00 3a 00 2f 00 2f 00 67 00 	h0t0t0p0:0/0/0g0
  0xa040	6f 00 2e 00 6d 00 69 00 63 00 72 00 6f 00 73 00 	o0.0m0i0c0r0o0s0
  0xa050	6f 00 66 00 74 00 2e 00 63 00 6f 00 6d 00 2f 00 	o0f0t0.0c0o0m0/0
  0xa060	66 00 77 00 6c 00 69 00 6e 00 6b 00 2f 00 3f 00 	f0w0l0i0n0k0/0?0
  0xa070	4c 00 69 00 6e 00 6b 00 49 00 44 00 3d 00 00 00 	L0i0n0k0I0D0=000
  0xa080	3c 75 6e 6b 6e 6f 77 6e 3e 00 00 00 00 00 00 00 	<unknown>0000000
  0xa090	00 00 00 00 e2 c0 e5 cb 00 00 00 00 02 00 00 00 	0000000000000000
  0xa0a0	24 00 00 00 dc a1 00 00 dc 8d 00 00 00 00 00 00 	$000000000000000
  0xa0b0	e2 c0 e5 cb 00 00 00 00 0d 00 00 00 74 02 00 00 	000000000000t000
  0xa0c0	00 a2 00 00 00 8e 00 00 00 00 00 00 e2 c0 e5 cb 	0000000000000000
  0xa0d0	00 00 00 00 10 00 00 00 24 00 00 00 74 a4 00 00 	00000000$000t000
  0xa0e0	74 90 00 00 00 00 00 00 45 54 57 30 10 00 00 01 	t0000000ETW00000
  0xa0f0	86 0e 04 88 2b 05 8a bb 06 0b 05 00 00 00 00 00 	0000+00000000000
  0xa100	00 40 00 00 75 00 00 41 73 73 65 72 74 00 61 73 	0@00u00Assert0as
  0xa110	73 65 72 74 56 65 72 73 69 6f 6e 00 08 72 76 61 	sertVersion00rva
  0xa120	00 08 74 69 6d 65 73 74 61 6d 70 00 08 69 6d 61 	00timestamp00ima
  0xa130	67 65 53 69 7a 65 00 08 69 6d 61 67 65 4e 61 6d 	geSize00imageNam
  0xa140	65 00 02 63 6f 75 6e 74 00 08 74 6f 74 61 6c 48 	e00count00totalH
  0xa150	69 74 73 00 08 4d 6f 64 75 6c 65 43 6f 6c 6c 65 	its00ModuleColle
  0xa160	63 74 69 6f 6e 00 08 47 6c 6f 62 61 6c 43 6f 6c 	ction00GlobalCol
  0xa170	6c 65 63 74 69 6f 6e 00 08 04 9d 24 1b 6d 1b 13 	lection0000$0m00
  0xa180	8a 46 89 9b fb 0a d9 55 17 72 25 00 54 65 6c 65 	0F00000U0r%0Tele
  0xa190	6d 65 74 72 79 41 73 73 65 72 74 00 13 00 01 1a 	metryAssert00000
  0xa1a0	73 50 4f cf 89 82 47 b3 e0 dc e8 c9 04 76 ba 04 	sPO000G000000v00
  0xa1b0	f8 7c b4 e0 76 e7 a7 4e 9e c0 93 a8 5b 9a 7a 2b 	0|00v00N0000[0z+
  0xa1c0	1b 00 54 65 6c 65 6d 65 74 72 79 41 73 73 65 72 	00TelemetryAsser
  0xa1d0	74 44 69 61 67 54 72 61 63 6b 00 01 52 53 44 53 	tDiagTrack00RSDS
  0xa1e0	98 7a 57 a3 64 11 96 ae 6c 03 59 94 c8 79 6d b4 	0zW0d000l0Y00ym0
  0xa1f0	01 00 00 00 54 70 6d 49 6e 69 74 2e 70 64 62 00 	0000TpmInit.pdb0
  0xa200	47 43 54 4c 00 10 00 00 e0 01 00 00 2e 74 65 78 	GCTL00000000.tex
  0xa210	74 00 00 00 e0 11 00 00 f0 6b 00 00 2e 74 65 78 	t00000000k00.tex
  0xa220	74 24 6d 6e 00 00 00 00 d0 7d 00 00 20 00 00 00 	t$mn00000}00 000
  0xa230	2e 74 65 78 74 24 6d 6e 24 30 30 00 f0 7d 00 00 	.text$mn$0000}00
  0xa240	80 08 00 00 2e 74 65 78 74 24 78 00 00 90 00 00 	0000.text$x00000
  0xa250	38 01 00 00 2e 72 64 61 74 61 24 62 72 63 00 00 	8000.rdata$brc00
  0xa260	38 91 00 00 b8 03 00 00 2e 69 64 61 74 61 24 35 	80000000.idata$5
  0xa270	00 00 00 00 f0 94 00 00 10 00 00 00 2e 30 30 63 	000000000000.00c
  0xa280	66 67 00 00 00 95 00 00 08 00 00 00 2e 43 52 54 	fg0000000000.CRT
  0xa290	24 58 43 41 00 00 00 00 08 95 00 00 08 00 00 00 	$XCA000000000000
  0xa2a0	2e 43 52 54 24 58 43 41 41 00 00 00 10 95 00 00 	.CRT$XCAA0000000
  0xa2b0	08 00 00 00 2e 43 52 54 24 58 43 5a 00 00 00 00 	0000.CRT$XCZ0000
  0xa2c0	18 95 00 00 08 00 00 00 2e 43 52 54 24 58 49 41 	00000000.CRT$XIA
  0xa2d0	00 00 00 00 20 95 00 00 08 00 00 00 2e 43 52 54 	0000 0000000.CRT
  0xa2e0	24 58 49 41 41 00 00 00 28 95 00 00 08 00 00 00 	$XIAA000(0000000
  0xa2f0	2e 43 52 54 24 58 49 59 00 00 00 00 30 95 00 00 	.CRT$XIY00000000
  0xa300	08 00 00 00 2e 43 52 54 24 58 49 5a 00 00 00 00 	0000.CRT$XIZ0000
  0xa310	38 95 00 00 48 00 00 00 2e 67 66 69 64 73 00 00 	8000H000.gfids00
  0xa320	80 95 00 00 68 0b 00 00 2e 72 64 61 74 61 00 00 	0000h000.rdata00
  0xa330	e8 a0 00 00 10 00 00 00 2e 72 64 61 74 61 24 7a 	00000000.rdata$z
  0xa340	45 54 57 30 00 00 00 00 f8 a0 00 00 81 00 00 00 	ETW0000000000000
  0xa350	2e 72 64 61 74 61 24 7a 45 54 57 31 00 00 00 00 	.rdata$zETW10000
  0xa360	79 a1 00 00 62 00 00 00 2e 72 64 61 74 61 24 7a 	y000b000.rdata$z
  0xa370	45 54 57 32 00 00 00 00 db a1 00 00 01 00 00 00 	ETW2000000000000
  0xa380	2e 72 64 61 74 61 24 7a 45 54 57 39 00 00 00 00 	.rdata$zETW90000
  0xa390	dc a1 00 00 bc 02 00 00 2e 72 64 61 74 61 24 7a 	00000000.rdata$z
  0xa3a0	7a 7a 64 62 67 00 00 00 98 a4 00 00 10 08 00 00 	zzdbg00000000000
  0xa3b0	2e 78 64 61 74 61 00 00 a8 ac 00 00 b4 00 00 00 	.xdata0000000000
  0xa3c0	2e 69 64 61 74 61 24 32 00 00 00 00 5c ad 00 00 	.idata$200000000
  0xa3d0	14 00 00 00 2e 69 64 61 74 61 24 33 00 00 00 00 	0000.idata$30000
  0xa3e0	70 ad 00 00 b8 03 00 00 2e 69 64 61 74 61 24 34 	p0000000.idata$4
  0xa3f0	00 00 00 00 28 b1 00 00 0e 07 00 00 2e 69 64 61 	0000(0000000.ida
  0xa400	74 61 24 36 00 00 00 00 00 c0 00 00 70 00 00 00 	ta$600000000p000
  0xa410	2e 64 61 74 61 24 62 72 63 00 00 00 70 c0 00 00 	.data$brc000p000
  0xa420	20 00 00 00 2e 64 61 74 61 00 00 00 90 c0 00 00 	 000.data0000000
  0xa430	b0 06 00 00 2e 62 73 73 00 00 00 00 00 d0 00 00 	0000.bss00000000
  0xa440	40 05 00 00 2e 70 64 61 74 61 00 00 00 e0 00 00 	@000.pdata000000
  0xa450	00 03 00 00 2e 72 73 72 63 24 30 31 00 00 00 00 	0000.rsrc$010000
  0xa460	00 e3 00 00 98 6c 00 00 2e 72 73 72 63 24 30 32 	00000l00.rsrc$02
  0xa470	00 00 00 00 20 00 00 00 98 7a 57 a3 64 11 96 ae 	0000 0000zW0d000
  0xa480	6c 03 59 94 c8 79 6d b4 61 d2 41 c2 d3 c1 e5 26 	l0Y00ym0a0A0000&
  0xa490	c0 84 c5 01 e2 c0 e5 cb 01 05 02 00 05 34 01 00 	0000000000000400
  0xa4a0	01 12 05 00 12 42 0e 70 0d 60 0c 50 0b 30 00 00 	00000B0p0`0P0000
  0xa4b0	01 15 09 00 15 42 11 f0 0f e0 0d d0 0b c0 09 70 	00000B000000000p
  0xa4c0	08 60 07 50 06 30 00 00 11 0c 04 00 0c 34 09 00 	0`0P000000000400
  0xa4d0	0c 52 08 70 30 77 00 00 01 00 00 00 22 15 00 00 	0R0p0w000000"000
  0xa4e0	7c 15 00 00 f0 7d 00 00 00 00 00 00 01 06 02 00 	|0000}0000000000
  0xa4f0	06 52 02 50 11 19 0a 00 19 74 13 00 19 64 11 00 	0R0P00000t000d00
  0xa500	19 34 10 00 19 b2 15 f0 13 e0 11 c0 30 77 00 00 	0400000000000w00
  0xa510	01 00 00 00 e0 15 00 00 70 17 00 00 1c 7e 00 00 	00000000p0000~00
  0xa520	00 00 00 00 01 07 03 00 07 42 03 50 02 30 00 00 	000000000B0P0000
  0xa530	19 1f 05 00 0d 34 30 00 0d 01 2c 00 06 70 00 00 	0000040000,00p00
  0xa540	90 7c 00 00 50 01 00 00 11 0e 06 00 0e b2 0a f0 	0|00P00000000000
  0xa550	08 e0 06 70 05 60 04 30 30 77 00 00 01 00 00 00 	000p0`000w000000
  0xa560	44 19 00 00 3c 1b 00 00 62 7e 00 00 00 00 00 00 	D000<000b~000000
  0xa570	01 07 03 00 07 62 03 50 02 30 00 00 01 0b 04 00 	00000b0P00000000
  0xa580	0b 32 07 e0 05 70 04 30 01 04 01 00 04 42 00 00 	02000p0000000B00
  0xa590	01 0a 04 00 0a 34 06 00 0a 32 06 70 11 18 09 00 	00000400020p0000
  0xa5a0	18 74 1c 00 18 64 1b 00 18 34 1a 00 18 01 18 00 	0t000d0004000000
  0xa5b0	11 e0 00 00 30 77 00 00 01 00 00 00 dd 1d 00 00 	00000w0000000000
  0xa5c0	64 1e 00 00 d4 7e 00 00 00 00 00 00 11 1f 0b 00 	d0000~0000000000
  0xa5d0	1f 64 2f 00 1f 34 2e 00 1f 01 28 00 18 f0 16 e0 	0d/004.000(00000
  0xa5e0	14 d0 12 c0 10 70 00 00 30 77 00 00 01 00 00 00 	00000p000w000000
  0xa5f0	22 1f 00 00 bd 21 00 00 19 7f 00 00 00 00 00 00 	"0000!0000000000
  0xa600	01 07 03 00 07 82 03 50 02 30 00 00 11 10 06 00 	0000000P00000000
  0xa610	10 64 11 00 10 34 0e 00 10 b2 0c 70 30 77 00 00 	0d000400000p0w00
  0xa620	01 00 00 00 f7 22 00 00 ee 23 00 00 fc 7f 00 00 	00000"000#000000
  0xa630	00 00 00 00 01 06 02 00 06 32 02 50 11 10 04 00 	00000000020P0000
  0xa640	10 34 06 00 10 32 0c 70 30 77 00 00 01 00 00 00 	0400020p0w000000
  0xa650	3c 24 00 00 70 24 00 00 30 80 00 00 00 00 00 00 	<$00p$0000000000
  0xa660	11 0a 04 00 0a 34 06 00 0a 32 06 70 30 77 00 00 	00000400020p0w00
  0xa670	01 00 00 00 c5 24 00 00 f4 24 00 00 72 80 00 00 	00000$000$00r000
  0xa680	00 00 00 00 11 10 06 00 10 64 07 00 10 34 06 00 	000000000d000400
  0xa690	10 32 0c 70 30 77 00 00 01 00 00 00 4e 25 00 00 	020p0w000000N%00
  0xa6a0	b7 25 00 00 72 80 00 00 00 00 00 00 11 0a 04 00 	0%00r00000000000
  0xa6b0	0a 34 06 00 0a 32 06 70 30 77 00 00 01 00 00 00 	0400020p0w000000
  0xa6c0	0f 26 00 00 41 26 00 00 72 80 00 00 00 00 00 00 	0&00A&00r0000000
  0xa6d0	11 0a 04 00 0a 34 06 00 0a 32 06 70 30 77 00 00 	00000400020p0w00
  0xa6e0	01 00 00 00 95 26 00 00 dd 26 00 00 b4 80 00 00 	00000&000&000000
  0xa6f0	00 00 00 00 01 08 04 00 08 32 04 70 03 50 02 30 	00000000020p0P00
  0xa700	01 06 02 00 06 32 02 30 11 19 0a 00 19 74 0c 00 	0000020000000t00
  0xa710	19 64 0b 00 19 34 0a 00 19 52 15 f0 13 e0 11 c0 	0d0004000R000000
  0xa720	30 77 00 00 01 00 00 00 cf 27 00 00 b5 28 00 00 	0w0000000'000(00
  0xa730	28 81 00 00 00 00 00 00 01 23 0d 00 23 74 1b 00 	(00000000#00#t00
  0xa740	23 64 1a 00 23 34 19 00 23 01 12 00 18 f0 16 e0 	#d00#400#0000000
  0xa750	14 d0 12 c0 10 50 00 00 11 17 08 00 17 34 0c 00 	00000P0000000400
  0xa760	17 52 13 f0 11 e0 0f c0 0d 70 0c 60 30 77 00 00 	0R0000000p0`0w00
  0xa770	01 00 00 00 27 2b 00 00 3a 2d 00 00 66 81 00 00 	0000'+00:-00f000
  0xa780	00 00 00 00 11 17 09 00 17 01 20 00 10 f0 0e e0 	0000000000 00000
  0xa790	0c d0 0a c0 08 70 07 60 06 30 00 00 30 77 00 00 	00000p0`00000w00
  0xa7a0	01 00 00 00 a1 33 00 00 27 36 00 00 97 81 00 00 	00000300'6000000
  0xa7b0	00 00 00 00 01 08 04 00 08 92 04 70 03 50 02 30 	00000000000p0P00
  0xa7c0	11 15 08 00 15 74 08 00 15 64 07 00 15 34 06 00 	00000t000d000400
  0xa7d0	15 32 11 e0 30 77 00 00 02 00 00 00 b4 38 00 00 	02000w0000000800
  0xa7e0	dd 38 00 00 8c 82 00 00 00 00 00 00 46 39 00 00 	080000000000F900
  0xa7f0	6f 39 00 00 b7 82 00 00 00 00 00 00 01 14 08 00 	o900000000000000
  0xa800	14 64 08 00 14 54 07 00 14 34 06 00 14 32 10 70 	0d000T000400020p
  0xa810	01 19 0a 00 19 74 0b 00 19 64 0a 00 19 54 09 00 	00000t000d000T00
  0xa820	19 34 08 00 19 52 15 f0 19 23 08 00 15 64 12 00 	04000R000#000d00
  0xa830	15 34 10 00 15 b2 0e e0 0c 70 0b 50 90 7c 00 00 	040000000p0P0|00
  0xa840	50 00 00 00 11 1c 0a 00 1c 64 0f 00 1c 34 0e 00 	P00000000d000400
  0xa850	1c 72 18 f0 16 e0 14 d0 12 c0 10 70 30 77 00 00 	0r000000000p0w00
  0xa860	01 00 00 00 a9 3f 00 00 84 40 00 00 e8 82 00 00 	00000?000@000000
  0xa870	00 00 00 00 11 17 08 00 17 34 0e 00 17 72 13 f0 	0000000004000r00
  0xa880	11 e0 0f c0 0d 70 0c 60 30 77 00 00 01 00 00 00 	00000p0`0w000000
  0xa890	d3 40 00 00 b5 41 00 00 fe 82 00 00 00 00 00 00 	0@000A0000000000
  0xa8a0	19 20 08 00 11 34 14 00 11 b2 0d f0 0b e0 09 c0 	0 00040000000000
  0xa8b0	07 70 06 60 18 7d 00 00 01 00 00 00 4f 42 00 00 	0p0`0}000000OB00
  0xa8c0	62 44 00 00 4e 83 00 00 00 00 00 00 52 00 00 00 	bD00N0000000R000
  0xa8d0	19 2e 0b 00 1c e4 13 01 1c 74 12 01 1c 64 11 01 	0.0000000t000d00
  0xa8e0	1c 34 10 01 1c 01 0e 01 15 f0 00 00 18 7d 00 00 	0400000000000}00
  0xa8f0	01 00 00 00 fd 44 00 00 ea 45 00 00 90 83 00 00 	00000D000E000000
  0xa900	00 00 00 00 62 08 00 00 01 06 02 00 06 72 02 50 	0000b00000000r0P
  0xa910	19 1f 05 00 0d 34 0b 01 0d 01 08 01 06 70 00 00 	0000040000000p00
  0xa920	18 7d 00 00 01 00 00 00 7a 46 00 00 e9 46 00 00 	0}000000zF000F00
  0xa930	c0 83 00 00 00 00 00 00 32 08 00 00 11 0a 04 00 	0000000020000000
  0xa940	0a 34 08 00 0a 52 06 70 30 77 00 00 01 00 00 00 	04000R0p0w000000
  0xa950	4d 47 00 00 c3 47 00 00 02 84 00 00 00 00 00 00 	MG000G0000000000
  0xa960	19 28 09 00 16 64 63 00 16 34 61 00 16 01 5c 00 	0(000dc004a00000
  0xa970	0f f0 0d e0 0b 70 00 00 18 7d 00 00 01 00 00 00 	00000p000}000000
  0xa980	5b 48 00 00 f1 49 00 00 18 84 00 00 00 00 00 00 	[H000I0000000000
  0xa990	d2 02 00 00 01 07 03 00 07 a2 03 70 02 50 00 00 	00000000000p0P00
  0xa9a0	19 2b 0b 00 19 54 58 00 19 34 56 00 19 01 50 00 	0+000TX004V000P0
  0xa9b0	12 f0 10 d0 0e c0 0c 70 0b 60 00 00 90 7c 00 00 	0000000p0`000|00
  0xa9c0	70 02 00 00 01 17 08 00 17 74 0f 00 17 64 0e 00 	p00000000t000d00
  0xa9d0	17 34 0c 00 17 92 10 50 01 15 08 00 15 64 10 00 	0400000P00000d00
  0xa9e0	15 34 0e 00 15 92 0e e0 0c 70 0b 50 01 14 08 00 	040000000p0P0000
  0xa9f0	14 64 0d 00 14 54 0c 00 14 34 0a 00 14 72 10 70 	0d000T0004000r0p
  0xaa00	01 15 08 00 15 64 11 00 15 34 10 00 15 b2 0e e0 	00000d0004000000
  0xaa10	0c 70 0b 50 01 1f 0b 00 1f 74 22 00 1f 64 21 00 	0p0P00000t"00d!0
  0xaa20	1f 34 20 00 1f 01 1c 00 14 f0 12 e0 10 50 00 00 	04 0000000000P00
  0xaa30	01 15 08 00 15 64 0f 00 15 34 0c 00 15 72 0e e0 	00000d0004000r00
  0xaa40	0c 70 0b 50 01 12 05 00 12 34 18 00 12 01 16 00 	0p0P000004000000
  0xaa50	06 50 00 00 01 19 06 00 19 34 0c 00 19 72 12 70 	0P00000004000r0p
  0xaa60	11 60 10 50 01 20 0c 00 20 64 11 00 20 54 10 00 	0`0P0 00 d00 T00
  0xaa70	20 34 0e 00 20 72 1c f0 1a e0 18 d0 16 c0 14 70 	 400 r000000000p
  0xaa80	01 10 06 00 10 64 0f 00 10 34 0e 00 10 b2 0c 70 	00000d000400000p
  0xaa90	01 0f 06 00 0f 64 08 00 0f 34 07 00 0f 32 0b 70 	00000d000400020p
  0xaaa0	01 19 0a 00 19 e4 09 00 19 74 08 00 19 64 07 00 	000000000t000d00
  0xaab0	19 34 06 00 19 32 15 f0 01 1c 0c 00 1c 64 0d 00 	0400020000000d00
  0xaac0	1c 54 0c 00 1c 34 0b 00 1c 32 18 f0 16 e0 14 d0 	0T00040002000000
  0xaad0	12 c0 10 70 01 19 0a 00 19 74 09 00 19 64 08 00 	000p00000t000d00
  0xaae0	19 54 07 00 19 34 06 00 19 32 15 e0 01 13 08 00 	0T00040002000000
  0xaaf0	13 54 0b 00 13 34 0a 00 13 32 0f e0 0d 70 0c 60 	0T00040002000p0`
  0xab00	01 0f 06 00 0f 64 0b 00 0f 34 0a 00 0f 72 0b 70 	00000d0004000r0p
  0xab10	01 10 06 00 10 64 0d 00 10 34 0c 00 10 92 0c 70 	00000d000400000p
  0xab20	01 12 08 00 12 54 10 00 12 34 0f 00 12 92 0e e0 	00000T0004000000
  0xab30	0c 70 0b 60 01 0f 06 00 0f 64 0a 00 0f 34 09 00 	0p0`00000d000400
  0xab40	0f 52 0b 70 01 06 02 00 06 52 02 30 01 06 02 00 	0R0p00000R000000
  0xab50	06 72 02 30 01 17 0a 00 17 34 0c 00 17 32 10 f0 	0r00000004000200
  0xab60	0e e0 0c d0 0a c0 08 70 07 60 06 50 01 07 01 00 	0000000p0`0P0000
  0xab70	07 82 00 00 19 21 07 00 0f 34 32 00 0f 01 2c 00 	00000!00042000,0
  0xab80	08 70 07 60 06 50 00 00 90 7c 00 00 50 01 00 00 	0p0`0P000|00P000
  0xab90	19 1b 03 00 09 01 5a 00 02 30 00 00 18 7d 00 00 	000000Z000000}00
  0xaba0	01 00 00 00 90 6d 00 00 1b 6e 00 00 e8 82 00 00 	00000m000n000000
  0xabb0	00 00 00 00 c2 02 00 00 19 1e 06 00 0f 64 0c 00 	0000000000000d00
  0xabc0	0f 34 0b 00 0f 72 0b 70 90 7c 00 00 30 00 00 00 	04000r0p0|000000
  0xabd0	01 04 01 00 04 82 00 00 19 37 0d 00 26 74 50 00 	000000000700&tP0
  0xabe0	26 64 4f 00 26 34 4e 00 26 01 48 00 18 f0 16 e0 	&dO0&4N0&0H00000
  0xabf0	14 d0 12 c0 10 50 00 00 90 7c 00 00 30 02 00 00 	00000P000|000000
  0xac00	01 04 01 00 04 62 00 00 09 13 07 00 13 74 19 00 	00000b0000000t00
  0xac10	13 34 18 00 13 01 16 00 0c e0 00 00 30 77 00 00 	0400000000000w00
  0xac20	01 00 00 00 0c 75 00 00 e7 76 00 00 28 86 00 00 	00000u000v00(000
  0xac30	e7 76 00 00 00 00 00 00 01 00 00 00 09 04 01 00 	0v00000000000000
  0xac40	04 22 00 00 30 77 00 00 01 00 00 00 1c 78 00 00 	0"000w0000000x00
  0xac50	52 78 00 00 01 00 00 00 52 78 00 00 09 0a 04 00 	Rx000000Rx000000
  0xac60	0a 34 06 00 0a 32 06 70 30 77 00 00 01 00 00 00 	0400020p0w000000
  0xac70	2d 79 00 00 60 79 00 00 50 86 00 00 60 79 00 00 	-y00`y00P000`y00
  0xac80	01 0d 04 00 0d 34 09 00 0d 32 06 50 01 0c 02 00 	00000400020P0000
  0xac90	0c 01 11 00 00 00 00 00 01 00 00 00 01 02 01 00 	0000000000000000
  0xaca0	02 30 00 00 00 00 00 00 70 ad 00 00 00 00 00 00 	00000000p0000000
  0xacb0	00 00 00 00 58 b1 00 00 38 91 00 00 e0 ad 00 00 	0000X00080000000
  0xacc0	00 00 00 00 00 00 00 00 7e b2 00 00 a8 91 00 00 	00000000~0000000
  0xacd0	70 af 00 00 00 00 00 00 00 00 00 00 76 b3 00 00 	p00000000000v000
  0xace0	38 93 00 00 18 b0 00 00 00 00 00 00 00 00 00 00 	8000000000000000
  0xacf0	a4 b4 00 00 e0 93 00 00 c8 ad 00 00 00 00 00 00 	0000000000000000
  0xad00	00 00 00 00 d6 b4 00 00 90 91 00 00 08 b1 00 00 	0000000000000000
  0xad10	00 00 00 00 00 00 00 00 26 b5 00 00 d0 94 00 00 	00000000&0000000
  0xad20	00 af 00 00 00 00 00 00 00 00 00 00 30 b5 00 00 	0000000000000000
  0xad30	c8 92 00 00 58 af 00 00 00 00 00 00 00 00 00 00 	0000X00000000000
  0xad40	54 b5 00 00 20 93 00 00 e8 af 00 00 00 00 00 00 	T000 00000000000
  0xad50	00 00 00 00 c4 b5 00 00 b0 93 00 00 00 00 00 00 	0000000000000000
  0xad60	00 00 00 00 00 00 00 00 00 00 00 00 00 00 00 00 	0000000000000000
  0xad70	28 b1 00 00 00 00 00 00 3a b1 00 00 00 00 00 00 	(0000000:0000000
  0xad80	4a b1 00 00 00 00 00 00 48 b6 00 00 00 00 00 00 	J0000000H0000000
  0xad90	30 b6 00 00 00 00 00 00 e4 b5 00 00 00 00 00 00 	0000000000000000
  0xada0	f4 b5 00 00 00 00 00 00 08 b6 00 00 00 00 00 00 	0000000000000000
  0xadb0	1a b6 00 00 00 00 00 00 58 b6 00 00 00 00 00 00 	00000000X0000000
  0xadc0	00 00 00 00 00 00 00 00 c4 b4 00 00 00 00 00 00 	0000000000000000
  0xadd0	59 01 00 00 00 00 00 80 00 00 00 00 00 00 00 00 	Y000000000000000
  0xade0	04 b2 00 00 00 00 00 00 10 b2 00 00 00 00 00 00 	0000000000000000
  0xadf0	1c b2 00 00 00 00 00 00 2e b2 00 00 00 00 00 00 	00000000.0000000
  0xae00	40 b2 00 00 00 00 00 00 54 b2 00 00 00 00 00 00 	@0000000T0000000
  0xae10	60 b2 00 00 00 00 00 00 be b7 00 00 00 00 00 00 	`000000000000000
  0xae20	b0 b7 00 00 00 00 00 00 9a b7 00 00 00 00 00 00 	0000000000000000
  0xae30	de b1 00 00 00 00 00 00 6c b7 00 00 00 00 00 00 	00000000l0000000
  0xae40	5a b7 00 00 00 00 00 00 46 b7 00 00 00 00 00 00 	Z0000000F0000000
  0xae50	32 b7 00 00 00 00 00 00 16 b7 00 00 00 00 00 00 	2000000000000000
  0xae60	06 b7 00 00 00 00 00 00 ec b6 00 00 00 00 00 00 	0000000000000000
  0xae70	d6 b6 00 00 00 00 00 00 c0 b6 00 00 00 00 00 00 	0000000000000000
  0xae80	a6 b6 00 00 00 00 00 00 88 b6 00 00 00 00 00 00 	0000000000000000
  0xae90	76 b6 00 00 00 00 00 00 6e b6 00 00 00 00 00 00 	v0000000n0000000
  0xaea0	d0 b1 00 00 00 00 00 00 c0 b1 00 00 00 00 00 00 	0000000000000000
  0xaeb0	ae b1 00 00 00 00 00 00 a2 b1 00 00 00 00 00 00 	0000000000000000
  0xaec0	94 b1 00 00 00 00 00 00 84 b1 00 00 00 00 00 00 	0000000000000000
  0xaed0	72 b1 00 00 00 00 00 00 ee b1 00 00 00 00 00 00 	r000000000000000
  0xaee0	66 b1 00 00 00 00 00 00 88 b7 00 00 00 00 00 00 	f000000000000000
  0xaef0	d8 b7 00 00 00 00 00 00 00 00 00 00 00 00 00 00 	0000000000000000
  0xaf00	17 00 00 00 00 00 00 80 0a 00 00 00 00 00 00 80 	0000000000000000
  0xaf10	0f 00 00 00 00 00 00 80 08 00 00 00 00 00 00 80 	0000000000000000
  0xaf20	06 00 00 00 00 00 00 80 95 00 00 00 00 00 00 80 	0000000000000000
  0xaf30	02 00 00 00 00 00 00 80 07 00 00 00 00 00 00 80 	0000000000000000
  0xaf40	18 00 00 00 00 00 00 80 09 00 00 00 00 00 00 80 	0000000000000000
  0xaf50	00 00 00 00 00 00 00 00 fc b7 00 00 00 00 00 00 	0000000000000000
  0xaf60	3e b5 00 00 00 00 00 00 00 00 00 00 00 00 00 00 	>000000000000000
  0xaf70	0c b3 00 00 00 00 00 00 66 b3 00 00 00 00 00 00 	00000000f0000000
  0xaf80	8c b2 00 00 00 00 00 00 9e b2 00 00 00 00 00 00 	0000000000000000
  0xaf90	56 b3 00 00 00 00 00 00 b4 b2 00 00 00 00 00 00 	V000000000000000
  0xafa0	42 b3 00 00 00 00 00 00 32 b3 00 00 00 00 00 00 	B000000020000000
  0xafb0	20 b3 00 00 00 00 00 00 ce b2 00 00 00 00 00 00 	 000000000000000
  0xafc0	fe b2 00 00 00 00 00 00 f0 b2 00 00 00 00 00 00 	0000000000000000
  0xafd0	da b2 00 00 00 00 00 00 c0 b2 00 00 00 00 00 00 	0000000000000000
  0xafe0	00 00 00 00 00 00 00 00 8a b5 00 00 00 00 00 00 	0000000000000000
  0xaff0	9c b5 00 00 00 00 00 00 b0 b5 00 00 00 00 00 00 	0000000000000000
  0xb000	72 b5 00 00 00 00 00 00 60 b5 00 00 00 00 00 00 	r0000000`0000000
  0xb010	00 00 00 00 00 00 00 00 f2 b7 00 00 00 00 00 00 	0000000000000000
  0xb020	0e b8 00 00 00 00 00 00 18 b8 00 00 00 00 00 00 	0000000000000000
  0xb030	22 b8 00 00 00 00 00 00 0c b4 00 00 00 00 00 00 	"000000000000000
  0xb040	fe b3 00 00 00 00 00 00 f2 b3 00 00 00 00 00 00 	0000000000000000
  0xb050	e8 b3 00 00 00 00 00 00 e0 b3 00 00 00 00 00 00 	0000000000000000
  0xb060	d6 b3 00 00 00 00 00 00 ca b3 00 00 00 00 00 00 	0000000000000000
  0xb070	c0 b3 00 00 00 00 00 00 b4 b3 00 00 00 00 00 00 	0000000000000000
  0xb080	a8 b3 00 00 00 00 00 00 9a b3 00 00 00 00 00 00 	0000000000000000
  0xb090	44 b4 00 00 00 00 00 00 1a b4 00 00 00 00 00 00 	D000000000000000
  0xb0a0	2a b4 00 00 00 00 00 00 2c b8 00 00 00 00 00 00 	*0000000,0000000
  0xb0b0	3c b4 00 00 00 00 00 00 b0 b4 00 00 00 00 00 00 	<000000000000000
  0xb0c0	98 b4 00 00 00 00 00 00 8e b4 00 00 00 00 00 00 	0000000000000000
  0xb0d0	84 b4 00 00 00 00 00 00 78 b4 00 00 00 00 00 00 	00000000x0000000
  0xb0e0	64 b4 00 00 00 00 00 00 56 b4 00 00 00 00 00 00 	d0000000V0000000
  0xb0f0	4c b4 00 00 00 00 00 00 82 b3 00 00 00 00 00 00 	L000000000000000
  0xb100	00 00 00 00 00 00 00 00 12 b5 00 00 00 00 00 00 	0000000000000000
  0xb110	f8 b4 00 00 00 00 00 00 e4 b4 00 00 00 00 00 00 	0000000000000000
  0xb120	00 00 00 00 00 00 00 00 73 02 52 65 67 44 65 6c 	00000000s0RegDel
  0xb130	65 74 65 56 61 6c 75 65 57 00 8c 02 52 65 67 4f 	eteValueW000RegO
  0xb140	70 65 6e 4b 65 79 45 78 57 00 5b 02 52 65 67 43 	penKeyExW0[0RegC
  0xb150	6c 6f 73 65 4b 65 79 00 41 44 56 41 50 49 33 32 	loseKey0ADVAPI32
  0xb160	2e 64 6c 6c 00 00 54 03 48 65 61 70 46 72 65 65 	.dll00T0HeapFree
  0xb170	00 00 df 01 47 65 74 43 6f 6d 6d 61 6e 64 4c 69 	0000GetCommandLi
  0xb180	6e 65 57 00 dc 00 43 72 65 61 74 65 4d 75 74 65 	neW000CreateMute
  0xb190	78 57 00 00 67 01 45 78 69 74 54 68 72 65 61 64 	xW00g0ExitThread
  0xb1a0	00 00 59 03 48 65 61 70 53 69 7a 65 00 00 af 01 	00Y0HeapSize0000
  0xb1b0	46 6f 72 6d 61 74 4d 65 73 73 61 67 65 57 00 00 	FormatMessageW00
  0xb1c0	69 02 47 65 74 4c 61 73 74 45 72 72 6f 72 00 00 	i0GetLastError00
  0xb1d0	88 00 43 6c 6f 73 65 48 61 6e 64 6c 65 00 f4 00 	00CloseHandle000
  0xb1e0	43 72 65 61 74 65 54 68 72 65 61 64 00 00 58 03 	CreateThread00X0
  0xb1f0	48 65 61 70 53 65 74 49 6e 66 6f 72 6d 61 74 69 	HeapSetInformati
  0xb200	6f 6e 00 00 50 03 48 65 61 70 41 6c 6c 6f 63 00 	on00P0HeapAlloc0
  0xb210	d5 03 4c 6f 63 61 6c 46 72 65 65 00 bd 02 47 65 	00LocalFree000Ge
  0xb220	74 50 72 6f 63 65 73 73 48 65 61 70 00 00 e7 00 	tProcessHeap0000
  0xb230	43 72 65 61 74 65 50 72 6f 63 65 73 73 57 00 00 	CreateProcessW00
  0xb240	80 02 47 65 74 4d 6f 64 75 6c 65 48 61 6e 64 6c 	00GetModuleHandl
  0xb250	65 57 00 00 45 06 6c 73 74 72 63 6d 70 57 00 00 	eW00E0lstrcmpW00
  0xb260	a8 04 52 65 67 69 73 74 65 72 41 70 70 6c 69 63 	00RegisterApplic
  0xb270	61 74 69 6f 6e 52 65 73 74 61 72 74 00 00 4b 45 	ationRestart00KE
  0xb280	52 4e 45 4c 33 32 2e 64 6c 6c 00 00 f7 01 47 65 	RNEL32.dll0000Ge
  0xb290	74 57 69 6e 64 6f 77 54 65 78 74 57 00 00 38 03 	tWindowTextW0080
  0xb2a0	53 65 74 46 6f 72 65 67 72 6f 75 6e 64 57 69 6e 	SetForegroundWin
  0xb2b0	64 6f 77 00 90 01 47 65 74 50 61 72 65 6e 74 00 	dow000GetParent0
  0xb2c0	4c 01 47 65 74 44 6c 67 49 74 65 6d 00 00 5a 02 	L0GetDlgItem00Z0
  0xb2d0	4c 6f 61 64 49 63 6f 6e 57 00 1a 03 53 65 6e 64 	LoadIconW000Send
  0xb2e0	4e 6f 74 69 66 79 4d 65 73 73 61 67 65 57 00 00 	NotifyMessageW00
  0xb2f0	0a 01 45 6e 75 6d 57 69 6e 64 6f 77 73 00 67 02 	00EnumWindows0g0
  0xb300	4c 6f 61 64 53 74 72 69 6e 67 57 00 e8 01 47 65 	LoadStringW000Ge
  0xb310	74 57 69 6e 64 6f 77 4c 6f 6e 67 50 74 72 57 00 	tWindowLongPtrW0
  0xb320	80 03 53 65 74 57 69 6e 64 6f 77 54 65 78 74 57 	00SetWindowTextW
  0xb330	00 00 18 03 53 65 6e 64 4d 65 73 73 61 67 65 57 	0000SendMessageW
  0xb340	00 00 78 03 53 65 74 57 69 6e 64 6f 77 4c 6f 6e 	00x0SetWindowLon
  0xb350	67 50 74 72 57 00 b5 00 44 65 73 74 72 6f 79 57 	gPtrW000DestroyW
  0xb360	69 6e 64 6f 77 00 af 02 50 6f 73 74 4d 65 73 73 	indow000PostMess
  0xb370	61 67 65 57 00 00 55 53 45 52 33 32 2e 64 6c 6c 	ageW00USER32.dll
  0xb380	00 00 57 00 5f 5f 43 5f 73 70 65 63 69 66 69 63 	00W0__C_specific
  0xb390	5f 68 61 6e 64 6c 65 72 00 00 69 03 5f 76 73 6e 	_handler00i0_vsn
  0xb3a0	77 70 72 69 6e 74 66 00 8a 03 5f 77 63 73 69 63 	wprintf000_wcsic
  0xb3b0	6d 70 00 00 0a 05 77 63 73 6e 63 61 74 5f 73 00 	mp0000wcsncat_s0
  0xb3c0	1b 05 77 63 73 74 6f 75 6c 00 fe 03 5f 77 73 79 	00wcstoul000_wsy
  0xb3d0	73 74 65 6d 00 00 16 05 77 63 73 74 6f 6b 00 00 	stem0000wcstok00
  0xb3e0	4c 04 66 72 65 65 00 00 86 04 6d 61 6c 6c 6f 63 	L0free0000malloc
  0xb3f0	00 00 bf 00 5f 63 61 6c 6c 6e 65 77 68 00 55 00 	0000_callnewh0U0
  0xb400	5f 58 63 70 74 46 69 6c 74 65 72 00 ae 00 5f 61 	_XcptFilter000_a
  0xb410	6d 73 67 5f 65 78 69 74 00 00 7f 00 5f 5f 67 65 	msg_exit0000__ge
  0xb420	74 6d 61 69 6e 61 72 67 73 00 8e 00 5f 5f 73 65 	tmainargs000__se
  0xb430	74 5f 61 70 70 5f 74 79 70 65 00 00 32 04 65 78 	t_app_type0020ex
  0xb440	69 74 00 00 0e 01 5f 65 78 69 74 00 c1 00 5f 63 	it0000_exit000_c
  0xb450	65 78 69 74 00 00 99 01 5f 69 73 6d 62 62 6c 65 	exit0000_ismbble
  0xb460	61 64 00 00 90 00 5f 5f 73 65 74 75 73 65 72 6d 	ad0000__setuserm
  0xb470	61 74 68 65 72 72 00 00 7d 01 5f 69 6e 69 74 74 	atherr00}0_initt
  0xb480	65 72 6d 00 a2 00 5f 61 63 6d 64 6c 6e 00 27 01 	erm000_acmdln0'0
  0xb490	5f 66 6d 6f 64 65 00 00 d2 00 5f 63 6f 6d 6d 6f 	_fmode0000_commo
  0xb4a0	64 65 00 00 6d 73 76 63 72 74 2e 64 6c 6c 00 00 	de00msvcrt.dll00
  0xb4b0	2f 00 3f 74 65 72 6d 69 6e 61 74 65 40 40 59 41 	/0?terminate@@YA
  0xb4c0	58 58 5a 00 86 00 50 72 6f 70 65 72 74 79 53 68 	XXZ000PropertySh
  0xb4d0	65 65 74 57 00 00 43 4f 4d 43 54 4c 33 32 2e 64 	eetW00COMCTL32.d
  0xb4e0	6c 6c 00 00 f2 02 52 74 6c 43 61 70 74 75 72 65 	ll0000RtlCapture
  0xb4f0	43 6f 6e 74 65 78 74 00 e8 04 52 74 6c 4c 6f 6f 	Context000RtlLoo
  0xb500	6b 75 70 46 75 6e 63 74 69 6f 6e 45 6e 74 72 79 	kupFunctionEntry
  0xb510	00 00 27 06 52 74 6c 56 69 72 74 75 61 6c 55 6e 	00'0RtlVirtualUn
  0xb520	77 69 6e 64 00 00 6e 74 64 6c 6c 2e 64 6c 6c 00 	wind00ntdll.dll0
  0xb530	4f 4c 45 41 55 54 33 32 2e 64 6c 6c 00 00 08 00 	OLEAUT32.dll0000
  0xb540	43 6f 6d 6d 61 6e 64 4c 69 6e 65 54 6f 41 72 67 	CommandLineToArg
  0xb550	76 57 00 00 53 48 45 4c 4c 33 32 2e 64 6c 6c 00 	vW00SHELL32.dll0
  0xb560	46 00 43 6f 55 6e 69 6e 69 74 69 61 6c 69 7a 65 	F0CoUninitialize
  0xb570	00 00 29 00 43 6f 49 6e 69 74 69 61 6c 69 7a 65 	00)0CoInitialize
  0xb580	53 65 63 75 72 69 74 79 00 00 28 00 43 6f 49 6e 	Security00(0CoIn
  0xb590	69 74 69 61 6c 69 7a 65 45 78 00 00 09 00 43 6f 	itializeEx0000Co
  0xb5a0	43 72 65 61 74 65 49 6e 73 74 61 6e 63 65 00 00 	CreateInstance00
  0xb5b0	3f 00 43 6f 53 65 74 50 72 6f 78 79 42 6c 61 6e 	?0CoSetProxyBlan
  0xb5c0	6b 65 74 00 61 70 69 2d 6d 73 2d 77 69 6e 2d 63 	ket0api-ms-win-c
  0xb5d0	6f 72 65 2d 63 6f 6d 2d 6c 31 2d 31 2d 30 2e 64 	ore-com-l1-1-0.d
  0xb5e0	6c 6c 00 00 8b 02 52 65 67 4f 70 65 6e 4b 65 79 	ll0000RegOpenKey
  0xb5f0	45 78 41 00 98 02 52 65 67 51 75 65 72 79 56 61 	ExA000RegQueryVa
  0xb600	6c 75 65 45 78 41 00 00 23 01 45 76 65 6e 74 55 	lueExA00#0EventU
  0xb610	6e 72 65 67 69 73 74 65 72 00 22 01 45 76 65 6e 	nregister0"0Even
  0xb620	74 53 65 74 49 6e 66 6f 72 6d 61 74 69 6f 6e 00 	tSetInformation0
  0xb630	20 01 45 76 65 6e 74 50 72 6f 76 69 64 65 72 45 	 0EventProviderE
  0xb640	6e 61 62 6c 65 64 00 00 21 01 45 76 65 6e 74 52 	nabled00!0EventR
  0xb650	65 67 69 73 74 65 72 00 29 01 45 76 65 6e 74 57 	egister0)0EventW
  0xb660	72 69 74 65 54 72 61 6e 73 66 65 72 00 00 8d 05 	riteTransfer0000
  0xb670	53 6c 65 65 70 00 d9 02 47 65 74 53 74 61 72 74 	Sleep000GetStart
  0xb680	75 70 49 6e 66 6f 57 00 7d 05 53 65 74 55 6e 68 	upInfoW0}0SetUnh
  0xb690	61 6e 64 6c 65 64 45 78 63 65 70 74 69 6f 6e 46 	andledExceptionF
  0xb6a0	69 6c 74 65 72 00 51 04 51 75 65 72 79 50 65 72 	ilter0Q0QueryPer
  0xb6b0	66 6f 72 6d 61 6e 63 65 43 6f 75 6e 74 65 72 00 	formanceCounter0
  0xb6c0	20 02 47 65 74 43 75 72 72 65 6e 74 50 72 6f 63 	 0GetCurrentProc
  0xb6d0	65 73 73 49 64 00 24 02 47 65 74 43 75 72 72 65 	essId0$0GetCurre
  0xb6e0	6e 74 54 68 72 65 61 64 49 64 00 00 f2 02 47 65 	ntThreadId0000Ge
  0xb6f0	74 53 79 73 74 65 6d 54 69 6d 65 41 73 46 69 6c 	tSystemTimeAsFil
  0xb700	65 54 69 6d 65 00 10 03 47 65 74 54 69 63 6b 43 	eTime000GetTickC
  0xb710	6f 75 6e 74 00 00 be 05 55 6e 68 61 6e 64 6c 65 	ount0000Unhandle
  0xb720	64 45 78 63 65 70 74 69 6f 6e 46 69 6c 74 65 72 	dExceptionFilter
  0xb730	00 00 1f 02 47 65 74 43 75 72 72 65 6e 74 50 72 	0000GetCurrentPr
  0xb740	6f 63 65 73 73 00 9c 05 54 65 72 6d 69 6e 61 74 	ocess000Terminat
  0xb750	65 50 72 6f 63 65 73 73 00 00 c8 03 4c 6f 61 64 	eProcess0000Load
  0xb760	4c 69 62 72 61 72 79 45 78 41 00 00 69 01 45 78 	LibraryExA00i0Ex
  0xb770	70 61 6e 64 45 6e 76 69 72 6f 6e 6d 65 6e 74 53 	pandEnvironmentS
  0xb780	74 72 69 6e 67 73 41 00 b7 02 47 65 74 50 72 6f 	tringsA000GetPro
  0xb790	63 41 64 64 72 65 73 73 00 00 7b 02 47 65 74 4d 	cAddress00{0GetM
  0xb7a0	6f 64 75 6c 65 46 69 6c 65 4e 61 6d 65 41 00 00 	oduleFileNameA00
  0xb7b0	d0 03 4c 6f 63 61 6c 41 6c 6c 6f 63 00 00 b7 04 	00LocalAlloc0000
  0xb7c0	52 65 6c 65 61 73 65 53 52 57 4c 6f 63 6b 45 78 	ReleaseSRWLockEx
  0xb7d0	63 6c 75 73 69 76 65 00 00 00 41 63 71 75 69 72 	clusive000Acquir
  0xb7e0	65 53 52 57 4c 6f 63 6b 45 78 63 6c 75 73 69 76 	eSRWLockExclusiv
  0xb7f0	65 00 ea 04 74 6f 75 70 70 65 72 00 ad 01 53 68 	e000toupper000Sh
  0xb800	65 6c 6c 45 78 65 63 75 74 65 45 78 57 00 92 04 	ellExecuteExW000
  0xb810	6d 65 6d 63 70 79 00 00 94 04 6d 65 6d 6d 6f 76 	memcpy0000memmov
  0xb820	65 00 96 04 6d 65 6d 73 65 74 00 00 02 05 77 63 	e000memset0000wc
  0xb830	73 63 6d 70 00 00 00 00 00 00 00 00 00 00 00 00 	scmp000000000000
  0xb840	00 00 00 00 00 00 00 00 00 00 00 00 00 00 00 00 	0000000000000000
  0xb850	00 00 00 00 00 00 00 00 00 00 00 00 00 00 00 00 	0000000000000000
  0xb860	00 00 00 00 00 00 00 00 00 00 00 00 00 00 00 00 	0000000000000000
  0xb870	00 00 00 00 00 00 00 00 00 00 00 00 00 00 00 00 	0000000000000000
  0xb880	00 00 00 00 00 00 00 00 00 00 00 00 00 00 00 00 	0000000000000000
  0xb890	00 00 00 00 00 00 00 00 00 00 00 00 00 00 00 00 	0000000000000000
  0xb8a0	00 00 00 00 00 00 00 00 00 00 00 00 00 00 00 00 	0000000000000000
  0xb8b0	00 00 00 00 00 00 00 00 00 00 00 00 00 00 00 00 	0000000000000000
  0xb8c0	00 00 00 00 00 00 00 00 00 00 00 00 00 00 00 00 	0000000000000000
  0xb8d0	00 00 00 00 00 00 00 00 00 00 00 00 00 00 00 00 	0000000000000000
  0xb8e0	00 00 00 00 00 00 00 00 00 00 00 00 00 00 00 00 	0000000000000000
  0xb8f0	00 00 00 00 00 00 00 00 00 00 00 00 00 00 00 00 	0000000000000000
  0xb900	00 00 00 00 00 00 00 00 00 00 00 00 00 00 00 00 	0000000000000000
  0xb910	00 00 00 00 00 00 00 00 00 00 00 00 00 00 00 00 	0000000000000000
  0xb920	00 00 00 00 00 00 00 00 00 00 00 00 00 00 00 00 	0000000000000000
  0xb930	00 00 00 00 00 00 00 00 00 00 00 00 00 00 00 00 	0000000000000000
  0xb940	00 00 00 00 00 00 00 00 00 00 00 00 00 00 00 00 	0000000000000000
  0xb950	00 00 00 00 00 00 00 00 00 00 00 00 00 00 00 00 	0000000000000000
  0xb960	00 00 00 00 00 00 00 00 00 00 00 00 00 00 00 00 	0000000000000000
  0xb970	00 00 00 00 00 00 00 00 00 00 00 00 00 00 00 00 	0000000000000000
  0xb980	00 00 00 00 00 00 00 00 00 00 00 00 00 00 00 00 	0000000000000000
  0xb990	00 00 00 00 00 00 00 00 00 00 00 00 00 00 00 00 	0000000000000000
  0xb9a0	00 00 00 00 00 00 00 00 00 00 00 00 00 00 00 00 	0000000000000000
  0xb9b0	00 00 00 00 00 00 00 00 00 00 00 00 00 00 00 00 	0000000000000000
  0xb9c0	00 00 00 00 00 00 00 00 00 00 00 00 00 00 00 00 	0000000000000000
  0xb9d0	00 00 00 00 00 00 00 00 00 00 00 00 00 00 00 00 	0000000000000000
  0xb9e0	00 00 00 00 00 00 00 00 00 00 00 00 00 00 00 00 	0000000000000000
  0xb9f0	00 00 00 00 00 00 00 00 00 00 00 00 00 00 00 00 	0000000000000000
=== DATA BLOCK END ===

=== DATA BLOCK ADDRESS 0xc000 ===
  0xc000	00 00 00 00 00 00 00 00 c0 a1 00 40 01 00 00 00 	00000000000@0000
  0xc010	00 00 00 00 00 00 00 00 00 00 00 00 00 00 00 00 	0000000000000000
  0xc020	00 00 00 00 00 00 00 00 00 00 00 00 00 00 00 00 	0000000000000000
  0xc030	00 00 00 00 00 00 00 00 00 00 00 00 00 00 00 00 	0000000000000000
  0xc040	8a a1 00 40 01 00 00 00 00 00 00 00 00 00 00 00 	000@000000000000
  0xc050	00 00 00 00 00 00 00 00 00 00 00 00 00 00 00 00 	0000000000000000
  0xc060	00 00 00 00 00 00 00 00 00 00 00 00 00 00 00 00 	0000000000000000
  0xc070	01 00 00 00 00 00 00 00 32 a2 df 2d 99 2b 00 00 	00000000200-0+00
  0xc080	cd 5d 20 d2 66 d4 ff ff 00 00 00 00 00 00 00 00 	0] 0f00000000000
  0xc090	00 00 00 00 00 00 00 00 00 00 00 00 00 00 00 00 	0000000000000000
  0xc0a0	00 00 00 00 00 00 00 00 00 00 00 00 00 00 00 00 	0000000000000000
  0xc0b0	00 00 00 00 00 00 00 00 00 00 00 00 00 00 00 00 	0000000000000000
  0xc0c0	00 00 00 00 00 00 00 00 00 00 00 00 00 00 00 00 	0000000000000000
  0xc0d0	00 00 00 00 00 00 00 00 00 00 00 00 00 00 00 00 	0000000000000000
  0xc0e0	00 00 00 00 00 00 00 00 00 00 00 00 00 00 00 00 	0000000000000000
  0xc0f0	00 00 00 00 00 00 00 00 00 00 00 00 00 00 00 00 	0000000000000000
  0xc100	00 00 00 00 00 00 00 00 00 00 00 00 00 00 00 00 	0000000000000000
  0xc110	00 00 00 00 00 00 00 00 00 00 00 00 00 00 00 00 	0000000000000000
  0xc120	00 00 00 00 00 00 00 00 00 00 00 00 00 00 00 00 	0000000000000000
  0xc130	00 00 00 00 00 00 00 00 00 00 00 00 00 00 00 00 	0000000000000000
  0xc140	00 00 00 00 00 00 00 00 00 00 00 00 00 00 00 00 	0000000000000000
  0xc150	00 00 00 00 00 00 00 00 00 00 00 00 00 00 00 00 	0000000000000000
  0xc160	00 00 00 00 00 00 00 00 00 00 00 00 00 00 00 00 	0000000000000000
  0xc170	00 00 00 00 00 00 00 00 00 00 00 00 00 00 00 00 	0000000000000000
  0xc180	00 00 00 00 00 00 00 00 00 00 00 00 00 00 00 00 	0000000000000000
  0xc190	00 00 00 00 00 00 00 00 00 00 00 00 00 00 00 00 	0000000000000000
  0xc1a0	00 00 00 00 00 00 00 00 00 00 00 00 00 00 00 00 	0000000000000000
  0xc1b0	00 00 00 00 00 00 00 00 00 00 00 00 00 00 00 00 	0000000000000000
  0xc1c0	00 00 00 00 00 00 00 00 00 00 00 00 00 00 00 00 	0000000000000000
  0xc1d0	00 00 00 00 00 00 00 00 00 00 00 00 00 00 00 00 	0000000000000000
  0xc1e0	00 00 00 00 00 00 00 00 00 00 00 00 00 00 00 00 	0000000000000000
  0xc1f0	00 00 00 00 00 00 00 00 00 00 00 00 00 00 00 00 	0000000000000000
=== DATA BLOCK END ===

=== DATA BLOCK ADDRESS 0xd000 ===
  0xd000	10 10 00 00 89 10 00 00 4c ab 00 00 90 10 00 00 	00000000L0000000
  0xd010	3b 11 00 00 b8 ab 00 00 44 11 00 00 d9 11 00 00 	;0000000D0000000
  0xd020	d0 ab 00 00 e0 11 00 00 63 12 00 00 98 a4 00 00 	00000000c0000000
  0xd030	6c 12 00 00 ea 12 00 00 a0 a4 00 00 f0 12 00 00 	l000000000000000
  0xd040	0a 15 00 00 b0 a4 00 00 10 15 00 00 ab 15 00 00 	0000000000000000
  0xd050	c8 a4 00 00 b4 15 00 00 b3 17 00 00 f4 a4 00 00 	0000000000000000
  0xd060	bc 17 00 00 17 19 00 00 30 a5 00 00 20 19 00 00 	000000000000 000
  0xd070	a5 1b 00 00 48 a5 00 00 ac 1b 00 00 92 1c 00 00 	0000H00000000000
  0xd080	7c a5 00 00 98 1c 00 00 d8 1c 00 00 88 a5 00 00 	|000000000000000
  0xd090	e0 1c 00 00 99 1d 00 00 90 a5 00 00 a0 1d 00 00 	0000000000000000
  0xd0a0	ae 1e 00 00 9c a5 00 00 b4 1e 00 00 9e 22 00 00 	0000000000000"00
  0xd0b0	cc a5 00 00 e0 22 00 00 1e 24 00 00 0c a6 00 00 	00000"000$000000
  0xd0c0	24 24 00 00 a8 24 00 00 3c a6 00 00 b0 24 00 00 	$$000$00<0000$00
  0xd0d0	2c 25 00 00 60 a6 00 00 34 25 00 00 f4 25 00 00 	,%00`0004%000%00
  0xd0e0	84 a6 00 00 fc 25 00 00 79 26 00 00 ac a6 00 00 	00000%00y&000000
  0xd0f0	80 26 00 00 49 27 00 00 d0 a6 00 00 50 27 00 00 	0&00I'000000P'00
  0xd100	9d 27 00 00 00 a7 00 00 a4 27 00 00 fb 28 00 00 	0'0000000'000(00
  0xd110	08 a7 00 00 04 29 00 00 ed 2a 00 00 38 a7 00 00 	00000)000*008000
  0xd120	f4 2a 00 00 69 2d 00 00 58 a7 00 00 70 2d 00 00 	0*00i-00X000p-00
  0xd130	e7 2d 00 00 00 a7 00 00 f0 2d 00 00 8d 37 00 00 	0-0000000-000700
  0xd140	84 a7 00 00 a0 37 00 00 69 3a 00 00 c0 a7 00 00 	00000700i:000000
  0xd150	70 3a 00 00 d4 3b 00 00 fc a7 00 00 e0 3b 00 00 	p:000;0000000;00
  0xd160	58 3e 00 00 10 a8 00 00 60 3e 00 00 67 3f 00 00 	X>000000`>00g?00
  0xd170	28 a8 00 00 70 3f 00 00 9f 40 00 00 44 a8 00 00 	(000p?000@00D000
  0xd180	a8 40 00 00 f9 41 00 00 74 a8 00 00 00 42 00 00 	0@000A00t0000B00
  0xd190	b1 44 00 00 a0 a8 00 00 b8 44 00 00 2f 46 00 00 	0D0000000D00/F00
  0xd1a0	d0 a8 00 00 40 46 00 00 37 47 00 00 10 a9 00 00 	0000@F007G000000
  0xd1b0	40 47 00 00 d1 47 00 00 3c a9 00 00 d8 47 00 00 	@G000G00<0000G00
  0xd1c0	13 4c 00 00 60 a9 00 00 1c 4c 00 00 7e 4c 00 00 	0L00`0000L00~L00
  0xd1d0	00 a7 00 00 90 4c 00 00 c0 4c 00 00 90 a5 00 00 	00000L000L000000
  0xd1e0	c8 4c 00 00 4e 4d 00 00 00 a7 00 00 54 4d 00 00 	0L00NM000000TM00
  0xd1f0	41 50 00 00 a0 a9 00 00 48 50 00 00 53 51 00 00 	AP000000HP00SQ00
  0xd200	c4 a9 00 00 5c 51 00 00 a1 52 00 00 d8 a9 00 00 	00000Q000R000000
  0xd210	a8 52 00 00 b6 53 00 00 ec a9 00 00 bc 53 00 00 	0R000S0000000S00
  0xd220	fd 54 00 00 00 aa 00 00 04 55 00 00 3b 57 00 00 	0T0000000U00;W00
  0xd230	14 aa 00 00 44 57 00 00 b0 58 00 00 30 aa 00 00 	0000DW000X000000
  0xd240	b8 58 00 00 6a 59 00 00 44 aa 00 00 70 59 00 00 	0X00jY00D000pY00
  0xd250	5b 5a 00 00 54 aa 00 00 64 5a 00 00 19 5c 00 00 	[Z00T000dZ000000
  0xd260	64 aa 00 00 20 5c 00 00 d4 5c 00 00 80 aa 00 00 	d000 00000000000
  0xd270	dc 5c 00 00 3b 5e 00 00 90 aa 00 00 44 5e 00 00 	0000;^000000D^00
  0xd280	60 5f 00 00 a0 aa 00 00 68 5f 00 00 33 61 00 00 	`_000000h_003a00
  0xd290	b8 aa 00 00 3c 61 00 00 3b 63 00 00 b8 aa 00 00 	0000<a00;c000000
  0xd2a0	44 63 00 00 c2 64 00 00 d4 aa 00 00 c8 64 00 00 	Dc000d0000000d00
  0xd2b0	32 66 00 00 ec aa 00 00 38 66 00 00 b5 66 00 00 	2f0000008f000f00
  0xd2c0	00 ab 00 00 bc 66 00 00 9c 67 00 00 10 ab 00 00 	00000f000g000000
  0xd2d0	a4 67 00 00 90 68 00 00 20 ab 00 00 98 68 00 00 	0g000h00 0000h00
  0xd2e0	7a 69 00 00 34 ab 00 00 80 69 00 00 cd 69 00 00 	zi0040000i000i00
  0xd2f0	44 ab 00 00 d4 69 00 00 40 6a 00 00 4c ab 00 00 	D0000i00@j00L000
  0xd300	48 6a 00 00 13 6c 00 00 54 ab 00 00 1c 6c 00 00 	Hj000l00T0000l00
  0xd310	56 6c 00 00 6c ab 00 00 5c 6c 00 00 5e 6d 00 00 	Vl00l0000l00^m00
  0xd320	74 ab 00 00 64 6d 00 00 37 6e 00 00 90 ab 00 00 	t000dm007n000000
  0xd330	4c 6e 00 00 f0 6e 00 00 00 a7 00 00 f8 6e 00 00 	Ln000n0000000n00
  0xd340	2b 73 00 00 d8 ab 00 00 34 73 00 00 48 73 00 00 	+s0000004s00Hs00
  0xd350	00 ac 00 00 5c 73 00 00 95 73 00 00 90 a5 00 00 	00000s000s000000
  0xd360	a0 73 00 00 73 74 00 00 88 a5 00 00 80 74 00 00 	0s00st0000000t00
  0xd370	c9 74 00 00 00 ac 00 00 d0 74 00 00 e2 74 00 00 	0t0000000t000t00
  0xd380	88 a5 00 00 e8 74 00 00 2a 77 00 00 08 ac 00 00 	00000t00*w000000
  0xd390	50 77 00 00 6e 77 00 00 38 ac 00 00 a0 77 00 00 	Pw00nw0080000w00
  0xd3a0	d9 77 00 00 88 a5 00 00 e0 77 00 00 f8 77 00 00 	0w0000000w000w00
  0xd3b0	88 a5 00 00 0c 78 00 00 60 78 00 00 3c ac 00 00 	00000x00`x00<000
  0xd3c0	68 78 00 00 ad 78 00 00 00 a7 00 00 20 79 00 00 	hx000x000000 y00
  0xd3d0	6d 79 00 00 5c ac 00 00 b4 79 00 00 88 7a 00 00 	my0000000y000z00
  0xd3e0	80 ac 00 00 ac 7a 00 00 e0 7a 00 00 00 a7 00 00 	00000z000z000000
  0xd3f0	f0 7a 00 00 61 7c 00 00 8c ac 00 00 90 7c 00 00 	0z00a|0000000|00
  0xd400	ad 7c 00 00 88 a5 00 00 b4 7c 00 00 0f 7d 00 00 	0|0000000|000}00
  0xd410	9c ac 00 00 18 7d 00 00 9e 7d 00 00 d4 aa 00 00 	00000}000}000000
  0xd420	e0 7d 00 00 e2 7d 00 00 98 ac 00 00 f0 7d 00 00 	0}000}0000000}00
  0xd430	16 7e 00 00 ec a4 00 00 1c 7e 00 00 5c 7e 00 00 	0~0000000~000~00
  0xd440	24 a5 00 00 62 7e 00 00 ce 7e 00 00 70 a5 00 00 	$000b~000~00p000
  0xd450	d4 7e 00 00 13 7f 00 00 24 a5 00 00 19 7f 00 00 	0~000000$0000000
  0xd460	f6 7f 00 00 00 a6 00 00 fc 7f 00 00 2a 80 00 00 	000000000000*000
  0xd470	34 a6 00 00 30 80 00 00 6c 80 00 00 24 a5 00 00 	40000000l000$000
  0xd480	72 80 00 00 ae 80 00 00 24 a5 00 00 b4 80 00 00 	r0000000$0000000
  0xd490	22 81 00 00 f4 a6 00 00 28 81 00 00 60 81 00 00 	"0000000(000`000
  0xd4a0	34 a6 00 00 66 81 00 00 91 81 00 00 34 a6 00 00 	4000f00000004000
  0xd4b0	97 81 00 00 86 82 00 00 b4 a7 00 00 8c 82 00 00 	0000000000000000
  0xd4c0	b7 82 00 00 34 a6 00 00 b7 82 00 00 e2 82 00 00 	0000400000000000
  0xd4d0	34 a6 00 00 e8 82 00 00 f8 82 00 00 ec a4 00 00 	4000000000000000
  0xd4e0	fe 82 00 00 48 83 00 00 f4 a6 00 00 4e 83 00 00 	0000H0000000N000
  0xd4f0	8a 83 00 00 24 a5 00 00 90 83 00 00 ba 83 00 00 	0000$00000000000
  0xd500	08 a9 00 00 c0 83 00 00 fc 83 00 00 24 a5 00 00 	000000000000$000
  0xd510	02 84 00 00 12 84 00 00 34 a6 00 00 18 84 00 00 	0000000040000000
  0xd520	22 86 00 00 94 a9 00 00 28 86 00 00 46 86 00 00 	"0000000(000F000
  0xd530	34 a6 00 00 50 86 00 00 70 86 00 00 34 a6 00 00 	4000P000p0004000
  0xd540	00 00 00 00 00 00 00 00 00 00 00 00 00 00 00 00 	0000000000000000
  0xd550	00 00 00 00 00 00 00 00 00 00 00 00 00 00 00 00 	0000000000000000
  0xd560	00 00 00 00 00 00 00 00 00 00 00 00 00 00 00 00 	0000000000000000
  0xd570	00 00 00 00 00 00 00 00 00 00 00 00 00 00 00 00 	0000000000000000
  0xd580	00 00 00 00 00 00 00 00 00 00 00 00 00 00 00 00 	0000000000000000
  0xd590	00 00 00 00 00 00 00 00 00 00 00 00 00 00 00 00 	0000000000000000
  0xd5a0	00 00 00 00 00 00 00 00 00 00 00 00 00 00 00 00 	0000000000000000
  0xd5b0	00 00 00 00 00 00 00 00 00 00 00 00 00 00 00 00 	0000000000000000
  0xd5c0	00 00 00 00 00 00 00 00 00 00 00 00 00 00 00 00 	0000000000000000
  0xd5d0	00 00 00 00 00 00 00 00 00 00 00 00 00 00 00 00 	0000000000000000
  0xd5e0	00 00 00 00 00 00 00 00 00 00 00 00 00 00 00 00 	0000000000000000
  0xd5f0	00 00 00 00 00 00 00 00 00 00 00 00 00 00 00 00 	0000000000000000
=== DATA BLOCK END ===
