===== Assembly blocks =====

=== CODE BLOCK ADDRESS 0x1000 ===
=== CODE BLOCK END ===

=== DATA BLOCK ADDRESS 0x7000 ===
  0x7000	00 55 00 40 01 00 00 00 30 12 00 40 01 00 00 00 	0U0@0000000@0000
  0x7010	70 55 00 40 01 00 00 00 00 5a 00 40 01 00 00 00 	pU0@00000Z0@0000
  0x7020	20 a1 00 40 01 00 00 00 c0 a1 00 40 01 00 00 00 	 00@0000000@0000
  0x7030	60 14 00 40 01 00 00 00 30 12 00 40 01 00 00 00 	`00@0000000@0000
  0x7040	20 14 00 40 01 00 00 00 c0 10 00 40 01 00 00 00 	 00@0000000@0000
  0x7050	d0 59 00 40 01 00 00 00 90 10 00 40 01 00 00 00 	0Y0@0000000@0000
  0x7060	90 12 00 40 01 00 00 00 30 12 00 40 01 00 00 00 	000@0000000@0000
  0x7070	50 12 00 40 01 00 00 00 00 00 00 00 00 00 00 00 	P00@000000000000
  0x7080	18 01 00 00 00 00 00 00 00 00 00 00 00 00 00 00 	0000000000000000
  0x7090	00 00 00 00 00 00 00 00 00 00 00 00 00 00 00 00 	0000000000000000
  0x70a0	00 00 00 00 00 00 00 00 00 00 00 00 00 00 00 00 	0000000000000000
  0x70b0	00 00 00 00 00 00 00 00 00 00 00 00 00 00 00 00 	0000000000000000
  0x70c0	00 00 00 00 00 00 00 00 00 00 00 00 00 00 00 00 	0000000000000000
  0x70d0	00 00 00 00 00 00 00 00 c0 a0 00 40 01 00 00 00 	00000000000@0000
  0x70e0	00 00 00 00 00 00 00 00 00 00 00 00 00 00 00 00 	0000000000000000
  0x70f0	e8 73 00 40 01 00 00 00 f0 73 00 40 01 00 00 00 	0s0@00000s0@0000
  0x7100	40 74 00 40 01 00 00 00 15 00 00 00 00 00 00 00 	@t0@000000000000
  0x7110	00 75 41 00 00 00 00 00 00 00 00 00 00 00 00 00 	0uA0000000000000
  0x7120	00 00 00 00 00 00 00 00 00 00 00 00 00 00 00 00 	0000000000000000
  0x7130	00 00 00 00 00 00 00 00 00 00 00 00 00 00 00 00 	0000000000000000
  0x7140	00 00 00 00 00 00 00 00 00 00 00 00 00 00 00 00 	0000000000000000
  0x7150	00 00 00 00 00 00 00 00 00 00 00 00 00 00 00 00 	0000000000000000
  0x7160	00 00 00 00 00 00 00 00 00 00 00 00 00 00 00 00 	0000000000000000
  0x7170	00 00 00 00 00 00 00 00 00 00 00 00 00 00 00 00 	0000000000000000
  0x7180	00 00 00 00 00 00 00 00 30 74 00 40 01 00 00 00 	000000000t0@0000
  0x7190	04 00 00 00 00 00 00 00 46 91 00 00 00 00 00 00 	00000000F0000000
  0x71a0	56 91 00 00 00 00 00 00 66 91 00 00 00 00 00 00 	V0000000f0000000
  0x71b0	74 91 00 00 00 00 00 00 84 91 00 00 00 00 00 00 	t000000000000000
  0x71c0	38 91 00 00 00 00 00 00 00 00 00 00 00 00 00 00 	8000000000000000
  0x71d0	a0 91 00 00 00 00 00 00 b6 91 00 00 00 00 00 00 	0000000000000000
  0x71e0	c6 91 00 00 00 00 00 00 d2 91 00 00 00 00 00 00 	0000000000000000
  0x71f0	e4 91 00 00 00 00 00 00 fa 91 00 00 00 00 00 00 	0000000000000000
  0x7200	0e 92 00 00 00 00 00 00 24 92 00 00 00 00 00 00 	00000000$0000000
  0x7210	44 92 00 00 00 00 00 00 5c 92 00 00 00 00 00 00 	D000000000000000
  0x7220	68 92 00 00 00 00 00 00 80 92 00 00 00 00 00 00 	h000000000000000
  0x7230	8e 92 00 00 00 00 00 00 a0 92 00 00 00 00 00 00 	0000000000000000
  0x7240	b0 92 00 00 00 00 00 00 74 95 00 00 00 00 00 00 	00000000t0000000
  0x7250	58 95 00 00 00 00 00 00 50 95 00 00 00 00 00 00 	X0000000P0000000
  0x7260	a6 95 00 00 00 00 00 00 ba 95 00 00 00 00 00 00 	0000000000000000
  0x7270	d4 95 00 00 00 00 00 00 ea 95 00 00 00 00 00 00 	0000000000000000
  0x7280	00 96 00 00 00 00 00 00 1a 96 00 00 00 00 00 00 	0000000000000000
  0x7290	92 95 00 00 00 00 00 00 00 00 00 00 00 00 00 00 	0000000000000000
  0x72a0	36 95 00 00 00 00 00 00 00 00 00 00 00 00 00 00 	6000000000000000
  0x72b0	76 93 00 00 00 00 00 00 c0 93 00 00 00 00 00 00 	v000000000000000
  0x72c0	ca 93 00 00 00 00 00 00 d4 93 00 00 00 00 00 00 	0000000000000000
  0x72d0	ea 93 00 00 00 00 00 00 f8 93 00 00 00 00 00 00 	0000000000000000
  0x72e0	06 94 00 00 00 00 00 00 18 94 00 00 00 00 00 00 	0000000000000000
  0x72f0	2a 94 00 00 00 00 00 00 32 94 00 00 00 00 00 00 	*000000020000000
  0x7300	3a 94 00 00 00 00 00 00 44 94 00 00 00 00 00 00 	:0000000D0000000
  0x7310	58 94 00 00 00 00 00 00 64 94 00 00 00 00 00 00 	X0000000d0000000
  0x7320	aa 93 00 00 00 00 00 00 86 94 00 00 00 00 00 00 	0000000000000000
  0x7330	9e 94 00 00 00 00 00 00 b6 94 00 00 00 00 00 00 	0000000000000000
  0x7340	2a 96 00 00 00 00 00 00 56 93 00 00 00 00 00 00 	*0000000V0000000
  0x7350	3e 93 00 00 00 00 00 00 26 93 00 00 00 00 00 00 	>0000000&0000000
  0x7360	08 93 00 00 00 00 00 00 fc 92 00 00 00 00 00 00 	0000000000000000
  0x7370	f0 92 00 00 00 00 00 00 9e 93 00 00 00 00 00 00 	0000000000000000
  0x7380	7c 94 00 00 00 00 00 00 e2 92 00 00 00 00 00 00 	|000000000000000
  0x7390	cc 92 00 00 00 00 00 00 94 93 00 00 00 00 00 00 	0000000000000000
  0x73a0	b6 93 00 00 00 00 00 00 34 96 00 00 00 00 00 00 	0000000040000000
  0x73b0	00 00 00 00 00 00 00 00 ea 94 00 00 00 00 00 00 	0000000000000000
  0x73c0	dc 94 00 00 00 00 00 00 ca 94 00 00 00 00 00 00 	0000000000000000
  0x73d0	fe 94 00 00 00 00 00 00 18 95 00 00 00 00 00 00 	0000000000000000
  0x73e0	00 00 00 00 00 00 00 00 30 60 00 40 01 00 00 00 	000000000`0@0000
  0x73f0	70 60 00 40 01 00 00 00 00 00 00 00 00 00 00 00 	p`0@000000000000
  0x7400	50 57 00 40 01 00 00 00 00 00 00 00 00 00 00 00 	PW0@000000000000
  0x7410	00 00 00 00 00 00 00 00 70 56 00 40 01 00 00 00 	00000000pV0@0000
  0x7420	60 5d 00 40 01 00 00 00 00 00 00 00 00 00 00 00 	`]0@000000000000
  0x7430	41 20 00 00 1b 59 00 00 d2 5d 00 00 e0 5e 00 00 	A 000Y000]000^00
  0x7440	90 10 00 00 c0 10 00 00 30 12 00 00 50 12 00 00 	000000000000P000
  0x7450	90 12 00 00 20 14 00 00 60 14 00 00 d0 28 00 00 	0000 000`0000(00
  0x7460	20 2b 00 00 00 55 00 00 70 55 00 00 70 56 00 00 	 +000U00pU00pV00
  0x7470	50 57 00 00 70 59 00 00 d0 59 00 00 00 5a 00 00 	PW00pY000Y000Z00
  0x7480	80 5a 00 00 20 5d 00 00 60 5d 00 00 40 5e 00 00 	0Z00 ]00`]00@^00
  0x7490	30 60 00 00 00 00 00 00 00 00 00 00 00 00 00 00 	0`00000000000000
  0x74a0	22 05 93 19 01 00 00 00 ac 84 00 00 00 00 00 00 	"000000000000000
  0x74b0	00 00 00 00 02 00 00 00 60 8b 00 00 20 00 00 00 	00000000`000 000
  0x74c0	00 00 00 00 01 00 00 00 22 05 93 19 01 00 00 00 	00000000"0000000
  0x74d0	ac 84 00 00 00 00 00 00 00 00 00 00 02 00 00 00 	0000000000000000
  0x74e0	88 8b 00 00 20 00 00 00 00 00 00 00 01 00 00 00 	0000 00000000000
  0x74f0	22 05 93 19 01 00 00 00 b0 8b 00 00 00 00 00 00 	"000000000000000
  0x7500	00 00 00 00 02 00 00 00 b8 8b 00 00 20 00 00 00 	000000000000 000
  0x7510	00 00 00 00 01 00 00 00 22 05 93 19 01 00 00 00 	00000000"0000000
  0x7520	b0 8b 00 00 00 00 00 00 00 00 00 00 02 00 00 00 	0000000000000000
  0x7530	e0 8b 00 00 20 00 00 00 00 00 00 00 01 00 00 00 	0000 00000000000
  0x7540	73 74 72 69 6e 67 20 74 6f 6f 20 6c 6f 6e 67 00 	string too long0
  0x7550	69 6e 76 61 6c 69 64 20 73 74 72 69 6e 67 20 70 	invalid string p
  0x7560	6f 73 69 74 69 6f 6e 00 0d 0a 00 00 25 53 0d 0a 	osition00000%S00
  0x7570	00 00 00 00 00 00 00 00 74 00 72 00 61 00 63 00 	00000000t0r0a0c0
  0x7580	65 00 00 00 00 00 00 00 70 00 61 00 72 00 73 00 	e0000000p0a0r0s0
  0x7590	65 00 00 00 00 00 00 00 73 00 74 00 6f 00 70 00 	e0000000s0t0o0p0
  0x75a0	74 00 72 00 61 00 63 00 65 00 00 00 00 00 00 00 	t0r0a0c0e0000000
  0x75b0	2d 00 6c 00 6f 00 67 00 66 00 69 00 6c 00 65 00 	-0l0o0g0f0i0l0e0
  0x75c0	3a 00 00 00 00 00 00 00 2d 00 6f 00 75 00 74 00 	:0000000-0o0u0t0
  0x75d0	66 00 69 00 6c 00 65 00 3a 00 00 00 00 00 00 00 	f0i0l0e0:0000000
  0x75e0	2d 00 76 00 65 00 72 00 62 00 6f 00 73 00 65 00 	-0v0e0r0b0o0s0e0
  0x75f0	00 00 00 00 00 00 00 00 2d 00 6b 00 65 00 79 00 	00000000-0k0e0y0
  0x7600	77 00 6f 00 72 00 64 00 3a 00 00 00 00 00 00 00 	w0o0r0d0:0000000
  0x7610	41 00 63 00 74 00 43 00 74 00 78 00 00 00 00 00 	A0c0t0C0t0x00000
  0x7620	53 00 74 00 6f 00 72 00 65 00 00 00 00 00 00 00 	S0t0o0r0e0000000
  0x7630	2d 00 66 00 69 00 6c 00 74 00 65 00 72 00 3a 00 	-0f0i0l0t0e0r0:0
  0x7640	00 00 00 00 00 00 00 00 2d 00 6e 00 6f 00 73 00 	00000000-0n0o0s0
  0x7650	74 00 6f 00 70 00 00 00 2d 00 70 00 65 00 72 00 	t0o0p000-0p0e0r0
  0x7660	66 00 00 00 00 00 00 00 76 65 63 74 6f 72 3c 54 	f0000000vector<T
  0x7670	3e 20 74 6f 6f 20 6c 6f 6e 67 00 00 00 00 00 00 	> too long000000
  0x7680	d0 a1 a3 a2 4c ac 8f 4a bc d3 db 69 fb a5 af fc 	0000L00J000i0000
  0x7690	00 d9 fd 68 3e 4a d1 11 84 f4 00 00 f8 04 64 e3 	000h>J00000000d0
  0x76a0	00 00 00 00 25 77 73 0a 00 00 00 00 00 00 00 00 	0000%ws000000000
  0x76b0	57 00 69 00 6e 00 53 00 78 00 73 00 20 00 54 00 	W0i0n0S0x0s0 0T0
  0x76c0	72 00 61 00 63 00 65 00 20 00 53 00 65 00 73 00 	r0a0c0e0 0S0e0s0
  0x76d0	73 00 69 00 6f 00 6e 00 00 00 00 00 00 00 00 00 	s0i0o0n000000000
  0x76e0	53 00 74 00 61 00 72 00 74 00 54 00 72 00 61 00 	S0t0a0r0t0T0r0a0
  0x76f0	63 00 65 00 00 00 00 00 43 00 6f 00 6e 00 74 00 	c0e00000C0o0n0t0
  0x7700	72 00 6f 00 6c 00 54 00 72 00 61 00 63 00 65 00 	r0o0l0T0r0a0c0e0
  0x7710	00 00 00 00 00 00 00 00 45 00 6e 00 61 00 62 00 	00000000E0n0a0b0
  0x7720	6c 00 65 00 54 00 72 00 61 00 63 00 65 00 45 00 	l0e0T0r0a0c0e0E0
  0x7730	78 00 00 00 00 00 00 00 53 00 65 00 74 00 43 00 	x0000000S0e0t0C0
  0x7740	6f 00 6e 00 73 00 6f 00 6c 00 65 00 43 00 74 00 	o0n0s0o0l0e0C0t0
  0x7750	72 00 6c 00 48 00 61 00 6e 00 64 00 65 00 72 00 	r0l0H0a0n0d0e0r0
  0x7760	00 00 00 00 00 00 00 00 50 00 72 00 6f 00 63 00 	00000000P0r0o0c0
  0x7770	65 00 73 00 73 00 54 00 72 00 61 00 63 00 65 00 	e0s0s0T0r0a0c0e0
  0x7780	00 00 00 00 00 00 00 00 3c 00 75 00 6e 00 6b 00 	00000000<0u0n0k0
  0x7790	6e 00 6f 00 77 00 6e 00 3e 00 00 00 00 00 00 00 	n0o0w0n0>0000000
  0x77a0	25 00 49 00 36 00 34 00 64 00 00 00 00 00 00 00 	%0I06040d0000000
  0x77b0	78 00 38 00 36 00 00 00 49 00 41 00 36 00 34 00 	x0806000I0A06040
  0x77c0	00 00 00 00 00 00 00 00 4d 00 53 00 49 00 4c 00 	00000000M0S0I0L0
  0x77d0	00 00 00 00 00 00 00 00 41 00 4d 00 44 00 36 00 	00000000A0M0D060
  0x77e0	34 00 00 00 00 00 00 00 41 00 52 00 4d 00 00 00 	40000000A0R0M000
  0x77f0	41 00 52 00 4d 00 36 00 34 00 00 00 00 00 00 00 	A0R0M06040000000
  0x7800	57 00 6f 00 77 00 33 00 32 00 00 00 00 00 00 00 	W0o0w03020000000
  0x7810	57 00 6f 00 77 00 41 00 72 00 6d 00 33 00 32 00 	W0o0w0A0r0m03020
  0x7820	00 00 00 00 00 00 00 00 55 00 6e 00 6b 00 6e 00 	00000000U0n0k0n0
  0x7830	6f 00 77 00 6e 00 00 00 4e 00 65 00 75 00 74 00 	o0w0n000N0e0u0t0
  0x7840	72 00 61 00 6c 00 00 00 3d 00 3d 00 3d 00 3d 00 	r0a0l000=0=0=0=0
  0x7850	3d 00 3d 00 3d 00 3d 00 3d 00 3d 00 3d 00 3d 00 	=0=0=0=0=0=0=0=0
  0x7860	3d 00 3d 00 3d 00 3d 00 3d 00 00 00 00 00 00 00 	=0=0=0=0=0000000
  0x7870	46 00 6c 00 61 00 67 00 73 00 20 00 3d 00 20 00 	F0l0a0g0s0 0=0 0
  0x7880	25 00 64 00 00 00 00 00 50 00 72 00 6f 00 63 00 	%0d00000P0r0o0c0
  0x7890	65 00 73 00 73 00 6f 00 72 00 41 00 72 00 63 00 	e0s0s0o0r0A0r0c0
  0x78a0	68 00 69 00 74 00 65 00 63 00 74 00 75 00 72 00 	h0i0t0e0c0t0u0r0
  0x78b0	65 00 20 00 3d 00 20 00 25 00 77 00 73 00 00 00 	e0 0=0 0%0w0s000
  0x78c0	43 00 75 00 6c 00 74 00 75 00 72 00 65 00 46 00 	C0u0l0t0u0r0e0F0
  0x78d0	61 00 6c 00 6c 00 42 00 61 00 63 00 6b 00 73 00 	a0l0l0B0a0c0k0s0
  0x78e0	20 00 3d 00 20 00 00 00 3b 00 00 00 00 00 00 00 	 0=0 000;0000000
  0x78f0	4d 00 61 00 6e 00 69 00 66 00 65 00 73 00 74 00 	M0a0n0i0f0e0s0t0
  0x7900	50 00 61 00 74 00 68 00 20 00 3d 00 20 00 25 00 	P0a0t0h0 0=0 0%0
  0x7910	77 00 73 00 00 00 00 00 54 00 65 00 78 00 74 00 	w0s00000T0e0x0t0
  0x7920	75 00 61 00 6c 00 49 00 64 00 65 00 6e 00 74 00 	u0a0l0I0d0e0n0t0
  0x7930	69 00 74 00 79 00 20 00 3d 00 20 00 25 00 77 00 	i0t0y0 0=0 0%0w0
  0x7940	73 00 00 00 00 00 00 00 41 00 73 00 73 00 65 00 	s0000000A0s0s0e0
  0x7950	6d 00 62 00 6c 00 79 00 44 00 69 00 72 00 65 00 	m0b0l0y0D0i0r0e0
  0x7960	63 00 74 00 6f 00 72 00 79 00 20 00 3d 00 20 00 	c0t0o0r0y0 0=0 0
  0x7970	25 00 77 00 73 00 00 00 41 00 70 00 70 00 6c 00 	%0w0s000A0p0p0l0
  0x7980	69 00 63 00 61 00 74 00 69 00 6f 00 6e 00 20 00 	i0c0a0t0i0o0n0 0
  0x7990	43 00 6f 00 6e 00 66 00 69 00 67 00 20 00 46 00 	C0o0n0f0i0g0 0F0
  0x79a0	69 00 6c 00 65 00 20 00 3d 00 20 00 25 00 77 00 	i0l0e0 0=0 0%0w0
  0x79b0	73 00 00 00 00 00 00 00 2d 00 2d 00 2d 00 2d 00 	s0000000-0-0-0-0
  0x79c0	2d 00 2d 00 2d 00 2d 00 2d 00 2d 00 2d 00 2d 00 	-0-0-0-0-0-0-0-0
  0x79d0	2d 00 2d 00 2d 00 2d 00 2d 00 00 00 00 00 00 00 	-0-0-0-0-0000000
  0x79e0	50 00 45 00 52 00 46 00 3a 00 20 00 4d 00 61 00 	P0E0R0F0:0 0M0a0
  0x79f0	6e 00 69 00 66 00 65 00 73 00 74 00 20 00 50 00 	n0i0f0e0s0t0 0P0
  0x7a00	61 00 72 00 73 00 69 00 6e 00 67 00 3a 00 20 00 	a0r0s0i0n0g0:0 0
  0x7a10	00 00 00 00 00 00 00 00 50 00 45 00 52 00 46 00 	00000000P0E0R0F0
  0x7a20	3a 00 20 00 42 00 69 00 6e 00 64 00 69 00 6e 00 	:0 0B0i0n0d0i0n0
  0x7a30	67 00 20 00 50 00 6f 00 6c 00 69 00 63 00 79 00 	g0 0P0o0l0i0c0y0
  0x7a40	3a 00 20 00 00 00 00 00 50 00 45 00 52 00 46 00 	:0 00000P0E0R0F0
  0x7a50	3a 00 20 00 41 00 73 00 73 00 65 00 6d 00 62 00 	:0 0A0s0s0e0m0b0
  0x7a60	6c 00 79 00 20 00 50 00 72 00 6f 00 62 00 69 00 	l0y0 0P0r0o0b0i0
  0x7a70	6e 00 67 00 3a 00 20 00 00 00 00 00 00 00 00 00 	n0g0:0 000000000
  0x7a80	50 00 45 00 52 00 46 00 3a 00 20 00 54 00 6f 00 	P0E0R0F0:0 0T0o0
  0x7a90	74 00 61 00 6c 00 20 00 43 00 75 00 6c 00 74 00 	t0a0l0 0C0u0l0t0
  0x7aa0	75 00 72 00 65 00 20 00 50 00 72 00 6f 00 62 00 	u0r0e0 0P0r0o0b0
  0x7ab0	69 00 6e 00 67 00 3a 00 20 00 00 00 00 00 00 00 	i0n0g0:0 0000000
  0x7ac0	50 00 45 00 52 00 46 00 3a 00 20 00 54 00 6f 00 	P0E0R0F0:0 0T0o0
  0x7ad0	74 00 61 00 6c 00 20 00 41 00 72 00 63 00 68 00 	t0a0l0 0A0r0c0h0
  0x7ae0	69 00 74 00 65 00 63 00 74 00 75 00 72 00 65 00 	i0t0e0c0t0u0r0e0
  0x7af0	20 00 50 00 72 00 6f 00 62 00 69 00 6e 00 67 00 	 0P0r0o0b0i0n0g0
  0x7b00	3a 00 20 00 00 00 00 00 50 00 45 00 52 00 46 00 	:0 00000P0E0R0F0
  0x7b10	3a 00 20 00 54 00 6f 00 74 00 61 00 6c 00 20 00 	:0 0T0o0t0a0l0 0
  0x7b20	50 00 72 00 6f 00 62 00 69 00 6e 00 67 00 3a 00 	P0r0o0b0i0n0g0:0
  0x7b30	20 00 00 00 00 00 00 00 50 00 45 00 52 00 46 00 	 0000000P0E0R0F0
  0x7b40	3a 00 20 00 54 00 6f 00 74 00 61 00 6c 00 3a 00 	:0 0T0o0t0a0l0:0
  0x7b50	20 00 00 00 00 00 00 00 a0 9c 3c 0c b3 be 4f 4f 	 000000000<000OO
  0x7b60	9b e7 2e f6 a8 af 44 79 ef bb bf 00 00 00 00 00 	00.000Dy00000000
  0x7b70	22 05 93 19 04 00 00 00 f4 84 00 00 02 00 00 00 	"000000000000000
  0x7b80	14 85 00 00 0c 00 00 00 70 85 00 00 28 00 00 00 	00000000p000(000
  0x7b90	00 00 00 00 00 00 00 00 22 05 93 19 01 00 00 00 	00000000"0000000
  0x7ba0	ac 84 00 00 00 00 00 00 00 00 00 00 02 00 00 00 	0000000000000000
  0x7bb0	b8 84 00 00 20 00 00 00 00 00 00 00 00 00 00 00 	0000 00000000000
  0x7bc0	22 05 93 19 00 00 00 00 00 00 00 00 00 00 00 00 	"000000000000000
  0x7bd0	00 00 00 00 01 00 00 00 68 84 00 00 20 00 00 00 	00000000h000 000
  0x7be0	00 00 00 00 04 00 00 00 22 05 93 19 02 00 00 00 	00000000"0000000
  0x7bf0	20 84 00 00 00 00 00 00 00 00 00 00 05 00 00 00 	 000000000000000
  0x7c00	30 84 00 00 30 00 00 00 00 00 00 00 00 00 00 00 	0000000000000000
  0x7c10	22 05 93 19 00 00 00 00 00 00 00 00 00 00 00 00 	"000000000000000
  0x7c20	00 00 00 00 01 00 00 00 f8 83 00 00 20 00 00 00 	000000000000 000
  0x7c30	00 00 00 00 04 00 00 00 22 05 93 19 01 00 00 00 	00000000"0000000
  0x7c40	10 83 00 00 00 00 00 00 00 00 00 00 03 00 00 00 	0000000000000000
  0x7c50	b0 83 00 00 20 00 00 00 00 00 00 00 00 00 00 00 	0000 00000000000
  0x7c60	22 05 93 19 03 00 00 00 40 83 00 00 00 00 00 00 	"0000000@0000000
  0x7c70	00 00 00 00 03 00 00 00 88 83 00 00 20 00 00 00 	000000000000 000
  0x7c80	00 00 00 00 00 00 00 00 22 05 93 19 03 00 00 00 	00000000"0000000
  0x7c90	40 83 00 00 00 00 00 00 00 00 00 00 03 00 00 00 	@000000000000000
  0x7ca0	58 83 00 00 20 00 00 00 00 00 00 00 00 00 00 00 	X000 00000000000
  0x7cb0	22 05 93 19 01 00 00 00 10 83 00 00 00 00 00 00 	"000000000000000
  0x7cc0	00 00 00 00 03 00 00 00 18 83 00 00 20 00 00 00 	000000000000 000
  0x7cd0	00 00 00 00 00 00 00 00 22 05 93 19 02 00 00 00 	00000000"0000000
  0x7ce0	3c 82 00 00 00 00 00 00 00 00 00 00 03 00 00 00 	<000000000000000
  0x7cf0	e8 82 00 00 20 00 00 00 00 00 00 00 00 00 00 00 	0000 00000000000
  0x7d00	22 05 93 19 02 00 00 00 3c 82 00 00 00 00 00 00 	"0000000<0000000
  0x7d10	00 00 00 00 03 00 00 00 b8 82 00 00 20 00 00 00 	000000000000 000
  0x7d20	00 00 00 00 00 00 00 00 22 05 93 19 02 00 00 00 	00000000"0000000
  0x7d30	3c 82 00 00 00 00 00 00 00 00 00 00 03 00 00 00 	<000000000000000
  0x7d40	78 82 00 00 20 00 00 00 00 00 00 00 00 00 00 00 	x000 00000000000
  0x7d50	22 05 93 19 02 00 00 00 3c 82 00 00 00 00 00 00 	"0000000<0000000
  0x7d60	00 00 00 00 03 00 00 00 50 82 00 00 20 00 00 00 	00000000P000 000
  0x7d70	00 00 00 00 00 00 00 00 22 05 93 19 01 00 00 00 	00000000"0000000
  0x7d80	a0 81 00 00 00 00 00 00 00 00 00 00 03 00 00 00 	0000000000000000
  0x7d90	10 82 00 00 20 00 00 00 00 00 00 00 00 00 00 00 	0000 00000000000
  0x7da0	22 05 93 19 01 00 00 00 a0 81 00 00 00 00 00 00 	"000000000000000
  0x7db0	00 00 00 00 01 00 00 00 f8 81 00 00 20 00 00 00 	000000000000 000
  0x7dc0	00 00 00 00 00 00 00 00 22 05 93 19 01 00 00 00 	00000000"0000000
  0x7dd0	a0 81 00 00 00 00 00 00 00 00 00 00 01 00 00 00 	0000000000000000
  0x7de0	d0 81 00 00 20 00 00 00 00 00 00 00 00 00 00 00 	0000 00000000000
  0x7df0	22 05 93 19 01 00 00 00 a0 81 00 00 00 00 00 00 	"000000000000000
  0x7e00	00 00 00 00 03 00 00 00 a8 81 00 00 20 00 00 00 	000000000000 000
  0x7e10	00 00 00 00 00 00 00 00 22 05 93 19 04 00 00 00 	00000000"0000000
  0x7e20	68 8a 00 00 02 00 00 00 88 8a 00 00 0b 00 00 00 	h000000000000000
  0x7e30	e0 8a 00 00 40 00 00 00 00 00 00 00 00 00 00 00 	0000@00000000000
  0x7e40	22 05 93 19 07 00 00 00 98 89 00 00 00 00 00 00 	"000000000000000
  0x7e50	00 00 00 00 0c 00 00 00 d0 89 00 00 20 00 00 00 	000000000000 000
  0x7e60	00 00 00 00 00 00 00 00 22 05 93 19 1f 00 00 00 	00000000"0000000
  0x7e70	28 87 00 00 00 00 00 00 00 00 00 00 2b 00 00 00 	(00000000000+000
  0x7e80	20 88 00 00 30 00 00 00 00 00 00 00 00 00 00 00 	 000000000000000
  0x7e90	22 05 93 19 02 00 00 00 08 86 00 00 00 00 00 00 	"000000000000000
  0x7ea0	00 00 00 00 03 00 00 00 18 86 00 00 20 00 00 00 	000000000000 000
  0x7eb0	00 00 00 00 04 00 00 00 00 00 00 00 00 00 00 00 	0000000000000000
  0x7ec0	00 00 00 00 ac 72 77 8a 00 00 00 00 02 00 00 00 	00000rw000000000
  0x7ed0	25 00 00 00 14 7f 00 00 14 69 00 00 00 00 00 00 	%00000000i000000
  0x7ee0	ac 72 77 8a 00 00 00 00 0d 00 00 00 2c 02 00 00 	0rw000000000,000
  0x7ef0	3c 7f 00 00 3c 69 00 00 00 00 00 00 ac 72 77 8a 	<000<i0000000rw0
  0x7f00	00 00 00 00 10 00 00 00 24 00 00 00 68 81 00 00 	00000000$000h000
  0x7f10	68 6b 00 00 52 53 44 53 9c 93 20 5d 96 cf 09 9b 	hk00RSDS00 ]0000
  0x7f20	29 31 d7 e8 51 84 2a 15 01 00 00 00 73 78 73 74 	)100Q0*00000sxst
  0x7f30	72 61 63 65 2e 70 64 62 00 00 00 00 47 43 54 4c 	race.pdb0000GCTL
  0x7f40	00 10 00 00 60 50 00 00 2e 74 65 78 74 24 6d 6e 	0000`P00.text$mn
  0x7f50	00 00 00 00 60 60 00 00 80 00 00 00 2e 74 65 78 	0000``000000.tex
  0x7f60	74 24 6d 6e 24 30 30 00 e0 60 00 00 c0 03 00 00 	t$mn$0000`000000
  0x7f70	2e 74 65 78 74 24 78 00 00 70 00 00 98 01 00 00 	.text$x00p000000
  0x7f80	2e 72 64 61 74 61 24 62 72 63 00 00 98 71 00 00 	.rdata$brc000q00
  0x7f90	50 02 00 00 2e 69 64 61 74 61 24 35 00 00 00 00 	P000.idata$50000
  0x7fa0	e8 73 00 00 10 00 00 00 2e 30 30 63 66 67 00 00 	0s000000.00cfg00
  0x7fb0	f8 73 00 00 08 00 00 00 2e 43 52 54 24 58 43 41 	0s000000.CRT$XCA
  0x7fc0	00 00 00 00 00 74 00 00 08 00 00 00 2e 43 52 54 	00000t000000.CRT
  0x7fd0	24 58 43 41 41 00 00 00 08 74 00 00 08 00 00 00 	$XCAA0000t000000
  0x7fe0	2e 43 52 54 24 58 43 5a 00 00 00 00 10 74 00 00 	.CRT$XCZ00000t00
  0x7ff0	08 00 00 00 2e 43 52 54 24 58 49 41 00 00 00 00 	0000.CRT$XIA0000
  0x8000	18 74 00 00 08 00 00 00 2e 43 52 54 24 58 49 41 	0t000000.CRT$XIA
  0x8010	41 00 00 00 20 74 00 00 08 00 00 00 2e 43 52 54 	A000 t000000.CRT
  0x8020	24 58 49 59 00 00 00 00 28 74 00 00 08 00 00 00 	$XIY0000(t000000
  0x8030	2e 43 52 54 24 58 49 5a 00 00 00 00 30 74 00 00 	.CRT$XIZ00000t00
  0x8040	10 00 00 00 2e 67 65 68 63 6f 6e 74 00 00 00 00 	0000.gehcont0000
  0x8050	40 74 00 00 60 00 00 00 2e 67 66 69 64 73 00 00 	@t00`000.gfids00
  0x8060	a0 74 00 00 74 0a 00 00 2e 72 64 61 74 61 00 00 	0t00t000.rdata00
  0x8070	14 7f 00 00 7c 02 00 00 2e 72 64 61 74 61 24 7a 	0000|000.rdata$z
  0x8080	7a 7a 64 62 67 00 00 00 90 81 00 00 28 0b 00 00 	zzdbg0000000(000
  0x8090	2e 78 64 61 74 61 00 00 b8 8c 00 00 b4 01 00 00 	.xdata0000000000
  0x80a0	2e 78 64 61 74 61 24 78 00 00 00 00 6c 8e 00 00 	.xdata$x0000l000
  0x80b0	64 00 00 00 2e 69 64 61 74 61 24 32 00 00 00 00 	d000.idata$20000
  0x80c0	d0 8e 00 00 18 00 00 00 2e 69 64 61 74 61 24 33 	00000000.idata$3
  0x80d0	00 00 00 00 e8 8e 00 00 50 02 00 00 2e 69 64 61 	00000000P000.ida
  0x80e0	74 61 24 34 00 00 00 00 38 91 00 00 06 05 00 00 	ta$4000080000000
  0x80f0	2e 69 64 61 74 61 24 36 00 00 00 00 00 a0 00 00 	.idata$600000000
  0x8100	c0 00 00 00 2e 64 61 74 61 24 72 24 62 72 63 00 	0000.data$r$brc0
  0x8110	c0 a0 00 00 30 00 00 00 2e 64 61 74 61 00 00 00 	00000000.data000
  0x8120	f0 a0 00 00 28 ab 00 00 2e 62 73 73 00 00 00 00 	0000(000.bss0000
  0x8130	00 50 01 00 d8 03 00 00 2e 70 64 61 74 61 00 00 	0P000000.pdata00
  0x8140	00 60 01 00 f0 00 00 00 2e 72 73 72 63 24 30 31 	0`000000.rsrc$01
  0x8150	00 00 00 00 f0 60 01 00 00 07 00 00 2e 72 73 72 	00000`000000.rsr
  0x8160	63 24 30 32 00 00 00 00 20 00 00 00 9c 93 20 5d 	c$020000 00000 ]
  0x8170	96 cf 09 9b 29 31 d7 e8 51 84 2a 15 8f 4c b0 70 	0000)100Q0*00L0p
  0x8180	54 8a 4a b8 55 47 3a 2c ac 72 77 8a 00 00 00 00 	T0J0UG:,0rw00000
  0x8190	11 18 02 00 10 52 0c 30 88 59 00 00 f0 7d 00 00 	00000R000Y000}00
  0x81a0	ff ff ff ff e3 60 00 00 08 10 00 00 ff ff ff ff 	00000`0000000000
  0x81b0	34 10 00 00 00 00 00 00 3e 10 00 00 ff ff ff ff 	40000000>0000000
  0x81c0	11 12 01 00 09 62 00 00 88 59 00 00 c8 7d 00 00 	00000b000Y000}00
  0x81d0	50 10 00 00 ff ff ff ff 01 04 01 00 04 82 00 00 	P000000000000000
  0x81e0	11 18 04 00 18 34 09 00 0a 52 06 70 88 59 00 00 	000004000R0p0Y00
  0x81f0	a0 7d 00 00 00 00 00 00 c0 10 00 00 ff ff ff ff 	0}00000000000000
  0x8200	11 13 02 00 0a 52 06 30 88 59 00 00 78 7d 00 00 	00000R000Y00x}00
  0x8210	18 11 00 00 ff ff ff ff 3b 11 00 00 00 00 00 00 	00000000;0000000
  0x8220	45 11 00 00 ff ff ff ff 11 18 04 00 18 34 09 00 	E000000000000400
  0x8230	0a 52 06 70 88 59 00 00 50 7d 00 00 ff ff ff ff 	0R0p0Y00P}000000
  0x8240	e3 60 00 00 00 00 00 00 fc 60 00 00 00 00 00 00 	0`0000000`000000
  0x8250	58 11 00 00 ff ff ff ff 83 11 00 00 00 00 00 00 	X000000000000000
  0x8260	b2 11 00 00 ff ff ff ff 11 13 02 00 0a 52 06 30 	0000000000000R00
  0x8270	88 59 00 00 28 7d 00 00 c8 11 00 00 ff ff ff ff 	0Y00(}0000000000
  0x8280	e8 11 00 00 00 00 00 00 09 12 00 00 ff ff ff ff 	0000000000000000
  0x8290	19 13 01 00 04 e2 00 00 04 5c 00 00 60 00 00 00 	000000000000`000
  0x82a0	11 18 04 00 18 34 09 00 0a 52 06 70 88 59 00 00 	000004000R0p0Y00
  0x82b0	00 7d 00 00 00 00 00 00 90 12 00 00 ff ff ff ff 	0}00000000000000
  0x82c0	b7 12 00 00 00 00 00 00 d8 12 00 00 ff ff ff ff 	0000000000000000
  0x82d0	11 18 04 00 18 34 09 00 0a 52 06 70 88 59 00 00 	000004000R0p0Y00
  0x82e0	d8 7c 00 00 00 00 00 00 0c 13 00 00 ff ff ff ff 	0|00000000000000
  0x82f0	37 13 00 00 00 00 00 00 67 13 00 00 ff ff ff ff 	70000000g0000000
  0x8300	11 13 02 00 0a 52 06 30 88 59 00 00 b0 7c 00 00 	00000R000Y000|00
  0x8310	ff ff ff ff 12 61 00 00 7c 13 00 00 ff ff ff ff 	00000a00|0000000
  0x8320	98 13 00 00 00 00 00 00 a2 13 00 00 ff ff ff ff 	0000000000000000
  0x8330	11 13 02 00 0a 52 06 30 88 59 00 00 88 7c 00 00 	00000R000Y000|00
  0x8340	ff ff ff ff 12 61 00 00 ff ff ff ff e3 60 00 00 	00000a0000000`00
  0x8350	01 00 00 00 fc 60 00 00 b4 13 00 00 ff ff ff ff 	00000`0000000000
  0x8360	de 13 00 00 01 00 00 00 ff 13 00 00 ff ff ff ff 	0000000000000000
  0x8370	11 18 04 00 18 34 09 00 0a 52 06 70 88 59 00 00 	000004000R0p0Y00
  0x8380	60 7c 00 00 00 00 00 00 60 14 00 00 ff ff ff ff 	`|000000`0000000
  0x8390	91 14 00 00 01 00 00 00 b2 14 00 00 ff ff ff ff 	0000000000000000
  0x83a0	11 13 02 00 0a 52 06 30 88 59 00 00 38 7c 00 00 	00000R000Y008|00
  0x83b0	e4 14 00 00 ff ff ff ff 00 15 00 00 00 00 00 00 	0000000000000000
  0x83c0	0a 15 00 00 ff ff ff ff 19 33 04 00 21 01 0d 05 	000000000300!000
  0x83d0	14 70 13 30 04 5c 00 00 50 28 00 00 01 06 02 00 	0p000000P(000000
  0x83e0	06 32 02 30 19 12 01 00 09 62 00 00 88 59 00 00 	020000000b000Y00
  0x83f0	10 7c 00 00 00 00 00 00 1c 17 00 00 ff ff ff ff 	0|00000000000000
  0x8400	11 1e 0a 00 1e 34 11 00 12 72 0e f0 0c e0 0a d0 	000004000r000000
  0x8410	08 c0 06 70 05 60 04 50 88 59 00 00 e8 7b 00 00 	000p0`0P0Y000{00
  0x8420	ff ff ff ff 24 61 00 00 00 00 00 00 36 61 00 00 	0000$a0000006a00
  0x8430	5c 17 00 00 ff ff ff ff c3 1b 00 00 00 00 00 00 	0000000000000000
  0x8440	d4 1b 00 00 01 00 00 00 00 1c 00 00 00 00 00 00 	0000000000000000
  0x8450	05 1c 00 00 ff ff ff ff 19 0f 02 00 06 52 02 30 	0000000000000R00
  0x8460	88 59 00 00 c0 7b 00 00 b4 1c 00 00 ff ff ff ff 	0Y000{0000000000
  0x8470	01 0f 06 00 0f 64 07 00 0f 34 06 00 0f 32 0b 70 	00000d000400020p
  0x8480	01 19 0a 00 19 74 09 00 19 64 08 00 19 54 07 00 	00000t000d000T00
  0x8490	19 34 06 00 19 32 15 e0 19 22 02 00 07 01 15 00 	040002000"000000
  0x84a0	8c 5c 00 00 98 7b 00 00 92 00 00 00 ff ff ff ff 	00000{0000000000
  0x84b0	48 61 00 00 00 00 00 00 88 1e 00 00 ff ff ff ff 	Ha00000000000000
  0x84c0	bc 1e 00 00 00 00 00 00 01 14 08 00 14 64 08 00 	0000000000000d00
  0x84d0	14 54 07 00 14 34 06 00 14 32 10 70 19 23 06 00 	0T000400020p0#00
  0x84e0	23 34 13 00 17 b2 13 e0 11 70 10 60 88 59 00 00 	#40000000p0`0Y00
  0x84f0	70 7b 00 00 ff ff ff ff 00 00 00 00 ff ff ff ff 	p{00000000000000
  0x8500	00 00 00 00 01 00 00 00 00 00 00 00 01 00 00 00 	0000000000000000
  0x8510	00 00 00 00 00 00 00 00 00 00 00 00 03 00 00 00 	0000000000000000
  0x8520	01 00 00 00 3c 85 00 00 02 00 00 00 02 00 00 00 	0000<00000000000
  0x8530	03 00 00 00 01 00 00 00 50 85 00 00 00 00 00 00 	00000000P0000000
  0x8540	00 00 00 00 00 00 00 00 5a 61 00 00 38 00 00 00 	00000000Za008000
  0x8550	00 00 00 00 00 00 00 00 00 00 00 00 be 61 00 00 	0000000000000a00
  0x8560	38 00 00 00 00 00 00 00 00 00 00 00 00 00 00 00 	8000000000000000
  0x8570	a8 1f 00 00 ff ff ff ff 14 20 00 00 00 00 00 00 	000000000 000000
  0x8580	2a 20 00 00 ff ff ff ff 2c 20 00 00 00 00 00 00 	* 000000, 000000
  0x8590	41 20 00 00 ff ff ff ff c4 20 00 00 00 00 00 00 	A 0000000 000000
  0x85a0	e2 20 00 00 ff ff ff ff 5a 61 00 00 00 00 00 00 	0 000000Za000000
  0x85b0	67 61 00 00 01 00 00 00 75 61 00 00 02 00 00 00 	ga000000ua000000
  0x85c0	b0 61 00 00 00 00 00 00 cb 61 00 00 03 00 00 00 	0a0000000a000000
  0x85d0	19 0a 02 00 0a 32 06 50 88 59 00 00 70 7b 00 00 	0000020P0Y00p{00
  0x85e0	01 05 02 00 05 34 01 00 01 12 05 00 12 42 0e 70 	0000040000000B0p
  0x85f0	0d 60 0c 50 0b 30 00 00 11 13 02 00 0a 52 06 30 	0`0P000000000R00
  0x8600	88 59 00 00 90 7e 00 00 ff ff ff ff ec 61 00 00 	0Y000~0000000a00
  0x8610	00 00 00 00 02 62 00 00 e8 23 00 00 ff ff ff ff 	00000b000#000000
  0x8620	fe 23 00 00 00 00 00 00 1c 24 00 00 ff ff ff ff 	0#0000000$000000
  0x8630	01 04 01 00 04 42 00 00 19 1f 05 00 0d 34 0d 01 	00000B0000000400
  0x8640	0d 01 0a 01 06 70 00 00 04 5c 00 00 40 08 00 00 	00000p000000@000
  0x8650	01 15 08 00 15 74 08 00 15 64 07 00 15 34 06 00 	00000t000d000400
  0x8660	15 32 11 e0 01 0a 04 00 0a 34 07 00 0a 32 06 70 	020000000400020p
  0x8670	01 19 0a 00 19 74 11 00 19 64 10 00 19 54 0f 00 	00000t000d000T00
  0x8680	19 34 0e 00 19 b2 15 e0 19 1f 05 00 0d 34 43 00 	04000000000004C0
  0x8690	0d 01 40 00 06 70 00 00 04 5c 00 00 f0 01 00 00 	00@00p0000000000
  0x86a0	01 13 08 00 13 54 0d 00 13 34 0c 00 13 72 0f e0 	00000T0004000r00
  0x86b0	0d 70 0c 60 01 0a 04 00 0a 34 08 00 0a 52 06 70 	0p0`000004000R0p
  0x86c0	01 15 08 00 15 e4 08 00 15 64 07 00 15 34 06 00 	000000000d000400
  0x86d0	15 32 11 f0 01 18 0a 00 18 64 0c 00 18 54 0b 00 	020000000d000T00
  0x86e0	18 34 0a 00 18 52 14 f0 12 e0 10 70 01 1c 0c 00 	04000R00000p0000
  0x86f0	1c 64 11 00 1c 54 10 00 1c 34 0f 00 1c 72 18 f0 	0d000T0004000r00
  0x8700	16 e0 14 d0 12 c0 10 70 11 20 09 00 18 82 11 f0 	0000000p0 000000
  0x8710	0f e0 0d d0 0b c0 09 70 08 60 07 30 06 50 00 00 	0000000p0`000P00
  0x8720	88 59 00 00 68 7e 00 00 ff ff ff ff 18 62 00 00 	0Y00h~0000000b00
  0x8730	00 00 00 00 56 62 00 00 01 00 00 00 6c 62 00 00 	0000Vb000000lb00
  0x8740	00 00 00 00 2a 62 00 00 03 00 00 00 56 62 00 00 	0000*b000000Vb00
  0x8750	04 00 00 00 6c 62 00 00 03 00 00 00 40 62 00 00 	0000lb000000@b00
  0x8760	ff ff ff ff 18 62 00 00 07 00 00 00 82 62 00 00 	00000b0000000b00
  0x8770	ff ff ff ff 18 62 00 00 09 00 00 00 98 62 00 00 	00000b0000000b00
  0x8780	0a 00 00 00 ae 62 00 00 ff ff ff ff 24 61 00 00 	00000b000000$a00
  0x8790	0c 00 00 00 f0 62 00 00 0d 00 00 00 06 63 00 00 	00000b0000000c00
  0x87a0	0c 00 00 00 c4 62 00 00 0f 00 00 00 f0 62 00 00 	00000b0000000b00
  0x87b0	10 00 00 00 06 63 00 00 0f 00 00 00 da 62 00 00 	00000c0000000b00
  0x87c0	ff ff ff ff 24 61 00 00 13 00 00 00 f0 62 00 00 	0000$a0000000b00
  0x87d0	14 00 00 00 06 63 00 00 13 00 00 00 c4 62 00 00 	00000c0000000b00
  0x87e0	16 00 00 00 f0 62 00 00 17 00 00 00 06 63 00 00 	00000b0000000c00
  0x87f0	16 00 00 00 da 62 00 00 ff ff ff ff 24 61 00 00 	00000b000000$a00
  0x8800	1a 00 00 00 1c 63 00 00 ff ff ff ff 24 61 00 00 	00000c000000$a00
  0x8810	1c 00 00 00 32 63 00 00 1d 00 00 00 48 63 00 00 	00002c000000Hc00
  0x8820	7c 31 00 00 ff ff ff ff 84 32 00 00 0c 00 00 00 	|100000002000000
  0x8830	a0 32 00 00 0d 00 00 00 ac 32 00 00 0e 00 00 00 	0200000002000000
  0x8840	bb 32 00 00 0f 00 00 00 cf 32 00 00 10 00 00 00 	0200000002000000
  0x8850	db 32 00 00 11 00 00 00 ea 32 00 00 0c 00 00 00 	0200000002000000
  0x8860	ef 32 00 00 ff ff ff ff 7a 34 00 00 00 00 00 00 	02000000z4000000
  0x8870	96 34 00 00 01 00 00 00 a2 34 00 00 02 00 00 00 	0400000004000000
  0x8880	b1 34 00 00 03 00 00 00 c5 34 00 00 04 00 00 00 	0400000004000000
  0x8890	d1 34 00 00 05 00 00 00 e0 34 00 00 00 00 00 00 	0400000004000000
  0x88a0	e5 34 00 00 ff ff ff ff 7b 35 00 00 07 00 00 00 	04000000{5000000
  0x88b0	8c 35 00 00 08 00 00 00 9b 35 00 00 07 00 00 00 	0500000005000000
  0x88c0	a0 35 00 00 ff ff ff ff 37 36 00 00 09 00 00 00 	0500000076000000
  0x88d0	48 36 00 00 0a 00 00 00 54 36 00 00 0b 00 00 00 	H6000000T6000000
  0x88e0	6f 36 00 00 09 00 00 00 74 36 00 00 ff ff ff ff 	o6000000t6000000
  0x88f0	fc 3a 00 00 13 00 00 00 18 3b 00 00 14 00 00 00 	0:0000000;000000
  0x8900	24 3b 00 00 15 00 00 00 33 3b 00 00 16 00 00 00 	$;0000003;000000
  0x8910	47 3b 00 00 17 00 00 00 53 3b 00 00 18 00 00 00 	G;000000S;000000
  0x8920	62 3b 00 00 13 00 00 00 67 3b 00 00 ff ff ff ff 	b;000000g;000000
  0x8930	b8 3d 00 00 1c 00 00 00 c9 3d 00 00 1d 00 00 00 	0=0000000=000000
  0x8940	d5 3d 00 00 1e 00 00 00 f0 3d 00 00 1c 00 00 00 	0=0000000=000000
  0x8950	f5 3d 00 00 ff ff ff ff cf 3e 00 00 1a 00 00 00 	0=0000000>000000
  0x8960	e0 3e 00 00 1b 00 00 00 ef 3e 00 00 1a 00 00 00 	0>0000000>000000
  0x8970	f4 3e 00 00 ff ff ff ff 11 24 0a 00 24 64 0d 00 	0>0000000$00$d00
  0x8980	20 54 0c 00 1c 34 0b 00 10 52 0c f0 0a e0 08 70 	 T0004000R00000p
  0x8990	88 59 00 00 40 7e 00 00 ff ff ff ff 5e 63 00 00 	0Y00@~000000^c00
  0x89a0	00 00 00 00 70 63 00 00 01 00 00 00 d1 63 00 00 	0000pc0000000c00
  0x89b0	02 00 00 00 e7 63 00 00 01 00 00 00 86 63 00 00 	00000c0000000c00
  0x89c0	04 00 00 00 9f 63 00 00 05 00 00 00 b8 63 00 00 	00000c0000000c00
  0x89d0	9c 42 00 00 ff ff ff ff 26 43 00 00 00 00 00 00 	0B000000&C000000
  0x89e0	58 43 00 00 01 00 00 00 6d 43 00 00 02 00 00 00 	XC000000mC000000
  0x89f0	79 43 00 00 03 00 00 00 88 43 00 00 04 00 00 00 	yC0000000C000000
  0x8a00	9d 43 00 00 05 00 00 00 b2 43 00 00 06 00 00 00 	0C0000000C000000
  0x8a10	cc 43 00 00 00 00 00 00 ce 43 00 00 ff ff ff ff 	0C0000000C000000
  0x8a20	d3 43 00 00 00 00 00 00 d6 43 00 00 ff ff ff ff 	0C0000000C000000
  0x8a30	01 17 09 00 17 82 13 f0 11 e0 0f d0 0d c0 0b 70 	000000000000000p
  0x8a40	0a 60 09 50 08 30 00 00 19 24 0a 00 24 64 13 00 	0`0P00000$00$d00
  0x8a50	20 34 12 00 14 b2 10 f0 0e e0 0c d0 0a c0 08 70 	 40000000000000p
  0x8a60	88 59 00 00 18 7e 00 00 ff ff ff ff 00 00 00 00 	0Y000~0000000000
  0x8a70	ff ff ff ff 00 00 00 00 ff ff ff ff 00 00 00 00 	0000000000000000
  0x8a80	ff ff ff ff 00 00 00 00 00 00 00 00 00 00 00 00 	0000000000000000
  0x8a90	01 00 00 00 01 00 00 00 b0 8a 00 00 02 00 00 00 	0000000000000000
  0x8aa0	02 00 00 00 03 00 00 00 01 00 00 00 c4 8a 00 00 	0000000000000000
  0x8ab0	00 00 00 00 00 00 00 00 00 00 00 00 fd 63 00 00 	0000000000000c00
  0x8ac0	38 00 00 00 00 00 00 00 00 00 00 00 00 00 00 00 	8000000000000000
  0x8ad0	20 64 00 00 38 00 00 00 00 00 00 00 00 00 00 00 	 d00800000000000
  0x8ae0	e0 50 00 00 ff ff ff ff e0 51 00 00 00 00 00 00 	0P0000000Q000000
  0x8af0	34 52 00 00 ff ff ff ff 47 52 00 00 00 00 00 00 	4R000000GR000000
  0x8b00	70 52 00 00 ff ff ff ff b9 52 00 00 02 00 00 00 	pR0000000R000000
  0x8b10	f2 52 00 00 ff ff ff ff fd 63 00 00 00 00 00 00 	0R0000000c000000
  0x8b20	0a 64 00 00 01 00 00 00 20 64 00 00 00 00 00 00 	0d000000 d000000
  0x8b30	2d 64 00 00 03 00 00 00 19 0a 02 00 0a 32 06 50 	-d0000000000020P
  0x8b40	88 59 00 00 18 7e 00 00 19 22 02 00 07 01 15 00 	0Y000~000"000000
  0x8b50	8c 5c 00 00 a0 74 00 00 92 00 00 00 00 00 00 00 	00000t0000000000
  0x8b60	d6 55 00 00 ff ff ff ff e6 55 00 00 00 00 00 00 	0U0000000U000000
  0x8b70	19 22 02 00 07 01 15 00 8c 5c 00 00 c8 74 00 00 	0"00000000000t00
  0x8b80	92 00 00 00 00 00 00 00 32 56 00 00 ff ff ff ff 	000000002V000000
  0x8b90	45 56 00 00 00 00 00 00 11 1c 06 00 1c 64 0a 00 	EV00000000000d00
  0x8ba0	18 34 09 00 0c 52 08 70 88 59 00 00 f0 74 00 00 	04000R0p0Y000t00
  0x8bb0	ff ff ff ff 3d 64 00 00 5e 54 00 00 ff ff ff ff 	0000=d00^T000000
  0x8bc0	8a 54 00 00 00 00 00 00 11 18 04 00 18 34 09 00 	0T00000000000400
  0x8bd0	0a 52 06 70 88 59 00 00 18 75 00 00 00 00 00 00 	0R0p0Y000u000000
  0x8be0	e6 53 00 00 ff ff ff ff 16 54 00 00 00 00 00 00 	0S0000000T000000
  0x8bf0	01 0a 04 00 0a 34 06 00 0a 32 06 70 01 04 01 00 	00000400020p0000
  0x8c00	04 62 00 00 09 15 08 00 15 74 0a 00 15 64 09 00 	0b0000000t000d00
  0x8c10	15 34 08 00 15 52 11 f0 1a 60 00 00 01 00 00 00 	04000R000`000000
  0x8c20	b5 57 00 00 1b 59 00 00 4f 64 00 00 1b 59 00 00 	0W000Y00Od000Y00
  0x8c30	01 06 02 00 06 32 02 50 01 00 00 00 01 0c 02 00 	0000020P00000000
  0x8c40	0c 01 11 00 01 02 01 00 02 30 00 00 09 04 01 00 	0000000000000000
  0x8c50	04 22 00 00 1a 60 00 00 01 00 00 00 9c 5d 00 00 	0"000`0000000]00
  0x8c60	d2 5d 00 00 01 00 00 00 d2 5d 00 00 09 0a 04 00 	0]0000000]000000
  0x8c70	0a 34 06 00 0a 32 06 70 1a 60 00 00 01 00 00 00 	0400020p0`000000
  0x8c80	ad 5e 00 00 e0 5e 00 00 80 64 00 00 e0 5e 00 00 	0^000^000d000^00
  0x8c90	01 0d 04 00 0d 34 09 00 0d 32 06 50 00 00 00 00 	00000400020P0000
  0x8ca0	01 00 00 00 00 00 00 00 02 04 03 00 01 16 00 06 	0000000000000000
  0x8cb0	04 12 00 00 00 00 00 00 00 00 00 00 b4 54 00 00 	0000000000000T00
  0x8cc0	00 00 00 00 d8 8c 00 00 00 00 00 00 00 00 00 00 	0000000000000000
  0x8cd0	00 00 00 00 00 00 00 00 03 00 00 00 f8 8c 00 00 	0000000000000000
  0x8ce0	40 8d 00 00 c8 8d 00 00 00 00 00 00 00 00 00 00 	@000000000000000
  0x8cf0	00 00 00 00 00 00 00 00 00 00 00 00 00 a0 00 00 	0000000000000000
  0x8d00	00 00 00 00 ff ff ff ff 00 00 00 00 40 00 00 00 	000000000000@000
  0x8d10	c8 53 00 00 00 00 00 00 00 00 00 00 00 00 00 00 	0S00000000000000
  0x8d20	00 00 00 00 c8 11 00 00 00 00 00 00 38 8e 00 00 	0000000000008000
  0x8d30	00 00 00 00 00 00 00 00 00 00 00 00 00 00 00 00 	0000000000000000
  0x8d40	00 00 00 00 78 a0 00 00 00 00 00 00 ff ff ff ff 	0000x00000000000
  0x8d50	00 00 00 00 40 00 00 00 0c 13 00 00 00 00 00 00 	0000@00000000000
  0x8d60	00 00 00 00 00 00 00 00 00 00 00 00 50 a0 00 00 	000000000000P000
  0x8d70	00 00 00 00 ff ff ff ff 00 00 00 00 40 00 00 00 	000000000000@000
  0x8d80	e4 14 00 00 00 00 00 00 00 00 00 00 00 00 00 00 	0000000000000000
  0x8d90	02 00 00 00 f0 8d 00 00 c8 8d 00 00 00 00 00 00 	0000000000000000
  0x8da0	00 00 00 00 00 00 00 00 03 00 00 00 68 8d 00 00 	000000000000h000
  0x8db0	40 8d 00 00 c8 8d 00 00 00 00 00 00 00 00 00 00 	@000000000000000
  0x8dc0	00 00 00 00 00 00 00 00 00 00 00 00 a0 a0 00 00 	0000000000000000
  0x8dd0	00 00 00 00 ff ff ff ff 00 00 00 00 18 00 00 00 	0000000000000000
  0x8de0	f4 59 00 00 00 00 00 00 00 00 00 00 00 00 00 00 	0Y00000000000000
  0x8df0	10 00 00 00 28 a0 00 00 00 00 00 00 ff ff ff ff 	0000(00000000000
  0x8e00	00 00 00 00 18 00 00 00 18 11 00 00 00 00 00 00 	0000000000000000
  0x8e10	00 00 00 00 00 00 00 00 00 00 00 00 b4 13 00 00 	0000000000000000
  0x8e20	00 00 00 00 a8 8d 00 00 00 00 00 00 00 00 00 00 	0000000000000000
  0x8e30	00 00 00 00 00 00 00 00 02 00 00 00 40 8d 00 00 	000000000000@000
  0x8e40	c8 8d 00 00 00 00 00 00 00 00 00 00 00 00 00 00 	0000000000000000
  0x8e50	00 00 00 00 50 10 00 00 00 00 00 00 90 8d 00 00 	0000P00000000000
  0x8e60	00 00 00 00 00 00 00 00 00 00 00 00 e8 8e 00 00 	0000000000000000
  0x8e70	00 00 00 00 00 00 00 00 92 91 00 00 98 71 00 00 	0000000000000q00
  0x8e80	20 8f 00 00 00 00 00 00 00 00 00 00 be 92 00 00 	 000000000000000
  0x8e90	d0 71 00 00 00 90 00 00 00 00 00 00 00 00 00 00 	0q00000000000000
  0x8ea0	92 94 00 00 b0 72 00 00 08 91 00 00 00 00 00 00 	00000r0000000000
  0x8eb0	00 00 00 00 2c 95 00 00 b8 73 00 00 f0 8f 00 00 	0000,0000s000000
  0x8ec0	00 00 00 00 00 00 00 00 44 95 00 00 a0 72 00 00 	00000000D0000r00
  0x8ed0	00 00 00 00 00 00 00 00 00 00 00 00 00 00 00 00 	0000000000000000
  0x8ee0	00 00 00 00 00 00 00 00 46 91 00 00 00 00 00 00 	00000000F0000000
  0x8ef0	56 91 00 00 00 00 00 00 66 91 00 00 00 00 00 00 	V0000000f0000000
  0x8f00	74 91 00 00 00 00 00 00 84 91 00 00 00 00 00 00 	t000000000000000
  0x8f10	38 91 00 00 00 00 00 00 00 00 00 00 00 00 00 00 	8000000000000000
  0x8f20	a0 91 00 00 00 00 00 00 b6 91 00 00 00 00 00 00 	0000000000000000
  0x8f30	c6 91 00 00 00 00 00 00 d2 91 00 00 00 00 00 00 	0000000000000000
  0x8f40	e4 91 00 00 00 00 00 00 fa 91 00 00 00 00 00 00 	0000000000000000
  0x8f50	0e 92 00 00 00 00 00 00 24 92 00 00 00 00 00 00 	00000000$0000000
  0x8f60	44 92 00 00 00 00 00 00 5c 92 00 00 00 00 00 00 	D000000000000000
  0x8f70	68 92 00 00 00 00 00 00 80 92 00 00 00 00 00 00 	h000000000000000
  0x8f80	8e 92 00 00 00 00 00 00 a0 92 00 00 00 00 00 00 	0000000000000000
  0x8f90	b0 92 00 00 00 00 00 00 74 95 00 00 00 00 00 00 	00000000t0000000
  0x8fa0	58 95 00 00 00 00 00 00 50 95 00 00 00 00 00 00 	X0000000P0000000
  0x8fb0	a6 95 00 00 00 00 00 00 ba 95 00 00 00 00 00 00 	0000000000000000
  0x8fc0	d4 95 00 00 00 00 00 00 ea 95 00 00 00 00 00 00 	0000000000000000
  0x8fd0	00 96 00 00 00 00 00 00 1a 96 00 00 00 00 00 00 	0000000000000000
  0x8fe0	92 95 00 00 00 00 00 00 00 00 00 00 00 00 00 00 	0000000000000000
  0x8ff0	36 95 00 00 00 00 00 00 00 00 00 00 00 00 00 00 	6000000000000000
  0x9000	76 93 00 00 00 00 00 00 c0 93 00 00 00 00 00 00 	v000000000000000
  0x9010	ca 93 00 00 00 00 00 00 d4 93 00 00 00 00 00 00 	0000000000000000
  0x9020	ea 93 00 00 00 00 00 00 f8 93 00 00 00 00 00 00 	0000000000000000
  0x9030	06 94 00 00 00 00 00 00 18 94 00 00 00 00 00 00 	0000000000000000
  0x9040	2a 94 00 00 00 00 00 00 32 94 00 00 00 00 00 00 	*000000020000000
  0x9050	3a 94 00 00 00 00 00 00 44 94 00 00 00 00 00 00 	:0000000D0000000
  0x9060	58 94 00 00 00 00 00 00 64 94 00 00 00 00 00 00 	X0000000d0000000
  0x9070	aa 93 00 00 00 00 00 00 86 94 00 00 00 00 00 00 	0000000000000000
  0x9080	9e 94 00 00 00 00 00 00 b6 94 00 00 00 00 00 00 	0000000000000000
  0x9090	2a 96 00 00 00 00 00 00 56 93 00 00 00 00 00 00 	*0000000V0000000
  0x90a0	3e 93 00 00 00 00 00 00 26 93 00 00 00 00 00 00 	>0000000&0000000
  0x90b0	08 93 00 00 00 00 00 00 fc 92 00 00 00 00 00 00 	0000000000000000
  0x90c0	f0 92 00 00 00 00 00 00 9e 93 00 00 00 00 00 00 	0000000000000000
  0x90d0	7c 94 00 00 00 00 00 00 e2 92 00 00 00 00 00 00 	|000000000000000
  0x90e0	cc 92 00 00 00 00 00 00 94 93 00 00 00 00 00 00 	0000000000000000
  0x90f0	b6 93 00 00 00 00 00 00 34 96 00 00 00 00 00 00 	0000000040000000
  0x9100	00 00 00 00 00 00 00 00 ea 94 00 00 00 00 00 00 	0000000000000000
  0x9110	dc 94 00 00 00 00 00 00 ca 94 00 00 00 00 00 00 	0000000000000000
  0x9120	fe 94 00 00 00 00 00 00 18 95 00 00 00 00 00 00 	0000000000000000
  0x9130	00 00 00 00 00 00 00 00 20 02 4f 70 65 6e 54 72 	00000000 0OpenTr
  0x9140	61 63 65 57 00 00 6e 00 43 6f 6e 74 72 6f 6c 54 	aceW00n0ControlT
  0x9150	72 61 63 65 57 00 08 01 45 6e 61 62 6c 65 54 72 	raceW000EnableTr
  0x9160	61 63 65 45 78 00 67 00 43 6c 6f 73 65 54 72 61 	aceEx0g0CloseTra
  0x9170	63 65 00 00 45 02 50 72 6f 63 65 73 73 54 72 61 	ce00E0ProcessTra
  0x9180	63 65 00 00 00 03 53 74 61 72 74 54 72 61 63 65 	ce0000StartTrace
  0x9190	57 00 41 44 56 41 50 49 33 32 2e 64 6c 6c 00 00 	W0ADVAPI32.dll00
  0x91a0	09 02 47 65 74 43 6f 6e 73 6f 6c 65 4f 75 74 70 	00GetConsoleOutp
  0x91b0	75 74 43 50 00 00 dc 02 47 65 74 53 74 64 48 61 	utCP0000GetStdHa
  0x91c0	6e 64 6c 65 00 00 25 06 57 72 69 74 65 46 69 6c 	ndle00%0WriteFil
  0x91d0	65 00 68 04 52 61 69 73 65 45 78 63 65 70 74 69 	e0h0RaiseExcepti
  0x91e0	6f 6e 00 00 59 03 48 65 61 70 53 65 74 49 6e 66 	on00Y0HeapSetInf
  0x91f0	6f 72 6d 61 74 69 6f 6e 00 00 81 02 47 65 74 4d 	ormation0000GetM
  0x9200	6f 64 75 6c 65 48 61 6e 64 6c 65 57 00 00 11 06 	oduleHandleW0000
  0x9210	57 69 64 65 43 68 61 72 54 6f 4d 75 6c 74 69 42 	WideCharToMultiB
  0x9220	79 74 65 00 6e 05 53 65 74 54 68 72 65 61 64 50 	yte0n0SetThreadP
  0x9230	72 65 66 65 72 72 65 64 55 49 4c 61 6e 67 75 61 	referredUILangua
  0x9240	67 65 73 00 f9 04 53 65 74 43 6f 6e 73 6f 6c 65 	ges000SetConsole
  0x9250	43 74 72 6c 48 61 6e 64 6c 65 72 00 53 06 6c 73 	CtrlHandler0S0ls
  0x9260	74 72 6c 65 6e 57 00 00 1f 03 47 65 74 55 73 65 	trlenW0000GetUse
  0x9270	72 44 65 66 61 75 6c 74 4c 61 6e 67 49 44 00 00 	rDefaultLangID00
  0x9280	ce 00 43 72 65 61 74 65 46 69 6c 65 57 00 b0 01 	00CreateFileW000
  0x9290	46 6f 72 6d 61 74 4d 65 73 73 61 67 65 57 00 00 	FormatMessageW00
  0x92a0	6a 02 47 65 74 4c 61 73 74 45 72 72 6f 72 00 00 	j0GetLastError00
  0x92b0	89 00 43 6c 6f 73 65 48 61 6e 64 6c 65 00 4b 45 	00CloseHandle0KE
  0x92c0	52 4e 45 4c 33 32 2e 64 6c 6c 00 00 5b 00 5f 5f 	RNEL32.dll00[0__
  0x92d0	43 78 78 46 72 61 6d 65 48 61 6e 64 6c 65 72 33 	CxxFrameHandler3
  0x92e0	00 00 69 03 5f 76 73 6e 77 70 72 69 6e 74 66 00 	00i0_vsnwprintf0
  0x92f0	93 04 6d 65 6d 63 70 79 5f 73 00 00 8a 03 5f 77 	00memcpy_s0000_w
  0x9300	63 73 69 63 6d 70 00 00 31 00 3f 77 68 61 74 40 	csicmp0010?what@
  0x9310	65 78 63 65 70 74 69 6f 6e 40 40 55 45 42 41 50 	exception@@UEBAP
  0x9320	45 42 44 58 5a 00 11 00 3f 3f 31 65 78 63 65 70 	EBDXZ000??1excep
  0x9330	74 69 6f 6e 40 40 55 45 41 41 40 58 5a 00 0d 00 	tion@@UEAA@XZ000
  0x9340	3f 3f 30 65 78 63 65 70 74 69 6f 6e 40 40 51 45 	??0exception@@QE
  0x9350	41 41 40 58 5a 00 0a 00 3f 3f 30 65 78 63 65 70 	AA@XZ000??0excep
  0x9360	74 69 6f 6e 40 40 51 45 41 41 40 41 45 42 51 45 	tion@@QEAA@AEBQE
  0x9370	42 44 40 5a 00 00 0c 00 3f 3f 30 65 78 63 65 70 	BD@Z0000??0excep
  0x9380	74 69 6f 6e 40 40 51 45 41 41 40 41 45 42 56 30 	tion@@QEAA@AEBV0
  0x9390	40 40 5a 00 9d 04 70 72 69 6e 74 66 00 00 94 03 	@@Z000printf0000
  0x93a0	5f 77 63 73 6e 69 63 6d 70 00 95 04 6d 65 6d 6d 	_wcsnicmp000memm
  0x93b0	6f 76 65 5f 73 00 14 05 77 63 73 73 74 72 00 00 	ove_s000wcsstr00
  0x93c0	5b 04 67 65 74 63 68 61 72 00 10 05 77 63 73 72 	[0getchar000wcsr
  0x93d0	63 68 72 00 4b 00 5f 43 78 78 54 68 72 6f 77 45 	chr0K0_CxxThrowE
  0x93e0	78 63 65 70 74 69 6f 6e 00 00 55 00 5f 58 63 70 	xception00U0_Xcp
  0x93f0	74 46 69 6c 74 65 72 00 ae 00 5f 61 6d 73 67 5f 	tFilter000_amsg_
  0x9400	65 78 69 74 00 00 9d 00 5f 5f 77 67 65 74 6d 61 	exit0000__wgetma
  0x9410	69 6e 61 72 67 73 00 00 8e 00 5f 5f 73 65 74 5f 	inargs0000__set_
  0x9420	61 70 70 5f 74 79 70 65 00 00 32 04 65 78 69 74 	app_type0020exit
  0x9430	00 00 0e 01 5f 65 78 69 74 00 c1 00 5f 63 65 78 	0000_exit000_cex
  0x9440	69 74 00 00 90 00 5f 5f 73 65 74 75 73 65 72 6d 	it0000__setuserm
  0x9450	61 74 68 65 72 72 00 00 7d 01 5f 69 6e 69 74 74 	atherr00}0_initt
  0x9460	65 72 6d 00 57 00 5f 5f 43 5f 73 70 65 63 69 66 	erm0W0__C_specif
  0x9470	69 63 5f 68 61 6e 64 6c 65 72 00 00 27 01 5f 66 	ic_handler00'0_f
  0x9480	6d 6f 64 65 00 00 d2 00 5f 63 6f 6d 6d 6f 64 65 	mode0000_commode
  0x9490	00 00 6d 73 76 63 72 74 2e 64 6c 6c 00 00 12 00 	00msvcrt.dll0000
  0x94a0	3f 3f 31 74 79 70 65 5f 69 6e 66 6f 40 40 55 45 	??1type_info@@UE
  0x94b0	41 41 40 58 5a 00 2f 00 3f 74 65 72 6d 69 6e 61 	AA@XZ0/0?termina
  0x94c0	74 65 40 40 59 41 58 58 5a 00 d3 02 52 74 6c 41 	te@@YAXXZ000RtlA
  0x94d0	6c 6c 6f 63 61 74 65 48 65 61 70 00 f6 03 52 74 	llocateHeap000Rt
  0x94e0	6c 46 72 65 65 48 65 61 70 00 f3 02 52 74 6c 43 	lFreeHeap000RtlC
  0x94f0	61 70 74 75 72 65 43 6f 6e 74 65 78 74 00 ea 04 	aptureContext000
  0x9500	52 74 6c 4c 6f 6f 6b 75 70 46 75 6e 63 74 69 6f 	RtlLookupFunctio
  0x9510	6e 45 6e 74 72 79 00 00 29 06 52 74 6c 56 69 72 	nEntry00)0RtlVir
  0x9520	74 75 61 6c 55 6e 77 69 6e 64 00 00 6e 74 64 6c 	tualUnwind00ntdl
  0x9530	6c 2e 64 6c 6c 00 67 02 4c 6f 61 64 53 74 72 69 	l.dll0g0LoadStri
  0x9540	6e 67 57 00 55 53 45 52 33 32 2e 64 6c 6c 00 00 	ngW0USER32.dll00
  0x9550	8f 05 53 6c 65 65 70 00 c0 05 55 6e 68 61 6e 64 	00Sleep000Unhand
  0x9560	6c 65 64 45 78 63 65 70 74 69 6f 6e 46 69 6c 74 	ledExceptionFilt
  0x9570	65 72 00 00 7f 05 53 65 74 55 6e 68 61 6e 64 6c 	er0000SetUnhandl
  0x9580	65 64 45 78 63 65 70 74 69 6f 6e 46 69 6c 74 65 	edExceptionFilte
  0x9590	72 00 20 02 47 65 74 43 75 72 72 65 6e 74 50 72 	r0 0GetCurrentPr
  0x95a0	6f 63 65 73 73 00 9e 05 54 65 72 6d 69 6e 61 74 	ocess000Terminat
  0x95b0	65 50 72 6f 63 65 73 73 00 00 52 04 51 75 65 72 	eProcess00R0Quer
  0x95c0	79 50 65 72 66 6f 72 6d 61 6e 63 65 43 6f 75 6e 	yPerformanceCoun
  0x95d0	74 65 72 00 21 02 47 65 74 43 75 72 72 65 6e 74 	ter0!0GetCurrent
  0x95e0	50 72 6f 63 65 73 73 49 64 00 25 02 47 65 74 43 	ProcessId0%0GetC
  0x95f0	75 72 72 65 6e 74 54 68 72 65 61 64 49 64 00 00 	urrentThreadId00
  0x9600	f3 02 47 65 74 53 79 73 74 65 6d 54 69 6d 65 41 	00GetSystemTimeA
  0x9610	73 46 69 6c 65 54 69 6d 65 00 11 03 47 65 74 54 	sFileTime000GetT
  0x9620	69 63 6b 43 6f 75 6e 74 00 00 92 04 6d 65 6d 63 	ickCount0000memc
  0x9630	70 79 00 00 96 04 6d 65 6d 73 65 74 00 00 00 00 	py0000memset0000
  0x9640	00 00 00 00 00 00 00 00 00 00 00 00 00 00 00 00 	0000000000000000
  0x9650	00 00 00 00 00 00 00 00 00 00 00 00 00 00 00 00 	0000000000000000
  0x9660	00 00 00 00 00 00 00 00 00 00 00 00 00 00 00 00 	0000000000000000
  0x9670	00 00 00 00 00 00 00 00 00 00 00 00 00 00 00 00 	0000000000000000
  0x9680	00 00 00 00 00 00 00 00 00 00 00 00 00 00 00 00 	0000000000000000
  0x9690	00 00 00 00 00 00 00 00 00 00 00 00 00 00 00 00 	0000000000000000
  0x96a0	00 00 00 00 00 00 00 00 00 00 00 00 00 00 00 00 	0000000000000000
  0x96b0	00 00 00 00 00 00 00 00 00 00 00 00 00 00 00 00 	0000000000000000
  0x96c0	00 00 00 00 00 00 00 00 00 00 00 00 00 00 00 00 	0000000000000000
  0x96d0	00 00 00 00 00 00 00 00 00 00 00 00 00 00 00 00 	0000000000000000
  0x96e0	00 00 00 00 00 00 00 00 00 00 00 00 00 00 00 00 	0000000000000000
  0x96f0	00 00 00 00 00 00 00 00 00 00 00 00 00 00 00 00 	0000000000000000
  0x9700	00 00 00 00 00 00 00 00 00 00 00 00 00 00 00 00 	0000000000000000
  0x9710	00 00 00 00 00 00 00 00 00 00 00 00 00 00 00 00 	0000000000000000
  0x9720	00 00 00 00 00 00 00 00 00 00 00 00 00 00 00 00 	0000000000000000
  0x9730	00 00 00 00 00 00 00 00 00 00 00 00 00 00 00 00 	0000000000000000
  0x9740	00 00 00 00 00 00 00 00 00 00 00 00 00 00 00 00 	0000000000000000
  0x9750	00 00 00 00 00 00 00 00 00 00 00 00 00 00 00 00 	0000000000000000
  0x9760	00 00 00 00 00 00 00 00 00 00 00 00 00 00 00 00 	0000000000000000
  0x9770	00 00 00 00 00 00 00 00 00 00 00 00 00 00 00 00 	0000000000000000
  0x9780	00 00 00 00 00 00 00 00 00 00 00 00 00 00 00 00 	0000000000000000
  0x9790	00 00 00 00 00 00 00 00 00 00 00 00 00 00 00 00 	0000000000000000
  0x97a0	00 00 00 00 00 00 00 00 00 00 00 00 00 00 00 00 	0000000000000000
  0x97b0	00 00 00 00 00 00 00 00 00 00 00 00 00 00 00 00 	0000000000000000
  0x97c0	00 00 00 00 00 00 00 00 00 00 00 00 00 00 00 00 	0000000000000000
  0x97d0	00 00 00 00 00 00 00 00 00 00 00 00 00 00 00 00 	0000000000000000
  0x97e0	00 00 00 00 00 00 00 00 00 00 00 00 00 00 00 00 	0000000000000000
  0x97f0	00 00 00 00 00 00 00 00 00 00 00 00 00 00 00 00 	0000000000000000
=== DATA BLOCK END ===

=== DATA BLOCK ADDRESS 0xa000 ===
  0xa000	18 70 00 40 01 00 00 00 00 00 00 00 00 00 00 00 	0p0@000000000000
  0xa010	2e 3f 41 56 6f 75 74 5f 6f 66 5f 72 61 6e 67 65 	.?AVout_of_range
  0xa020	40 73 74 64 40 40 00 00 18 70 00 40 01 00 00 00 	@std@@000p0@0000
  0xa030	00 00 00 00 00 00 00 00 2e 3f 41 56 62 61 64 5f 	00000000.?AVbad_
  0xa040	61 6c 6c 6f 63 40 73 74 64 40 40 00 00 00 00 00 	alloc@std@@00000
  0xa050	18 70 00 40 01 00 00 00 00 00 00 00 00 00 00 00 	0p0@000000000000
  0xa060	2e 3f 41 56 6c 65 6e 67 74 68 5f 65 72 72 6f 72 	.?AVlength_error
  0xa070	40 73 74 64 40 40 00 00 18 70 00 40 01 00 00 00 	@std@@000p0@0000
  0xa080	00 00 00 00 00 00 00 00 2e 3f 41 56 6c 6f 67 69 	00000000.?AVlogi
  0xa090	63 5f 65 72 72 6f 72 40 73 74 64 40 40 00 00 00 	c_error@std@@000
  0xa0a0	18 70 00 40 01 00 00 00 00 00 00 00 00 00 00 00 	0p0@000000000000
  0xa0b0	2e 3f 41 56 65 78 63 65 70 74 69 6f 6e 40 40 00 	.?AVexception@@0
  0xa0c0	32 a2 df 2d 99 2b 00 00 cd 5d 20 d2 66 d4 ff ff 	200-0+000] 0f000
  0xa0d0	01 00 00 00 00 00 00 00 00 00 00 00 00 00 00 00 	0000000000000000
  0xa0e0	ff ff ff ff ff ff ff ff 00 00 00 00 00 00 00 00 	0000000000000000
  0xa0f0	00 00 00 00 00 00 00 00 00 00 00 00 00 00 00 00 	0000000000000000
  0xa100	00 00 00 00 00 00 00 00 00 00 00 00 00 00 00 00 	0000000000000000
  0xa110	00 00 00 00 00 00 00 00 00 00 00 00 00 00 00 00 	0000000000000000
  0xa120	00 00 00 00 00 00 00 00 00 00 00 00 00 00 00 00 	0000000000000000
  0xa130	00 00 00 00 00 00 00 00 00 00 00 00 00 00 00 00 	0000000000000000
  0xa140	00 00 00 00 00 00 00 00 00 00 00 00 00 00 00 00 	0000000000000000
  0xa150	00 00 00 00 00 00 00 00 00 00 00 00 00 00 00 00 	0000000000000000
  0xa160	00 00 00 00 00 00 00 00 00 00 00 00 00 00 00 00 	0000000000000000
  0xa170	00 00 00 00 00 00 00 00 00 00 00 00 00 00 00 00 	0000000000000000
  0xa180	00 00 00 00 00 00 00 00 00 00 00 00 00 00 00 00 	0000000000000000
  0xa190	00 00 00 00 00 00 00 00 00 00 00 00 00 00 00 00 	0000000000000000
  0xa1a0	00 00 00 00 00 00 00 00 00 00 00 00 00 00 00 00 	0000000000000000
  0xa1b0	00 00 00 00 00 00 00 00 00 00 00 00 00 00 00 00 	0000000000000000
  0xa1c0	00 00 00 00 00 00 00 00 00 00 00 00 00 00 00 00 	0000000000000000
  0xa1d0	00 00 00 00 00 00 00 00 00 00 00 00 00 00 00 00 	0000000000000000
  0xa1e0	00 00 00 00 00 00 00 00 00 00 00 00 00 00 00 00 	0000000000000000
  0xa1f0	00 00 00 00 00 00 00 00 00 00 00 00 00 00 00 00 	0000000000000000
=== DATA BLOCK END ===

=== DATA BLOCK ADDRESS 0x15000 ===
  0x15000	08 10 00 00 48 10 00 00 90 81 00 00 50 10 00 00 	0000H0000000P000
  0x15010	7c 10 00 00 c0 81 00 00 90 10 00 00 b3 10 00 00 	|000000000000000
  0x15020	d8 81 00 00 c0 10 00 00 0f 11 00 00 e0 81 00 00 	0000000000000000
  0x15030	18 11 00 00 4f 11 00 00 00 82 00 00 58 11 00 00 	0000O0000000X000
  0x15040	c1 11 00 00 28 82 00 00 c8 11 00 00 1d 12 00 00 	0000(00000000000
  0x15050	68 82 00 00 50 12 00 00 82 12 00 00 90 82 00 00 	h000P00000000000
  0x15060	90 12 00 00 04 13 00 00 a0 82 00 00 0c 13 00 00 	0000000000000000
  0x15070	76 13 00 00 d0 82 00 00 7c 13 00 00 ac 13 00 00 	v0000000|0000000
  0x15080	00 83 00 00 b4 13 00 00 13 14 00 00 30 83 00 00 	0000000000000000
  0x15090	20 14 00 00 52 14 00 00 90 82 00 00 60 14 00 00 	 000R0000000`000
  0x150a0	de 14 00 00 70 83 00 00 e4 14 00 00 14 15 00 00 	0000p00000000000
  0x150b0	a0 83 00 00 1c 15 00 00 c2 16 00 00 c8 83 00 00 	0000000000000000
  0x150c0	c8 16 00 00 15 17 00 00 dc 83 00 00 1c 17 00 00 	0000000000000000
  0x150d0	53 17 00 00 e4 83 00 00 5c 17 00 00 7a 1c 00 00 	S00000000000z000
  0x150e0	00 84 00 00 80 1c 00 00 ad 1c 00 00 dc 83 00 00 	0000000000000000
  0x150f0	b4 1c 00 00 ef 1c 00 00 58 84 00 00 f8 1c 00 00 	00000000X0000000
  0x15100	64 1d 00 00 70 84 00 00 6c 1d 00 00 80 1e 00 00 	d000p000l0000000
  0x15110	80 84 00 00 88 1e 00 00 dd 1e 00 00 98 84 00 00 	0000000000000000
  0x15120	f4 1e 00 00 a1 1f 00 00 c8 84 00 00 a8 1f 00 00 	0000000000000000
  0x15130	e3 20 00 00 dc 84 00 00 ec 20 00 00 22 21 00 00 	0 0000000 00"!00
  0x15140	dc 83 00 00 28 21 00 00 29 22 00 00 c8 84 00 00 	0000(!00)"000000
  0x15150	30 22 00 00 b3 22 00 00 e0 85 00 00 64 23 00 00 	0"000"000000d#00
  0x15160	e2 23 00 00 e8 85 00 00 e8 23 00 00 41 24 00 00 	0#0000000#00A$00
  0x15170	f8 85 00 00 48 24 00 00 b0 24 00 00 70 84 00 00 	0000H$000$00p000
  0x15180	b8 24 00 00 ee 24 00 00 30 86 00 00 f4 24 00 00 	0$000$0000000$00
  0x15190	a6 25 00 00 38 86 00 00 ac 25 00 00 7a 26 00 00 	0%0080000%00z&00
  0x151a0	50 86 00 00 80 26 00 00 f7 26 00 00 64 86 00 00 	P0000&000&00d000
  0x151b0	00 27 00 00 bd 28 00 00 70 86 00 00 d0 28 00 00 	0'000(00p0000(00
  0x151c0	9d 29 00 00 30 86 00 00 a4 29 00 00 a8 2a 00 00 	0)0000000)000*00
  0x151d0	88 86 00 00 b0 2a 00 00 19 2b 00 00 70 84 00 00 	00000*000+00p000
  0x151e0	20 2b 00 00 3f 2b 00 00 30 86 00 00 48 2b 00 00 	 +00?+000000H+00
  0x151f0	26 2c 00 00 a0 86 00 00 2c 2c 00 00 84 2c 00 00 	&,000000,,000,00
  0x15200	b4 86 00 00 8c 2c 00 00 77 2d 00 00 c0 86 00 00 	00000,00w-000000
  0x15210	80 2d 00 00 af 2e 00 00 d4 86 00 00 b8 2e 00 00 	0-000.0000000.00
  0x15220	75 31 00 00 ec 86 00 00 7c 31 00 00 94 42 00 00 	u1000000|1000B00
  0x15230	08 87 00 00 9c 42 00 00 65 44 00 00 78 89 00 00 	00000B00eD00x000
  0x15240	6c 44 00 00 8d 50 00 00 30 8a 00 00 e0 50 00 00 	lD000P0000000P00
  0x15250	c1 53 00 00 48 8a 00 00 c8 53 00 00 34 54 00 00 	0S00H0000S004T00
  0x15260	c8 8b 00 00 3c 54 00 00 ad 54 00 00 98 8b 00 00 	0000<T000T000000
  0x15270	b4 54 00 00 f5 54 00 00 dc 83 00 00 00 55 00 00 	0T000T0000000U00
  0x15280	5e 55 00 00 f0 8b 00 00 70 55 00 00 a2 55 00 00 	^U000000pU000U00
  0x15290	90 82 00 00 a8 55 00 00 fd 55 00 00 48 8b 00 00 	00000U000U00H000
  0x152a0	04 56 00 00 5c 56 00 00 70 8b 00 00 70 56 00 00 	0V000V00p000pV00
  0x152b0	43 57 00 00 30 86 00 00 50 57 00 00 99 57 00 00 	CW000000PW000W00
  0x152c0	fc 8b 00 00 a0 57 00 00 5e 59 00 00 04 8c 00 00 	00000W00^Y000000
  0x152d0	70 59 00 00 82 59 00 00 30 86 00 00 a0 59 00 00 	pY000Y0000000Y00
  0x152e0	be 59 00 00 38 8c 00 00 00 5a 00 00 30 5a 00 00 	0Y0080000Z000Z00
  0x152f0	f0 8b 00 00 38 5a 00 00 6c 5a 00 00 dc 83 00 00 	00008Z00lZ000000
  0x15300	80 5a 00 00 f1 5b 00 00 3c 8c 00 00 04 5c 00 00 	0Z000[00<0000000
  0x15310	21 5c 00 00 30 86 00 00 28 5c 00 00 83 5c 00 00 	!0000000(0000000
  0x15320	44 8c 00 00 8c 5c 00 00 0b 5d 00 00 80 84 00 00 	D00000000]000000
  0x15330	20 5d 00 00 59 5d 00 00 30 86 00 00 60 5d 00 00 	 ]00Y]000000`]00
  0x15340	78 5d 00 00 30 86 00 00 8c 5d 00 00 e0 5d 00 00 	x]0000000]000]00
  0x15350	4c 8c 00 00 e8 5d 00 00 2d 5e 00 00 dc 83 00 00 	L0000]00-^000000
  0x15360	a0 5e 00 00 ed 5e 00 00 6c 8c 00 00 34 5f 00 00 	0^000^00l0004_00
  0x15370	08 60 00 00 90 8c 00 00 70 60 00 00 72 60 00 00 	0`000000p`00r`00
  0x15380	a0 8c 00 00 90 60 00 00 dd 60 00 00 a8 8c 00 00 	00000`000`000000
  0x15390	5a 61 00 00 be 61 00 00 d0 85 00 00 be 61 00 00 	Za000a0000000a00
  0x153a0	e6 61 00 00 d0 85 00 00 fd 63 00 00 20 64 00 00 	0a0000000c00 d00
  0x153b0	38 8b 00 00 20 64 00 00 37 64 00 00 38 8b 00 00 	8000 d007d008000
  0x153c0	4f 64 00 00 6d 64 00 00 30 8c 00 00 80 64 00 00 	Od00md0000000d00
  0x153d0	a0 64 00 00 30 8c 00 00 00 00 00 00 00 00 00 00 	0d00000000000000
  0x153e0	00 00 00 00 00 00 00 00 00 00 00 00 00 00 00 00 	0000000000000000
  0x153f0	00 00 00 00 00 00 00 00 00 00 00 00 00 00 00 00 	0000000000000000
=== DATA BLOCK END ===
