===== Assembly blocks =====

=== CODE BLOCK ADDRESS 0x1000 ===
=== CODE BLOCK END ===

=== DATA BLOCK ADDRESS 0x6000 ===
  0x6000	20 47 00 40 01 00 00 00 70 4d 00 40 01 00 00 00 	 G0@0000pM0@0000
  0x6010	30 4d 00 40 01 00 00 00 50 92 00 40 01 00 00 00 	0M0@0000P00@0000
  0x6020	f0 92 00 40 01 00 00 00 e0 3d 00 40 01 00 00 00 	000@00000=0@0000
  0x6030	70 4d 00 40 01 00 00 00 d0 42 00 40 01 00 00 00 	pM0@00000B0@0000
  0x6040	70 43 00 40 01 00 00 00 a0 43 00 40 01 00 00 00 	pC0@00000C0@0000
  0x6050	50 44 00 40 01 00 00 00 60 44 00 40 01 00 00 00 	PD0@0000`D0@0000
  0x6060	70 44 00 40 01 00 00 00 b0 44 00 40 01 00 00 00 	pD0@00000D0@0000
  0x6070	d0 44 00 40 01 00 00 00 00 45 00 40 01 00 00 00 	0D0@00000E0@0000
  0x6080	60 45 00 40 01 00 00 00 80 45 00 40 01 00 00 00 	`E0@00000E0@0000
  0x6090	18 01 00 00 00 00 00 00 00 00 00 00 00 00 00 00 	0000000000000000
  0x60a0	00 00 00 00 00 00 00 00 00 00 00 00 00 00 00 00 	0000000000000000
  0x60b0	00 00 00 00 00 00 00 00 00 00 00 00 00 00 00 00 	0000000000000000
  0x60c0	00 00 00 00 00 00 00 00 00 00 00 00 00 00 00 00 	0000000000000000
  0x60d0	00 00 00 00 00 00 00 00 00 00 00 00 00 00 00 00 	0000000000000000
  0x60e0	00 00 00 00 00 00 00 00 98 91 00 40 01 00 00 00 	00000000000@0000
  0x60f0	00 00 00 00 00 00 00 00 00 00 00 00 00 00 00 00 	0000000000000000
  0x6100	40 65 00 40 01 00 00 00 48 65 00 40 01 00 00 00 	@e0@0000He0@0000
  0x6110	b8 65 00 40 01 00 00 00 21 00 00 00 00 00 00 00 	0e0@0000!0000000
  0x6120	00 75 01 00 00 00 00 00 00 00 00 00 00 00 00 00 	0u00000000000000
  0x6130	3c 66 00 40 01 00 00 00 01 00 00 00 00 00 00 00 	<f0@000000000000
  0x6140	00 00 00 00 00 00 00 00 00 00 00 00 00 00 00 00 	0000000000000000
  0x6150	00 00 00 00 00 00 00 00 00 00 00 00 00 00 00 00 	0000000000000000
  0x6160	00 00 00 00 00 00 00 00 00 00 00 00 00 00 00 00 	0000000000000000
  0x6170	00 00 00 00 00 00 00 00 00 00 00 00 00 00 00 00 	0000000000000000
  0x6180	00 00 00 00 00 00 00 00 00 00 00 00 00 00 00 00 	0000000000000000
  0x6190	00 00 00 00 00 00 00 00 00 00 00 00 00 00 00 00 	0000000000000000
  0x61a0	00 00 00 00 00 00 00 00 80 6f 00 40 01 00 00 00 	000000000o0@0000
  0x61b0	88 6f 00 40 01 00 00 00 c0 97 00 40 01 00 00 00 	0o0@0000000@0000
  0x61c0	b0 65 00 40 01 00 00 00 00 00 00 00 00 00 30 00 	0e0@000000000000
  0x61d0	28 7f 00 00 00 00 00 00 38 7f 00 00 00 00 00 00 	(000000080000000
  0x61e0	50 7f 00 00 00 00 00 00 66 7f 00 00 00 00 00 00 	P0000000f0000000
  0x61f0	7c 7f 00 00 00 00 00 00 92 7f 00 00 00 00 00 00 	|000000000000000
  0x6200	aa 7f 00 00 00 00 00 00 b8 7f 00 00 00 00 00 00 	0000000000000000
  0x6210	c6 7f 00 00 00 00 00 00 d6 7f 00 00 00 00 00 00 	0000000000000000
  0x6220	ea 7f 00 00 00 00 00 00 00 80 00 00 00 00 00 00 	0000000000000000
  0x6230	0e 80 00 00 00 00 00 00 1e 80 00 00 00 00 00 00 	0000000000000000
  0x6240	00 00 00 00 00 00 00 00 40 80 00 00 00 00 00 00 	00000000@0000000
  0x6250	52 80 00 00 00 00 00 00 5e 80 00 00 00 00 00 00 	R0000000^0000000
  0x6260	6e 80 00 00 00 00 00 00 7e 80 00 00 00 00 00 00 	n0000000~0000000
  0x6270	94 80 00 00 00 00 00 00 a2 80 00 00 00 00 00 00 	0000000000000000
  0x6280	b6 80 00 00 00 00 00 00 c8 80 00 00 00 00 00 00 	0000000000000000
  0x6290	d8 80 00 00 00 00 00 00 e8 80 00 00 00 00 00 00 	0000000000000000
  0x62a0	fa 80 00 00 00 00 00 00 10 81 00 00 00 00 00 00 	0000000000000000
  0x62b0	68 85 00 00 00 00 00 00 60 85 00 00 00 00 00 00 	h0000000`0000000
  0x62c0	48 85 00 00 00 00 00 00 30 85 00 00 00 00 00 00 	H000000000000000
  0x62d0	1e 85 00 00 00 00 00 00 06 85 00 00 00 00 00 00 	0000000000000000
  0x62e0	ea 84 00 00 00 00 00 00 dc 84 00 00 00 00 00 00 	0000000000000000
  0x62f0	ca 84 00 00 00 00 00 00 be 84 00 00 00 00 00 00 	0000000000000000
  0x6300	b2 84 00 00 00 00 00 00 a4 84 00 00 00 00 00 00 	0000000000000000
  0x6310	98 84 00 00 00 00 00 00 9c 85 00 00 00 00 00 00 	0000000000000000
  0x6320	b8 85 00 00 00 00 00 00 d4 85 00 00 00 00 00 00 	0000000000000000
  0x6330	f2 85 00 00 00 00 00 00 06 86 00 00 00 00 00 00 	0000000000000000
  0x6340	20 86 00 00 00 00 00 00 36 86 00 00 00 00 00 00 	 000000060000000
  0x6350	50 86 00 00 00 00 00 00 82 85 00 00 00 00 00 00 	P000000000000000
  0x6360	60 86 00 00 00 00 00 00 7c 86 00 00 00 00 00 00 	`0000000|0000000
  0x6370	00 00 00 00 00 00 00 00 32 84 00 00 00 00 00 00 	0000000020000000
  0x6380	00 00 00 00 00 00 00 00 9e 83 00 00 00 00 00 00 	0000000000000000
  0x6390	00 00 00 00 00 00 00 00 68 83 00 00 00 00 00 00 	00000000h0000000
  0x63a0	8a 83 00 00 00 00 00 00 ca 86 00 00 00 00 00 00 	0000000000000000
  0x63b0	26 83 00 00 00 00 00 00 1a 83 00 00 00 00 00 00 	&000000000000000
  0x63c0	06 83 00 00 00 00 00 00 f4 82 00 00 00 00 00 00 	0000000000000000
  0x63d0	ec 82 00 00 00 00 00 00 da 82 00 00 00 00 00 00 	0000000000000000
  0x63e0	c8 82 00 00 00 00 00 00 5a 83 00 00 00 00 00 00 	00000000Z0000000
  0x63f0	50 83 00 00 00 00 00 00 48 83 00 00 00 00 00 00 	P0000000H0000000
  0x6400	72 83 00 00 00 00 00 00 ba 82 00 00 00 00 00 00 	r000000000000000
  0x6410	ac 82 00 00 00 00 00 00 a0 82 00 00 00 00 00 00 	0000000000000000
  0x6420	80 82 00 00 00 00 00 00 6a 82 00 00 00 00 00 00 	00000000j0000000
  0x6430	52 82 00 00 00 00 00 00 44 82 00 00 00 00 00 00 	R0000000D0000000
  0x6440	36 82 00 00 00 00 00 00 2a 82 00 00 00 00 00 00 	60000000*0000000
  0x6450	1c 82 00 00 00 00 00 00 0e 82 00 00 00 00 00 00 	0000000000000000
  0x6460	f0 81 00 00 00 00 00 00 d0 81 00 00 00 00 00 00 	0000000000000000
  0x6470	b8 81 00 00 00 00 00 00 b0 81 00 00 00 00 00 00 	0000000000000000
  0x6480	a6 81 00 00 00 00 00 00 88 81 00 00 00 00 00 00 	0000000000000000
  0x6490	7c 81 00 00 00 00 00 00 70 81 00 00 00 00 00 00 	|0000000p0000000
  0x64a0	64 81 00 00 00 00 00 00 4e 81 00 00 00 00 00 00 	d0000000N0000000
  0x64b0	3e 81 00 00 00 00 00 00 30 83 00 00 00 00 00 00 	>000000000000000
  0x64c0	fc 82 00 00 00 00 00 00 d4 86 00 00 00 00 00 00 	0000000000000000
  0x64d0	00 00 00 00 00 00 00 00 4c 84 00 00 00 00 00 00 	00000000L0000000
  0x64e0	60 84 00 00 00 00 00 00 a8 86 00 00 00 00 00 00 	`000000000000000
  0x64f0	90 86 00 00 00 00 00 00 7a 84 00 00 00 00 00 00 	00000000z0000000
  0x6500	00 00 00 00 00 00 00 00 d0 83 00 00 00 00 00 00 	0000000000000000
  0x6510	be 83 00 00 00 00 00 00 04 84 00 00 00 00 00 00 	0000000000000000
  0x6520	14 84 00 00 00 00 00 00 f2 83 00 00 00 00 00 00 	0000000000000000
  0x6530	e2 83 00 00 00 00 00 00 00 00 00 00 00 00 00 00 	0000000000000000
  0x6540	d0 50 00 40 01 00 00 00 00 54 00 40 01 00 00 00 	0P0@00000T0@0000
  0x6550	00 00 00 00 00 00 00 00 00 49 00 40 01 00 00 00 	000000000I0@0000
  0x6560	10 10 00 40 01 00 00 00 60 10 00 40 01 00 00 00 	000@0000`00@0000
  0x6570	80 10 00 40 01 00 00 00 b0 10 00 40 01 00 00 00 	000@0000000@0000
  0x6580	00 00 00 00 00 00 00 00 00 00 00 00 00 00 00 00 	0000000000000000
  0x6590	20 48 00 40 01 00 00 00 10 4e 00 40 01 00 00 00 	 H0@00000N0@0000
  0x65a0	00 00 00 00 00 00 00 00 00 00 00 00 00 00 00 00 	0000000000000000
  0x65b0	00 00 00 00 00 00 00 00 10 10 00 00 60 10 00 00 	000000000000`000
  0x65c0	80 10 00 00 b0 10 00 00 d0 11 00 00 e0 3d 00 00 	0000000000000=00
  0x65d0	d0 42 00 00 70 43 00 00 a0 43 00 00 50 44 00 00 	0B00pC000C00PD00
  0x65e0	60 44 00 00 70 44 00 00 b0 44 00 00 d0 44 00 00 	`D00pD000D000D00
  0x65f0	00 45 00 00 60 45 00 00 80 45 00 00 20 47 00 00 	0E00`E000E00 G00
  0x6600	20 48 00 00 00 49 00 00 20 4b 00 00 30 4d 00 00 	 H000I00 K000M00
  0x6610	70 4d 00 00 d0 4d 00 00 10 4e 00 00 f0 4e 00 00 	pM000M000N000N00
  0x6620	d0 50 00 00 20 51 00 00 00 5a 00 00 10 5a 00 00 	0P00 Q000Z000Z00
  0x6630	50 5a 00 00 70 5a 00 00 d0 5a 00 00 98 63 00 00 	PZ00pZ000Z000c00
  0x6640	62 61 64 20 61 6c 6c 6f 63 61 74 69 6f 6e 00 00 	bad allocation00
  0x6650	4e 00 55 00 4c 00 4c 00 00 00 00 00 00 00 00 00 	N0U0L0L000000000
  0x6660	65 00 6e 00 61 00 62 00 6c 00 65 00 00 00 00 00 	e0n0a0b0l0e00000
  0x6670	64 00 69 00 73 00 61 00 62 00 6c 00 65 00 00 00 	d0i0s0a0b0l0e000
  0x6680	3f 00 00 00 00 00 00 00 78 66 ca f9 80 d5 67 33 	?0000000xf0000g3
  0x6690	e2 a6 81 8c 36 01 b7 a1 62 c0 de a8 55 51 c9 48 	00006000b000UQ0H
  0x66a0	be 86 0a 48 47 7d 10 73 4e 55 4c 4c 00 00 00 00 	000HG}0sNULL0000
  0x66b0	70 00 77 00 6c 00 61 00 75 00 6e 00 63 00 68 00 	p0w0l0a0u0n0c0h0
  0x66c0	65 00 72 00 2e 00 65 00 78 00 65 00 2d 00 57 00 	e0r0.0e0x0e0-0W0
  0x66d0	50 00 50 00 2d 00 25 00 77 00 73 00 00 00 00 00 	P0P0-0%0w0s00000
  0x66e0	70 00 77 00 6c 00 61 00 75 00 6e 00 63 00 68 00 	p0w0l0a0u0n0c0h0
  0x66f0	65 00 72 00 2e 00 65 00 78 00 65 00 2d 00 57 00 	e0r0.0e0x0e0-0W0
  0x6700	50 00 50 00 4c 00 6f 00 67 00 2d 00 25 00 6c 00 	P0P0L0o0g0-0%0l0
  0x6710	75 00 2e 00 65 00 74 00 6c 00 00 00 00 00 00 00 	u0.0e0t0l0000000
  0x6720	76 65 63 74 6f 72 3c 54 3e 20 74 6f 6f 20 6c 6f 	vector<T> too lo
  0x6730	6e 67 00 00 00 00 00 00 6f e8 ba 4e ce 12 71 4d 	ng000000o00N00qM
  0x6740	98 b4 87 39 11 bb 2c e8 62 c0 de a8 55 51 c9 48 	000900,0b000UQ0H
  0x6750	be 86 0a 48 47 7d 10 73 78 d6 d6 a1 51 c0 be 3c 	000HG}0sx000Q00<
  0x6760	06 c0 0f 19 1e 0d b1 c3 25 00 73 00 00 00 00 00 	00000000%0s00000
  0x6770	2e 00 25 00 75 00 00 00 3a 82 a1 4e e0 fa d6 3a 	.0%0u000:00N000:
  0x6780	76 bc 35 ab 34 2f 4b 03 00 00 00 00 00 00 00 00 	v0504/K000000000
  0x6790	53 00 6f 00 66 00 74 00 77 00 61 00 72 00 65 00 	S0o0f0t0w0a0r0e0
  0x67a0	5c 00 50 00 6f 00 6c 00 69 00 63 00 69 00 65 00 	00P0o0l0i0c0i0e0
  0x67b0	73 00 5c 00 4d 00 69 00 63 00 72 00 6f 00 73 00 	s000M0i0c0r0o0s0
  0x67c0	6f 00 66 00 74 00 5c 00 50 00 6f 00 72 00 74 00 	o0f0t000P0o0r0t0
  0x67d0	61 00 62 00 6c 00 65 00 4f 00 70 00 65 00 72 00 	a0b0l0e0O0p0e0r0
  0x67e0	61 00 74 00 69 00 6e 00 67 00 53 00 79 00 73 00 	a0t0i0n0g0S0y0s0
  0x67f0	74 00 65 00 6d 00 00 00 4c 00 61 00 75 00 6e 00 	t0e0m000L0a0u0n0
  0x6800	63 00 68 00 65 00 72 00 00 00 00 00 00 00 00 00 	c0h0e0r000000000
  0x6810	23 3b 6b ad 4a c7 2c 4b 83 9f c1 14 9c b4 2e 7f 	#;k0J0,K000000.0
  0x6820	95 cf 92 43 25 68 bb 30 12 e4 a1 27 5c 93 f2 d0 	000C%h00000'0000
  0x6830	05 7d 8f 69 f0 37 02 49 8a 63 ae f7 d4 4d c7 fc 	0}0i070I0c000M00
  0x6840	e0 3d 4c 39 6f 3c d2 11 81 7b 00 c0 4f 79 7a b7 	0=L9o<000{00Oyz0
  0x6850	22 05 93 19 01 00 00 00 d0 73 00 00 00 00 00 00 	"00000000s000000
  0x6860	00 00 00 00 02 00 00 00 d8 73 00 00 50 00 00 00 	000000000s00P000
  0x6870	00 00 00 00 01 00 00 00 22 05 93 19 02 00 00 00 	00000000"0000000
  0x6880	c8 6f 00 00 01 00 00 00 64 73 00 00 03 00 00 00 	0o000000ds000000
  0x6890	90 73 00 00 58 00 00 00 00 00 00 00 01 00 00 00 	0s00X00000000000
  0x68a0	22 05 93 19 05 00 00 00 9c 72 00 00 01 00 00 00 	"00000000r000000
  0x68b0	c4 72 00 00 08 00 00 00 f0 72 00 00 20 00 00 00 	0r0000000r00 000
  0x68c0	00 00 00 00 01 00 00 00 22 05 93 19 02 00 00 00 	00000000"0000000
  0x68d0	44 72 00 00 00 00 00 00 00 00 00 00 06 00 00 00 	Dr00000000000000
  0x68e0	58 72 00 00 20 00 00 00 00 00 00 00 01 00 00 00 	Xr00 00000000000
  0x68f0	22 05 93 19 06 00 00 00 84 71 00 00 00 00 00 00 	"00000000q000000
  0x6900	00 00 00 00 0d 00 00 00 c0 71 00 00 40 00 00 00 	000000000q00@000
  0x6910	00 00 00 00 01 00 00 00 22 05 93 19 01 00 00 00 	00000000"0000000
  0x6920	10 71 00 00 00 00 00 00 00 00 00 00 0a 00 00 00 	0q00000000000000
  0x6930	20 71 00 00 28 00 00 00 00 00 00 00 01 00 00 00 	 q00(00000000000
  0x6940	22 05 93 19 00 00 00 00 00 00 00 00 00 00 00 00 	"000000000000000
  0x6950	00 00 00 00 01 00 00 00 f0 70 00 00 20 00 00 00 	000000000p00 000
  0x6960	00 00 00 00 05 00 00 00 22 05 93 19 04 00 00 00 	00000000"0000000
  0x6970	68 70 00 00 00 00 00 00 00 00 00 00 0a 00 00 00 	hp00000000000000
  0x6980	90 70 00 00 30 00 00 00 00 00 00 00 01 00 00 00 	0p00000000000000
  0x6990	22 05 93 19 01 00 00 00 30 70 00 00 00 00 00 00 	"00000000p000000
  0x69a0	00 00 00 00 03 00 00 00 38 70 00 00 20 00 00 00 	000000008p00 000
  0x69b0	00 00 00 00 01 00 00 00 22 05 93 19 02 00 00 00 	00000000"0000000
  0x69c0	c8 6f 00 00 01 00 00 00 d8 6f 00 00 02 00 00 00 	0o0000000o000000
  0x69d0	00 70 00 00 20 00 00 00 00 00 00 00 01 00 00 00 	0p00 00000000000
  0x69e0	22 05 93 19 02 00 00 00 c8 6f 00 00 01 00 00 00 	"00000000o000000
  0x69f0	c0 77 00 00 01 00 00 00 e8 77 00 00 20 00 00 00 	0w0000000w00 000
  0x6a00	00 00 00 00 01 00 00 00 22 05 93 19 02 00 00 00 	00000000"0000000
  0x6a10	c8 6f 00 00 01 00 00 00 2c 77 00 00 04 00 00 00 	0o000000,w000000
  0x6a20	58 77 00 00 30 00 00 00 00 00 00 00 01 00 00 00 	Xw00000000000000
  0x6a30	22 05 93 19 01 00 00 00 f0 76 00 00 00 00 00 00 	"00000000v000000
  0x6a40	00 00 00 00 03 00 00 00 f8 76 00 00 20 00 00 00 	000000000v00 000
  0x6a50	00 00 00 00 01 00 00 00 22 05 93 19 00 00 00 00 	00000000"0000000
  0x6a60	00 00 00 00 00 00 00 00 00 00 00 00 01 00 00 00 	0000000000000000
  0x6a70	c8 74 00 00 20 00 00 00 00 00 00 00 05 00 00 00 	0t00 00000000000
  0x6a80	22 05 93 19 02 00 00 00 88 74 00 00 00 00 00 00 	"00000000t000000
  0x6a90	00 00 00 00 04 00 00 00 98 74 00 00 28 00 00 00 	000000000t00(000
  0x6aa0	00 00 00 00 01 00 00 00 22 05 93 19 02 00 00 00 	00000000"0000000
  0x6ab0	34 74 00 00 00 00 00 00 00 00 00 00 04 00 00 00 	4t00000000000000
  0x6ac0	48 74 00 00 30 00 00 00 00 00 00 00 01 00 00 00 	Ht00000000000000
  0x6ad0	22 05 93 19 02 00 00 00 6c 75 00 00 00 00 00 00 	"0000000lu000000
  0x6ae0	00 00 00 00 08 00 00 00 80 75 00 00 28 00 00 00 	000000000u00(000
  0x6af0	00 00 00 00 01 00 00 00 22 05 93 19 02 00 00 00 	00000000"0000000
  0x6b00	c8 6f 00 00 01 00 00 00 38 76 00 00 02 00 00 00 	0o0000008v000000
  0x6b10	a0 76 00 00 30 00 00 00 00 00 00 00 01 00 00 00 	0v00000000000000
  0x6b20	22 05 93 19 04 00 00 00 e0 74 00 00 01 00 00 00 	"00000000t000000
  0x6b30	00 75 00 00 01 00 00 00 28 75 00 00 20 00 00 00 	0u000000(u00 000
  0x6b40	00 00 00 00 05 00 00 00 22 05 93 19 01 00 00 00 	00000000"0000000
  0x6b50	ec 75 00 00 00 00 00 00 00 00 00 00 01 00 00 00 	0u00000000000000
  0x6b60	f8 75 00 00 40 00 00 00 00 00 00 00 01 00 00 00 	0u00@00000000000
  0x6b70	22 05 93 19 01 00 00 00 14 76 00 00 00 00 00 00 	"00000000v000000
  0x6b80	00 00 00 00 01 00 00 00 20 76 00 00 30 00 00 00 	00000000 v000000
  0x6b90	00 00 00 00 01 00 00 00 22 05 93 19 01 00 00 00 	00000000"0000000
  0x6ba0	4c 78 00 00 00 00 00 00 00 00 00 00 01 00 00 00 	Lx00000000000000
  0x6bb0	58 78 00 00 38 00 00 00 00 00 00 00 01 00 00 00 	Xx00800000000000
  0x6bc0	22 05 93 19 01 00 00 00 24 78 00 00 00 00 00 00 	"0000000$x000000
  0x6bd0	00 00 00 00 01 00 00 00 30 78 00 00 30 00 00 00 	000000000x000000
  0x6be0	00 00 00 00 01 00 00 00 00 00 00 00 00 00 00 00 	0000000000000000
  0x6bf0	00 00 00 00 73 f2 0b 17 00 00 00 00 02 00 00 00 	0000s00000000000
  0x6c00	27 00 00 00 48 6c 00 00 48 5c 00 00 00 00 00 00 	'000Hl00H0000000
  0x6c10	73 f2 0b 17 00 00 00 00 0d 00 00 00 ec 02 00 00 	s000000000000000
  0x6c20	70 6c 00 00 70 5c 00 00 00 00 00 00 73 f2 0b 17 	pl00p0000000s000
  0x6c30	00 00 00 00 10 00 00 00 24 00 00 00 5c 6f 00 00 	00000000$0000o00
  0x6c40	5c 5f 00 00 00 00 00 00 52 53 44 53 8b aa 29 ea 	0_000000RSDS00)0
  0x6c50	b9 9f a3 3d 33 24 72 76 04 d0 a8 89 01 00 00 00 	000=3$rv00000000
  0x6c60	70 77 6c 61 75 6e 63 68 65 72 2e 70 64 62 00 00 	pwlauncher.pdb00
  0x6c70	47 43 54 4c 00 10 00 00 f0 00 00 00 2e 74 65 78 	GCTL00000000.tex
  0x6c80	74 24 64 69 00 00 00 00 f0 10 00 00 00 43 00 00 	t$di000000000C00
  0x6c90	2e 74 65 78 74 24 6d 6e 00 00 00 00 f0 53 00 00 	.text$mn00000S00
  0x6ca0	20 00 00 00 2e 74 65 78 74 24 6d 6e 24 30 30 00 	 000.text$mn$000
  0x6cb0	10 54 00 00 e0 05 00 00 2e 74 65 78 74 24 78 00 	0T000000.text$x0
  0x6cc0	f0 59 00 00 d9 01 00 00 2e 74 65 78 74 24 79 64 	0Y000000.text$yd
  0x6cd0	00 00 00 00 00 60 00 00 a8 01 00 00 2e 72 64 61 	00000`000000.rda
  0x6ce0	74 61 24 62 72 63 00 00 a8 61 00 00 28 00 00 00 	ta$brc000a00(000
  0x6cf0	2e 72 64 61 74 61 24 54 24 62 72 63 00 00 00 00 	.rdata$T$brc0000
  0x6d00	d0 61 00 00 70 03 00 00 2e 69 64 61 74 61 24 35 	0a00p000.idata$5
  0x6d10	00 00 00 00 40 65 00 00 10 00 00 00 2e 30 30 63 	0000@e000000.00c
  0x6d20	66 67 00 00 50 65 00 00 08 00 00 00 2e 43 52 54 	fg00Pe000000.CRT
  0x6d30	24 58 43 41 00 00 00 00 58 65 00 00 08 00 00 00 	$XCA0000Xe000000
  0x6d40	2e 43 52 54 24 58 43 41 41 00 00 00 60 65 00 00 	.CRT$XCAA000`e00
  0x6d50	20 00 00 00 2e 43 52 54 24 58 43 4c 00 00 00 00 	 000.CRT$XCL0000
  0x6d60	80 65 00 00 08 00 00 00 2e 43 52 54 24 58 43 5a 	0e000000.CRT$XCZ
  0x6d70	00 00 00 00 88 65 00 00 08 00 00 00 2e 43 52 54 	00000e000000.CRT
  0x6d80	24 58 49 41 00 00 00 00 90 65 00 00 08 00 00 00 	$XIA00000e000000
  0x6d90	2e 43 52 54 24 58 49 41 41 00 00 00 98 65 00 00 	.CRT$XIAA0000e00
  0x6da0	08 00 00 00 2e 43 52 54 24 58 49 59 00 00 00 00 	0000.CRT$XIY0000
  0x6db0	a0 65 00 00 08 00 00 00 2e 43 52 54 24 58 49 5a 	0e000000.CRT$XIZ
  0x6dc0	00 00 00 00 a8 65 00 00 08 00 00 00 2e 43 52 54 	00000e000000.CRT
  0x6dd0	24 58 4c 41 00 00 00 00 b0 65 00 00 08 00 00 00 	$XLA00000e000000
  0x6de0	2e 43 52 54 24 58 4c 5a 00 00 00 00 b8 65 00 00 	.CRT$XLZ00000e00
  0x6df0	84 00 00 00 2e 67 66 69 64 73 00 00 3c 66 00 00 	0000.gfids00<f00
  0x6e00	04 00 00 00 2e 67 69 61 74 73 00 00 40 66 00 00 	0000.giats00@f00
  0x6e10	08 06 00 00 2e 72 64 61 74 61 00 00 48 6c 00 00 	0000.rdata00Hl00
  0x6e20	38 03 00 00 2e 72 64 61 74 61 24 7a 7a 7a 64 62 	8000.rdata$zzzdb
  0x6e30	67 00 00 00 80 6f 00 00 04 00 00 00 2e 74 6c 73 	g0000o000000.tls
  0x6e40	00 00 00 00 84 6f 00 00 04 00 00 00 2e 74 6c 73 	00000o000000.tls
  0x6e50	24 00 00 00 88 6f 00 00 08 00 00 00 2e 74 6c 73 	$0000o000000.tls
  0x6e60	24 5a 5a 5a 00 00 00 00 90 6f 00 00 c0 09 00 00 	$ZZZ00000o000000
  0x6e70	2e 78 64 61 74 61 00 00 50 79 00 00 c8 01 00 00 	.xdata00Py000000
  0x6e80	2e 78 64 61 74 61 24 78 00 00 00 00 18 7b 00 00 	.xdata$x00000{00
  0x6e90	8c 00 00 00 2e 69 64 61 74 61 24 32 00 00 00 00 	0000.idata$20000
  0x6ea0	a4 7b 00 00 14 00 00 00 2e 69 64 61 74 61 24 33 	0{000000.idata$3
  0x6eb0	00 00 00 00 b8 7b 00 00 70 03 00 00 2e 69 64 61 	00000{00p000.ida
  0x6ec0	74 61 24 34 00 00 00 00 28 7f 00 00 b6 07 00 00 	ta$40000(0000000
  0x6ed0	2e 69 64 61 74 61 24 36 00 00 00 00 00 90 00 00 	.idata$600000000
  0x6ee0	a0 00 00 00 2e 64 61 74 61 24 62 72 63 00 00 00 	0000.data$brc000
  0x6ef0	a0 90 00 00 f0 00 00 00 2e 64 61 74 61 24 72 24 	00000000.data$r$
  0x6f00	62 72 63 00 90 91 00 00 70 00 00 00 2e 64 61 74 	brc00000p000.dat
  0x6f10	61 00 00 00 00 92 00 00 f0 06 00 00 2e 62 73 73 	a00000000000.bss
  0x6f20	00 00 00 00 00 a0 00 00 64 05 00 00 2e 70 64 61 	00000000d000.pda
  0x6f30	74 61 00 00 00 b0 00 00 f0 00 00 00 2e 72 73 72 	ta0000000000.rsr
  0x6f40	63 24 30 31 00 00 00 00 f0 b0 00 00 70 07 00 00 	c$0100000000p000
  0x6f50	2e 72 73 72 63 24 30 32 00 00 00 00 20 00 00 00 	.rsrc$020000 000
  0x6f60	8b aa 29 ea b9 9f a3 3d 33 24 72 76 04 d0 a8 89 	00)0000=3$rv0000
  0x6f70	31 ef 73 6d ba ca 4d 06 1b 3a 54 ec 73 f2 0b 17 	10sm00M00:T0s000
  0x6f80	00 00 00 00 00 00 00 80 00 00 00 00 00 00 00 00 	0000000000000000
  0x6f90	01 04 01 00 04 62 00 00 01 04 01 00 04 82 00 00 	00000b0000000000
  0x6fa0	01 0b 01 00 0b 82 00 00 01 0f 06 00 0f 64 07 00 	0000000000000d00
  0x6fb0	0f 34 06 00 0f 32 0b 70 19 0f 02 00 06 52 02 30 	0400020p00000R00
  0x6fc0	44 4b 00 00 b8 69 00 00 ff ff ff ff 00 00 00 00 	DK000i0000000000
  0x6fd0	ff ff ff ff 00 00 00 00 00 00 00 00 00 00 00 00 	0000000000000000
  0x6fe0	01 00 00 00 01 00 00 00 ec 6f 00 00 40 00 00 00 	000000000o00@000
  0x6ff0	00 00 00 00 00 00 00 00 10 54 00 00 38 00 00 00 	000000000T008000
  0x7000	99 12 00 00 00 00 00 00 a6 12 00 00 ff ff ff ff 	0000000000000000
  0x7010	19 0a 02 00 0a 32 06 50 44 4b 00 00 b8 69 00 00 	0000020PDK000i00
  0x7020	11 0f 02 00 06 52 02 30 44 4b 00 00 90 69 00 00 	00000R00DK000i00
  0x7030	ff ff ff ff 6e 54 00 00 34 13 00 00 ff ff ff ff 	0000nT0040000000
  0x7040	3d 13 00 00 00 00 00 00 63 13 00 00 ff ff ff ff 	=0000000c0000000
  0x7050	11 15 05 00 0d 82 06 e0 04 60 03 30 02 50 00 00 	000000000`000P00
  0x7060	44 4b 00 00 68 69 00 00 ff ff ff ff 80 54 00 00 	DK00hi0000000T00
  0x7070	ff ff ff ff 92 54 00 00 01 00 00 00 a4 54 00 00 	00000T0000000T00
  0x7080	01 00 00 00 b6 54 00 00 00 00 00 00 00 00 00 00 	00000T0000000000
  0x7090	f4 13 00 00 ff ff ff ff 3d 14 00 00 00 00 00 00 	00000000=0000000
  0x70a0	46 14 00 00 ff ff ff ff 7e 14 00 00 01 00 00 00 	F0000000~0000000
  0x70b0	de 14 00 00 02 00 00 00 e7 14 00 00 01 00 00 00 	0000000000000000
  0x70c0	4b 15 00 00 03 00 00 00 54 15 00 00 01 00 00 00 	K0000000T0000000
  0x70d0	7e 15 00 00 ff ff ff ff ca 15 00 00 01 00 00 00 	~000000000000000
  0x70e0	19 0d 01 00 04 62 00 00 44 4b 00 00 40 69 00 00 	00000b00DK00@i00
  0x70f0	34 16 00 00 ff ff ff ff 11 16 06 00 0e 52 07 e0 	4000000000000R00
  0x7100	05 70 04 60 03 30 02 50 44 4b 00 00 18 69 00 00 	0p0`000PDK000i00
  0x7110	ff ff ff ff c8 54 00 00 00 00 00 00 00 00 00 00 	00000T0000000000
  0x7120	61 16 00 00 ff ff ff ff f9 16 00 00 00 00 00 00 	a000000000000000
  0x7130	5f 17 00 00 ff ff ff ff 7c 17 00 00 00 00 00 00 	_0000000|0000000
  0x7140	fe 17 00 00 ff ff ff ff 22 18 00 00 00 00 00 00 	00000000"0000000
  0x7150	bc 18 00 00 ff ff ff ff d6 18 00 00 00 00 00 00 	0000000000000000
  0x7160	f5 18 00 00 ff ff ff ff 4f 19 00 00 00 00 00 00 	00000000O0000000
  0x7170	11 13 04 00 0b 92 04 70 03 30 02 50 44 4b 00 00 	0000000p000PDK00
  0x7180	f0 68 00 00 ff ff ff ff 80 54 00 00 ff ff ff ff 	0h0000000T000000
  0x7190	da 54 00 00 ff ff ff ff b6 54 00 00 ff ff ff ff 	0T0000000T000000
  0x71a0	ec 54 00 00 ff ff ff ff fe 54 00 00 ff ff ff ff 	0T0000000T000000
  0x71b0	a4 54 00 00 00 00 00 00 00 00 00 00 00 00 00 00 	0T00000000000000
  0x71c0	8b 1a 00 00 ff ff ff ff d5 1a 00 00 01 00 00 00 	0000000000000000
  0x71d0	de 1a 00 00 ff ff ff ff f9 1a 00 00 00 00 00 00 	0000000000000000
  0x71e0	02 1b 00 00 ff ff ff ff 1d 1b 00 00 05 00 00 00 	0000000000000000
  0x71f0	26 1b 00 00 ff ff ff ff 3e 1b 00 00 02 00 00 00 	&0000000>0000000
  0x7200	47 1b 00 00 ff ff ff ff 5f 1b 00 00 04 00 00 00 	G0000000_0000000
  0x7210	68 1b 00 00 ff ff ff ff 80 1b 00 00 03 00 00 00 	h000000000000000
  0x7220	89 1b 00 00 ff ff ff ff 11 1a 08 00 1a 34 0c 00 	0000000000000400
  0x7230	0c 52 08 f0 06 e0 04 70 03 60 02 50 44 4b 00 00 	0R00000p0`0PDK00
  0x7240	c8 68 00 00 ff ff ff ff 10 55 00 00 00 00 00 00 	0h0000000U000000
  0x7250	22 55 00 00 00 00 00 00 b3 1c 00 00 00 00 00 00 	"U00000000000000
  0x7260	72 1e 00 00 01 00 00 00 f4 1e 00 00 00 00 00 00 	r000000000000000
  0x7270	0c 1f 00 00 ff ff ff ff 69 1f 00 00 01 00 00 00 	00000000i0000000
  0x7280	b7 1f 00 00 ff ff ff ff 19 14 04 00 14 34 08 00 	0000000000000400
  0x7290	06 52 02 70 44 4b 00 00 a0 68 00 00 ff ff ff ff 	0R0pDK000h000000
  0x72a0	00 00 00 00 00 00 00 00 8f 55 00 00 01 00 00 00 	000000000U000000
  0x72b0	a1 55 00 00 02 00 00 00 b3 55 00 00 ff ff ff ff 	0U0000000U000000
  0x72c0	00 00 00 00 00 00 00 00 03 00 00 00 04 00 00 00 	0000000000000000
  0x72d0	01 00 00 00 d8 72 00 00 40 00 00 00 00 00 00 00 	00000r00@0000000
  0x72e0	00 00 00 00 34 55 00 00 38 00 00 00 00 00 00 00 	00004U0080000000
  0x72f0	19 20 00 00 00 00 00 00 2c 20 00 00 01 00 00 00 	0 000000, 000000
  0x7300	44 20 00 00 02 00 00 00 65 20 00 00 03 00 00 00 	D 000000e 000000
  0x7310	78 20 00 00 02 00 00 00 9d 20 00 00 01 00 00 00 	x 0000000 000000
  0x7320	c4 20 00 00 00 00 00 00 eb 20 00 00 ff ff ff ff 	0 0000000 000000
  0x7330	19 0a 02 00 0a 32 06 50 44 4b 00 00 a0 68 00 00 	0000020PDK000h00
  0x7340	19 31 09 00 1f 64 1d 00 1b 34 1c 00 0f 01 16 00 	01000d0004000000
  0x7350	08 f0 06 e0 04 70 00 00 50 53 00 00 78 68 00 00 	00000p00PS00xh00
  0x7360	a3 00 00 00 00 00 00 00 00 00 00 00 01 00 00 00 	0000000000000000
  0x7370	01 00 00 00 78 73 00 00 40 00 00 00 00 00 00 00 	0000xs00@0000000
  0x7380	00 00 00 00 c5 55 00 00 58 00 00 00 00 00 00 00 	00000U00X0000000
  0x7390	12 23 00 00 00 00 00 00 d2 23 00 00 ff ff ff ff 	0#0000000#000000
  0x73a0	37 24 00 00 00 00 00 00 19 0a 02 00 0a 72 06 50 	7$00000000000r0P
  0x73b0	44 4b 00 00 78 68 00 00 01 04 01 00 04 42 00 00 	DK00xh0000000B00
  0x73c0	11 1c 02 00 14 b2 10 30 44 4b 00 00 50 68 00 00 	00000000DK00Ph00
  0x73d0	ff ff ff ff f6 55 00 00 e1 24 00 00 00 00 00 00 	00000U000$000000
  0x73e0	05 25 00 00 ff ff ff ff 01 06 02 00 06 32 02 30 	0%00000000000200
  0x73f0	01 18 0a 00 18 64 0a 00 18 54 09 00 18 34 08 00 	00000d000T000400
  0x7400	18 32 14 f0 12 e0 10 70 01 06 02 00 06 52 02 30 	0200000p00000R00
  0x7410	01 07 01 00 07 a2 00 00 19 29 06 00 1b 74 10 00 	000000000)000t00
  0x7420	17 34 0f 00 0b b2 04 50 50 53 00 00 a8 6a 00 00 	0400000PPS000j00
  0x7430	52 00 00 00 ff ff ff ff 1a 56 00 00 00 00 00 00 	R00000000V000000
  0x7440	08 56 00 00 00 00 00 00 f3 29 00 00 01 00 00 00 	0V0000000)000000
  0x7450	1b 2a 00 00 00 00 00 00 4d 2a 00 00 01 00 00 00 	0*000000M*000000
  0x7460	a0 2a 00 00 00 00 00 00 01 06 02 00 06 32 02 50 	0*0000000000020P
  0x7470	11 16 05 00 0d 62 09 70 08 60 07 50 06 30 00 00 	00000b0p0`0P0000
  0x7480	44 4b 00 00 80 6a 00 00 ff ff ff ff 47 56 00 00 	DK000j000000GV00
  0x7490	00 00 00 00 74 56 00 00 59 2b 00 00 00 00 00 00 	0000tV00Y+000000
  0x74a0	05 2c 00 00 01 00 00 00 bd 2c 00 00 00 00 00 00 	0,0000000,000000
  0x74b0	65 2d 00 00 01 00 00 00 19 0d 01 00 04 62 00 00 	e-00000000000b00
  0x74c0	44 4b 00 00 58 6a 00 00 13 2e 00 00 ff ff ff ff 	DK00Xj000.000000
  0x74d0	19 12 01 00 09 62 00 00 44 4b 00 00 20 6b 00 00 	00000b00DK00 k00
  0x74e0	ff ff ff ff e4 56 00 00 00 00 00 00 fa 56 00 00 	00000V0000000V00
  0x74f0	01 00 00 00 00 00 00 00 01 00 00 00 00 00 00 00 	0000000000000000
  0x7500	02 00 00 00 02 00 00 00 03 00 00 00 01 00 00 00 	0000000000000000
  0x7510	14 75 00 00 40 00 00 00 00 00 00 00 00 00 00 00 	0u00@00000000000
  0x7520	86 56 00 00 38 00 00 00 46 2e 00 00 02 00 00 00 	0V008000F.000000
  0x7530	19 0a 02 00 0a 32 06 50 44 4b 00 00 20 6b 00 00 	0000020PDK00 k00
  0x7540	19 1a 04 00 0b 68 04 00 06 92 02 30 c8 52 00 00 	00000h0000000R00
  0x7550	38 00 00 00 11 19 05 00 11 62 0a e0 08 60 07 30 	800000000b000`00
  0x7560	06 50 00 00 44 4b 00 00 d0 6a 00 00 ff ff ff ff 	0P00DK000j000000
  0x7570	10 57 00 00 00 00 00 00 74 56 00 00 00 00 00 00 	0W000000tV000000
  0x7580	7d 30 00 00 ff ff ff ff b6 30 00 00 00 00 00 00 	}000000000000000
  0x7590	d1 30 00 00 01 00 00 00 4a 31 00 00 00 00 00 00 	00000000J1000000
  0x75a0	70 31 00 00 ff ff ff ff cf 31 00 00 01 00 00 00 	p100000001000000
  0x75b0	10 32 00 00 ff ff ff ff 58 32 00 00 00 00 00 00 	02000000X2000000
  0x75c0	01 0f 06 00 0f 54 09 00 0f 34 08 00 0f 52 0b 70 	00000T0004000R0p
  0x75d0	01 0f 04 00 0f 34 07 00 0f 32 0b 60 11 10 02 00 	00000400020`0000
  0x75e0	08 92 04 30 44 4b 00 00 48 6b 00 00 ff ff ff ff 	0000DK00Hk000000
  0x75f0	22 57 00 00 00 00 00 00 db 34 00 00 00 00 00 00 	"W00000004000000
  0x7600	11 12 03 00 0a 82 03 30 02 50 00 00 44 4b 00 00 	000000000P00DK00
  0x7610	70 6b 00 00 ff ff ff ff 34 57 00 00 00 00 00 00 	pk0000004W000000
  0x7620	76 36 00 00 00 00 00 00 19 0d 01 00 04 82 00 00 	v600000000000000
  0x7630	44 4b 00 00 f8 6a 00 00 00 00 00 00 00 00 00 00 	DK000j0000000000
  0x7640	01 00 00 00 04 00 00 00 4c 76 00 00 09 00 00 00 	00000000Lv000000
  0x7650	18 91 00 00 20 00 00 00 46 57 00 00 48 00 00 00 	0000 000FW00H000
  0x7660	09 00 00 00 f0 90 00 00 28 00 00 00 a9 57 00 00 	00000000(0000W00
  0x7670	48 00 00 00 09 00 00 00 70 91 00 00 38 00 00 00 	H0000000p0008000
  0x7680	0c 58 00 00 38 00 00 00 40 00 00 00 00 00 00 00 	0X008000@0000000
  0x7690	00 00 00 00 71 58 00 00 38 00 00 00 00 00 00 00 	0000qX0080000000
  0x76a0	21 38 00 00 00 00 00 00 43 58 00 00 01 00 00 00 	!8000000CX000000
  0x76b0	19 0b 03 00 0b 42 07 50 06 30 00 00 44 4b 00 00 	00000B0P0000DK00
  0x76c0	f8 6a 00 00 19 0a 02 00 0a 32 06 50 44 4b 00 00 	0j000000020PDK00
  0x76d0	f8 6a 00 00 11 1f 08 00 1f 54 0c 00 1b 34 0b 00 	0j0000000T000400
  0x76e0	0f 52 0b e0 09 70 08 60 44 4b 00 00 30 6a 00 00 	0R000p0`DK000j00
  0x76f0	ff ff ff ff cd 58 00 00 ab 38 00 00 ff ff ff ff 	00000X0008000000
  0x7700	35 39 00 00 00 00 00 00 48 39 00 00 ff ff ff ff 	59000000H9000000
  0x7710	19 1d 08 00 1d 74 0f 00 19 64 0e 00 15 34 0c 00 	00000t000d000400
  0x7720	09 92 05 e0 44 4b 00 00 08 6a 00 00 00 00 00 00 	0000DK000j000000
  0x7730	00 00 00 00 01 00 00 00 01 00 00 00 40 77 00 00 	000000000000@w00
  0x7740	40 00 00 00 00 00 00 00 00 00 00 00 df 58 00 00 	@000000000000X00
  0x7750	48 00 00 00 00 00 00 00 9c 3a 00 00 ff ff ff ff 	H00000000:000000
  0x7760	b8 3a 00 00 00 00 00 00 22 3b 00 00 ff ff ff ff 	0:000000";000000
  0x7770	f9 58 00 00 01 00 00 00 19 0a 02 00 0a 52 06 50 	0X00000000000R0P
  0x7780	44 4b 00 00 08 6a 00 00 01 19 0a 00 19 74 09 00 	DK000j0000000t00
  0x7790	19 64 08 00 19 54 07 00 19 34 06 00 19 32 15 e0 	0d000T0004000200
  0x77a0	01 19 06 00 19 32 15 e0 13 70 12 60 11 50 10 30 	000002000p0`0P00
  0x77b0	19 0d 01 00 04 62 00 00 44 4b 00 00 e0 69 00 00 	00000b00DK000i00
  0x77c0	00 00 00 00 00 00 00 00 01 00 00 00 01 00 00 00 	0000000000000000
  0x77d0	d4 77 00 00 40 00 00 00 00 00 00 00 00 00 00 00 	0w00@00000000000
  0x77e0	05 59 00 00 38 00 00 00 16 59 00 00 01 00 00 00 	0Y0080000Y000000
  0x77f0	19 0a 02 00 0a 32 06 50 44 4b 00 00 e0 69 00 00 	0000020PDK000i00
  0x7800	01 0a 04 00 0a 34 06 00 0a 32 06 70 11 16 06 00 	00000400020p0000
  0x7810	0e 92 07 c0 05 70 04 60 03 30 02 50 44 4b 00 00 	00000p0`000PDK00
  0x7820	c0 6b 00 00 ff ff ff ff 22 59 00 00 00 00 00 00 	0k000000"Y000000
  0x7830	76 41 00 00 00 00 00 00 11 18 04 00 18 34 0c 00 	vA00000000000400
  0x7840	0c 72 08 70 44 4b 00 00 98 6b 00 00 ff ff ff ff 	0r0pDK000k000000
  0x7850	34 59 00 00 00 00 00 00 92 42 00 00 00 00 00 00 	4Y0000000B000000
  0x7860	09 04 01 00 04 62 00 00 a0 4d 00 00 01 00 00 00 	00000b000M000000
  0x7870	80 46 00 00 94 46 00 00 61 59 00 00 94 46 00 00 	0F000F00aY000F00
  0x7880	01 0a 02 00 0a 32 06 30 01 06 02 00 06 72 02 30 	0000020000000r00
  0x7890	09 15 08 00 15 74 0a 00 15 64 09 00 15 34 08 00 	00000t000d000400
  0x78a0	15 52 11 f0 a0 4d 00 00 01 00 00 00 65 49 00 00 	0R000M000000eI00
  0x78b0	cb 4a 00 00 87 59 00 00 cb 4a 00 00 00 00 00 00 	0J000Y000J000000
  0x78c0	01 00 00 00 11 06 02 00 06 32 02 30 a0 4d 00 00 	0000000002000M00
  0x78d0	01 00 00 00 ad 4c 00 00 f2 4c 00 00 ab 59 00 00 	00000L000L000Y00
  0x78e0	00 00 00 00 09 04 01 00 04 22 00 00 a0 4d 00 00 	000000000"000M00
  0x78f0	01 00 00 00 4c 4e 00 00 82 4e 00 00 01 00 00 00 	0000LN000N000000
  0x7900	82 4e 00 00 09 0a 04 00 0a 34 06 00 0a 32 06 70 	0N0000000400020p
  0x7910	a0 4d 00 00 01 00 00 00 5d 4f 00 00 90 4f 00 00 	0M000000]O000O00
  0x7920	d0 59 00 00 90 4f 00 00 01 0d 04 00 0d 34 09 00 	0Y000O0000000400
  0x7930	0d 32 06 50 01 0c 02 00 0c 01 11 00 00 00 00 00 	020P000000000000
  0x7940	01 00 00 00 01 02 01 00 02 30 00 00 00 00 00 00 	0000000000000000
  0x7950	00 00 00 00 a0 90 00 00 00 00 00 00 ff ff ff ff 	0000000000000000
  0x7960	00 00 00 00 18 00 00 00 ac 46 00 00 00 00 00 00 	000000000F000000
  0x7970	00 00 00 00 00 00 00 00 00 00 00 00 0c 47 00 00 	0000000000000G00
  0x7980	00 00 00 00 98 79 00 00 00 00 00 00 00 00 00 00 	00000y0000000000
  0x7990	00 00 00 00 00 00 00 00 03 00 00 00 b8 79 00 00 	0000000000000y00
  0x79a0	50 79 00 00 a8 7a 00 00 00 00 00 00 00 00 00 00 	Py000z0000000000
  0x79b0	00 00 00 00 00 00 00 00 00 00 00 00 c8 90 00 00 	0000000000000000
  0x79c0	00 00 00 00 ff ff ff ff 00 00 00 00 18 00 00 00 	0000000000000000
  0x79d0	ac 46 00 00 00 00 00 00 00 00 00 00 00 00 00 00 	0F00000000000000
  0x79e0	00 00 00 00 f0 90 00 00 00 00 00 00 ff ff ff ff 	0000000000000000
  0x79f0	00 00 00 00 04 00 00 00 00 00 00 00 00 00 00 00 	0000000000000000
  0x7a00	00 00 00 00 00 00 00 00 01 00 00 00 e0 79 00 00 	0000000000000y00
  0x7a10	00 00 00 00 00 00 00 00 00 00 00 00 00 00 00 00 	0000000000000000
  0x7a20	00 00 00 00 08 7a 00 00 00 00 00 00 00 00 00 00 	00000z0000000000
  0x7a30	00 00 00 00 00 00 00 00 01 00 00 00 48 7a 00 00 	000000000000Hz00
  0x7a40	00 00 00 00 00 00 00 00 00 00 00 00 18 91 00 00 	0000000000000000
  0x7a50	00 00 00 00 ff ff ff ff 00 00 00 00 04 00 00 00 	0000000000000000
  0x7a60	00 00 00 00 00 00 00 00 00 00 00 00 00 00 00 00 	0000000000000000
  0x7a70	00 00 00 00 00 00 00 00 00 00 00 00 38 7a 00 00 	0000000000008z00
  0x7a80	00 00 00 00 00 00 00 00 00 00 00 00 00 00 00 00 	0000000000000000
  0x7a90	02 00 00 00 d0 7a 00 00 a8 7a 00 00 00 00 00 00 	00000z000z000000
  0x7aa0	00 00 00 00 00 00 00 00 00 00 00 00 70 91 00 00 	000000000000p000
  0x7ab0	00 00 00 00 ff ff ff ff 00 00 00 00 18 00 00 00 	0000000000000000
  0x7ac0	94 4d 00 00 00 00 00 00 00 00 00 00 00 00 00 00 	0M00000000000000
  0x7ad0	10 00 00 00 48 91 00 00 00 00 00 00 ff ff ff ff 	0000H00000000000
  0x7ae0	00 00 00 00 18 00 00 00 50 3d 00 00 00 00 00 00 	00000000P=000000
  0x7af0	00 00 00 00 00 00 00 00 00 00 00 00 c0 3d 00 00 	0000000000000=00
  0x7b00	00 00 00 00 90 7a 00 00 00 00 00 00 00 00 00 00 	00000z0000000000
  0x7b10	00 00 00 00 00 00 00 00 b8 7b 00 00 00 00 00 00 	000000000{000000
  0x7b20	00 00 00 00 32 80 00 00 d0 61 00 00 30 7c 00 00 	000020000a000|00
  0x7b30	00 00 00 00 00 00 00 00 30 81 00 00 48 62 00 00 	000000000000Hb00
  0x7b40	80 7d 00 00 00 00 00 00 00 00 00 00 3c 83 00 00 	0}0000000000<000
  0x7b50	98 63 00 00 70 7d 00 00 00 00 00 00 00 00 00 00 	0c00p}0000000000
  0x7b60	b2 83 00 00 88 63 00 00 f0 7e 00 00 00 00 00 00 	00000c000~000000
  0x7b70	00 00 00 00 28 84 00 00 08 65 00 00 60 7d 00 00 	0000(0000e00`}00
  0x7b80	00 00 00 00 00 00 00 00 40 84 00 00 78 63 00 00 	00000000@000xc00
  0x7b90	c0 7e 00 00 00 00 00 00 00 00 00 00 8e 84 00 00 	0~00000000000000
  0x7ba0	d8 64 00 00 00 00 00 00 00 00 00 00 00 00 00 00 	0d00000000000000
  0x7bb0	00 00 00 00 00 00 00 00 28 7f 00 00 00 00 00 00 	00000000(0000000
  0x7bc0	38 7f 00 00 00 00 00 00 50 7f 00 00 00 00 00 00 	80000000P0000000
  0x7bd0	66 7f 00 00 00 00 00 00 7c 7f 00 00 00 00 00 00 	f0000000|0000000
  0x7be0	92 7f 00 00 00 00 00 00 aa 7f 00 00 00 00 00 00 	0000000000000000
  0x7bf0	b8 7f 00 00 00 00 00 00 c6 7f 00 00 00 00 00 00 	0000000000000000
  0x7c00	d6 7f 00 00 00 00 00 00 ea 7f 00 00 00 00 00 00 	0000000000000000
  0x7c10	00 80 00 00 00 00 00 00 0e 80 00 00 00 00 00 00 	0000000000000000
  0x7c20	1e 80 00 00 00 00 00 00 00 00 00 00 00 00 00 00 	0000000000000000
  0x7c30	40 80 00 00 00 00 00 00 52 80 00 00 00 00 00 00 	@0000000R0000000
  0x7c40	5e 80 00 00 00 00 00 00 6e 80 00 00 00 00 00 00 	^0000000n0000000
  0x7c50	7e 80 00 00 00 00 00 00 94 80 00 00 00 00 00 00 	~000000000000000
  0x7c60	a2 80 00 00 00 00 00 00 b6 80 00 00 00 00 00 00 	0000000000000000
  0x7c70	c8 80 00 00 00 00 00 00 d8 80 00 00 00 00 00 00 	0000000000000000
  0x7c80	e8 80 00 00 00 00 00 00 fa 80 00 00 00 00 00 00 	0000000000000000
  0x7c90	10 81 00 00 00 00 00 00 68 85 00 00 00 00 00 00 	00000000h0000000
  0x7ca0	60 85 00 00 00 00 00 00 48 85 00 00 00 00 00 00 	`0000000H0000000
  0x7cb0	30 85 00 00 00 00 00 00 1e 85 00 00 00 00 00 00 	0000000000000000
  0x7cc0	06 85 00 00 00 00 00 00 ea 84 00 00 00 00 00 00 	0000000000000000
  0x7cd0	dc 84 00 00 00 00 00 00 ca 84 00 00 00 00 00 00 	0000000000000000
  0x7ce0	be 84 00 00 00 00 00 00 b2 84 00 00 00 00 00 00 	0000000000000000
  0x7cf0	a4 84 00 00 00 00 00 00 98 84 00 00 00 00 00 00 	0000000000000000
  0x7d00	9c 85 00 00 00 00 00 00 b8 85 00 00 00 00 00 00 	0000000000000000
  0x7d10	d4 85 00 00 00 00 00 00 f2 85 00 00 00 00 00 00 	0000000000000000
  0x7d20	06 86 00 00 00 00 00 00 20 86 00 00 00 00 00 00 	00000000 0000000
  0x7d30	36 86 00 00 00 00 00 00 50 86 00 00 00 00 00 00 	60000000P0000000
  0x7d40	82 85 00 00 00 00 00 00 60 86 00 00 00 00 00 00 	00000000`0000000
  0x7d50	7c 86 00 00 00 00 00 00 00 00 00 00 00 00 00 00 	|000000000000000
  0x7d60	32 84 00 00 00 00 00 00 00 00 00 00 00 00 00 00 	2000000000000000
  0x7d70	9e 83 00 00 00 00 00 00 00 00 00 00 00 00 00 00 	0000000000000000
  0x7d80	68 83 00 00 00 00 00 00 8a 83 00 00 00 00 00 00 	h000000000000000
  0x7d90	ca 86 00 00 00 00 00 00 26 83 00 00 00 00 00 00 	00000000&0000000
  0x7da0	1a 83 00 00 00 00 00 00 06 83 00 00 00 00 00 00 	0000000000000000
  0x7db0	f4 82 00 00 00 00 00 00 ec 82 00 00 00 00 00 00 	0000000000000000
  0x7dc0	da 82 00 00 00 00 00 00 c8 82 00 00 00 00 00 00 	0000000000000000
  0x7dd0	5a 83 00 00 00 00 00 00 50 83 00 00 00 00 00 00 	Z0000000P0000000
  0x7de0	48 83 00 00 00 00 00 00 72 83 00 00 00 00 00 00 	H0000000r0000000
  0x7df0	ba 82 00 00 00 00 00 00 ac 82 00 00 00 00 00 00 	0000000000000000
  0x7e00	a0 82 00 00 00 00 00 00 80 82 00 00 00 00 00 00 	0000000000000000
  0x7e10	6a 82 00 00 00 00 00 00 52 82 00 00 00 00 00 00 	j0000000R0000000
  0x7e20	44 82 00 00 00 00 00 00 36 82 00 00 00 00 00 00 	D000000060000000
  0x7e30	2a 82 00 00 00 00 00 00 1c 82 00 00 00 00 00 00 	*000000000000000
  0x7e40	0e 82 00 00 00 00 00 00 f0 81 00 00 00 00 00 00 	0000000000000000
  0x7e50	d0 81 00 00 00 00 00 00 b8 81 00 00 00 00 00 00 	0000000000000000
  0x7e60	b0 81 00 00 00 00 00 00 a6 81 00 00 00 00 00 00 	0000000000000000
  0x7e70	88 81 00 00 00 00 00 00 7c 81 00 00 00 00 00 00 	00000000|0000000
  0x7e80	70 81 00 00 00 00 00 00 64 81 00 00 00 00 00 00 	p0000000d0000000
  0x7e90	4e 81 00 00 00 00 00 00 3e 81 00 00 00 00 00 00 	N0000000>0000000
  0x7ea0	30 83 00 00 00 00 00 00 fc 82 00 00 00 00 00 00 	0000000000000000
  0x7eb0	d4 86 00 00 00 00 00 00 00 00 00 00 00 00 00 00 	0000000000000000
  0x7ec0	4c 84 00 00 00 00 00 00 60 84 00 00 00 00 00 00 	L0000000`0000000
  0x7ed0	a8 86 00 00 00 00 00 00 90 86 00 00 00 00 00 00 	0000000000000000
  0x7ee0	7a 84 00 00 00 00 00 00 00 00 00 00 00 00 00 00 	z000000000000000
  0x7ef0	d0 83 00 00 00 00 00 00 be 83 00 00 00 00 00 00 	0000000000000000
  0x7f00	04 84 00 00 00 00 00 00 14 84 00 00 00 00 00 00 	0000000000000000
  0x7f10	f2 83 00 00 00 00 00 00 e2 83 00 00 00 00 00 00 	0000000000000000
  0x7f20	00 00 00 00 00 00 00 00 28 03 54 72 61 63 65 4d 	00000000(0TraceM
  0x7f30	65 73 73 61 67 65 00 00 73 01 47 65 74 54 72 61 	essage00s0GetTra
  0x7f40	63 65 4c 6f 67 67 65 72 48 61 6e 64 6c 65 00 00 	ceLoggerHandle00
  0x7f50	72 01 47 65 74 54 72 61 63 65 45 6e 61 62 6c 65 	r0GetTraceEnable
  0x7f60	4c 65 76 65 6c 00 71 01 47 65 74 54 72 61 63 65 	Level0q0GetTrace
  0x7f70	45 6e 61 62 6c 65 46 6c 61 67 73 00 b5 02 52 65 	EnableFlags000Re
  0x7f80	67 69 73 74 65 72 54 72 61 63 65 47 75 69 64 73 	gisterTraceGuids
  0x7f90	57 00 35 03 55 6e 72 65 67 69 73 74 65 72 54 72 	W050UnregisterTr
  0x7fa0	61 63 65 47 75 69 64 73 00 00 fd 02 53 74 61 72 	aceGuids0000Star
  0x7fb0	74 54 72 61 63 65 57 00 07 01 45 6e 61 62 6c 65 	tTraceW000Enable
  0x7fc0	54 72 61 63 65 00 6e 00 43 6f 6e 74 72 6f 6c 54 	Trace0n0ControlT
  0x7fd0	72 61 63 65 57 00 15 02 4f 70 65 6e 50 72 6f 63 	raceW000OpenProc
  0x7fe0	65 73 73 54 6f 6b 65 6e 00 00 70 01 47 65 74 54 	essToken00p0GetT
  0x7ff0	6f 6b 65 6e 49 6e 66 6f 72 6d 61 74 69 6f 6e 00 	okenInformation0
  0x8000	5b 02 52 65 67 43 6c 6f 73 65 4b 65 79 00 8c 02 	[0RegCloseKey000
  0x8010	52 65 67 4f 70 65 6e 4b 65 79 45 78 57 00 99 02 	RegOpenKeyExW000
  0x8020	52 65 67 51 75 65 72 79 56 61 6c 75 65 45 78 57 	RegQueryValueExW
  0x8030	00 00 41 44 56 41 50 49 33 32 2e 64 6c 6c 00 00 	00ADVAPI32.dll00
  0x8040	af 01 46 6f 72 6d 61 74 4d 65 73 73 61 67 65 57 	00FormatMessageW
  0x8050	00 00 d5 03 4c 6f 63 61 6c 46 72 65 65 00 ff 02 	0000LocalFree000
  0x8060	47 65 74 54 65 6d 70 50 61 74 68 57 00 00 69 02 	GetTempPathW00i0
  0x8070	47 65 74 4c 61 73 74 45 72 72 6f 72 00 00 20 02 	GetLastError00 0
  0x8080	47 65 74 43 75 72 72 65 6e 74 50 72 6f 63 65 73 	GetCurrentProces
  0x8090	73 49 64 00 88 00 43 6c 6f 73 65 48 61 6e 64 6c 	sId000CloseHandl
  0x80a0	65 00 1f 02 47 65 74 43 75 72 72 65 6e 74 50 72 	e000GetCurrentPr
  0x80b0	6f 63 65 73 73 00 8c 05 53 69 7a 65 6f 66 52 65 	ocess000SizeofRe
  0x80c0	73 6f 75 72 63 65 00 00 e1 03 4c 6f 63 6b 52 65 	source0000LockRe
  0x80d0	73 6f 75 72 63 65 00 00 cd 03 4c 6f 61 64 52 65 	source0000LoadRe
  0x80e0	73 6f 75 72 63 65 00 00 9d 01 46 69 6e 64 52 65 	source0000FindRe
  0x80f0	73 6f 75 72 63 65 45 78 57 00 08 02 47 65 74 43 	sourceExW000GetC
  0x8100	6f 6e 73 6f 6c 65 4f 75 74 70 75 74 43 50 00 00 	onsoleOutputCP00
  0x8110	6c 05 53 65 74 54 68 72 65 61 64 50 72 65 66 65 	l0SetThreadPrefe
  0x8120	72 72 65 64 55 49 4c 61 6e 67 75 61 67 65 73 00 	rredUILanguages0
  0x8130	4b 45 52 4e 45 4c 33 32 2e 64 6c 6c 00 00 14 00 	KERNEL32.dll0000
  0x8140	3f 3f 33 40 59 41 58 50 45 41 58 40 5a 00 5b 00 	??3@YAXPEAX@Z0[0
  0x8150	5f 5f 43 78 78 46 72 61 6d 65 48 61 6e 64 6c 65 	__CxxFrameHandle
  0x8160	72 33 00 00 8a 03 5f 77 63 73 69 63 6d 70 00 00 	r30000_wcsicmp00
  0x8170	95 04 6d 65 6d 6d 6f 76 65 5f 73 00 93 04 6d 65 	00memmove_s000me
  0x8180	6d 63 70 79 5f 73 00 00 31 00 3f 77 68 61 74 40 	mcpy_s0010?what@
  0x8190	65 78 63 65 70 74 69 6f 6e 40 40 55 45 42 41 50 	exception@@UEBAP
  0x81a0	45 42 44 58 5a 00 86 04 6d 61 6c 6c 6f 63 00 00 	EBDXZ000malloc00
  0x81b0	4c 04 66 72 65 65 00 00 11 00 3f 3f 31 65 78 63 	L0free0000??1exc
  0x81c0	65 70 74 69 6f 6e 40 40 55 45 41 41 40 58 5a 00 	eption@@UEAA@XZ0
  0x81d0	0a 00 3f 3f 30 65 78 63 65 70 74 69 6f 6e 40 40 	00??0exception@@
  0x81e0	51 45 41 41 40 41 45 42 51 45 42 44 40 5a 00 00 	QEAA@AEBQEBD@Z00
  0x81f0	0c 00 3f 3f 30 65 78 63 65 70 74 69 6f 6e 40 40 	00??0exception@@
  0x8200	51 45 41 41 40 41 45 42 56 30 40 40 5a 00 60 03 	QEAA@AEBV0@@Z0`0
  0x8210	5f 76 73 63 77 70 72 69 6e 74 66 00 fa 04 76 73 	_vscwprintf000vs
  0x8220	77 70 72 69 6e 74 66 5f 73 00 21 05 77 70 72 69 	wprintf_s0!0wpri
  0x8230	6e 74 66 5f 73 00 dc 04 73 77 70 72 69 6e 74 66 	ntf_s000swprintf
  0x8240	5f 73 00 00 ea 03 5f 77 73 65 74 6c 6f 63 61 6c 	_s0000_wsetlocal
  0x8250	65 00 57 00 5f 5f 43 5f 73 70 65 63 69 66 69 63 	e0W0__C_specific
  0x8260	5f 68 61 6e 64 6c 65 72 00 00 4b 00 5f 43 78 78 	_handler00K0_Cxx
  0x8270	54 68 72 6f 77 45 78 63 65 70 74 69 6f 6e 00 00 	ThrowException00
  0x8280	0b 00 3f 3f 30 65 78 63 65 70 74 69 6f 6e 40 40 	00??0exception@@
  0x8290	51 45 41 41 40 41 45 42 51 45 42 44 48 40 5a 00 	QEAA@AEBQEBDH@Z0
  0x82a0	bf 00 5f 63 61 6c 6c 6e 65 77 68 00 55 00 5f 58 	00_callnewh0U0_X
  0x82b0	63 70 74 46 69 6c 74 65 72 00 ae 00 5f 61 6d 73 	cptFilter000_ams
  0x82c0	67 5f 65 78 69 74 00 00 9d 00 5f 5f 77 67 65 74 	g_exit0000__wget
  0x82d0	6d 61 69 6e 61 72 67 73 00 00 8e 00 5f 5f 73 65 	mainargs0000__se
  0x82e0	74 5f 61 70 70 5f 74 79 70 65 00 00 32 04 65 78 	t_app_type0020ex
  0x82f0	69 74 00 00 0e 01 5f 65 78 69 74 00 c1 00 5f 63 	it0000_exit000_c
  0x8300	65 78 69 74 00 00 90 00 5f 5f 73 65 74 75 73 65 	exit0000__setuse
  0x8310	72 6d 61 74 68 65 72 72 00 00 7d 01 5f 69 6e 69 	rmatherr00}0_ini
  0x8320	74 74 65 72 6d 00 27 01 5f 66 6d 6f 64 65 00 00 	tterm0'0_fmode00
  0x8330	d2 00 5f 63 6f 6d 6d 6f 64 65 00 00 6d 73 76 63 	00_commode00msvc
  0x8340	72 74 2e 64 6c 6c 00 00 e6 01 5f 6c 6f 63 6b 00 	rt.dll0000_lock0
  0x8350	41 03 5f 75 6e 6c 6f 63 6b 00 7b 00 5f 5f 64 6c 	A0_unlock0{0__dl
  0x8360	6c 6f 6e 65 78 69 74 00 90 02 5f 6f 6e 65 78 69 	lonexit000_onexi
  0x8370	74 00 12 00 3f 3f 31 74 79 70 65 5f 69 6e 66 6f 	t000??1type_info
  0x8380	40 40 55 45 41 41 40 58 5a 00 2f 00 3f 74 65 72 	@@UEAA@XZ0/0?ter
  0x8390	6d 69 6e 61 74 65 40 40 59 41 58 58 5a 00 b6 03 	minate@@YAXXZ000
  0x83a0	55 6e 72 65 67 69 73 74 65 72 43 6c 61 73 73 41 	UnregisterClassA
  0x83b0	00 00 55 53 45 52 33 32 2e 64 6c 6c 00 00 61 00 	00USER32.dll00a0
  0x83c0	43 6f 49 6e 69 74 69 61 6c 69 7a 65 45 78 00 00 	CoInitializeEx00
  0x83d0	90 00 43 6f 55 6e 69 6e 69 74 69 61 6c 69 7a 65 	00CoUninitialize
  0x83e0	00 00 2a 00 43 6f 43 72 65 61 74 65 47 75 69 64 	00*0CoCreateGuid
  0x83f0	00 00 0b 02 53 74 72 69 6e 67 46 72 6f 6d 43 4c 	0000StringFromCL
  0x8400	53 49 44 00 8c 00 43 6f 54 61 73 6b 4d 65 6d 46 	SID000CoTaskMemF
  0x8410	72 65 65 00 2b 00 43 6f 43 72 65 61 74 65 49 6e 	ree0+0CoCreateIn
  0x8420	73 74 61 6e 63 65 00 00 6f 6c 65 33 32 2e 64 6c 	stance00ole32.dl
  0x8430	6c 00 37 00 50 61 74 68 41 70 70 65 6e 64 57 00 	l070PathAppendW0
  0x8440	53 48 4c 57 41 50 49 2e 64 6c 6c 00 f2 02 52 74 	SHLWAPI.dll000Rt
  0x8450	6c 43 61 70 74 75 72 65 43 6f 6e 74 65 78 74 00 	lCaptureContext0
  0x8460	e8 04 52 74 6c 4c 6f 6f 6b 75 70 46 75 6e 63 74 	00RtlLookupFunct
  0x8470	69 6f 6e 45 6e 74 72 79 00 00 27 06 52 74 6c 56 	ionEntry00'0RtlV
  0x8480	69 72 74 75 61 6c 55 6e 77 69 6e 64 00 00 6e 74 	irtualUnwind00nt
  0x8490	64 6c 6c 2e 64 6c 6c 00 59 03 48 65 61 70 53 69 	dll.dll0Y0HeapSi
  0x84a0	7a 65 00 00 57 03 48 65 61 70 52 65 41 6c 6c 6f 	ze00W0HeapReAllo
  0x84b0	63 00 54 03 48 65 61 70 46 72 65 65 00 00 50 03 	c0T0HeapFree00P0
  0x84c0	48 65 61 70 41 6c 6c 6f 63 00 bd 02 47 65 74 50 	HeapAlloc000GetP
  0x84d0	72 6f 63 65 73 73 48 65 61 70 00 00 53 03 48 65 	rocessHeap00S0He
  0x84e0	61 70 44 65 73 74 72 6f 79 00 69 03 49 6e 69 74 	apDestroy0i0Init
  0x84f0	69 61 6c 69 7a 65 43 72 69 74 69 63 61 6c 53 65 	ializeCriticalSe
  0x8500	63 74 69 6f 6e 00 13 01 44 65 6c 65 74 65 43 72 	ction000DeleteCr
  0x8510	69 74 69 63 61 6c 53 65 63 74 69 6f 6e 00 67 04 	iticalSection0g0
  0x8520	52 61 69 73 65 45 78 63 65 70 74 69 6f 6e 00 00 	RaiseException00
  0x8530	37 01 45 6e 74 65 72 43 72 69 74 69 63 61 6c 53 	70EnterCriticalS
  0x8540	65 63 74 69 6f 6e 00 00 c3 03 4c 65 61 76 65 43 	ection0000LeaveC
  0x8550	72 69 74 69 63 61 6c 53 65 63 74 69 6f 6e 00 00 	riticalSection00
  0x8560	8d 05 53 6c 65 65 70 00 b7 04 52 65 6c 65 61 73 	00Sleep000Releas
  0x8570	65 53 52 57 4c 6f 63 6b 45 78 63 6c 75 73 69 76 	eSRWLockExclusiv
  0x8580	65 00 00 00 41 63 71 75 69 72 65 53 52 57 4c 6f 	e000AcquireSRWLo
  0x8590	63 6b 45 78 63 6c 75 73 69 76 65 00 f0 05 57 61 	ckExclusive000Wa
  0x85a0	6b 65 41 6c 6c 43 6f 6e 64 69 74 69 6f 6e 56 61 	keAllConditionVa
  0x85b0	72 69 61 62 6c 65 00 00 8f 05 53 6c 65 65 70 43 	riable0000SleepC
  0x85c0	6f 6e 64 69 74 69 6f 6e 56 61 72 69 61 62 6c 65 	onditionVariable
  0x85d0	53 52 57 00 7d 05 53 65 74 55 6e 68 61 6e 64 6c 	SRW0}0SetUnhandl
  0x85e0	65 64 45 78 63 65 70 74 69 6f 6e 46 69 6c 74 65 	edExceptionFilte
  0x85f0	72 00 80 02 47 65 74 4d 6f 64 75 6c 65 48 61 6e 	r000GetModuleHan
  0x8600	64 6c 65 57 00 00 51 04 51 75 65 72 79 50 65 72 	dleW00Q0QueryPer
  0x8610	66 6f 72 6d 61 6e 63 65 43 6f 75 6e 74 65 72 00 	formanceCounter0
  0x8620	24 02 47 65 74 43 75 72 72 65 6e 74 54 68 72 65 	$0GetCurrentThre
  0x8630	61 64 49 64 00 00 f2 02 47 65 74 53 79 73 74 65 	adId0000GetSyste
  0x8640	6d 54 69 6d 65 41 73 46 69 6c 65 54 69 6d 65 00 	mTimeAsFileTime0
  0x8650	10 03 47 65 74 54 69 63 6b 43 6f 75 6e 74 00 00 	00GetTickCount00
  0x8660	be 05 55 6e 68 61 6e 64 6c 65 64 45 78 63 65 70 	00UnhandledExcep
  0x8670	74 69 6f 6e 46 69 6c 74 65 72 00 00 9c 05 54 65 	tionFilter0000Te
  0x8680	72 6d 69 6e 61 74 65 50 72 6f 63 65 73 73 00 00 	rminateProcess00
  0x8690	fd 04 52 74 6c 4e 74 53 74 61 74 75 73 54 6f 44 	00RtlNtStatusToD
  0x86a0	6f 73 45 72 72 6f 72 00 f8 02 52 74 6c 43 68 65 	osError000RtlChe
  0x86b0	63 6b 50 6f 72 74 61 62 6c 65 4f 70 65 72 61 74 	ckPortableOperat
  0x86c0	69 6e 67 53 79 73 74 65 6d 00 92 04 6d 65 6d 63 	ingSystem000memc
  0x86d0	70 79 00 00 96 04 6d 65 6d 73 65 74 00 00 00 00 	py0000memset0000
  0x86e0	00 00 00 00 00 00 00 00 00 00 00 00 00 00 00 00 	0000000000000000
  0x86f0	00 00 00 00 00 00 00 00 00 00 00 00 00 00 00 00 	0000000000000000
  0x8700	00 00 00 00 00 00 00 00 00 00 00 00 00 00 00 00 	0000000000000000
  0x8710	00 00 00 00 00 00 00 00 00 00 00 00 00 00 00 00 	0000000000000000
  0x8720	00 00 00 00 00 00 00 00 00 00 00 00 00 00 00 00 	0000000000000000
  0x8730	00 00 00 00 00 00 00 00 00 00 00 00 00 00 00 00 	0000000000000000
  0x8740	00 00 00 00 00 00 00 00 00 00 00 00 00 00 00 00 	0000000000000000
  0x8750	00 00 00 00 00 00 00 00 00 00 00 00 00 00 00 00 	0000000000000000
  0x8760	00 00 00 00 00 00 00 00 00 00 00 00 00 00 00 00 	0000000000000000
  0x8770	00 00 00 00 00 00 00 00 00 00 00 00 00 00 00 00 	0000000000000000
  0x8780	00 00 00 00 00 00 00 00 00 00 00 00 00 00 00 00 	0000000000000000
  0x8790	00 00 00 00 00 00 00 00 00 00 00 00 00 00 00 00 	0000000000000000
  0x87a0	00 00 00 00 00 00 00 00 00 00 00 00 00 00 00 00 	0000000000000000
  0x87b0	00 00 00 00 00 00 00 00 00 00 00 00 00 00 00 00 	0000000000000000
  0x87c0	00 00 00 00 00 00 00 00 00 00 00 00 00 00 00 00 	0000000000000000
  0x87d0	00 00 00 00 00 00 00 00 00 00 00 00 00 00 00 00 	0000000000000000
  0x87e0	00 00 00 00 00 00 00 00 00 00 00 00 00 00 00 00 	0000000000000000
  0x87f0	00 00 00 00 00 00 00 00 00 00 00 00 00 00 00 00 	0000000000000000
=== DATA BLOCK END ===

=== DATA BLOCK ADDRESS 0x9000 ===
  0x9000	00 90 00 40 01 00 00 00 38 60 00 40 01 00 00 00 	000@00008`0@0000
  0x9010	f8 97 00 40 01 00 00 00 08 90 00 40 01 00 00 00 	000@0000000@0000
  0x9020	00 00 00 00 00 00 00 00 02 00 00 00 00 00 00 00 	0000000000000000
  0x9030	00 00 00 00 00 00 00 00 00 00 00 00 00 00 00 00 	0000000000000000
  0x9040	60 00 00 00 00 00 00 00 00 00 00 40 01 00 00 00 	`0000000000@0000
  0x9050	00 00 00 40 01 00 00 00 01 00 00 00 00 08 00 00 	000@000000000000
  0x9060	40 68 00 40 01 00 00 00 00 00 00 00 00 00 00 00 	@h0@000000000000
  0x9070	00 00 00 00 00 00 00 00 00 00 00 00 00 00 00 00 	0000000000000000
  0x9080	00 00 00 00 00 00 00 00 00 00 00 00 00 00 00 00 	0000000000000000
  0x9090	00 00 00 00 00 00 00 00 00 00 00 00 00 00 00 00 	0000000000000000
  0x90a0	10 60 00 40 01 00 00 00 00 00 00 00 00 00 00 00 	0`0@000000000000
  0x90b0	2e 3f 41 56 6c 6f 67 69 63 5f 65 72 72 6f 72 40 	.?AVlogic_error@
  0x90c0	73 74 64 40 40 00 00 00 10 60 00 40 01 00 00 00 	std@@0000`0@0000
  0x90d0	00 00 00 00 00 00 00 00 2e 3f 41 56 6c 65 6e 67 	00000000.?AVleng
  0x90e0	74 68 5f 65 72 72 6f 72 40 73 74 64 40 40 00 00 	th_error@std@@00
  0x90f0	10 60 00 40 01 00 00 00 00 00 00 00 00 00 00 00 	0`0@000000000000
  0x9100	2e 3f 41 56 43 41 74 6c 45 78 63 65 70 74 69 6f 	.?AVCAtlExceptio
  0x9110	6e 40 41 54 4c 40 40 00 10 60 00 40 01 00 00 00 	n@ATL@@00`0@0000
  0x9120	00 00 00 00 00 00 00 00 2e 3f 41 56 43 45 78 63 	00000000.?AVCExc
  0x9130	65 70 74 69 6f 6e 40 75 74 69 6c 73 40 70 77 6c 	eption@utils@pwl
  0x9140	63 6d 64 40 40 00 00 00 10 60 00 40 01 00 00 00 	cmd@@0000`0@0000
  0x9150	00 00 00 00 00 00 00 00 2e 3f 41 56 62 61 64 5f 	00000000.?AVbad_
  0x9160	61 6c 6c 6f 63 40 73 74 64 40 40 00 00 00 00 00 	alloc@std@@00000
  0x9170	10 60 00 40 01 00 00 00 00 00 00 00 00 00 00 00 	0`0@000000000000
  0x9180	2e 3f 41 56 65 78 63 65 70 74 69 6f 6e 40 40 00 	.?AVexception@@0
  0x9190	00 00 00 80 01 00 00 00 32 a2 df 2d 99 2b 00 00 	00000000200-0+00
  0x91a0	cd 5d 20 d2 66 d4 ff ff 00 00 00 00 00 00 00 00 	0] 0f00000000000
  0x91b0	48 00 00 00 00 00 00 00 00 00 00 00 00 00 00 00 	H000000000000000
  0x91c0	00 00 00 00 00 00 00 00 00 00 00 00 00 00 00 00 	0000000000000000
  0x91d0	00 00 00 00 00 00 00 00 00 00 00 00 00 00 00 00 	0000000000000000
  0x91e0	00 00 00 00 00 00 00 00 00 00 00 00 00 00 00 00 	0000000000000000
  0x91f0	00 00 00 00 00 00 00 00 00 00 00 00 00 00 00 00 	0000000000000000
=== DATA BLOCK END ===

=== DATA BLOCK ADDRESS 0xa000 ===
  0xa000	10 10 00 00 4c 10 00 00 b8 73 00 00 80 10 00 00 	0000L0000s000000
  0xa010	a0 10 00 00 b8 73 00 00 b0 10 00 00 e3 10 00 00 	00000s0000000000
  0xa020	b8 73 00 00 f0 10 00 00 15 11 00 00 90 6f 00 00 	0s00000000000o00
  0xa030	1c 11 00 00 83 11 00 00 98 6f 00 00 8c 11 00 00 	000000000o000000
  0xa040	c7 11 00 00 a0 6f 00 00 d0 11 00 00 62 12 00 00 	00000o000000b000
  0xa050	a8 6f 00 00 68 12 00 00 de 12 00 00 b8 6f 00 00 	0o00h00000000o00
  0xa060	e4 12 00 00 9f 13 00 00 20 70 00 00 a8 13 00 00 	00000000 p000000
  0xa070	12 16 00 00 50 70 00 00 18 16 00 00 41 16 00 00 	0000Pp000000A000
  0xa080	e0 70 00 00 48 16 00 00 39 1a 00 00 f8 70 00 00 	0p00H00090000p00
  0xa090	40 1a 00 00 32 1c 00 00 70 71 00 00 38 1c 00 00 	@0002000pq008000
  0xa0a0	bd 1f 00 00 28 72 00 00 c4 1f 00 00 2d 21 00 00 	0000(r000000-!00
  0xa0b0	88 72 00 00 34 21 00 00 3e 24 00 00 40 73 00 00 	0r004!00>$00@s00
  0xa0c0	44 24 00 00 72 24 00 00 b8 73 00 00 78 24 00 00 	D$00r$000s00x$00
  0xa0d0	10 25 00 00 c0 73 00 00 18 25 00 00 3b 25 00 00 	0%000s000%00;%00
  0xa0e0	e8 73 00 00 44 25 00 00 92 26 00 00 f0 73 00 00 	0s00D%000&000s00
  0xa0f0	98 26 00 00 a7 26 00 00 b8 73 00 00 b0 26 00 00 	0&000&000s000&00
  0xa100	0f 27 00 00 b8 73 00 00 18 27 00 00 65 27 00 00 	0'000s000'00e'00
  0xa110	08 74 00 00 6c 27 00 00 2e 28 00 00 f0 73 00 00 	0t00l'00.(000s00
  0xa120	44 28 00 00 66 28 00 00 b8 73 00 00 6c 28 00 00 	D(00f(000s00l(00
  0xa130	bb 28 00 00 10 74 00 00 c4 28 00 00 2b 29 00 00 	0(000t000(00+)00
  0xa140	98 6f 00 00 48 29 00 00 6b 29 00 00 e8 73 00 00 	0o00H)00k)000s00
  0xa150	74 29 00 00 f3 2a 00 00 18 74 00 00 fc 2a 00 00 	t)000*000t000*00
  0xa160	1f 2b 00 00 e8 73 00 00 28 2b 00 00 df 2d 00 00 	0+000s00(+000-00
  0xa170	70 74 00 00 e8 2d 00 00 20 2e 00 00 b8 74 00 00 	pt000-00 .000t00
  0xa180	28 2e 00 00 9a 2e 00 00 d0 74 00 00 a0 2e 00 00 	(.000.000t000.00
  0xa190	a3 2f 00 00 40 75 00 00 ac 2f 00 00 5e 32 00 00 	0/00@u000/00^200
  0xa1a0	54 75 00 00 64 32 00 00 55 33 00 00 c0 75 00 00 	Tu00d200U3000u00
  0xa1b0	5c 33 00 00 7a 34 00 00 d0 75 00 00 80 34 00 00 	0300z4000u000400
  0xa1c0	6c 35 00 00 dc 75 00 00 74 35 00 00 5a 37 00 00 	l5000u00t500Z700
  0xa1d0	00 76 00 00 60 37 00 00 07 38 00 00 e8 73 00 00 	0v00`70008000s00
  0xa1e0	10 38 00 00 35 38 00 00 28 76 00 00 3c 38 00 00 	08005800(v00<800
  0xa1f0	6e 38 00 00 e8 73 00 00 74 38 00 00 5f 39 00 00 	n8000s00t800_900
  0xa200	d4 76 00 00 68 39 00 00 05 3a 00 00 b8 73 00 00 	0v00h9000:000s00
  0xa210	0c 3a 00 00 1d 3a 00 00 b8 73 00 00 24 3a 00 00 	0:000:000s00$:00
  0xa220	44 3b 00 00 10 77 00 00 64 3b 00 00 87 3c 00 00 	D;000w00d;000<00
  0xa230	88 77 00 00 90 3c 00 00 48 3d 00 00 a0 77 00 00 	0w000<00H=000w00
  0xa240	50 3d 00 00 79 3d 00 00 e8 73 00 00 80 3d 00 00 	P=00y=000s000=00
  0xa250	b7 3d 00 00 b0 77 00 00 e0 3d 00 00 28 3e 00 00 	0=000w000=00(>00
  0xa260	00 78 00 00 30 3e 00 00 64 3e 00 00 08 74 00 00 	0x000>00d>000t00
  0xa270	6c 3e 00 00 18 3f 00 00 88 77 00 00 20 3f 00 00 	l>000?000w00 ?00
  0xa280	48 3f 00 00 e8 73 00 00 50 3f 00 00 c9 3f 00 00 	H?000s00P?000?00
  0xa290	b8 73 00 00 d0 3f 00 00 d7 41 00 00 0c 78 00 00 	0s000?000A000x00
  0xa2a0	e0 41 00 00 98 42 00 00 38 78 00 00 a0 42 00 00 	0A000B008x000B00
  0xa2b0	c8 42 00 00 e8 73 00 00 d0 42 00 00 63 43 00 00 	0B000s000B00cC00
  0xa2c0	00 78 00 00 70 43 00 00 98 43 00 00 b8 73 00 00 	0x00pC000C000s00
  0xa2d0	a0 43 00 00 42 44 00 00 e8 73 00 00 70 44 00 00 	0C00BD000s00pD00
  0xa2e0	9e 44 00 00 e8 73 00 00 d0 44 00 00 f4 44 00 00 	0D000s000D000D00
  0xa2f0	b8 73 00 00 00 45 00 00 53 45 00 00 b8 73 00 00 	0s000E00SE000s00
  0xa300	80 45 00 00 d8 45 00 00 00 78 00 00 e0 45 00 00 	0E000E000x000E00
  0xa310	52 46 00 00 00 78 00 00 7c 46 00 00 a3 46 00 00 	RF000x00|F000F00
  0xa320	60 78 00 00 ac 46 00 00 cd 46 00 00 e8 73 00 00 	`x000F000F000s00
  0xa330	d4 46 00 00 03 47 00 00 80 78 00 00 20 47 00 00 	0F000G000x00 G00
  0xa340	4f 47 00 00 00 78 00 00 58 47 00 00 7b 47 00 00 	OG000x00XG00{G00
  0xa350	98 6f 00 00 84 47 00 00 bc 47 00 00 e8 73 00 00 	0o000G000G000s00
  0xa360	c4 47 00 00 0b 48 00 00 88 78 00 00 20 48 00 00 	0G000H000x00 H00
  0xa370	f3 48 00 00 b8 73 00 00 00 49 00 00 49 49 00 00 	0H000s000I00II00
  0xa380	90 6f 00 00 50 49 00 00 0e 4b 00 00 90 78 00 00 	0o00PI000K000x00
  0xa390	20 4b 00 00 32 4b 00 00 b8 73 00 00 60 4b 00 00 	 K002K000s00`K00
  0xa3a0	7e 4b 00 00 c0 78 00 00 84 4b 00 00 ed 4b 00 00 	~K000x000K000K00
  0xa3b0	e8 73 00 00 f4 4b 00 00 6c 4c 00 00 e8 73 00 00 	0s000K00lL000s00
  0xa3c0	74 4c 00 00 01 4d 00 00 c4 78 00 00 08 4d 00 00 	tL000M000x000M00
  0xa3d0	1f 4d 00 00 b8 73 00 00 30 4d 00 00 60 4d 00 00 	0M000s000M00`M00
  0xa3e0	00 78 00 00 d0 4d 00 00 09 4e 00 00 b8 73 00 00 	0x000M000N000s00
  0xa3f0	10 4e 00 00 28 4e 00 00 b8 73 00 00 3c 4e 00 00 	0N00(N000s00<N00
  0xa400	90 4e 00 00 e4 78 00 00 98 4e 00 00 dd 4e 00 00 	0N000x000N000N00
  0xa410	e8 73 00 00 50 4f 00 00 9d 4f 00 00 04 79 00 00 	0s00PO000O000y00
  0xa420	e4 4f 00 00 b8 50 00 00 28 79 00 00 dc 50 00 00 	0O000P00(y000P00
  0xa430	10 51 00 00 e8 73 00 00 20 51 00 00 91 52 00 00 	0Q000s00 Q000R00
  0xa440	34 79 00 00 c8 52 00 00 e5 52 00 00 b8 73 00 00 	4y000R000R000s00
  0xa450	ec 52 00 00 47 53 00 00 44 79 00 00 50 53 00 00 	0R00GS00Dy00PS00
  0xa460	cf 53 00 00 88 77 00 00 00 54 00 00 02 54 00 00 	0S000w000T000T00
  0xa470	40 79 00 00 10 54 00 00 68 54 00 00 10 70 00 00 	@y000T00hT000p00
  0xa480	34 55 00 00 89 55 00 00 30 73 00 00 c5 55 00 00 	4U000U000s000U00
  0xa490	f0 55 00 00 a8 73 00 00 1a 56 00 00 41 56 00 00 	0U000s000V00AV00
  0xa4a0	68 74 00 00 47 56 00 00 6e 56 00 00 68 74 00 00 	ht00GV00nV00ht00
  0xa4b0	86 56 00 00 de 56 00 00 30 75 00 00 46 57 00 00 	0V000V000u00FW00
  0xa4c0	a9 57 00 00 b0 76 00 00 a9 57 00 00 0c 58 00 00 	0W000v000W000X00
  0xa4d0	b0 76 00 00 0c 58 00 00 71 58 00 00 c4 76 00 00 	0v000X00qX000v00
  0xa4e0	71 58 00 00 c7 58 00 00 c4 76 00 00 df 58 00 00 	qX000X000v000X00
  0xa4f0	ff 58 00 00 78 77 00 00 05 59 00 00 1c 59 00 00 	0X00xw000Y000Y00
  0xa500	f0 77 00 00 34 59 00 00 5b 59 00 00 68 74 00 00 	0w004Y00[Y00ht00
  0xa510	61 59 00 00 81 59 00 00 68 74 00 00 87 59 00 00 	aY000Y00ht000Y00
  0xa520	a5 59 00 00 68 74 00 00 ab 59 00 00 c6 59 00 00 	0Y00ht000Y000Y00
  0xa530	68 74 00 00 d0 59 00 00 f0 59 00 00 68 74 00 00 	ht000Y000Y00ht00
  0xa540	10 5a 00 00 49 5a 00 00 b8 73 00 00 70 5a 00 00 	0Z00IZ000s00pZ00
  0xa550	bb 5a 00 00 b8 73 00 00 d0 5a 00 00 c9 5b 00 00 	0Z000s000Z000[00
  0xa560	a8 6f 00 00 00 00 00 00 00 00 00 00 00 00 00 00 	0o00000000000000
  0xa570	00 00 00 00 00 00 00 00 00 00 00 00 00 00 00 00 	0000000000000000
  0xa580	00 00 00 00 00 00 00 00 00 00 00 00 00 00 00 00 	0000000000000000
  0xa590	00 00 00 00 00 00 00 00 00 00 00 00 00 00 00 00 	0000000000000000
  0xa5a0	00 00 00 00 00 00 00 00 00 00 00 00 00 00 00 00 	0000000000000000
  0xa5b0	00 00 00 00 00 00 00 00 00 00 00 00 00 00 00 00 	0000000000000000
  0xa5c0	00 00 00 00 00 00 00 00 00 00 00 00 00 00 00 00 	0000000000000000
  0xa5d0	00 00 00 00 00 00 00 00 00 00 00 00 00 00 00 00 	0000000000000000
  0xa5e0	00 00 00 00 00 00 00 00 00 00 00 00 00 00 00 00 	0000000000000000
  0xa5f0	00 00 00 00 00 00 00 00 00 00 00 00 00 00 00 00 	0000000000000000
=== DATA BLOCK END ===
