===== Assembly blocks =====

=== CODE BLOCK ADDRESS 0x1000 ===
=== CODE BLOCK END ===

=== DATA BLOCK ADDRESS 0xb000 ===
  0xb000	40 e1 00 40 01 00 00 00 e0 e1 00 40 01 00 00 00 	@00@0000000@0000
  0xb010	a0 36 00 40 01 00 00 00 50 34 00 40 01 00 00 00 	060@0000P40@0000
  0xb020	b0 30 00 40 01 00 00 00 b0 2e 00 40 01 00 00 00 	000@00000.0@0000
  0xb030	e0 2b 00 40 01 00 00 00 b0 2a 00 40 01 00 00 00 	0+0@00000*0@0000
  0xb040	50 28 00 40 01 00 00 00 50 58 00 40 01 00 00 00 	P(0@0000PX0@0000
  0xb050	90 3b 00 40 01 00 00 00 30 3b 00 40 01 00 00 00 	0;0@00000;0@0000
  0xb060	40 44 00 40 01 00 00 00 90 43 00 40 01 00 00 00 	@D0@00000C0@0000
  0xb070	e0 43 00 40 01 00 00 00 30 43 00 40 01 00 00 00 	0C0@00000C0@0000
  0xb080	60 3d 00 40 01 00 00 00 80 44 00 40 01 00 00 00 	`=0@00000D0@0000
  0xb090	20 26 00 40 01 00 00 00 f0 23 00 40 01 00 00 00 	 &0@00000#0@0000
  0xb0a0	b0 3b 00 40 01 00 00 00 90 3b 00 40 01 00 00 00 	0;0@00000;0@0000
  0xb0b0	30 3b 00 40 01 00 00 00 90 3c 00 40 01 00 00 00 	0;0@00000<0@0000
  0xb0c0	30 3c 00 40 01 00 00 00 f0 3c 00 40 01 00 00 00 	0<0@00000<0@0000
  0xb0d0	50 16 00 40 01 00 00 00 00 16 00 40 01 00 00 00 	P00@0000000@0000
  0xb0e0	20 16 00 40 01 00 00 00 d0 17 00 40 01 00 00 00 	 00@0000000@0000
  0xb0f0	90 18 00 40 01 00 00 00 80 19 00 40 01 00 00 00 	000@0000000@0000
  0xb100	10 18 00 40 01 00 00 00 50 18 00 40 01 00 00 00 	000@0000P00@0000
  0xb110	d0 16 00 40 01 00 00 00 00 00 00 00 00 00 00 00 	000@000000000000
  0xb120	18 01 00 00 00 00 00 00 00 00 00 00 00 00 00 00 	0000000000000000
  0xb130	00 00 00 00 00 00 00 00 00 00 00 00 00 00 00 00 	0000000000000000
  0xb140	00 00 00 00 00 00 00 00 00 00 00 00 00 00 00 00 	0000000000000000
  0xb150	00 00 00 00 00 00 00 00 00 00 00 00 00 00 00 00 	0000000000000000
  0xb160	00 00 00 00 00 00 00 00 00 00 00 00 00 00 00 00 	0000000000000000
  0xb170	00 00 00 00 00 00 00 00 b8 e0 00 40 01 00 00 00 	00000000000@0000
  0xb180	00 00 00 00 00 00 00 00 00 00 00 00 00 00 00 00 	0000000000000000
  0xb190	08 b6 00 40 01 00 00 00 10 b6 00 40 01 00 00 00 	000@0000000@0000
  0xb1a0	98 b6 00 40 01 00 00 00 37 00 00 00 00 00 00 00 	000@000070000000
  0xb1b0	00 75 01 00 00 00 00 00 00 00 00 00 00 00 00 00 	0u00000000000000
  0xb1c0	74 b7 00 40 01 00 00 00 01 00 00 00 00 00 00 00 	t00@000000000000
  0xb1d0	00 00 00 00 00 00 00 00 00 00 00 00 00 00 00 00 	0000000000000000
  0xb1e0	00 00 00 00 00 00 00 00 00 00 00 00 00 00 00 00 	0000000000000000
  0xb1f0	00 00 00 00 00 00 00 00 00 00 00 00 00 00 00 00 	0000000000000000
  0xb200	00 00 00 00 00 00 00 00 00 00 00 00 00 00 00 00 	0000000000000000
  0xb210	00 00 00 00 00 00 00 00 00 00 00 00 00 00 00 00 	0000000000000000
  0xb220	00 00 00 00 00 00 00 00 00 00 00 00 00 00 00 00 	0000000000000000
  0xb230	00 00 00 00 00 00 00 00 28 cd 00 00 00 00 00 00 	00000000(0000000
  0xb240	36 cd 00 00 00 00 00 00 48 cd 00 00 00 00 00 00 	60000000H0000000
  0xb250	5c cd 00 00 00 00 00 00 6a cd 00 00 00 00 00 00 	00000000j0000000
  0xb260	7a cd 00 00 00 00 00 00 8a cd 00 00 00 00 00 00 	z000000000000000
  0xb270	00 00 00 00 00 00 00 00 aa cd 00 00 00 00 00 00 	0000000000000000
  0xb280	b6 cd 00 00 00 00 00 00 cc cd 00 00 00 00 00 00 	0000000000000000
  0xb290	d8 cd 00 00 00 00 00 00 ea cd 00 00 00 00 00 00 	0000000000000000
  0xb2a0	fc cd 00 00 00 00 00 00 14 ce 00 00 00 00 00 00 	0000000000000000
  0xb2b0	2c ce 00 00 00 00 00 00 38 ce 00 00 00 00 00 00 	,000000080000000
  0xb2c0	60 ce 00 00 00 00 00 00 70 ce 00 00 00 00 00 00 	`0000000p0000000
  0xb2d0	8e ce 00 00 00 00 00 00 a6 ce 00 00 00 00 00 00 	0000000000000000
  0xb2e0	bc ce 00 00 00 00 00 00 ce ce 00 00 00 00 00 00 	0000000000000000
  0xb2f0	dc ce 00 00 00 00 00 00 ec ce 00 00 00 00 00 00 	0000000000000000
  0xb300	fc ce 00 00 00 00 00 00 0e cf 00 00 00 00 00 00 	0000000000000000
  0xb310	1e cf 00 00 00 00 00 00 2e cf 00 00 00 00 00 00 	00000000.0000000
  0xb320	44 cf 00 00 00 00 00 00 54 cf 00 00 00 00 00 00 	D0000000T0000000
  0xb330	6e cf 00 00 00 00 00 00 84 cf 00 00 00 00 00 00 	n000000000000000
  0xb340	9a cf 00 00 00 00 00 00 b0 cf 00 00 00 00 00 00 	0000000000000000
  0xb350	00 00 00 00 00 00 00 00 a1 00 00 00 00 00 00 80 	0000000000000000
  0xb360	a3 00 00 00 00 00 00 80 ba 00 00 00 00 00 00 80 	0000000000000000
  0xb370	00 00 00 00 00 00 00 00 66 d2 00 00 00 00 00 00 	00000000f0000000
  0xb380	54 d2 00 00 00 00 00 00 00 00 00 00 00 00 00 00 	T000000000000000
  0xb390	e2 d5 00 00 00 00 00 00 cc d5 00 00 00 00 00 00 	0000000000000000
  0xb3a0	00 00 00 00 00 00 00 00 04 d4 00 00 00 00 00 00 	0000000000000000
  0xb3b0	44 d2 00 00 00 00 00 00 2c d2 00 00 00 00 00 00 	D0000000,0000000
  0xb3c0	14 d2 00 00 00 00 00 00 fe d1 00 00 00 00 00 00 	0000000000000000
  0xb3d0	ae d1 00 00 00 00 00 00 9c d1 00 00 00 00 00 00 	0000000000000000
  0xb3e0	8a d1 00 00 00 00 00 00 72 d1 00 00 00 00 00 00 	00000000r0000000
  0xb3f0	38 d1 00 00 00 00 00 00 1e d1 00 00 00 00 00 00 	8000000000000000
  0xb400	06 d1 00 00 00 00 00 00 00 00 00 00 00 00 00 00 	0000000000000000
  0xb410	aa d2 00 00 00 00 00 00 8e d3 00 00 00 00 00 00 	0000000000000000
  0xb420	00 00 00 00 00 00 00 00 c8 d2 00 00 00 00 00 00 	0000000000000000
  0xb430	d2 d3 00 00 00 00 00 00 e4 d3 00 00 00 00 00 00 	0000000000000000
  0xb440	f4 d3 00 00 00 00 00 00 00 00 00 00 00 00 00 00 	0000000000000000
  0xb450	f6 d2 00 00 00 00 00 00 0c d3 00 00 00 00 00 00 	0000000000000000
  0xb460	aa d3 00 00 00 00 00 00 be d3 00 00 00 00 00 00 	0000000000000000
  0xb470	98 d2 00 00 00 00 00 00 00 00 00 00 00 00 00 00 	0000000000000000
  0xb480	dc d2 00 00 00 00 00 00 00 00 00 00 00 00 00 00 	0000000000000000
  0xb490	60 d3 00 00 00 00 00 00 4c d3 00 00 00 00 00 00 	`0000000L0000000
  0xb4a0	7a d3 00 00 00 00 00 00 00 00 00 00 00 00 00 00 	z000000000000000
  0xb4b0	90 d2 00 00 00 00 00 00 00 00 00 00 00 00 00 00 	0000000000000000
  0xb4c0	3c d3 00 00 00 00 00 00 22 d3 00 00 00 00 00 00 	<0000000"0000000
  0xb4d0	00 00 00 00 00 00 00 00 50 d1 00 00 00 00 00 00 	00000000P0000000
  0xb4e0	60 d1 00 00 00 00 00 00 76 d2 00 00 00 00 00 00 	`0000000v0000000
  0xb4f0	00 00 00 00 00 00 00 00 de d1 00 00 00 00 00 00 	0000000000000000
  0xb500	c2 d1 00 00 00 00 00 00 00 00 00 00 00 00 00 00 	0000000000000000
  0xb510	64 d0 00 00 00 00 00 00 ce d0 00 00 00 00 00 00 	d000000000000000
  0xb520	9c d0 00 00 00 00 00 00 a6 d0 00 00 00 00 00 00 	0000000000000000
  0xb530	4c d0 00 00 00 00 00 00 2a d0 00 00 00 00 00 00 	L0000000*0000000
  0xb540	b0 d0 00 00 00 00 00 00 bc d0 00 00 00 00 00 00 	0000000000000000
  0xb550	3c d0 00 00 00 00 00 00 56 d0 00 00 00 00 00 00 	<0000000V0000000
  0xb560	f2 cf 00 00 00 00 00 00 84 d0 00 00 00 00 00 00 	0000000000000000
  0xb570	fe cf 00 00 00 00 00 00 c4 d0 00 00 00 00 00 00 	0000000000000000
  0xb580	1e d6 00 00 00 00 00 00 0c d0 00 00 00 00 00 00 	0000000000000000
  0xb590	44 d0 00 00 00 00 00 00 78 d0 00 00 00 00 00 00 	D0000000x0000000
  0xb5a0	f2 d0 00 00 00 00 00 00 dc d0 00 00 00 00 00 00 	0000000000000000
  0xb5b0	1a d0 00 00 00 00 00 00 14 d6 00 00 00 00 00 00 	0000000000000000
  0xb5c0	0a d6 00 00 00 00 00 00 e8 cf 00 00 00 00 00 00 	0000000000000000
  0xb5d0	da cf 00 00 00 00 00 00 ce cf 00 00 00 00 00 00 	0000000000000000
  0xb5e0	00 d6 00 00 00 00 00 00 28 d6 00 00 00 00 00 00 	00000000(0000000
  0xb5f0	00 00 00 00 00 00 00 00 a8 d5 00 00 00 00 00 00 	0000000000000000
  0xb600	00 00 00 00 00 00 00 00 c0 8c 00 40 01 00 00 00 	00000000000@0000
  0xb610	90 8f 00 40 01 00 00 00 00 00 00 00 00 00 00 00 	000@000000000000
  0xb620	10 86 00 40 01 00 00 00 10 10 00 40 01 00 00 00 	000@0000000@0000
  0xb630	20 11 00 40 01 00 00 00 90 11 00 40 01 00 00 00 	 00@0000000@0000
  0xb640	d0 11 00 40 01 00 00 00 00 12 00 40 01 00 00 00 	000@0000000@0000
  0xb650	20 12 00 40 01 00 00 00 50 12 00 40 01 00 00 00 	 00@0000P00@0000
  0xb660	80 12 00 40 01 00 00 00 b0 12 00 40 01 00 00 00 	000@0000000@0000
  0xb670	00 00 00 00 00 00 00 00 00 00 00 00 00 00 00 00 	0000000000000000
  0xb680	30 85 00 40 01 00 00 00 f0 89 00 40 01 00 00 00 	000@0000000@0000
  0xb690	00 00 00 00 00 00 00 00 10 10 00 00 20 11 00 00 	000000000000 000
  0xb6a0	90 11 00 00 d0 11 00 00 00 12 00 00 20 12 00 00 	000000000000 000
  0xb6b0	50 12 00 00 80 12 00 00 b0 12 00 00 80 15 00 00 	P000000000000000
  0xb6c0	00 16 00 00 20 16 00 00 50 16 00 00 d0 16 00 00 	0000 000P0000000
  0xb6d0	d0 17 00 00 10 18 00 00 50 18 00 00 90 18 00 00 	00000000P0000000
  0xb6e0	80 19 00 00 a0 1d 00 00 f0 23 00 00 20 26 00 00 	000000000#00 &00
  0xb6f0	50 28 00 00 b0 2a 00 00 e0 2b 00 00 b0 2e 00 00 	P(000*000+000.00
  0xb700	b0 30 00 00 50 34 00 00 a0 36 00 00 30 3b 00 00 	0000P40006000;00
  0xb710	90 3b 00 00 b0 3b 00 00 30 3c 00 00 90 3c 00 00 	0;000;000<000<00
  0xb720	f0 3c 00 00 60 3d 00 00 30 43 00 00 90 43 00 00 	0<00`=000C000C00
  0xb730	e0 43 00 00 40 44 00 00 80 44 00 00 50 58 00 00 	0C00@D000D00PX00
  0xb740	e0 75 00 00 30 85 00 00 10 86 00 00 60 86 00 00 	0u0000000000`000
  0xb750	b0 89 00 00 f0 89 00 00 d0 8a 00 00 c0 8c 00 00 	0000000000000000
  0xb760	10 8d 00 00 20 90 00 00 60 90 00 00 90 90 00 00 	0000 000`0000000
  0xb770	b0 90 00 00 a8 b5 00 00 00 00 00 00 00 00 00 00 	0000000000000000
  0xb780	00 00 00 00 00 00 00 00 c0 00 00 00 00 00 00 46 	000000000000000F
  0xb790	01 00 00 00 00 00 00 00 c0 00 00 00 00 00 00 46 	000000000000000F
  0xb7a0	00 00 00 00 00 00 00 00 00 00 00 00 00 00 00 00 	0000000000000000
  0xb7b0	5c 00 00 00 00 00 00 00 6e 00 74 00 64 00 6c 00 	00000000n0t0d0l0
  0xb7c0	6c 00 2e 00 64 00 6c 00 6c 00 00 00 00 00 00 00 	l0.0d0l0l0000000
  0xb7d0	45 74 77 45 76 65 6e 74 52 65 67 69 73 74 65 72 	EtwEventRegister
  0xb7e0	00 00 00 00 00 00 00 00 45 74 77 45 76 65 6e 74 	00000000EtwEvent
  0xb7f0	55 6e 72 65 67 69 73 74 65 72 00 00 00 00 00 00 	Unregister000000
  0xb800	45 74 77 45 76 65 6e 74 45 6e 61 62 6c 65 64 00 	EtwEventEnabled0
  0xb810	45 74 77 45 76 65 6e 74 57 72 69 74 65 00 00 00 	EtwEventWrite000
  0xb820	3f 10 ac 50 35 d2 98 45 bb ef 98 fe 4d 1a 3a d4 	?00P500E0000M0:0
  0xb830	57 00 69 00 6e 00 64 00 6f 00 77 00 73 00 2e 00 	W0i0n0d0o0w0s0.0
  0xb840	55 00 49 00 2e 00 4e 00 6f 00 74 00 69 00 66 00 	U0I0.0N0o0t0i0f0
  0xb850	69 00 63 00 61 00 74 00 69 00 6f 00 6e 00 73 00 	i0c0a0t0i0o0n0s0
  0xb860	2e 00 54 00 6f 00 61 00 73 00 74 00 4e 00 6f 00 	.0T0o0a0s0t0N0o0
  0xb870	74 00 69 00 66 00 69 00 63 00 61 00 74 00 69 00 	t0i0f0i0c0a0t0i0
  0xb880	6f 00 6e 00 4d 00 61 00 6e 00 61 00 67 00 65 00 	o0n0M0a0n0a0g0e0
  0xb890	72 00 00 00 00 00 00 00 75 08 bc a3 2b 01 82 41 	r0000000u000+00A
  0xb8a0	82 b3 c5 5c dd e6 91 49 ab ef 06 d8 d2 e7 bd 0c 	0000000I00000000
  0xb8b0	59 1d 74 1c 22 21 d5 47 a8 56 83 f3 d4 21 48 75 	Y0t0"!0G0V000!Hu
  0xb8c0	39 e9 f9 6a 95 1d 0a 43 af a3 75 26 fa de e3 7d 	900j000C00u&000}
  0xb8d0	7b 00 46 00 32 00 46 00 39 00 34 00 42 00 42 00 	{0F020F09040B0B0
  0xb8e0	33 00 2d 00 35 00 39 00 35 00 43 00 2d 00 34 00 	30-0509050C0-040
  0xb8f0	35 00 30 00 39 00 2d 00 42 00 37 00 45 00 45 00 	500090-0B070E0E0
  0xb900	2d 00 32 00 34 00 33 00 46 00 41 00 32 00 42 00 	-0204030F0A020B0
  0xb910	44 00 45 00 41 00 35 00 42 00 7d 00 00 00 00 00 	D0E0A050B0}00000
  0xb920	46 00 6f 00 64 00 48 00 65 00 6c 00 70 00 65 00 	F0o0d0H0e0l0p0e0
  0xb930	72 00 00 00 00 00 00 00 46 00 6f 00 64 00 48 00 	r0000000F0o0d0H0
  0xb940	65 00 6c 00 70 00 65 00 72 00 2e 00 45 00 58 00 	e0l0p0e0r0.0E0X0
  0xb950	45 00 00 00 00 00 00 00 46 00 6f 00 64 00 48 00 	E0000000F0o0d0H0
  0xb960	65 00 6c 00 70 00 65 00 72 00 43 00 6f 00 6d 00 	e0l0p0e0r0C0o0m0
  0xb970	4f 00 62 00 6a 00 65 00 63 00 74 00 20 00 43 00 	O0b0j0e0c0t0 0C0
  0xb980	6c 00 61 00 73 00 73 00 00 00 00 00 00 00 00 00 	l0a0s0s000000000
  0xb990	46 00 6f 00 64 00 48 00 65 00 6c 00 70 00 65 00 	F0o0d0H0e0l0p0e0
  0xb9a0	72 00 2e 00 46 00 6f 00 64 00 48 00 65 00 6c 00 	r0.0F0o0d0H0e0l0
  0xb9b0	70 00 65 00 72 00 4f 00 62 00 6a 00 2e 00 31 00 	p0e0r0O0b0j0.010
  0xb9c0	00 00 00 00 00 00 00 00 46 00 6f 00 64 00 48 00 	00000000F0o0d0H0
  0xb9d0	65 00 6c 00 70 00 65 00 72 00 2e 00 46 00 6f 00 	e0l0p0e0r0.0F0o0
  0xb9e0	64 00 48 00 65 00 6c 00 70 00 65 00 72 00 4f 00 	d0H0e0l0p0e0r0O0
  0xb9f0	62 00 6a 00 00 00 00 00 2f 00 72 00 65 00 67 00 	b0j00000/0r0e0g0
  0xba00	73 00 65 00 72 00 76 00 65 00 72 00 00 00 00 00 	s0e0r0v0e0r00000
  0xba10	2f 00 75 00 6e 00 72 00 65 00 67 00 73 00 65 00 	/0u0n0r0e0g0s0e0
  0xba20	72 00 76 00 65 00 72 00 00 00 00 00 00 00 00 00 	r0v0e0r000000000
  0xba30	2d 00 45 00 6d 00 62 00 65 00 64 00 64 00 69 00 	-0E0m0b0e0d0d0i0
  0xba40	6e 00 67 00 00 00 00 00 2f 00 45 00 6d 00 62 00 	n0g00000/0E0m0b0
  0xba50	65 00 64 00 64 00 69 00 6e 00 67 00 00 00 00 00 	e0d0d0i0n0g00000
  0xba60	77 00 69 00 6e 00 64 00 6f 00 77 00 73 00 2e 00 	w0i0n0d0o0w0s0.0
  0xba70	69 00 6d 00 6d 00 65 00 72 00 73 00 69 00 76 00 	i0m0m0e0r0s0i0v0
  0xba80	65 00 63 00 6f 00 6e 00 74 00 72 00 6f 00 6c 00 	e0c0o0n0t0r0o0l0
  0xba90	70 00 61 00 6e 00 65 00 6c 00 5f 00 63 00 77 00 	p0a0n0e0l0_0c0w0
  0xbaa0	35 00 6e 00 31 00 68 00 32 00 74 00 78 00 79 00 	50n010h020t0x0y0
  0xbab0	65 00 77 00 79 00 00 00 00 00 00 00 00 00 00 00 	e0w0y00000000000
  0xbac0	77 00 69 00 6e 00 64 00 6f 00 77 00 73 00 2e 00 	w0i0n0d0o0w0s0.0
  0xbad0	69 00 6d 00 6d 00 65 00 72 00 73 00 69 00 76 00 	i0m0m0e0r0s0i0v0
  0xbae0	65 00 63 00 6f 00 6e 00 74 00 72 00 6f 00 6c 00 	e0c0o0n0t0r0o0l0
  0xbaf0	70 00 61 00 6e 00 65 00 6c 00 5f 00 63 00 77 00 	p0a0n0e0l0_0c0w0
  0xbb00	35 00 6e 00 31 00 68 00 32 00 74 00 78 00 79 00 	50n010h020t0x0y0
  0xbb10	65 00 77 00 79 00 21 00 6d 00 69 00 63 00 72 00 	e0w0y0!0m0i0c0r0
  0xbb20	6f 00 73 00 6f 00 66 00 74 00 2e 00 77 00 69 00 	o0s0o0f0t0.0w0i0
  0xbb30	6e 00 64 00 6f 00 77 00 73 00 2e 00 69 00 6d 00 	n0d0o0w0s0.0i0m0
  0xbb40	6d 00 65 00 72 00 73 00 69 00 76 00 65 00 63 00 	m0e0r0s0i0v0e0c0
  0xbb50	6f 00 6e 00 74 00 72 00 6f 00 6c 00 70 00 61 00 	o0n0t0r0o0l0p0a0
  0xbb60	6e 00 65 00 6c 00 00 00 46 00 6f 00 64 00 48 00 	n0e0l000F0o0d0H0
  0xbb70	65 00 6c 00 70 00 65 00 72 00 47 00 72 00 6f 00 	e0l0p0e0r0G0r0o0
  0xbb80	75 00 70 00 00 00 00 00 46 00 6f 00 64 00 48 00 	u0p00000F0o0d0H0
  0xbb90	65 00 6c 00 70 00 65 00 72 00 54 00 61 00 67 00 	e0l0p0e0r0T0a0g0
  0xbba0	00 00 00 00 00 00 00 00 74 00 6f 00 61 00 73 00 	00000000t0o0a0s0
  0xbbb0	74 00 00 00 00 00 00 00 6c 00 61 00 75 00 6e 00 	t0000000l0a0u0n0
  0xbbc0	63 00 68 00 00 00 00 00 74 00 65 00 78 00 74 00 	c0h00000t0e0x0t0
  0xbbd0	00 00 00 00 00 00 00 00 66 00 69 00 6c 00 65 00 	00000000f0i0l0e0
  0xbbe0	3a 00 2f 00 2f 00 2f 00 00 00 00 00 00 00 00 00 	:0/0/0/000000000
  0xbbf0	69 00 6d 00 61 00 67 00 65 00 00 00 00 00 00 00 	i0m0a0g0e0000000
  0xbc00	73 00 72 00 63 00 00 00 40 00 6f 00 70 00 74 00 	s0r0c000@0o0p0t0
  0xbc10	69 00 6f 00 6e 00 61 00 6c 00 66 00 65 00 61 00 	i0o0n0a0l0f0e0a0
  0xbc20	74 00 75 00 72 00 65 00 73 00 2e 00 70 00 6e 00 	t0u0r0e0s0.0p0n0
  0xbc30	67 00 00 00 00 00 00 00 00 00 00 00 00 00 00 00 	g000000000000000
  0xbc40	70 00 61 00 67 00 65 00 3d 00 53 00 65 00 74 00 	p0a0g0e0=0S0e0t0
  0xbc50	74 00 69 00 6e 00 67 00 73 00 50 00 61 00 67 00 	t0i0n0g0s0P0a0g0
  0xbc60	65 00 41 00 70 00 70 00 73 00 53 00 69 00 7a 00 	e0A0p0p0s0S0i0z0
  0xbc70	65 00 73 00 26 00 74 00 61 00 72 00 67 00 65 00 	e0s0&0t0a0r0g0e0
  0xbc80	74 00 3d 00 53 00 79 00 73 00 74 00 65 00 6d 00 	t0=0S0y0s0t0e0m0
  0xbc90	53 00 65 00 74 00 74 00 69 00 6e 00 67 00 73 00 	S0e0t0t0i0n0g0s0
  0xbca0	5f 00 53 00 74 00 6f 00 72 00 61 00 67 00 65 00 	_0S0t0o0r0a0g0e0
  0xbcb0	53 00 65 00 6e 00 73 00 65 00 5f 00 41 00 70 00 	S0e0n0s0e0_0A0p0
  0xbcc0	70 00 53 00 69 00 7a 00 65 00 73 00 4f 00 70 00 	p0S0i0z0e0s0O0p0
  0xbcd0	74 00 69 00 6f 00 6e 00 61 00 6c 00 43 00 6f 00 	t0i0o0n0a0l0C0o0
  0xbce0	6d 00 70 00 6f 00 6e 00 65 00 6e 00 74 00 73 00 	m0p0o0n0e0n0t0s0
  0xbcf0	4c 00 69 00 6e 00 6b 00 26 00 69 00 6e 00 76 00 	L0i0n0k0&0i0n0v0
  0xbd00	6f 00 6b 00 65 00 3d 00 74 00 72 00 75 00 65 00 	o0k0e0=0t0r0u0e0
  0xbd10	00 00 00 00 00 00 00 00 6f 00 70 00 65 00 6e 00 	00000000o0p0e0n0
  0xbd20	00 00 00 00 00 00 00 00 6d 00 73 00 2d 00 73 00 	00000000m0s0-0s0
  0xbd30	65 00 74 00 74 00 69 00 6e 00 67 00 73 00 3a 00 	e0t0t0i0n0g0s0:0
  0xbd40	6f 00 70 00 74 00 69 00 6f 00 6e 00 61 00 6c 00 	o0p0t0i0o0n0a0l0
  0xbd50	66 00 65 00 61 00 74 00 75 00 72 00 65 00 73 00 	f0e0a0t0u0r0e0s0
  0xbd60	00 00 00 00 00 00 00 00 46 00 6f 00 64 00 48 00 	00000000F0o0d0H0
  0xbd70	65 00 6c 00 70 00 65 00 72 00 28 00 25 00 73 00 	e0l0p0e0r0(0%0s0
  0xbd80	29 00 00 00 00 00 00 00 43 00 4c 00 53 00 49 00 	)0000000C0L0S0I0
  0xbd90	44 00 5c 00 7b 00 25 00 73 00 7d 00 00 00 00 00 	D000{0%0s0}00000
  0xbda0	7b 00 25 00 73 00 7d 00 00 00 00 00 00 00 00 00 	{0%0s0}000000000
  0xbdb0	25 00 73 00 5c 00 43 00 4c 00 53 00 49 00 44 00 	%0s000C0L0S0I0D0
  0xbdc0	00 00 00 00 00 00 00 00 25 00 73 00 5c 00 43 00 	00000000%0s000C0
  0xbdd0	75 00 72 00 56 00 65 00 72 00 00 00 00 00 00 00 	u0r0V0e0r0000000
  0xbde0	43 00 4c 00 53 00 49 00 44 00 5c 00 25 00 73 00 	C0L0S0I0D000%0s0
  0xbdf0	00 00 00 00 00 00 00 00 25 00 73 00 5c 00 50 00 	00000000%0s000P0
  0xbe00	72 00 6f 00 67 00 49 00 44 00 00 00 00 00 00 00 	r0o0g0I0D0000000
  0xbe10	25 00 73 00 5c 00 56 00 65 00 72 00 73 00 69 00 	%0s000V0e0r0s0i0
  0xbe20	6f 00 6e 00 49 00 6e 00 64 00 65 00 70 00 65 00 	o0n0I0n0d0e0p0e0
  0xbe30	6e 00 64 00 65 00 6e 00 74 00 50 00 72 00 6f 00 	n0d0e0n0t0P0r0o0
  0xbe40	67 00 49 00 44 00 00 00 25 00 73 00 5c 00 54 00 	g0I0D000%0s000T0
  0xbe50	79 00 70 00 65 00 4c 00 69 00 62 00 00 00 00 00 	y0p0e0L0i0b00000
  0xbe60	41 00 70 00 70 00 49 00 44 00 00 00 00 00 00 00 	A0p0p0I0D0000000
  0xbe70	41 00 70 00 70 00 49 00 44 00 5c 00 25 00 73 00 	A0p0p0I0D000%0s0
  0xbe80	00 00 00 00 00 00 00 00 25 00 73 00 5c 00 49 00 	00000000%0s000I0
  0xbe90	6e 00 70 00 72 00 6f 00 63 00 53 00 65 00 72 00 	n0p0r0o0c0S0e0r0
  0xbea0	76 00 65 00 72 00 33 00 32 00 00 00 00 00 00 00 	v0e0r03020000000
  0xbeb0	54 00 68 00 72 00 65 00 61 00 64 00 69 00 6e 00 	T0h0r0e0a0d0i0n0
  0xbec0	67 00 4d 00 6f 00 64 00 65 00 6c 00 00 00 00 00 	g0M0o0d0e0l00000
  0xbed0	25 00 73 00 5c 00 4c 00 6f 00 63 00 61 00 6c 00 	%0s000L0o0c0a0l0
  0xbee0	53 00 65 00 72 00 76 00 65 00 72 00 33 00 32 00 	S0e0r0v0e0r03020
  0xbef0	00 00 00 00 00 00 00 00 41 00 70 00 61 00 72 00 	00000000A0p0a0r0
  0xbf00	74 00 6d 00 65 00 6e 00 74 00 00 00 00 00 00 00 	t0m0e0n0t0000000
  0xbf10	46 00 72 00 65 00 65 00 00 00 00 00 00 00 00 00 	F0r0e0e000000000
  0xbf20	42 00 6f 00 74 00 68 00 00 00 00 00 00 00 00 00 	B0o0t0h000000000
  0xbf30	cc cc 3c fe b9 f5 61 4b 86 b8 69 79 08 ad 69 0f 	00<000aK00iy00i0
  0xbf40	a1 73 20 75 f2 23 96 43 85 f0 8f db 87 9e d0 ed 	0s u0#0C00000000
  0xbf50	91 73 20 75 f2 23 96 43 85 f0 8f db 87 9e d0 ed 	0s u0#0C00000000
  0xbf60	01 00 00 00 00 00 00 00 c0 00 00 00 00 00 00 46 	000000000000000F
  0xbf70	f9 81 92 0c a1 6d 06 40 87 29 de 6e 6b 61 58 1c 	00000m0@0)0nkaX0
  0xbf80	80 94 8e df 73 ca 8e 44 b8 f0 da 00 0f 58 14 28 	0000s00D00000X0(
  0xbf90	f3 3c 7e 9c 97 4c 36 4d bd eb e3 09 3c 22 8c 22 	0<~00L6M0000<"0"
  0xbfa0	92 73 20 75 f2 23 96 43 85 f0 8f db 87 9e d0 ed 	0s u0#0C00000000
  0xbfb0	00 00 00 00 93 2a 7d f0 00 00 00 00 02 00 00 00 	00000*}000000000
  0xbfc0	26 00 00 00 04 c0 00 00 04 96 00 00 00 00 00 00 	&000000000000000
  0xbfd0	93 2a 7d f0 00 00 00 00 0d 00 00 00 60 02 00 00 	0*}000000000`000
  0xbfe0	2c c0 00 00 2c 96 00 00 00 00 00 00 93 2a 7d f0 	,000,00000000*}0
  0xbff0	00 00 00 00 10 00 00 00 24 00 00 00 8c c2 00 00 	00000000$0000000
  0xc000	8c 98 00 00 52 53 44 53 08 1c 45 79 66 32 62 40 	0000RSDS00Eyf2b@
  0xc010	45 4c 36 85 34 73 48 a8 01 00 00 00 46 6f 64 48 	EL604sH00000FodH
  0xc020	65 6c 70 65 72 2e 70 64 62 00 00 00 47 43 54 4c 	elper.pdb000GCTL
  0xc030	00 10 00 00 c0 02 00 00 2e 74 65 78 74 24 64 69 	00000000.text$di
  0xc040	00 00 00 00 c0 12 00 00 c0 7c 00 00 2e 74 65 78 	000000000|00.tex
  0xc050	74 24 6d 6e 00 00 00 00 80 8f 00 00 20 00 00 00 	t$mn00000000 000
  0xc060	2e 74 65 78 74 24 6d 6e 24 30 30 00 a0 8f 00 00 	.text$mn$0000000
  0xc070	70 00 00 00 2e 74 65 78 74 24 78 00 10 90 00 00 	p000.text$x00000
  0xc080	bf 00 00 00 2e 74 65 78 74 24 79 64 00 00 00 00 	0000.text$yd0000
  0xc090	00 a0 00 00 04 00 00 00 2e 69 6d 72 73 69 76 00 	00000000.imrsiv0
  0xc0a0	00 b0 00 00 38 02 00 00 2e 72 64 61 74 61 24 62 	00008000.rdata$b
  0xc0b0	72 63 00 00 38 b2 00 00 d0 03 00 00 2e 69 64 61 	rc0080000000.ida
  0xc0c0	74 61 24 35 00 00 00 00 08 b6 00 00 10 00 00 00 	ta$5000000000000
  0xc0d0	2e 30 30 63 66 67 00 00 18 b6 00 00 08 00 00 00 	.00cfg0000000000
  0xc0e0	2e 43 52 54 24 58 43 41 00 00 00 00 20 b6 00 00 	.CRT$XCA0000 000
  0xc0f0	08 00 00 00 2e 43 52 54 24 58 43 41 41 00 00 00 	0000.CRT$XCAA000
  0xc100	28 b6 00 00 48 00 00 00 2e 43 52 54 24 58 43 55 	(000H000.CRT$XCU
  0xc110	00 00 00 00 70 b6 00 00 08 00 00 00 2e 43 52 54 	0000p0000000.CRT
  0xc120	24 58 43 5a 00 00 00 00 78 b6 00 00 08 00 00 00 	$XCZ0000x0000000
  0xc130	2e 43 52 54 24 58 49 41 00 00 00 00 80 b6 00 00 	.CRT$XIA00000000
  0xc140	08 00 00 00 2e 43 52 54 24 58 49 41 41 00 00 00 	0000.CRT$XIAA000
  0xc150	88 b6 00 00 08 00 00 00 2e 43 52 54 24 58 49 59 	00000000.CRT$XIY
  0xc160	00 00 00 00 90 b6 00 00 08 00 00 00 2e 43 52 54 	000000000000.CRT
  0xc170	24 58 49 5a 00 00 00 00 98 b6 00 00 dc 00 00 00 	$XIZ000000000000
  0xc180	2e 67 66 69 64 73 00 00 74 b7 00 00 0c 00 00 00 	.gfids00t0000000
  0xc190	2e 67 69 61 74 73 00 00 80 b7 00 00 84 08 00 00 	.giats0000000000
  0xc1a0	2e 72 64 61 74 61 00 00 04 c0 00 00 ac 02 00 00 	.rdata0000000000
  0xc1b0	2e 72 64 61 74 61 24 7a 7a 7a 64 62 67 00 00 00 	.rdata$zzzdbg000
  0xc1c0	b0 c2 00 00 40 05 00 00 2e 78 64 61 74 61 00 00 	0000@000.xdata00
  0xc1d0	f0 c7 00 00 54 01 00 00 2e 69 64 61 74 61 24 32 	0000T000.idata$2
  0xc1e0	00 00 00 00 44 c9 00 00 14 00 00 00 2e 69 64 61 	0000D0000000.ida
  0xc1f0	74 61 24 33 00 00 00 00 58 c9 00 00 d0 03 00 00 	ta$30000X0000000
  0xc200	2e 69 64 61 74 61 24 34 00 00 00 00 28 cd 00 00 	.idata$40000(000
  0xc210	0a 09 00 00 2e 69 64 61 74 61 24 36 00 00 00 00 	0000.idata$60000
  0xc220	00 e0 00 00 b0 00 00 00 2e 64 61 74 61 24 62 72 	00000000.data$br
  0xc230	63 00 00 00 b0 e0 00 00 50 00 00 00 2e 64 61 74 	c0000000P000.dat
  0xc240	61 00 00 00 00 e1 00 00 18 07 00 00 2e 62 73 73 	a00000000000.bss
  0xc250	00 00 00 00 00 f0 00 00 58 05 00 00 2e 70 64 61 	00000000X000.pda
  0xc260	74 61 00 00 00 00 01 00 f0 00 00 00 2e 72 73 72 	ta0000000000.rsr
  0xc270	63 24 30 31 00 00 00 00 f0 00 01 00 20 08 00 00 	c$0100000000 000
  0xc280	2e 72 73 72 63 24 30 32 00 00 00 00 20 00 00 00 	.rsrc$020000 000
  0xc290	08 1c 45 79 66 32 62 40 45 4c 36 85 34 73 48 a8 	00Eyf2b@EL604sH0
  0xc2a0	08 c7 bf dc 7e 56 be eb 63 e9 86 cd 93 2a 7d f0 	0000~V00c0000*}0
  0xc2b0	01 04 01 00 04 42 00 00 01 04 01 00 04 62 00 00 	00000B0000000b00
  0xc2c0	01 19 0a 00 19 64 11 00 19 34 10 00 19 72 12 f0 	00000d0004000r00
  0xc2d0	10 e0 0e c0 0c 70 0b 50 01 0a 04 00 0a 34 07 00 	00000p0P00000400
  0xc2e0	0a 32 06 70 01 06 02 00 06 32 02 30 01 14 08 00 	020p000002000000
  0xc2f0	14 64 08 00 14 54 07 00 14 34 06 00 14 32 10 70 	0d000T000400020p
  0xc300	01 06 02 00 06 52 02 30 01 15 08 00 15 74 08 00 	00000R0000000t00
  0xc310	15 64 07 00 15 34 06 00 15 32 11 c0 01 1c 0c 00 	0d00040002000000
  0xc320	1c 64 0c 00 1c 54 0b 00 1c 34 0a 00 1c 32 18 f0 	0d000T0004000200
  0xc330	16 e0 14 d0 12 c0 10 70 01 18 0a 00 18 64 0a 00 	0000000p00000d00
  0xc340	18 54 09 00 18 34 08 00 18 32 14 f0 12 e0 10 70 	0T0004000200000p
  0xc350	01 1e 0b 00 1e 64 1f 00 1e 34 1e 00 1e 01 18 00 	00000d0004000000
  0xc360	12 f0 10 e0 0e d0 0c 70 0b 50 00 00 01 1c 0a 00 	0000000p0P000000
  0xc370	1c 34 10 00 1c 72 15 f0 13 e0 11 d0 0f c0 0d 70 	04000r000000000p
  0xc380	0c 60 0b 50 01 0f 06 00 0f 64 07 00 0f 34 06 00 	0`0P00000d000400
  0xc390	0f 32 0b 70 01 12 08 00 12 54 0b 00 12 34 09 00 	020p00000T000400
  0xc3a0	12 32 0e f0 0c 70 0b 60 01 14 07 00 14 34 1e 00 	02000p0`00000400
  0xc3b0	14 01 1a 00 08 70 07 60 06 50 00 00 01 12 06 00 	00000p0`0P000000
  0xc3c0	12 74 09 00 12 34 08 00 12 52 0b 50 19 26 08 00 	0t0004000R0P0&00
  0xc3d0	18 64 17 00 18 34 14 00 18 f2 0e e0 0c 70 0b 50 	0d00040000000p0P
  0xc3e0	b8 8e 00 00 70 00 00 00 19 25 0a 00 17 34 16 00 	0000p0000%000400
  0xc3f0	17 b2 10 f0 0e e0 0c d0 0a c0 08 70 07 60 06 50 	00000000000p0`0P
  0xc400	b8 8e 00 00 58 00 00 00 19 2c 09 00 1b 34 57 00 	0000X0000,0004W0
  0xc410	1b 01 50 00 0c f0 0a e0 08 70 07 60 06 50 00 00 	00P000000p0`0P00
  0xc420	b8 8e 00 00 70 02 00 00 01 1c 0c 00 1c 64 10 00 	0000p00000000d00
  0xc430	1c 54 0f 00 1c 34 0e 00 1c 72 18 f0 16 e0 14 d0 	0T0004000r000000
  0xc440	12 c0 10 70 19 1d 06 00 0f 34 15 00 0f d2 08 70 	000p00000400000p
  0xc450	07 60 06 50 b8 8e 00 00 60 00 00 00 01 18 0a 00 	0`0P0000`0000000
  0xc460	18 64 0b 00 18 54 0a 00 18 34 09 00 18 32 14 f0 	0d000T0004000200
  0xc470	12 e0 10 70 01 0a 04 00 0a 34 06 00 0a 32 06 70 	000p00000400020p
  0xc480	01 21 0b 00 21 34 1e 00 21 01 16 00 15 f0 13 e0 	0!00!400!0000000
  0xc490	11 d0 0f c0 0d 70 0c 60 0b 50 00 00 01 04 01 00 	00000p0`0P000000
  0xc4a0	04 a2 00 00 01 07 01 00 07 a2 00 00 01 04 01 00 	0000000000000000
  0xc4b0	04 82 00 00 01 12 08 00 12 54 0c 00 12 34 0b 00 	000000000T000400
  0xc4c0	12 52 0e e0 0c 70 0b 60 01 15 08 00 15 74 08 00 	0R000p0`00000t00
  0xc4d0	15 64 07 00 15 34 06 00 15 32 11 e0 19 37 0d 00 	0d00040002000700
  0xc4e0	26 74 59 00 26 64 58 00 26 34 56 00 26 01 50 00 	&tY0&dX0&4V0&0P0
  0xc4f0	18 f0 16 e0 14 d0 12 c0 10 50 00 00 b8 8e 00 00 	000000000P000000
  0xc500	70 02 00 00 01 16 0a 00 16 54 0c 00 16 34 0b 00 	p00000000T000400
  0xc510	16 32 12 f0 10 e0 0e c0 0c 70 0b 60 01 13 09 00 	020000000p0`0000
  0xc520	13 62 0f f0 0d e0 0b d0 09 c0 07 70 06 60 05 50 	0b000000000p0`0P
  0xc530	04 30 00 00 01 1e 0a 00 1e 64 11 00 1e 34 10 00 	000000000d000400
  0xc540	1e 72 17 f0 15 e0 13 c0 11 70 10 50 01 1c 0c 00 	0r0000000p0P0000
  0xc550	1c 64 0d 00 1c 54 0c 00 1c 34 0b 00 1c 32 18 f0 	0d000T0004000200
  0xc560	16 e0 14 d0 12 c0 10 70 01 15 08 00 15 64 0d 00 	0000000p00000d00
  0xc570	15 34 0c 00 15 52 0e c0 0c 70 0b 50 01 17 0a 00 	04000R000p0P0000
  0xc580	17 34 12 00 17 92 10 f0 0e e0 0c d0 0a c0 08 70 	040000000000000p
  0xc590	07 60 06 50 01 15 08 00 15 64 0d 00 15 34 0c 00 	0`0P00000d000400
  0xc5a0	15 72 0e e0 0c 70 0b 50 01 17 08 00 17 74 0a 00 	0r000p0P00000t00
  0xc5b0	17 64 09 00 17 34 08 00 17 52 10 50 01 13 08 00 	0d0004000R0P0000
  0xc5c0	13 64 0a 00 13 34 09 00 13 32 0f f0 0d e0 0b 70 	0d0004000200000p
  0xc5d0	01 13 08 00 13 54 0b 00 13 34 0a 00 13 52 0f e0 	00000T0004000R00
  0xc5e0	0d 70 0c 60 01 18 08 00 18 64 0b 00 18 54 0a 00 	0p0`00000d000T00
  0xc5f0	18 34 09 00 18 52 14 70 19 2e 09 00 1d 64 50 00 	04000R0p0.000dP0
  0xc600	1d 34 4f 00 1d 01 4a 00 0e e0 0c 70 0b 50 00 00 	04O000J0000p0P00
  0xc610	b8 8e 00 00 40 02 00 00 01 1b 0a 00 1b 54 0e 00 	0000@00000000T00
  0xc620	1b 34 0d 00 1b 52 17 f0 15 e0 13 c0 11 70 10 60 	04000R0000000p0`
  0xc630	01 10 04 00 10 34 11 00 10 d2 0c 70 01 1d 08 00 	00000400000p0000
  0xc640	1d 32 19 f0 17 e0 15 d0 13 70 12 60 11 50 10 30 	020000000p0`0P00
  0xc650	19 2c 09 00 1b 34 5a 00 1b 01 52 00 0c e0 0a c0 	0,0004Z000R00000
  0xc660	08 70 07 60 06 50 00 00 b8 8e 00 00 80 02 00 00 	0p0`0P0000000000
  0xc670	01 0a 04 00 0a 34 0c 00 0a 92 06 70 01 13 06 00 	00000400000p0000
  0xc680	13 64 08 00 13 34 06 00 13 32 0f 70 01 1e 0a 00 	0d000400020p0000
  0xc690	1e 34 0d 00 1e 32 1a f0 18 e0 16 d0 14 c0 12 70 	040002000000000p
  0xc6a0	11 60 10 50 01 13 02 00 13 32 0f 30 01 19 0a 00 	0`0P000002000000
  0xc6b0	19 74 09 00 19 64 08 00 19 54 07 00 19 34 06 00 	0t000d000T000400
  0xc6c0	19 32 15 e0 19 29 0b 00 17 34 55 00 17 01 4a 00 	02000)0004U000J0
  0xc6d0	10 f0 0e e0 0c d0 0a c0 08 70 07 60 06 50 00 00 	000000000p0`0P00
  0xc6e0	b8 8e 00 00 40 02 00 00 01 14 02 00 14 32 10 30 	0000@00000000200
  0xc6f0	01 14 08 00 14 64 09 00 14 54 08 00 14 34 07 00 	00000d000T000400
  0xc700	14 32 10 70 19 15 02 00 06 92 02 30 b8 8e 00 00 	020p000000000000
  0xc710	40 00 00 00 01 1c 08 00 1c 54 0b 00 1c 34 0a 00 	@00000000T000400
  0xc720	1c 52 18 e0 16 70 15 60 09 13 07 00 13 74 19 00 	0R000p0`00000t00
  0xc730	13 34 18 00 13 01 16 00 0c e0 00 00 aa 8c 00 00 	0400000000000000
  0xc740	01 00 00 00 9c 86 00 00 77 88 00 00 a0 8f 00 00 	00000000w0000000
  0xc750	77 88 00 00 01 06 02 00 06 32 02 50 00 00 00 00 	w0000000020P0000
  0xc760	01 00 00 00 11 06 02 00 06 32 02 30 aa 8c 00 00 	0000000002000000
  0xc770	01 00 00 00 2d 89 00 00 72 89 00 00 c4 8f 00 00 	0000-000r0000000
  0xc780	00 00 00 00 09 04 01 00 04 22 00 00 aa 8c 00 00 	000000000"000000
  0xc790	01 00 00 00 2c 8a 00 00 62 8a 00 00 01 00 00 00 	0000,000b0000000
  0xc7a0	62 8a 00 00 09 0a 04 00 0a 34 06 00 0a 32 06 70 	b00000000400020p
  0xc7b0	aa 8c 00 00 01 00 00 00 3d 8b 00 00 70 8b 00 00 	00000000=000p000
  0xc7c0	f0 8f 00 00 70 8b 00 00 01 0d 04 00 0d 34 09 00 	0000p00000000400
  0xc7d0	0d 32 06 50 01 0c 02 00 0c 01 11 00 00 00 00 00 	020P000000000000
  0xc7e0	01 00 00 00 01 02 01 00 02 30 00 00 00 00 00 00 	0000000000000000
  0xc7f0	58 c9 00 00 00 00 00 00 00 00 00 00 9c cd 00 00 	X000000000000000
  0xc800	38 b2 00 00 98 c9 00 00 00 00 00 00 00 00 00 00 	8000000000000000
  0xc810	c0 cf 00 00 78 b2 00 00 30 cc 00 00 00 00 00 00 	0000x00000000000
  0xc820	00 00 00 00 e6 d0 00 00 10 b5 00 00 c8 ca 00 00 	0000000000000000
  0xc830	00 00 00 00 00 00 00 00 16 d4 00 00 a8 b3 00 00 	0000000000000000
  0xc840	f8 cb 00 00 00 00 00 00 00 00 00 00 36 d4 00 00 	0000000000006000
  0xc850	d8 b4 00 00 18 cc 00 00 00 00 00 00 00 00 00 00 	0000000000000000
  0xc860	58 d4 00 00 f8 b4 00 00 98 ca 00 00 00 00 00 00 	X000000000000000
  0xc870	00 00 00 00 80 d4 00 00 78 b3 00 00 78 ca 00 00 	00000000x000x000
  0xc880	00 00 00 00 00 00 00 00 8c d4 00 00 58 b3 00 00 	000000000000X000
  0xc890	d0 cb 00 00 00 00 00 00 00 00 00 00 9a d4 00 00 	0000000000000000
  0xc8a0	b0 b4 00 00 70 cb 00 00 00 00 00 00 00 00 00 00 	0000p00000000000
  0xc8b0	bc d4 00 00 50 b4 00 00 30 cb 00 00 00 00 00 00 	0000P00000000000
  0xc8c0	00 00 00 00 e6 d4 00 00 10 b4 00 00 48 cb 00 00 	000000000000H000
  0xc8d0	00 00 00 00 00 00 00 00 10 d5 00 00 28 b4 00 00 	000000000000(000
  0xc8e0	a0 cb 00 00 00 00 00 00 00 00 00 00 3a d5 00 00 	000000000000:000
  0xc8f0	80 b4 00 00 e0 cb 00 00 00 00 00 00 00 00 00 00 	0000000000000000
  0xc900	5e d5 00 00 c0 b4 00 00 b0 cb 00 00 00 00 00 00 	^000000000000000
  0xc910	00 00 00 00 82 d5 00 00 90 b4 00 00 18 cd 00 00 	0000000000000000
  0xc920	00 00 00 00 00 00 00 00 c2 d5 00 00 f8 b5 00 00 	0000000000000000
  0xc930	b0 ca 00 00 00 00 00 00 00 00 00 00 f4 d5 00 00 	0000000000000000
  0xc940	90 b3 00 00 00 00 00 00 00 00 00 00 00 00 00 00 	0000000000000000
  0xc950	00 00 00 00 00 00 00 00 28 cd 00 00 00 00 00 00 	00000000(0000000
  0xc960	36 cd 00 00 00 00 00 00 48 cd 00 00 00 00 00 00 	60000000H0000000
  0xc970	5c cd 00 00 00 00 00 00 6a cd 00 00 00 00 00 00 	00000000j0000000
  0xc980	7a cd 00 00 00 00 00 00 8a cd 00 00 00 00 00 00 	z000000000000000
  0xc990	00 00 00 00 00 00 00 00 aa cd 00 00 00 00 00 00 	0000000000000000
  0xc9a0	b6 cd 00 00 00 00 00 00 cc cd 00 00 00 00 00 00 	0000000000000000
  0xc9b0	d8 cd 00 00 00 00 00 00 ea cd 00 00 00 00 00 00 	0000000000000000
  0xc9c0	fc cd 00 00 00 00 00 00 14 ce 00 00 00 00 00 00 	0000000000000000
  0xc9d0	2c ce 00 00 00 00 00 00 38 ce 00 00 00 00 00 00 	,000000080000000
  0xc9e0	60 ce 00 00 00 00 00 00 70 ce 00 00 00 00 00 00 	`0000000p0000000
  0xc9f0	8e ce 00 00 00 00 00 00 a6 ce 00 00 00 00 00 00 	0000000000000000
  0xca00	bc ce 00 00 00 00 00 00 ce ce 00 00 00 00 00 00 	0000000000000000
  0xca10	dc ce 00 00 00 00 00 00 ec ce 00 00 00 00 00 00 	0000000000000000
  0xca20	fc ce 00 00 00 00 00 00 0e cf 00 00 00 00 00 00 	0000000000000000
  0xca30	1e cf 00 00 00 00 00 00 2e cf 00 00 00 00 00 00 	00000000.0000000
  0xca40	44 cf 00 00 00 00 00 00 54 cf 00 00 00 00 00 00 	D0000000T0000000
  0xca50	6e cf 00 00 00 00 00 00 84 cf 00 00 00 00 00 00 	n000000000000000
  0xca60	9a cf 00 00 00 00 00 00 b0 cf 00 00 00 00 00 00 	0000000000000000
  0xca70	00 00 00 00 00 00 00 00 a1 00 00 00 00 00 00 80 	0000000000000000
  0xca80	a3 00 00 00 00 00 00 80 ba 00 00 00 00 00 00 80 	0000000000000000
  0xca90	00 00 00 00 00 00 00 00 66 d2 00 00 00 00 00 00 	00000000f0000000
  0xcaa0	54 d2 00 00 00 00 00 00 00 00 00 00 00 00 00 00 	T000000000000000
  0xcab0	e2 d5 00 00 00 00 00 00 cc d5 00 00 00 00 00 00 	0000000000000000
  0xcac0	00 00 00 00 00 00 00 00 04 d4 00 00 00 00 00 00 	0000000000000000
  0xcad0	44 d2 00 00 00 00 00 00 2c d2 00 00 00 00 00 00 	D0000000,0000000
  0xcae0	14 d2 00 00 00 00 00 00 fe d1 00 00 00 00 00 00 	0000000000000000
  0xcaf0	ae d1 00 00 00 00 00 00 9c d1 00 00 00 00 00 00 	0000000000000000
  0xcb00	8a d1 00 00 00 00 00 00 72 d1 00 00 00 00 00 00 	00000000r0000000
  0xcb10	38 d1 00 00 00 00 00 00 1e d1 00 00 00 00 00 00 	8000000000000000
  0xcb20	06 d1 00 00 00 00 00 00 00 00 00 00 00 00 00 00 	0000000000000000
  0xcb30	aa d2 00 00 00 00 00 00 8e d3 00 00 00 00 00 00 	0000000000000000
  0xcb40	00 00 00 00 00 00 00 00 c8 d2 00 00 00 00 00 00 	0000000000000000
  0xcb50	d2 d3 00 00 00 00 00 00 e4 d3 00 00 00 00 00 00 	0000000000000000
  0xcb60	f4 d3 00 00 00 00 00 00 00 00 00 00 00 00 00 00 	0000000000000000
  0xcb70	f6 d2 00 00 00 00 00 00 0c d3 00 00 00 00 00 00 	0000000000000000
  0xcb80	aa d3 00 00 00 00 00 00 be d3 00 00 00 00 00 00 	0000000000000000
  0xcb90	98 d2 00 00 00 00 00 00 00 00 00 00 00 00 00 00 	0000000000000000
  0xcba0	dc d2 00 00 00 00 00 00 00 00 00 00 00 00 00 00 	0000000000000000
  0xcbb0	60 d3 00 00 00 00 00 00 4c d3 00 00 00 00 00 00 	`0000000L0000000
  0xcbc0	7a d3 00 00 00 00 00 00 00 00 00 00 00 00 00 00 	z000000000000000
  0xcbd0	90 d2 00 00 00 00 00 00 00 00 00 00 00 00 00 00 	0000000000000000
  0xcbe0	3c d3 00 00 00 00 00 00 22 d3 00 00 00 00 00 00 	<0000000"0000000
  0xcbf0	00 00 00 00 00 00 00 00 50 d1 00 00 00 00 00 00 	00000000P0000000
  0xcc00	60 d1 00 00 00 00 00 00 76 d2 00 00 00 00 00 00 	`0000000v0000000
  0xcc10	00 00 00 00 00 00 00 00 de d1 00 00 00 00 00 00 	0000000000000000
  0xcc20	c2 d1 00 00 00 00 00 00 00 00 00 00 00 00 00 00 	0000000000000000
  0xcc30	64 d0 00 00 00 00 00 00 ce d0 00 00 00 00 00 00 	d000000000000000
  0xcc40	9c d0 00 00 00 00 00 00 a6 d0 00 00 00 00 00 00 	0000000000000000
  0xcc50	4c d0 00 00 00 00 00 00 2a d0 00 00 00 00 00 00 	L0000000*0000000
  0xcc60	b0 d0 00 00 00 00 00 00 bc d0 00 00 00 00 00 00 	0000000000000000
  0xcc70	3c d0 00 00 00 00 00 00 56 d0 00 00 00 00 00 00 	<0000000V0000000
  0xcc80	f2 cf 00 00 00 00 00 00 84 d0 00 00 00 00 00 00 	0000000000000000
  0xcc90	fe cf 00 00 00 00 00 00 c4 d0 00 00 00 00 00 00 	0000000000000000
  0xcca0	1e d6 00 00 00 00 00 00 0c d0 00 00 00 00 00 00 	0000000000000000
  0xccb0	44 d0 00 00 00 00 00 00 78 d0 00 00 00 00 00 00 	D0000000x0000000
  0xccc0	f2 d0 00 00 00 00 00 00 dc d0 00 00 00 00 00 00 	0000000000000000
  0xccd0	1a d0 00 00 00 00 00 00 14 d6 00 00 00 00 00 00 	0000000000000000
  0xcce0	0a d6 00 00 00 00 00 00 e8 cf 00 00 00 00 00 00 	0000000000000000
  0xccf0	da cf 00 00 00 00 00 00 ce cf 00 00 00 00 00 00 	0000000000000000
  0xcd00	00 d6 00 00 00 00 00 00 28 d6 00 00 00 00 00 00 	00000000(0000000
  0xcd10	00 00 00 00 00 00 00 00 a8 d5 00 00 00 00 00 00 	0000000000000000
  0xcd20	00 00 00 00 00 00 00 00 5b 02 52 65 67 43 6c 6f 	00000000[0RegClo
  0xcd30	73 65 4b 65 79 00 a9 02 52 65 67 53 65 74 56 61 	seKey000RegSetVa
  0xcd40	6c 75 65 45 78 57 00 00 93 02 52 65 67 51 75 65 	lueExW0000RegQue
  0xcd50	72 79 49 6e 66 6f 4b 65 79 57 00 00 7b 02 52 65 	ryInfoKeyW00{0Re
  0xcd60	67 45 6e 75 6d 4b 65 79 57 00 8c 02 52 65 67 4f 	gEnumKeyW000RegO
  0xcd70	70 65 6e 4b 65 79 45 78 57 00 6f 02 52 65 67 44 	penKeyExW0o0RegD
  0xcd80	65 6c 65 74 65 4b 65 79 57 00 64 02 52 65 67 43 	eleteKeyW0d0RegC
  0xcd90	72 65 61 74 65 4b 65 79 45 78 57 00 41 44 56 41 	reateKeyExW0ADVA
  0xcda0	50 49 33 32 2e 64 6c 6c 00 00 54 03 48 65 61 70 	PI32.dll00T0Heap
  0xcdb0	46 72 65 65 00 00 7f 02 47 65 74 4d 6f 64 75 6c 	Free0000GetModul
  0xcdc0	65 48 61 6e 64 6c 65 45 78 57 00 00 50 03 48 65 	eHandleExW00P0He
  0xcdd0	61 70 41 6c 6c 6f 63 00 b7 02 47 65 74 50 72 6f 	apAlloc000GetPro
  0xcde0	63 41 64 64 72 65 73 73 00 00 bd 02 47 65 74 50 	cAddress0000GetP
  0xcdf0	72 6f 63 65 73 73 48 65 61 70 00 00 37 01 45 6e 	rocessHeap0070En
  0xce00	74 65 72 43 72 69 74 69 63 61 6c 53 65 63 74 69 	terCriticalSecti
  0xce10	6f 6e 00 00 c3 03 4c 65 61 76 65 43 72 69 74 69 	on0000LeaveCriti
  0xce20	63 61 6c 53 65 63 74 69 6f 6e 00 00 25 05 53 65 	calSection00%0Se
  0xce30	74 45 76 65 6e 74 00 00 6a 03 49 6e 69 74 69 61 	tEvent00j0Initia
  0xce40	6c 69 7a 65 43 72 69 74 69 63 61 6c 53 65 63 74 	lizeCriticalSect
  0xce50	69 6f 6e 41 6e 64 53 70 69 6e 43 6f 75 6e 74 00 	ionAndSpinCount0
  0xce60	69 02 47 65 74 4c 61 73 74 45 72 72 6f 72 00 00 	i0GetLastError00
  0xce70	6b 03 49 6e 69 74 69 61 6c 69 7a 65 43 72 69 74 	k0InitializeCrit
  0xce80	69 63 61 6c 53 65 63 74 69 6f 6e 45 78 00 13 01 	icalSectionEx000
  0xce90	44 65 6c 65 74 65 43 72 69 74 69 63 61 6c 53 65 	DeleteCriticalSe
  0xcea0	63 74 69 6f 6e 00 58 03 48 65 61 70 53 65 74 49 	ction0X0HeapSetI
  0xceb0	6e 66 6f 72 6d 61 74 69 6f 6e 00 00 df 01 47 65 	nformation0000Ge
  0xcec0	74 43 6f 6d 6d 61 6e 64 4c 69 6e 65 57 00 88 00 	tCommandLineW000
  0xced0	43 6c 6f 73 65 48 61 6e 64 6c 65 00 f4 00 43 72 	CloseHandle000Cr
  0xcee0	65 61 74 65 54 68 72 65 61 64 00 00 d2 04 52 65 	eateThread0000Re
  0xcef0	73 75 6d 65 54 68 72 65 61 64 00 00 67 04 52 61 	sumeThread00g0Ra
  0xcf00	69 73 65 45 78 63 65 70 74 69 6f 6e 00 00 33 01 	iseException0030
  0xcf10	45 6e 63 6f 64 65 50 6f 69 6e 74 65 72 00 c1 00 	EncodePointer000
  0xcf20	43 72 65 61 74 65 45 76 65 6e 74 57 00 00 e9 02 	CreateEventW0000
  0xcf30	47 65 74 53 79 73 74 65 6d 44 69 72 65 63 74 6f 	GetSystemDirecto
  0xcf40	72 79 57 00 0c 01 44 65 63 6f 64 65 50 6f 69 6e 	ryW000DecodePoin
  0xcf50	74 65 72 00 e6 05 57 61 69 74 46 6f 72 4d 75 6c 	ter000WaitForMul
  0xcf60	74 69 70 6c 65 4f 62 6a 65 63 74 73 00 00 e8 05 	tipleObjects0000
  0xcf70	57 61 69 74 46 6f 72 53 69 6e 67 6c 65 4f 62 6a 	WaitForSingleObj
  0xcf80	65 63 74 00 4e 02 47 65 74 46 69 6c 65 41 74 74 	ect0N0GetFileAtt
  0xcf90	72 69 62 75 74 65 73 57 00 00 7c 02 47 65 74 4d 	ributesW00|0GetM
  0xcfa0	6f 64 75 6c 65 46 69 6c 65 4e 61 6d 65 57 00 00 	oduleFileNameW00
  0xcfb0	df 05 56 69 72 74 75 61 6c 51 75 65 72 79 00 00 	00VirtualQuery00
  0xcfc0	4b 45 52 4e 45 4c 33 32 2e 64 6c 6c 00 00 8a 03 	KERNEL32.dll0000
  0xcfd0	5f 77 63 73 69 63 6d 70 00 00 69 03 5f 76 73 6e 	_wcsicmp00i0_vsn
  0xcfe0	77 70 72 69 6e 74 66 00 01 05 77 63 73 63 68 72 	wprintf000wcschr
  0xcff0	00 00 ec 04 74 6f 77 75 70 70 65 72 00 00 55 00 	0000towupper00U0
  0xd000	5f 58 63 70 74 46 69 6c 74 65 72 00 ae 00 5f 61 	_XcptFilter000_a
  0xd010	6d 73 67 5f 65 78 69 74 00 00 7f 00 5f 5f 67 65 	msg_exit0000__ge
  0xd020	74 6d 61 69 6e 61 72 67 73 00 8e 00 5f 5f 73 65 	tmainargs000__se
  0xd030	74 5f 61 70 70 5f 74 79 70 65 00 00 32 04 65 78 	t_app_type0020ex
  0xd040	69 74 00 00 0e 01 5f 65 78 69 74 00 c1 00 5f 63 	it0000_exit000_c
  0xd050	65 78 69 74 00 00 99 01 5f 69 73 6d 62 62 6c 65 	exit0000_ismbble
  0xd060	61 64 00 00 90 00 5f 5f 73 65 74 75 73 65 72 6d 	ad0000__setuserm
  0xd070	61 74 68 65 72 72 00 00 7d 01 5f 69 6e 69 74 74 	atherr00}0_initt
  0xd080	65 72 6d 00 57 00 5f 5f 43 5f 73 70 65 63 69 66 	erm0W0__C_specif
  0xd090	69 63 5f 68 61 6e 64 6c 65 72 00 00 a2 00 5f 61 	ic_handler0000_a
  0xd0a0	63 6d 64 6c 6e 00 27 01 5f 66 6d 6f 64 65 00 00 	cmdln0'0_fmode00
  0xd0b0	d2 00 5f 63 6f 6d 6d 6f 64 65 00 00 e6 01 5f 6c 	00_commode0000_l
  0xd0c0	6f 63 6b 00 41 03 5f 75 6e 6c 6f 63 6b 00 7b 00 	ock0A0_unlock0{0
  0xd0d0	5f 5f 64 6c 6c 6f 6e 65 78 69 74 00 90 02 5f 6f 	__dllonexit000_o
  0xd0e0	6e 65 78 69 74 00 6d 73 76 63 72 74 2e 64 6c 6c 	nexit0msvcrt.dll
  0xd0f0	00 00 2f 00 3f 74 65 72 6d 69 6e 61 74 65 40 40 	00/0?terminate@@
  0xd100	59 41 58 58 5a 00 03 00 43 6f 41 64 64 52 65 66 	YAXXZ000CoAddRef
  0xd110	53 65 72 76 65 72 50 72 6f 63 65 73 73 00 39 00 	ServerProcess090
  0xd120	43 6f 52 65 6c 65 61 73 65 53 65 72 76 65 72 50 	CoReleaseServerP
  0xd130	72 6f 63 65 73 73 00 00 40 00 43 6f 53 75 73 70 	rocess00@0CoSusp
  0xd140	65 6e 64 43 6c 61 73 73 4f 62 6a 65 63 74 73 00 	endClassObjects0
  0xd150	03 00 52 6f 49 6e 69 74 69 61 6c 69 7a 65 00 00 	00RoInitialize00
  0xd160	07 00 52 6f 55 6e 69 6e 69 74 69 61 6c 69 7a 65 	00RoUninitialize
  0xd170	00 00 29 00 43 6f 49 6e 69 74 69 61 6c 69 7a 65 	00)0CoInitialize
  0xd180	53 65 63 75 72 69 74 79 00 00 28 00 43 6f 49 6e 	Security00(0CoIn
  0xd190	69 74 69 61 6c 69 7a 65 45 78 00 00 46 00 43 6f 	itializeEx00F0Co
  0xd1a0	55 6e 69 6e 69 74 69 61 6c 69 7a 65 00 00 09 00 	Uninitialize0000
  0xd1b0	43 6f 43 72 65 61 74 65 49 6e 73 74 61 6e 63 65 	CoCreateInstance
  0xd1c0	00 00 10 00 57 69 6e 64 6f 77 73 47 65 74 53 74 	0000WindowsGetSt
  0xd1d0	72 69 6e 67 52 61 77 42 75 66 66 65 72 00 0b 00 	ringRawBuffer000
  0xd1e0	57 69 6e 64 6f 77 73 43 72 65 61 74 65 53 74 72 	WindowsCreateStr
  0xd1f0	69 6e 67 52 65 66 65 72 65 6e 63 65 00 00 3c 00 	ingReference00<0
  0xd200	43 6f 52 65 76 6f 6b 65 43 6c 61 73 73 4f 62 6a 	CoRevokeClassObj
  0xd210	65 63 74 00 34 00 43 6f 52 65 67 69 73 74 65 72 	ect040CoRegister
  0xd220	43 6c 61 73 73 4f 62 6a 65 63 74 00 3a 00 43 6f 	ClassObject0:0Co
  0xd230	52 65 73 75 6d 65 43 6c 61 73 73 4f 62 6a 65 63 	ResumeClassObjec
  0xd240	74 73 00 00 43 00 43 6f 54 61 73 6b 4d 65 6d 46 	ts00C0CoTaskMemF
  0xd250	72 65 65 00 14 02 52 70 63 53 74 72 69 6e 67 46 	ree000RpcStringF
  0xd260	72 65 65 57 00 00 26 02 55 75 69 64 54 6f 53 74 	reeW00&0UuidToSt
  0xd270	72 69 6e 67 57 00 01 00 52 6f 47 65 74 41 63 74 	ringW000RoGetAct
  0xd280	69 76 61 74 69 6f 6e 46 61 63 74 6f 72 79 00 00 	ivationFactory00
  0xd290	2d 00 53 6c 65 65 70 00 20 00 47 65 74 53 74 61 	-0Sleep0 0GetSta
  0xd2a0	72 74 75 70 49 6e 66 6f 57 00 0f 00 53 65 74 55 	rtupInfoW000SetU
  0xd2b0	6e 68 61 6e 64 6c 65 64 45 78 63 65 70 74 69 6f 	nhandledExceptio
  0xd2c0	6e 46 69 6c 74 65 72 00 14 00 47 65 74 4d 6f 64 	nFilter000GetMod
  0xd2d0	75 6c 65 48 61 6e 64 6c 65 57 00 00 00 00 51 75 	uleHandleW0000Qu
  0xd2e0	65 72 79 50 65 72 66 6f 72 6d 61 6e 63 65 43 6f 	eryPerformanceCo
  0xd2f0	75 6e 74 65 72 00 0d 00 47 65 74 43 75 72 72 65 	unter000GetCurre
  0xd300	6e 74 50 72 6f 63 65 73 73 49 64 00 11 00 47 65 	ntProcessId000Ge
  0xd310	74 43 75 72 72 65 6e 74 54 68 72 65 61 64 49 64 	tCurrentThreadId
  0xd320	00 00 16 00 47 65 74 53 79 73 74 65 6d 54 69 6d 	0000GetSystemTim
  0xd330	65 41 73 46 69 6c 65 54 69 6d 65 00 1a 00 47 65 	eAsFileTime000Ge
  0xd340	74 54 69 63 6b 43 6f 75 6e 74 00 00 02 00 52 74 	tTickCount0000Rt
  0xd350	6c 43 61 70 74 75 72 65 43 6f 6e 74 65 78 74 00 	lCaptureContext0
  0xd360	0a 00 52 74 6c 4c 6f 6f 6b 75 70 46 75 6e 63 74 	00RtlLookupFunct
  0xd370	69 6f 6e 45 6e 74 72 79 00 00 10 00 52 74 6c 56 	ionEntry0000RtlV
  0xd380	69 72 74 75 61 6c 55 6e 77 69 6e 64 00 00 11 00 	irtualUnwind0000
  0xd390	55 6e 68 61 6e 64 6c 65 64 45 78 63 65 70 74 69 	UnhandledExcepti
  0xd3a0	6f 6e 46 69 6c 74 65 72 00 00 0c 00 47 65 74 43 	onFilter0000GetC
  0xd3b0	75 72 72 65 6e 74 50 72 6f 63 65 73 73 00 4e 00 	urrentProcess0N0
  0xd3c0	54 65 72 6d 69 6e 61 74 65 50 72 6f 63 65 73 73 	TerminateProcess
  0xd3d0	00 00 09 00 46 69 6e 64 52 65 73 6f 75 72 63 65 	0000FindResource
  0xd3e0	45 78 57 00 1a 00 4c 6f 61 64 52 65 73 6f 75 72 	ExW000LoadResour
  0xd3f0	63 65 00 00 1d 00 4c 6f 63 6b 52 65 73 6f 75 72 	ce0000LockResour
  0xd400	63 65 00 00 42 00 43 6f 54 61 73 6b 4d 65 6d 41 	ce00B0CoTaskMemA
  0xd410	6c 6c 6f 63 00 00 61 70 69 2d 6d 73 2d 77 69 6e 	lloc00api-ms-win
  0xd420	2d 63 6f 72 65 2d 63 6f 6d 2d 6c 31 2d 31 2d 30 	-core-com-l1-1-0
  0xd430	2e 64 6c 6c 00 00 61 70 69 2d 6d 73 2d 77 69 6e 	.dll00api-ms-win
  0xd440	2d 63 6f 72 65 2d 77 69 6e 72 74 2d 6c 31 2d 31 	-core-winrt-l1-1
  0xd450	2d 30 2e 64 6c 6c 00 00 61 70 69 2d 6d 73 2d 77 	-0.dll00api-ms-w
  0xd460	69 6e 2d 63 6f 72 65 2d 77 69 6e 72 74 2d 73 74 	in-core-winrt-st
  0xd470	72 69 6e 67 2d 6c 31 2d 31 2d 30 2e 64 6c 6c 00 	ring-l1-1-0.dll0
  0xd480	52 50 43 52 54 34 2e 64 6c 6c 00 00 4f 4c 45 41 	RPCRT4.dll00OLEA
  0xd490	55 54 33 32 2e 64 6c 6c 00 00 61 70 69 2d 6d 73 	UT32.dll00api-ms
  0xd4a0	2d 77 69 6e 2d 63 6f 72 65 2d 73 79 6e 63 68 2d 	-win-core-synch-
  0xd4b0	6c 31 2d 32 2d 30 2e 64 6c 6c 00 00 61 70 69 2d 	l1-2-0.dll00api-
  0xd4c0	6d 73 2d 77 69 6e 2d 63 6f 72 65 2d 70 72 6f 63 	ms-win-core-proc
  0xd4d0	65 73 73 74 68 72 65 61 64 73 2d 6c 31 2d 31 2d 	essthreads-l1-1-
  0xd4e0	30 2e 64 6c 6c 00 61 70 69 2d 6d 73 2d 77 69 6e 	0.dll0api-ms-win
  0xd4f0	2d 63 6f 72 65 2d 65 72 72 6f 72 68 61 6e 64 6c 	-core-errorhandl
  0xd500	69 6e 67 2d 6c 31 2d 31 2d 30 2e 64 6c 6c 00 00 	ing-l1-1-0.dll00
  0xd510	61 70 69 2d 6d 73 2d 77 69 6e 2d 63 6f 72 65 2d 	api-ms-win-core-
  0xd520	6c 69 62 72 61 72 79 6c 6f 61 64 65 72 2d 6c 31 	libraryloader-l1
  0xd530	2d 32 2d 30 2e 64 6c 6c 00 00 61 70 69 2d 6d 73 	-2-0.dll00api-ms
  0xd540	2d 77 69 6e 2d 63 6f 72 65 2d 70 72 6f 66 69 6c 	-win-core-profil
  0xd550	65 2d 6c 31 2d 31 2d 30 2e 64 6c 6c 00 00 61 70 	e-l1-1-0.dll00ap
  0xd560	69 2d 6d 73 2d 77 69 6e 2d 63 6f 72 65 2d 73 79 	i-ms-win-core-sy
  0xd570	73 69 6e 66 6f 2d 6c 31 2d 31 2d 30 2e 64 6c 6c 	sinfo-l1-1-0.dll
  0xd580	00 00 61 70 69 2d 6d 73 2d 77 69 6e 2d 63 6f 72 	00api-ms-win-cor
  0xd590	65 2d 72 74 6c 73 75 70 70 6f 72 74 2d 6c 31 2d 	e-rtlsupport-l1-
  0xd5a0	31 2d 30 2e 64 6c 6c 00 17 05 52 74 6c 50 75 62 	1-0.dll000RtlPub
  0xd5b0	6c 69 73 68 57 6e 66 53 74 61 74 65 44 61 74 61 	lishWnfStateData
  0xd5c0	00 00 6e 74 64 6c 6c 2e 64 6c 6c 00 08 00 43 6f 	00ntdll.dll000Co
  0xd5d0	6d 6d 61 6e 64 4c 69 6e 65 54 6f 41 72 67 76 57 	mmandLineToArgvW
  0xd5e0	00 00 ad 01 53 68 65 6c 6c 45 78 65 63 75 74 65 	0000ShellExecute
  0xd5f0	45 78 57 00 53 48 45 4c 4c 33 32 2e 64 6c 6c 00 	ExW0SHELL32.dll0
  0xd600	91 04 6d 65 6d 63 6d 70 00 00 92 04 6d 65 6d 63 	00memcmp0000memc
  0xd610	70 79 00 00 94 04 6d 65 6d 6d 6f 76 65 00 96 04 	py0000memmove000
  0xd620	6d 65 6d 73 65 74 00 00 02 05 77 63 73 63 6d 70 	memset0000wcscmp
  0xd630	00 00 00 00 00 00 00 00 00 00 00 00 00 00 00 00 	0000000000000000
  0xd640	00 00 00 00 00 00 00 00 00 00 00 00 00 00 00 00 	0000000000000000
  0xd650	00 00 00 00 00 00 00 00 00 00 00 00 00 00 00 00 	0000000000000000
  0xd660	00 00 00 00 00 00 00 00 00 00 00 00 00 00 00 00 	0000000000000000
  0xd670	00 00 00 00 00 00 00 00 00 00 00 00 00 00 00 00 	0000000000000000
  0xd680	00 00 00 00 00 00 00 00 00 00 00 00 00 00 00 00 	0000000000000000
  0xd690	00 00 00 00 00 00 00 00 00 00 00 00 00 00 00 00 	0000000000000000
  0xd6a0	00 00 00 00 00 00 00 00 00 00 00 00 00 00 00 00 	0000000000000000
  0xd6b0	00 00 00 00 00 00 00 00 00 00 00 00 00 00 00 00 	0000000000000000
  0xd6c0	00 00 00 00 00 00 00 00 00 00 00 00 00 00 00 00 	0000000000000000
  0xd6d0	00 00 00 00 00 00 00 00 00 00 00 00 00 00 00 00 	0000000000000000
  0xd6e0	00 00 00 00 00 00 00 00 00 00 00 00 00 00 00 00 	0000000000000000
  0xd6f0	00 00 00 00 00 00 00 00 00 00 00 00 00 00 00 00 	0000000000000000
  0xd700	00 00 00 00 00 00 00 00 00 00 00 00 00 00 00 00 	0000000000000000
  0xd710	00 00 00 00 00 00 00 00 00 00 00 00 00 00 00 00 	0000000000000000
  0xd720	00 00 00 00 00 00 00 00 00 00 00 00 00 00 00 00 	0000000000000000
  0xd730	00 00 00 00 00 00 00 00 00 00 00 00 00 00 00 00 	0000000000000000
  0xd740	00 00 00 00 00 00 00 00 00 00 00 00 00 00 00 00 	0000000000000000
  0xd750	00 00 00 00 00 00 00 00 00 00 00 00 00 00 00 00 	0000000000000000
  0xd760	00 00 00 00 00 00 00 00 00 00 00 00 00 00 00 00 	0000000000000000
  0xd770	00 00 00 00 00 00 00 00 00 00 00 00 00 00 00 00 	0000000000000000
  0xd780	00 00 00 00 00 00 00 00 00 00 00 00 00 00 00 00 	0000000000000000
  0xd790	00 00 00 00 00 00 00 00 00 00 00 00 00 00 00 00 	0000000000000000
  0xd7a0	00 00 00 00 00 00 00 00 00 00 00 00 00 00 00 00 	0000000000000000
  0xd7b0	00 00 00 00 00 00 00 00 00 00 00 00 00 00 00 00 	0000000000000000
  0xd7c0	00 00 00 00 00 00 00 00 00 00 00 00 00 00 00 00 	0000000000000000
  0xd7d0	00 00 00 00 00 00 00 00 00 00 00 00 00 00 00 00 	0000000000000000
  0xd7e0	00 00 00 00 00 00 00 00 00 00 00 00 00 00 00 00 	0000000000000000
  0xd7f0	00 00 00 00 00 00 00 00 00 00 00 00 00 00 00 00 	0000000000000000
=== DATA BLOCK END ===

=== DATA BLOCK ADDRESS 0xe000 ===
  0xe000	d0 b8 00 40 01 00 00 00 20 b9 00 40 01 00 00 00 	000@0000 00@0000
  0xe010	38 b9 00 40 01 00 00 00 00 00 00 00 00 00 00 00 	800@000000000000
  0xe020	00 00 00 00 00 00 00 00 00 e0 00 40 01 00 00 00 	00000000000@0000
  0xe030	01 00 00 00 ea 67 b1 c6 3e db 59 46 ba dc d1 cc 	00000g00>0YF0000
  0xe040	c0 0e fe 9c 00 00 00 00 00 00 00 00 00 00 00 00 	0000000000000000
  0xe050	00 00 00 00 00 00 00 00 58 b9 00 40 01 00 00 00 	00000000X00@0000
  0xe060	90 b9 00 40 01 00 00 00 c8 b9 00 40 01 00 00 00 	000@0000000@0000
  0xe070	d0 b8 00 40 01 00 00 00 00 00 00 00 00 00 00 00 	000@000000000000
  0xe080	00 00 00 00 00 00 00 00 02 00 00 00 00 00 00 00 	0000000000000000
  0xe090	30 e0 00 40 01 00 00 00 00 00 00 00 00 00 00 00 	000@000000000000
  0xe0a0	03 00 00 00 00 00 00 00 d0 e0 00 40 01 00 00 00 	00000000000@0000
  0xe0b0	01 00 00 00 00 00 00 00 32 a2 df 2d 99 2b 00 00 	00000000200-0+00
  0xe0c0	cd 5d 20 d2 66 d4 ff ff 00 00 00 00 00 00 00 00 	0] 0f00000000000
  0xe0d0	00 00 00 00 ea 67 b1 c6 3e db 59 46 ba dc d1 cc 	00000g00>0YF0000
  0xe0e0	c0 0e fe 9c 00 00 00 00 00 00 00 00 00 00 00 00 	0000000000000000
  0xe0f0	01 00 00 00 00 00 00 00 00 00 00 00 00 00 00 00 	0000000000000000
  0xe100	00 00 00 00 00 00 00 00 00 00 00 00 00 00 00 00 	0000000000000000
  0xe110	00 00 00 00 00 00 00 00 00 00 00 00 00 00 00 00 	0000000000000000
  0xe120	00 00 00 00 00 00 00 00 00 00 00 00 00 00 00 00 	0000000000000000
  0xe130	00 00 00 00 00 00 00 00 00 00 00 00 00 00 00 00 	0000000000000000
  0xe140	00 00 00 00 00 00 00 00 00 00 00 00 00 00 00 00 	0000000000000000
  0xe150	00 00 00 00 00 00 00 00 00 00 00 00 00 00 00 00 	0000000000000000
  0xe160	00 00 00 00 00 00 00 00 00 00 00 00 00 00 00 00 	0000000000000000
  0xe170	00 00 00 00 00 00 00 00 00 00 00 00 00 00 00 00 	0000000000000000
  0xe180	00 00 00 00 00 00 00 00 00 00 00 00 00 00 00 00 	0000000000000000
  0xe190	00 00 00 00 00 00 00 00 00 00 00 00 00 00 00 00 	0000000000000000
  0xe1a0	00 00 00 00 00 00 00 00 00 00 00 00 00 00 00 00 	0000000000000000
  0xe1b0	00 00 00 00 00 00 00 00 00 00 00 00 00 00 00 00 	0000000000000000
  0xe1c0	00 00 00 00 00 00 00 00 00 00 00 00 00 00 00 00 	0000000000000000
  0xe1d0	00 00 00 00 00 00 00 00 00 00 00 00 00 00 00 00 	0000000000000000
  0xe1e0	00 00 00 00 00 00 00 00 00 00 00 00 00 00 00 00 	0000000000000000
  0xe1f0	00 00 00 00 00 00 00 00 00 00 00 00 00 00 00 00 	0000000000000000
=== DATA BLOCK END ===

=== DATA BLOCK ADDRESS 0xf000 ===
  0xf000	10 10 00 00 17 11 00 00 b0 c2 00 00 20 11 00 00 	000000000000 000
  0xf010	81 11 00 00 b8 c2 00 00 90 11 00 00 bc 11 00 00 	0000000000000000
  0xf020	b0 c2 00 00 50 12 00 00 74 12 00 00 b0 c2 00 00 	0000P000t0000000
  0xf030	c4 12 00 00 52 13 00 00 b0 c2 00 00 58 13 00 00 	0000R0000000X000
  0xf040	6f 15 00 00 c0 c2 00 00 80 15 00 00 f3 15 00 00 	o000000000000000
  0xf050	d8 c2 00 00 20 16 00 00 46 16 00 00 e4 c2 00 00 	0000 000F0000000
  0xf060	50 16 00 00 c7 16 00 00 e4 c2 00 00 d0 16 00 00 	P000000000000000
  0xf070	c6 17 00 00 ec c2 00 00 d0 17 00 00 02 18 00 00 	0000000000000000
  0xf080	e4 c2 00 00 10 18 00 00 46 18 00 00 e4 c2 00 00 	00000000F0000000
  0xf090	50 18 00 00 86 18 00 00 e4 c2 00 00 90 18 00 00 	P000000000000000
  0xf0a0	77 19 00 00 00 c3 00 00 80 19 00 00 eb 19 00 00 	w000000000000000
  0xf0b0	e4 c2 00 00 f4 19 00 00 2d 1b 00 00 08 c3 00 00 	00000000-0000000
  0xf0c0	34 1b 00 00 11 1d 00 00 1c c3 00 00 18 1d 00 00 	4000000000000000
  0xf0d0	93 1d 00 00 b8 c2 00 00 a0 1d 00 00 ea 1e 00 00 	0000000000000000
  0xf0e0	38 c3 00 00 f0 1e 00 00 e6 23 00 00 50 c3 00 00 	800000000#00P000
  0xf0f0	f0 23 00 00 0e 26 00 00 6c c3 00 00 20 26 00 00 	0#000&00l000 &00
  0xf100	90 26 00 00 e4 c2 00 00 98 26 00 00 13 27 00 00 	0&0000000&000'00
  0xf110	84 c3 00 00 1c 27 00 00 4a 28 00 00 94 c3 00 00 	00000'00J(000000
  0xf120	50 28 00 00 a1 2a 00 00 a8 c3 00 00 b0 2a 00 00 	P(000*0000000*00
  0xf130	ce 2b 00 00 bc c3 00 00 e0 2b 00 00 a8 2e 00 00 	0+0000000+000.00
  0xf140	cc c3 00 00 b0 2e 00 00 a3 30 00 00 e8 c3 00 00 	00000.0000000000
  0xf150	b0 30 00 00 43 34 00 00 08 c4 00 00 50 34 00 00 	0000C4000000P400
  0xf160	98 36 00 00 28 c4 00 00 a0 36 00 00 0c 38 00 00 	0600(00006000800
  0xf170	44 c4 00 00 14 38 00 00 e9 38 00 00 1c c3 00 00 	D000080008000000
  0xf180	f0 38 00 00 6d 3a 00 00 5c c4 00 00 74 3a 00 00 	0800m:000000t:00
  0xf190	27 3b 00 00 e4 c2 00 00 30 3b 00 00 7d 3b 00 00 	';0000000;00};00
  0xf1a0	74 c4 00 00 b0 3b 00 00 27 3c 00 00 74 c4 00 00 	t0000;00'<00t000
  0xf1b0	30 3c 00 00 88 3c 00 00 b0 c2 00 00 90 3c 00 00 	0<000<0000000<00
  0xf1c0	dc 3c 00 00 e4 c2 00 00 f0 3c 00 00 58 3d 00 00 	0<0000000<00X=00
  0xf1d0	74 c4 00 00 60 3d 00 00 26 43 00 00 80 c4 00 00 	t000`=00&C000000
  0xf1e0	30 43 00 00 87 43 00 00 9c c4 00 00 90 43 00 00 	0C000C0000000C00
  0xf1f0	d3 43 00 00 a4 c4 00 00 e0 43 00 00 39 44 00 00 	0C0000000C009D00
  0xf200	9c c4 00 00 40 44 00 00 71 44 00 00 ac c4 00 00 	0000@D00qD000000
  0xf210	80 44 00 00 e8 44 00 00 74 c4 00 00 f0 44 00 00 	0D000D00t0000D00
  0xf220	51 46 00 00 5c c4 00 00 58 46 00 00 59 48 00 00 	QF000000XF00YH00
  0xf230	b4 c4 00 00 60 48 00 00 81 49 00 00 c8 c4 00 00 	0000`H000I000000
  0xf240	88 49 00 00 2b 4c 00 00 dc c4 00 00 34 4c 00 00 	0I00+L0000004L00
  0xf250	e8 4c 00 00 74 c4 00 00 f0 4c 00 00 52 4e 00 00 	0L00t0000L00RN00
  0xf260	5c c4 00 00 58 4e 00 00 b4 4f 00 00 38 c3 00 00 	0000XN000O008000
  0xf270	bc 4f 00 00 0e 51 00 00 04 c5 00 00 14 51 00 00 	0O000Q0000000Q00
  0xf280	19 54 00 00 1c c5 00 00 20 54 00 00 73 56 00 00 	0T000000 T00sV00
  0xf290	34 c5 00 00 7c 56 00 00 3b 58 00 00 4c c5 00 00 	4000|V00;X00L000
  0xf2a0	50 58 00 00 c7 58 00 00 74 c4 00 00 d0 58 00 00 	PX000X00t0000X00
  0xf2b0	57 59 00 00 84 c3 00 00 60 59 00 00 fa 59 00 00 	WY000000`Y000Y00
  0xf2c0	84 c3 00 00 00 5a 00 00 86 5b 00 00 68 c5 00 00 	00000Z000[00h000
  0xf2d0	8c 5b 00 00 f7 61 00 00 7c c5 00 00 00 62 00 00 	0[000a00|0000b00
  0xf2e0	4d 63 00 00 94 c5 00 00 54 63 00 00 5c 64 00 00 	Mc000000Tc000d00
  0xf2f0	a8 c5 00 00 64 64 00 00 b2 65 00 00 a8 c5 00 00 	0000dd000e000000
  0xf300	b8 65 00 00 56 67 00 00 4c c5 00 00 5c 67 00 00 	0e00Vg00L0000g00
  0xf310	f8 68 00 00 4c c5 00 00 00 69 00 00 32 6a 00 00 	0h00L0000i002j00
  0xf320	bc c5 00 00 38 6a 00 00 54 6b 00 00 d0 c5 00 00 	00008j00Tk000000
  0xf330	5c 6b 00 00 63 6c 00 00 e4 c5 00 00 6c 6c 00 00 	0k00cl000000ll00
  0xf340	de 6d 00 00 f8 c5 00 00 e4 6d 00 00 2e 6f 00 00 	0m0000000m00.o00
  0xf350	18 c6 00 00 34 6f 00 00 55 70 00 00 e4 c5 00 00 	00004o00Up000000
  0xf360	5c 70 00 00 80 71 00 00 30 c6 00 00 88 71 00 00 	0p000q0000000q00
  0xf370	8c 72 00 00 3c c6 00 00 94 72 00 00 b0 73 00 00 	0r00<0000r000s00
  0xf380	e4 c5 00 00 b8 73 00 00 cb 75 00 00 50 c6 00 00 	00000s000u00P000
  0xf390	e0 75 00 00 5b 76 00 00 70 c6 00 00 64 76 00 00 	0u00[v00p000dv00
  0xf3a0	e4 76 00 00 c8 c4 00 00 ec 76 00 00 6b 77 00 00 	0v0000000v00kw00
  0xf3b0	7c c6 00 00 74 77 00 00 04 79 00 00 1c c3 00 00 	|000tw000y000000
  0xf3c0	28 79 00 00 d6 7b 00 00 8c c6 00 00 dc 7b 00 00 	(y000{0000000{00
  0xf3d0	15 7c 00 00 a4 c6 00 00 1c 7c 00 00 b8 7c 00 00 	0|0000000|000|00
  0xf3e0	ac c6 00 00 c0 7c 00 00 47 7d 00 00 ec c2 00 00 	00000|00G}000000
  0xf3f0	50 7d 00 00 f2 7f 00 00 c4 c6 00 00 f8 7f 00 00 	P}00000000000000
  0xf400	32 80 00 00 e8 c6 00 00 38 80 00 00 f3 80 00 00 	2000000080000000
  0xf410	f0 c6 00 00 fc 80 00 00 7b 82 00 00 1c c3 00 00 	00000000{0000000
  0xf420	84 82 00 00 3c 83 00 00 04 c7 00 00 64 83 00 00 	0000<0000000d000
  0xf430	8d 84 00 00 ec c2 00 00 94 84 00 00 28 85 00 00 	000000000000(000
  0xf440	14 c7 00 00 30 85 00 00 03 86 00 00 b0 c2 00 00 	0000000000000000
  0xf450	10 86 00 00 59 86 00 00 b8 c2 00 00 60 86 00 00 	0000Y0000000`000
  0xf460	72 86 00 00 b0 c2 00 00 78 86 00 00 ba 88 00 00 	r0000000x0000000
  0xf470	28 c7 00 00 d0 88 00 00 ee 88 00 00 60 c7 00 00 	(00000000000`000
  0xf480	f4 88 00 00 81 89 00 00 64 c7 00 00 88 89 00 00 	00000000d0000000
  0xf490	9f 89 00 00 b0 c2 00 00 b0 89 00 00 e9 89 00 00 	0000000000000000
  0xf4a0	b0 c2 00 00 f0 89 00 00 08 8a 00 00 b0 c2 00 00 	0000000000000000
  0xf4b0	1c 8a 00 00 70 8a 00 00 84 c7 00 00 78 8a 00 00 	0000p0000000x000
  0xf4c0	bd 8a 00 00 e4 c2 00 00 30 8b 00 00 7d 8b 00 00 	000000000000}000
  0xf4d0	a4 c7 00 00 c4 8b 00 00 98 8c 00 00 c8 c7 00 00 	0000000000000000
  0xf4e0	cc 8c 00 00 00 8d 00 00 e4 c2 00 00 10 8d 00 00 	0000000000000000
  0xf4f0	81 8e 00 00 d4 c7 00 00 b8 8e 00 00 d5 8e 00 00 	0000000000000000
  0xf500	b0 c2 00 00 dc 8e 00 00 37 8f 00 00 e4 c7 00 00 	0000000070000000
  0xf510	90 8f 00 00 92 8f 00 00 e0 c7 00 00 a0 8f 00 00 	0000000000000000
  0xf520	be 8f 00 00 54 c7 00 00 c4 8f 00 00 df 8f 00 00 	0000T00000000000
  0xf530	54 c7 00 00 f0 8f 00 00 10 90 00 00 54 c7 00 00 	T00000000000T000
  0xf540	20 90 00 00 55 90 00 00 b0 c2 00 00 b0 90 00 00 	 000U00000000000
  0xf550	cf 90 00 00 b0 c2 00 00 00 00 00 00 00 00 00 00 	0000000000000000
  0xf560	00 00 00 00 00 00 00 00 00 00 00 00 00 00 00 00 	0000000000000000
  0xf570	00 00 00 00 00 00 00 00 00 00 00 00 00 00 00 00 	0000000000000000
  0xf580	00 00 00 00 00 00 00 00 00 00 00 00 00 00 00 00 	0000000000000000
  0xf590	00 00 00 00 00 00 00 00 00 00 00 00 00 00 00 00 	0000000000000000
  0xf5a0	00 00 00 00 00 00 00 00 00 00 00 00 00 00 00 00 	0000000000000000
  0xf5b0	00 00 00 00 00 00 00 00 00 00 00 00 00 00 00 00 	0000000000000000
  0xf5c0	00 00 00 00 00 00 00 00 00 00 00 00 00 00 00 00 	0000000000000000
  0xf5d0	00 00 00 00 00 00 00 00 00 00 00 00 00 00 00 00 	0000000000000000
  0xf5e0	00 00 00 00 00 00 00 00 00 00 00 00 00 00 00 00 	0000000000000000
  0xf5f0	00 00 00 00 00 00 00 00 00 00 00 00 00 00 00 00 	0000000000000000
=== DATA BLOCK END ===
