===== Assembly blocks =====

=== CODE BLOCK ADDRESS 0x1000 ===
=== CODE BLOCK END ===

=== DATA BLOCK ADDRESS 0x6000 ===
  0x6000	50 90 00 40 01 00 00 00 f0 90 00 40 01 00 00 00 	P00@0000000@0000
  0x6010	70 67 00 40 01 00 00 00 e0 4b 00 40 01 00 00 00 	pg0@00000K0@0000
  0x6020	20 4c 00 40 01 00 00 00 e0 95 00 40 01 00 00 00 	 L0@0000000@0000
  0x6030	00 00 00 00 00 00 00 00 00 00 00 00 00 00 00 00 	0000000000000000
  0x6040	00 00 00 00 00 00 00 00 00 00 00 00 00 00 00 00 	0000000000000000
  0x6050	12 71 00 40 01 00 00 00 01 00 00 00 00 00 0a 00 	0q0@000000000000
  0x6060	00 00 00 00 00 00 00 00 6e 02 01 08 00 00 00 00 	00000000n0000000
  0x6070	00 00 00 00 00 00 00 00 00 00 00 00 00 00 00 00 	0000000000000000
  0x6080	00 00 00 00 00 00 00 00 01 00 00 02 00 00 00 00 	0000000000000000
  0x6090	00 00 00 00 00 00 00 00 10 67 00 40 01 00 00 00 	000000000g0@0000
  0x60a0	00 00 00 00 00 00 00 00 e0 6f 00 40 01 00 00 00 	000000000o0@0000
  0x60b0	40 70 00 40 01 00 00 00 10 6f 00 40 01 00 00 00 	@p0@00000o0@0000
  0x60c0	80 6f 00 40 01 00 00 00 80 70 00 40 01 00 00 00 	0o0@00000p0@0000
  0x60d0	40 70 00 40 01 00 00 00 20 14 00 00 00 00 00 00 	@p0@0000 0000000
  0x60e0	d0 62 00 40 01 00 00 00 43 00 00 00 01 00 00 00 	0b0@0000C0000000
  0x60f0	c8 73 00 40 01 00 00 00 c8 73 00 40 01 00 00 00 	0s0@00000s0@0000
  0x6100	35 07 03 00 68 00 00 00 00 00 00 00 00 00 00 00 	5000h00000000000
  0x6110	00 00 00 00 00 00 00 00 40 62 00 40 01 00 00 00 	00000000@b0@0000
  0x6120	05 00 00 00 00 00 00 00 90 00 04 00 00 00 00 00 	0000000000000000
  0x6130	14 00 00 00 00 00 00 00 14 00 00 00 00 00 00 00 	0000000000000000
  0x6140	14 00 00 00 00 00 00 00 14 00 00 00 00 00 00 00 	0000000000000000
  0x6150	14 00 00 00 00 00 00 00 07 00 00 00 00 00 00 00 	0000000000000000
  0x6160	04 00 00 00 00 00 00 00 04 00 00 00 00 00 00 00 	0000000000000000
  0x6170	05 00 00 00 00 00 00 00 07 00 00 00 00 00 00 00 	0000000000000000
  0x6180	07 00 00 00 00 00 00 00 05 00 00 00 00 00 00 00 	0000000000000000
  0x6190	90 00 04 00 00 00 00 00 14 00 00 00 00 00 00 00 	0000000000000000
  0x61a0	05 00 00 00 00 00 00 00 05 00 00 00 00 00 00 00 	0000000000000000
  0x61b0	93 00 00 00 00 00 00 00 21 00 00 00 00 00 00 00 	00000000!0000000
  0x61c0	a4 73 00 40 01 00 00 00 d0 64 00 40 01 00 00 00 	0s0@00000d0@0000
  0x61d0	a0 63 00 40 01 00 00 00 10 63 00 40 01 00 00 00 	0c0@00000c0@0000
  0x61e0	10 63 00 40 01 00 00 00 40 67 00 40 01 00 00 00 	0c0@0000@g0@0000
  0x61f0	21 20 00 00 00 00 00 00 20 62 00 40 01 00 00 00 	! 000000 b0@0000
  0x6200	41 00 00 00 01 00 00 00 30 72 00 40 01 00 00 00 	A00000000r0@0000
  0x6210	01 00 00 00 00 00 00 00 16 72 00 40 01 00 00 00 	000000000r0@0000
  0x6220	41 00 00 00 01 00 00 00 00 71 00 40 01 00 00 00 	A00000000q0@0000
  0x6230	01 00 00 00 00 00 00 00 16 72 00 40 01 00 00 00 	000000000r0@0000
  0x6240	21 00 00 00 00 00 00 00 f8 70 00 40 01 00 00 00 	!00000000p0@0000
  0x6250	21 00 00 00 00 00 00 00 a4 73 00 40 01 00 00 00 	!00000000s0@0000
  0x6260	21 00 00 00 00 00 00 00 a4 73 00 40 01 00 00 00 	!00000000s0@0000
  0x6270	21 00 00 00 00 00 00 00 a4 73 00 40 01 00 00 00 	!00000000s0@0000
  0x6280	21 00 00 00 00 00 00 00 a4 73 00 40 01 00 00 00 	!00000000s0@0000
  0x6290	21 20 00 00 00 00 00 00 e8 60 00 40 01 00 00 00 	! 0000000`0@0000
  0x62a0	41 01 00 00 02 00 00 00 b8 73 00 40 01 00 00 00 	A00000000s0@0000
  0x62b0	02 00 00 00 00 00 00 00 d6 70 00 40 01 00 00 00 	000000000p0@0000
  0x62c0	21 20 00 00 00 00 00 00 70 63 00 40 01 00 00 00 	! 000000pc0@0000
  0x62d0	21 20 00 00 00 00 00 00 a0 62 00 40 01 00 00 00 	! 0000000b0@0000
  0x62e0	20 14 00 00 00 00 00 00 c0 62 00 40 01 00 00 00 	 00000000b0@0000
  0x62f0	41 00 00 00 01 00 00 00 e8 70 00 40 01 00 00 00 	A00000000p0@0000
  0x6300	01 00 00 00 00 00 00 00 16 72 00 40 01 00 00 00 	000000000r0@0000
  0x6310	40 00 0c 01 28 00 00 00 08 00 00 00 08 00 00 00 	@000(00000000000
  0x6320	00 00 00 00 03 00 08 00 72 00 08 00 00 00 00 00 	00000000r0000000
  0x6330	b8 61 00 40 01 00 00 00 0b 00 00 00 10 00 00 00 	0a0@000000000000
  0x6340	2c 72 00 40 01 00 00 00 c8 00 00 00 18 00 00 00 	,r0@000000000000
  0x6350	2c 72 00 40 01 00 00 00 f0 00 00 00 20 00 00 00 	,r0@00000000 000
  0x6360	21 20 00 00 00 00 00 00 f0 62 00 40 01 00 00 00 	! 0000000b0@0000
  0x6370	41 00 00 00 01 00 00 00 a8 73 00 40 01 00 00 00 	A00000000s0@0000
  0x6380	01 00 00 00 00 00 00 00 16 72 00 40 01 00 00 00 	000000000r0@0000
  0x6390	20 14 00 00 00 00 00 00 f0 61 00 40 01 00 00 00 	 00000000a0@0000
  0x63a0	40 00 4e 01 58 00 00 00 18 00 00 00 48 00 00 00 	@0N0X0000000H000
  0x63b0	00 00 00 00 09 00 08 00 72 00 08 00 00 00 00 00 	00000000r0000000
  0x63c0	b8 61 00 40 01 00 00 00 0b 00 00 00 10 00 00 00 	0a0@000000000000
  0x63d0	2c 72 00 40 01 00 00 00 c8 00 00 00 18 00 00 00 	,r0@000000000000
  0x63e0	2c 72 00 40 01 00 00 00 c8 00 00 00 20 00 00 00 	,r0@00000000 000
  0x63f0	2c 72 00 40 01 00 00 00 c8 00 00 00 28 00 00 00 	,r0@00000000(000
  0x6400	d8 60 00 40 01 00 00 00 13 80 00 00 30 00 00 00 	0`0@000000000000
  0x6410	2c 72 00 40 01 00 00 00 50 81 00 00 38 00 00 00 	,r0@0000P0008000
  0x6420	e0 62 00 40 01 00 00 00 13 80 00 00 40 00 00 00 	0b0@00000000@000
  0x6430	2c 72 00 40 01 00 00 00 50 81 00 00 48 00 00 00 	,r0@0000P000H000
  0x6440	2c 72 00 40 01 00 00 00 f0 00 00 00 50 00 00 00 	,r0@00000000P000
  0x6450	21 00 00 00 00 00 00 00 a4 73 00 40 01 00 00 00 	!00000000s0@0000
  0x6460	21 00 00 00 00 00 00 00 a4 73 00 40 01 00 00 00 	!00000000s0@0000
  0x6470	21 00 00 00 00 00 00 00 a4 73 00 40 01 00 00 00 	!00000000s0@0000
  0x6480	21 00 00 00 00 00 00 00 a4 73 00 40 01 00 00 00 	!00000000s0@0000
  0x6490	21 20 00 00 00 00 00 00 00 62 00 40 01 00 00 00 	! 0000000b0@0000
  0x64a0	21 00 00 00 00 00 00 00 40 72 00 40 01 00 00 00 	!0000000@r0@0000
  0x64b0	21 00 00 00 00 00 00 00 a4 73 00 40 01 00 00 00 	!00000000s0@0000
  0x64c0	21 00 00 00 00 00 00 00 a4 73 00 40 01 00 00 00 	!00000000s0@0000
  0x64d0	40 00 6e 03 88 00 00 00 50 00 00 00 88 00 00 00 	@0n00000P0000000
  0x64e0	00 00 00 00 0f 00 08 00 72 00 08 00 00 00 00 00 	00000000r0000000
  0x64f0	2c 72 00 40 01 00 00 00 c8 00 00 00 10 00 00 00 	,r0@000000000000
  0x6500	00 61 00 40 01 00 00 00 0b 01 00 00 18 00 00 00 	0a0@000000000000
  0x6510	e0 65 00 40 01 00 00 00 0b 01 00 00 20 00 00 00 	0e0@00000000 000
  0x6520	2c 72 00 40 01 00 00 00 c8 00 00 00 28 00 00 00 	,r0@00000000(000
  0x6530	2c 72 00 40 01 00 00 00 c8 00 00 00 30 00 00 00 	,r0@000000000000
  0x6540	60 63 00 40 01 00 00 00 0b 00 00 00 38 00 00 00 	`c0@000000008000
  0x6550	2c 72 00 40 01 00 00 00 c8 00 00 00 40 00 00 00 	,r0@00000000@000
  0x6560	2c 72 00 40 01 00 00 00 c8 00 00 00 48 00 00 00 	,r0@00000000H000
  0x6570	2c 72 00 40 01 00 00 00 c8 00 00 00 50 00 00 00 	,r0@00000000P000
  0x6580	90 63 00 40 01 00 00 00 13 80 00 00 58 00 00 00 	0c0@00000000X000
  0x6590	2c 72 00 40 01 00 00 00 50 81 00 00 60 00 00 00 	,r0@0000P000`000
  0x65a0	2c 72 00 40 01 00 00 00 50 81 00 00 68 00 00 00 	,r0@0000P000h000
  0x65b0	2c 72 00 40 01 00 00 00 50 81 00 00 70 00 00 00 	,r0@0000P000p000
  0x65c0	2c 72 00 40 01 00 00 00 58 01 00 00 78 00 00 00 	,r0@0000X000x000
  0x65d0	2c 72 00 40 01 00 00 00 f0 00 00 00 80 00 00 00 	,r0@000000000000
  0x65e0	35 07 03 00 50 00 00 00 00 00 00 00 00 00 00 00 	5000P00000000000
  0x65f0	00 00 00 00 00 00 00 00 50 64 00 40 01 00 00 00 	00000000Pd0@0000
  0x6600	14 00 00 00 00 00 00 00 14 00 00 00 00 00 00 00 	0000000000000000
  0x6610	05 00 00 00 00 00 00 00 90 00 04 00 00 00 00 00 	0000000000000000
  0x6620	14 00 00 00 00 00 00 00 14 00 00 00 00 00 00 00 	0000000000000000
  0x6630	14 00 00 00 00 00 00 00 05 00 00 00 00 00 00 00 	0000000000000000
  0x6640	90 00 04 00 00 00 00 00 14 00 00 00 00 00 00 00 	0000000000000000
  0x6650	14 00 00 00 00 00 00 00 14 00 00 00 00 00 00 00 	0000000000000000
  0x6660	93 00 00 00 00 00 00 00 00 00 00 00 00 00 00 00 	0000000000000000
  0x6670	04 5d 88 8a eb 1c c9 11 9f e8 08 00 2b 10 48 60 	0]0000000000+0H`
  0x6680	02 00 00 00 00 00 00 00 00 00 00 00 00 00 00 00 	0000000000000000
  0x6690	52 72 00 40 01 00 00 00 d8 70 00 40 01 00 00 00 	Rr0@00000p0@0000
  0x66a0	12 71 00 40 01 00 00 00 00 00 00 00 00 00 00 00 	0q0@000000000000
  0x66b0	00 00 00 00 00 00 00 00 00 00 00 00 00 00 00 00 	0000000000000000
  0x66c0	33 05 71 71 ba be 37 49 83 19 b5 db ef 9c cc 36 	30qq007I00000006
  0x66d0	01 00 00 00 00 00 00 00 00 00 00 00 00 00 00 00 	0000000000000000
  0x66e0	00 00 00 00 00 00 00 00 c8 61 00 40 01 00 00 00 	000000000a0@0000
  0x66f0	00 00 00 00 00 00 00 00 00 00 00 00 00 00 00 00 	0000000000000000
  0x6700	00 00 00 00 00 00 00 00 00 00 00 00 00 00 00 00 	0000000000000000
  0x6710	10 60 00 40 01 00 00 00 52 72 00 40 01 00 00 00 	0`0@0000Rr0@0000
  0x6720	d8 70 00 40 01 00 00 00 18 72 00 40 01 00 00 00 	0p0@00000r0@0000
  0x6730	02 00 00 00 00 00 00 00 70 66 00 40 01 00 00 00 	00000000pf0@0000
  0x6740	40 00 08 01 10 00 00 00 00 00 00 00 08 00 00 00 	@000000000000000
  0x6750	00 00 00 00 01 00 08 00 72 00 00 00 00 00 00 00 	00000000r0000000
  0x6760	2c 72 00 40 01 00 00 00 f0 00 00 00 08 00 00 00 	,r0@000000000000
  0x6770	60 00 00 00 d8 5d e6 12 7f 88 ef 41 91 bf 8d 81 	`0000]00000A0000
  0x6780	6c 42 c2 e7 01 00 00 00 04 5d 88 8a eb 1c c9 11 	lB0000000]000000
  0x6790	9f e8 08 00 2b 10 48 60 02 00 00 00 00 00 00 00 	0000+0H`00000000
  0x67a0	00 00 00 00 00 00 00 00 00 00 00 00 00 00 00 00 	0000000000000000
  0x67b0	00 00 00 00 00 00 00 00 00 00 00 00 00 00 00 00 	0000000000000000
  0x67c0	10 67 00 40 01 00 00 00 00 00 00 02 00 00 00 00 	0g0@000000000000
  0x67d0	18 01 00 00 00 00 00 00 00 00 00 00 00 00 00 00 	0000000000000000
  0x67e0	00 00 00 00 00 00 00 00 00 00 00 00 00 00 00 00 	0000000000000000
  0x67f0	00 00 00 00 00 00 00 00 00 00 00 00 00 00 00 00 	0000000000000000
  0x6800	00 00 00 00 00 00 00 00 00 00 00 00 00 00 00 00 	0000000000000000
  0x6810	00 00 00 00 00 00 00 00 00 00 00 00 00 00 00 00 	0000000000000000
  0x6820	00 00 00 00 00 00 00 00 08 90 00 40 01 00 00 00 	00000000000@0000
  0x6830	00 00 00 00 00 00 00 00 00 00 00 00 00 00 00 00 	0000000000000000
  0x6840	30 6d 00 40 01 00 00 00 38 6d 00 40 01 00 00 00 	0m0@00008m0@0000
  0x6850	78 6d 00 40 01 00 00 00 15 00 00 00 00 00 00 00 	xm0@000000000000
  0x6860	00 75 01 00 00 00 00 00 00 00 00 00 00 00 00 00 	0u00000000000000
  0x6870	00 00 00 00 00 00 00 00 00 00 00 00 00 00 00 00 	0000000000000000
  0x6880	00 00 00 00 00 00 00 00 00 00 00 00 00 00 00 00 	0000000000000000
  0x6890	00 00 00 00 00 00 00 00 00 00 00 00 00 00 00 00 	0000000000000000
  0x68a0	00 00 00 00 00 00 00 00 00 00 00 00 00 00 00 00 	0000000000000000
  0x68b0	00 00 00 00 00 00 00 00 00 00 00 00 00 00 00 00 	0000000000000000
  0x68c0	00 00 00 00 00 00 00 00 00 00 00 00 00 00 00 00 	0000000000000000
  0x68d0	00 00 00 00 00 00 00 00 00 00 00 00 00 00 00 00 	0000000000000000
  0x68e0	00 00 00 00 00 00 00 00 90 80 00 00 00 00 00 00 	0000000000000000
  0x68f0	a6 80 00 00 00 00 00 00 b8 80 00 00 00 00 00 00 	0000000000000000
  0x6900	d2 80 00 00 00 00 00 00 30 89 00 00 00 00 00 00 	0000000000000000
  0x6910	4a 89 00 00 00 00 00 00 5e 89 00 00 00 00 00 00 	J0000000^0000000
  0x6920	18 89 00 00 00 00 00 00 00 00 00 00 00 00 00 00 	0000000000000000
  0x6930	96 89 00 00 00 00 00 00 b2 89 00 00 00 00 00 00 	0000000000000000
  0x6940	00 00 00 00 00 00 00 00 e6 89 00 00 00 00 00 00 	0000000000000000
  0x6950	d2 89 00 00 00 00 00 00 00 00 00 00 00 00 00 00 	0000000000000000
  0x6960	b8 84 00 00 00 00 00 00 ea 84 00 00 00 00 00 00 	0000000000000000
  0x6970	00 00 00 00 00 00 00 00 9e 82 00 00 00 00 00 00 	0000000000000000
  0x6980	88 82 00 00 00 00 00 00 00 00 00 00 00 00 00 00 	0000000000000000
  0x6990	24 82 00 00 00 00 00 00 3a 82 00 00 00 00 00 00 	$0000000:0000000
  0x69a0	50 82 00 00 00 00 00 00 5c 82 00 00 00 00 00 00 	P000000000000000
  0x69b0	66 82 00 00 00 00 00 00 f0 80 00 00 00 00 00 00 	f000000000000000
  0x69c0	ea 81 00 00 00 00 00 00 06 82 00 00 00 00 00 00 	0000000000000000
  0x69d0	14 82 00 00 00 00 00 00 bc 81 00 00 00 00 00 00 	0000000000000000
  0x69e0	fc 80 00 00 00 00 00 00 6e 8a 00 00 00 00 00 00 	00000000n0000000
  0x69f0	7a 8a 00 00 00 00 00 00 86 8a 00 00 00 00 00 00 	z000000000000000
  0x6a00	de 81 00 00 00 00 00 00 08 81 00 00 00 00 00 00 	0000000000000000
  0x6a10	f8 81 00 00 00 00 00 00 ac 81 00 00 00 00 00 00 	0000000000000000
  0x6a20	9e 81 00 00 00 00 00 00 8c 81 00 00 00 00 00 00 	0000000000000000
  0x6a30	7e 81 00 00 00 00 00 00 70 81 00 00 00 00 00 00 	~0000000p0000000
  0x6a40	60 81 00 00 00 00 00 00 ce 81 00 00 00 00 00 00 	`000000000000000
  0x6a50	46 81 00 00 00 00 00 00 3a 81 00 00 00 00 00 00 	F0000000:0000000
  0x6a60	28 81 00 00 00 00 00 00 18 81 00 00 00 00 00 00 	(000000000000000
  0x6a70	00 00 00 00 00 00 00 00 08 8a 00 00 00 00 00 00 	0000000000000000
  0x6a80	20 8a 00 00 00 00 00 00 00 00 00 00 00 00 00 00 	 000000000000000
  0x6a90	9c 84 00 00 00 00 00 00 bc 88 00 00 00 00 00 00 	0000000000000000
  0x6aa0	86 88 00 00 00 00 00 00 6e 88 00 00 00 00 00 00 	00000000n0000000
  0x6ab0	56 88 00 00 00 00 00 00 f4 88 00 00 00 00 00 00 	V000000000000000
  0x6ac0	d8 88 00 00 00 00 00 00 9c 88 00 00 00 00 00 00 	0000000000000000
  0x6ad0	06 89 00 00 00 00 00 00 3e 88 00 00 00 00 00 00 	00000000>0000000
  0x6ae0	00 00 00 00 00 00 00 00 4c 8a 00 00 00 00 00 00 	00000000L0000000
  0x6af0	00 00 00 00 00 00 00 00 b6 82 00 00 00 00 00 00 	0000000000000000
  0x6b00	c6 82 00 00 00 00 00 00 d2 82 00 00 00 00 00 00 	0000000000000000
  0x6b10	e0 82 00 00 00 00 00 00 ec 82 00 00 00 00 00 00 	0000000000000000
  0x6b20	02 83 00 00 00 00 00 00 14 83 00 00 00 00 00 00 	0000000000000000
  0x6b30	22 83 00 00 00 00 00 00 30 83 00 00 00 00 00 00 	"000000000000000
  0x6b40	44 83 00 00 00 00 00 00 56 83 00 00 00 00 00 00 	D0000000V0000000
  0x6b50	66 83 00 00 00 00 00 00 7a 83 00 00 00 00 00 00 	f0000000z0000000
  0x6b60	8e 83 00 00 00 00 00 00 00 00 00 00 00 00 00 00 	0000000000000000
  0x6b70	6e 85 00 00 00 00 00 00 8a 85 00 00 00 00 00 00 	n000000000000000
  0x6b80	00 00 00 00 00 00 00 00 d0 85 00 00 00 00 00 00 	0000000000000000
  0x6b90	00 00 00 00 00 00 00 00 fe 85 00 00 00 00 00 00 	0000000000000000
  0x6ba0	1a 85 00 00 00 00 00 00 14 86 00 00 00 00 00 00 	0000000000000000
  0x6bb0	a8 85 00 00 00 00 00 00 bc 85 00 00 00 00 00 00 	0000000000000000
  0x6bc0	00 00 00 00 00 00 00 00 e4 85 00 00 00 00 00 00 	0000000000000000
  0x6bd0	00 00 00 00 00 00 00 00 2c 85 00 00 00 00 00 00 	00000000,0000000
  0x6be0	40 85 00 00 00 00 00 00 5a 85 00 00 00 00 00 00 	@0000000Z0000000
  0x6bf0	00 00 00 00 00 00 00 00 12 85 00 00 00 00 00 00 	0000000000000000
  0x6c00	00 00 00 00 00 00 00 00 44 86 00 00 00 00 00 00 	00000000D0000000
  0x6c10	2a 86 00 00 00 00 00 00 00 00 00 00 00 00 00 00 	*000000000000000
  0x6c20	f2 83 00 00 00 00 00 00 cc 83 00 00 00 00 00 00 	0000000000000000
  0x6c30	14 84 00 00 00 00 00 00 e4 83 00 00 00 00 00 00 	0000000000000000
  0x6c40	d6 83 00 00 00 00 00 00 c2 83 00 00 00 00 00 00 	0000000000000000
  0x6c50	aa 83 00 00 00 00 00 00 1c 84 00 00 00 00 00 00 	0000000000000000
  0x6c60	24 84 00 00 00 00 00 00 98 8a 00 00 00 00 00 00 	$000000000000000
  0x6c70	02 84 00 00 00 00 00 00 2e 84 00 00 00 00 00 00 	00000000.0000000
  0x6c80	3c 84 00 00 00 00 00 00 50 84 00 00 00 00 00 00 	<0000000P0000000
  0x6c90	a6 8a 00 00 00 00 00 00 88 84 00 00 00 00 00 00 	0000000000000000
  0x6ca0	5c 84 00 00 00 00 00 00 66 84 00 00 00 00 00 00 	00000000f0000000
  0x6cb0	70 84 00 00 00 00 00 00 00 00 00 00 00 00 00 00 	p000000000000000
  0x6cc0	fe 84 00 00 00 00 00 00 00 00 00 00 00 00 00 00 	0000000000000000
  0x6cd0	0c 88 00 00 00 00 00 00 24 88 00 00 00 00 00 00 	00000000$0000000
  0x6ce0	fe 87 00 00 00 00 00 00 ae 87 00 00 00 00 00 00 	0000000000000000
  0x6cf0	94 87 00 00 00 00 00 00 e0 87 00 00 00 00 00 00 	0000000000000000
  0x6d00	c4 87 00 00 00 00 00 00 d0 87 00 00 00 00 00 00 	0000000000000000
  0x6d10	ea 87 00 00 00 00 00 00 00 00 00 00 00 00 00 00 	0000000000000000
  0x6d20	ce 84 00 00 00 00 00 00 00 00 00 00 00 00 00 00 	0000000000000000
  0x6d30	50 58 00 40 01 00 00 00 a0 59 00 40 01 00 00 00 	PX0@00000Y0@0000
  0x6d40	00 00 00 00 00 00 00 00 a0 50 00 40 01 00 00 00 	000000000P0@0000
  0x6d50	00 00 00 00 00 00 00 00 00 00 00 00 00 00 00 00 	0000000000000000
  0x6d60	c0 4f 00 40 01 00 00 00 90 55 00 40 01 00 00 00 	0O0@00000U0@0000
  0x6d70	00 00 00 00 00 00 00 00 50 11 00 00 e0 14 00 00 	00000000P0000000
  0x6d80	10 15 00 00 20 18 00 00 50 1f 00 00 d0 23 00 00 	0000 000P0000#00
  0x6d90	30 29 00 00 30 36 00 00 50 3a 00 00 20 3e 00 00 	0)000600P:00 >00
  0x6da0	a0 41 00 00 e0 4b 00 00 20 4c 00 00 c0 4f 00 00 	0A000K00 L000O00
  0x6db0	a0 50 00 00 f0 50 00 00 d0 53 00 00 50 55 00 00 	0P000P000S00PU00
  0x6dc0	90 55 00 00 70 56 00 00 50 58 00 00 00 00 00 00 	0U00pV00PX000000
  0x6dd0	00 00 00 00 00 00 00 00 43 00 52 00 44 00 00 00 	00000000C0R0D000
  0x6de0	45 00 6e 00 63 00 72 00 79 00 70 00 74 00 65 00 	E0n0c0r0y0p0t0e0
  0x6df0	64 00 20 00 74 00 65 00 6d 00 70 00 20 00 62 00 	d0 0t0e0m0p0 0b0
  0x6e00	61 00 63 00 6b 00 75 00 70 00 20 00 66 00 69 00 	a0c0k0u0p0 0f0i0
  0x6e10	6c 00 65 00 00 00 00 00 00 00 00 00 00 00 00 00 	l0e0000000000000
  0x6e20	43 00 72 00 65 00 64 00 65 00 6e 00 74 00 69 00 	C0r0e0d0e0n0t0i0
  0x6e30	61 00 6c 00 20 00 42 00 61 00 63 00 6b 00 75 00 	a0l0 0B0a0c0k0u0
  0x6e40	70 00 20 00 46 00 69 00 6c 00 65 00 73 00 20 00 	p0 0F0i0l0e0s0 0
  0x6e50	28 00 2a 00 2e 00 63 00 72 00 64 00 29 00 00 00 	(0*0.0c0r0d0)000
  0x6e60	2a 00 2e 00 63 00 72 00 64 00 00 00 41 00 6c 00 	*0.0c0r0d000A0l0
  0x6e70	6c 00 20 00 46 00 69 00 6c 00 65 00 73 00 20 00 	l0 0F0i0l0e0s0 0
  0x6e80	28 00 2a 00 2e 00 2a 00 29 00 00 00 2a 00 00 00 	(0*0.0*0)000*000
  0x6e90	00 00 00 00 00 00 00 00 63 00 72 00 64 00 00 00 	00000000c0r0d000
  0x6ea0	2f 00 70 00 72 00 6f 00 63 00 65 00 69 00 64 00 	/0p0r0o0c0e0i0d0
  0x6eb0	3d 00 25 00 75 00 00 00 2f 00 75 00 73 00 65 00 	=0%0u000/0u0s0e0
  0x6ec0	72 00 74 00 6f 00 6b 00 65 00 6e 00 3d 00 25 00 	r0t0o0k0e0n0=0%0
  0x6ed0	49 00 36 00 34 00 75 00 00 00 00 00 00 00 00 00 	I06040u000000000
  0x6ee0	2f 00 73 00 74 00 6f 00 70 00 65 00 76 00 65 00 	/0s0t0o0p0e0v0e0
  0x6ef0	6e 00 74 00 3d 00 25 00 49 00 36 00 34 00 75 00 	n0t0=0%0I06040u0
  0x6f00	00 00 00 00 00 00 00 00 00 00 00 00 00 00 00 00 	0000000000000000
  0x6f10	47 00 6c 00 6f 00 62 00 61 00 6c 00 5c 00 7b 00 	G0l0o0b0a0l000{0
  0x6f20	44 00 46 00 46 00 44 00 45 00 32 00 31 00 33 00 	D0F0F0D0E0201030
  0x6f30	2d 00 38 00 43 00 42 00 34 00 2d 00 34 00 36 00 	-080C0B040-04060
  0x6f40	61 00 39 00 2d 00 39 00 30 00 45 00 42 00 2d 00 	a090-09000E0B0-0
  0x6f50	33 00 44 00 41 00 38 00 34 00 33 00 41 00 46 00 	30D0A0804030A0F0
  0x6f60	36 00 36 00 46 00 39 00 7d 00 2d 00 73 00 65 00 	6060F090}0-0s0e0
  0x6f70	72 00 76 00 65 00 72 00 00 00 00 00 00 00 00 00 	r0v0e0r000000000
  0x6f80	4f 00 3a 00 53 00 59 00 47 00 3a 00 53 00 59 00 	O0:0S0Y0G0:0S0Y0
  0x6f90	44 00 3a 00 28 00 41 00 3b 00 3b 00 30 00 78 00 	D0:0(0A0;0;000x0
  0x6fa0	31 00 46 00 30 00 30 00 30 00 33 00 3b 00 3b 00 	10F000000030;0;0
  0x6fb0	3b 00 53 00 59 00 29 00 28 00 41 00 3b 00 3b 00 	;0S0Y0)0(0A0;0;0
  0x6fc0	30 00 78 00 32 00 3b 00 3b 00 3b 00 57 00 44 00 	00x020;0;0;0W0D0
  0x6fd0	29 00 00 00 00 00 00 00 00 00 00 00 00 00 00 00 	)000000000000000
  0x6fe0	7b 00 44 00 46 00 46 00 44 00 45 00 32 00 31 00 	{0D0F0F0D0E02010
  0x6ff0	33 00 2d 00 38 00 43 00 42 00 34 00 2d 00 34 00 	30-080C0B040-040
  0x7000	36 00 61 00 39 00 2d 00 39 00 30 00 45 00 42 00 	60a090-09000E0B0
  0x7010	2d 00 33 00 44 00 41 00 38 00 34 00 33 00 41 00 	-030D0A0804030A0
  0x7020	46 00 36 00 36 00 46 00 39 00 7d 00 2d 00 72 00 	F06060F090}0-0r0
  0x7030	65 00 71 00 75 00 65 00 73 00 74 00 32 00 00 00 	e0q0u0e0s0t02000
  0x7040	4f 00 3a 00 53 00 59 00 47 00 3a 00 53 00 59 00 	O0:0S0Y0G0:0S0Y0
  0x7050	44 00 3a 00 28 00 41 00 3b 00 3b 00 30 00 78 00 	D0:0(0A0;0;000x0
  0x7060	31 00 46 00 30 00 30 00 30 00 33 00 3b 00 3b 00 	10F000000030;0;0
  0x7070	3b 00 53 00 59 00 29 00 00 00 00 00 00 00 00 00 	;0S0Y0)000000000
  0x7080	7b 00 37 00 37 00 33 00 46 00 31 00 42 00 39 00 	{0707030F010B090
  0x7090	41 00 2d 00 33 00 35 00 42 00 39 00 2d 00 34 00 	A0-03050B090-040
  0x70a0	45 00 39 00 35 00 2d 00 38 00 33 00 41 00 30 00 	E09050-08030A000
  0x70b0	2d 00 41 00 32 00 31 00 30 00 46 00 32 00 44 00 	-0A0201000F020D0
  0x70c0	45 00 33 00 42 00 33 00 37 00 7d 00 2d 00 73 00 	E030B03070}0-0s0
  0x70d0	64 00 6c 00 00 00 11 00 00 00 78 00 cc 00 fc 00 	d0l0000000x00000
  0x70e0	2c 01 00 00 00 00 00 00 00 00 00 00 03 06 00 00 	,000000000000000
  0x70f0	40 00 00 00 00 00 00 00 30 03 00 00 04 00 00 00 	@000000000000000
  0x7100	00 00 00 00 04 05 06 00 03 08 00 00 60 00 00 00 	000000000000`000
  0x7110	00 00 00 00 11 00 1a 00 15 03 04 00 08 5b 1c 00 	0000000000000[00
  0x7120	01 00 19 00 50 00 01 00 19 00 50 00 01 00 02 5b 	0000P00000P0000[
  0x7130	1a 03 68 00 00 00 16 00 0d 40 36 36 36 36 36 b9 	00h000000@666660
  0x7140	06 06 0d b9 b9 08 40 36 08 08 5c 5b 12 00 ca ff 	000000@6000[0000
  0x7150	12 08 25 5c 12 08 25 5c 12 08 25 5c 12 08 25 5c 	00%000%000%000%0
  0x7160	12 20 bc ff 11 00 20 00 1b 00 01 00 19 00 30 00 	0 0000 000000000
  0x7170	00 00 02 5b 1d 00 08 00 01 5b 15 03 10 00 08 06 	000[00000[000000
  0x7180	06 4c 00 f1 ff 5b 1a 03 50 00 00 00 10 00 36 36 	0L000[00P0000066
  0x7190	08 40 36 36 36 08 40 36 36 36 5c 5b 12 08 25 5c 	0@6660@6660[00%0
  0x71a0	12 08 25 5c 12 08 25 5c 12 08 25 5c 12 20 ba ff 	00%000%000%00 00
  0x71b0	12 00 c8 ff 12 08 25 5c 12 08 25 5c 12 20 02 00 	000000%000%00 00
  0x71c0	1b 00 01 00 29 00 40 00 00 00 02 5b 11 14 02 00 	0000)0@0000[0000
  0x71d0	12 20 02 00 1b 00 01 00 29 54 60 00 00 00 02 5b 	0 000000)T`0000[
  0x71e0	11 0c 08 5c 11 08 08 5c 12 08 25 5c 11 14 02 00 	0000000000%00000
  0x71f0	12 20 02 00 1b 01 02 00 29 54 38 00 00 00 05 5b 	0 000000)T80000[
  0x7200	11 14 02 00 12 20 02 00 1b 00 01 00 29 54 48 00 	00000 000000)TH0
  0x7210	00 00 02 5b 00 00 10 00 04 5d 88 8a eb 1c c9 11 	000[00000]000000
  0x7220	9f e8 08 00 2b 10 48 60 02 00 00 00 05 00 00 00 	0000+0H`00000000
  0x7230	00 00 00 00 03 06 00 00 30 00 00 00 00 00 00 00 	0000000000000000
  0x7240	30 03 00 00 10 00 00 00 00 00 00 00 00 00 00 00 	0000000000000000
  0x7250	00 00 00 48 00 00 00 00 00 00 88 00 32 00 08 00 	000H000000002000
  0x7260	4c 00 78 00 c7 0f 0a 87 01 00 01 00 00 00 00 00 	L0x0000000000000
  0x7270	48 00 10 00 08 00 0b 01 18 00 1e 00 0b 01 20 00 	H0000000000000 0
  0x7280	74 00 48 00 28 00 08 00 48 00 30 00 08 00 0b 00 	t0H0(000H0000000
  0x7290	38 00 aa 00 48 00 40 00 08 00 48 00 48 00 08 00 	8000H0@000H0H000
  0x72a0	48 00 50 00 08 00 13 20 58 00 ba 00 50 21 60 00 	H0P0000 X000P!`0
  0x72b0	08 00 50 21 68 00 08 00 50 21 70 00 08 00 58 01 	00P!h000P!p000X0
  0x72c0	78 00 08 00 70 00 80 00 08 00 00 48 00 00 00 00 	x000p000000H0000
  0x72d0	01 00 58 00 32 00 08 00 18 00 40 00 c7 09 0a 03 	00X0200000@00000
  0x72e0	01 00 00 00 00 00 00 00 0b 00 10 00 d6 00 48 00 	00000000000000H0
  0x72f0	18 00 08 00 48 00 20 00 08 00 48 00 28 00 08 00 	0000H0 000H0(000
  0x7300	13 20 30 00 da 00 50 21 38 00 08 00 13 20 40 00 	0 0000P!80000 @0
  0x7310	ee 00 50 21 48 00 08 00 70 00 50 00 08 00 00 48 	00P!H000p0P0000H
  0x7320	00 00 00 00 02 00 28 00 32 00 08 00 08 00 08 00 	000000(020000000
  0x7330	c6 03 0a 01 00 00 00 00 00 00 00 00 0b 00 10 00 	0000000000000000
  0x7340	d6 00 48 00 18 00 08 00 70 00 20 00 08 00 00 48 	00H00000p0 0000H
  0x7350	00 00 00 00 03 00 28 00 32 00 08 00 08 00 08 00 	000000(020000000
  0x7360	c6 03 0a 01 00 00 00 00 00 00 00 00 0b 00 10 00 	0000000000000000
  0x7370	d6 00 48 00 18 00 08 00 70 00 20 00 08 00 00 48 	00H00000p0 0000H
  0x7380	00 00 00 00 04 00 10 00 32 00 00 00 00 00 08 00 	0000000020000000
  0x7390	44 01 0a 01 00 00 00 00 00 00 00 00 70 00 08 00 	D00000000000p000
  0x73a0	08 00 00 00 64 00 02 00 00 00 00 00 04 05 06 00 	0000d00000000000
  0x73b0	03 07 00 00 48 00 00 00 00 00 00 00 04 05 06 00 	0000H00000000000
  0x73c0	03 07 00 00 38 00 00 00 01 00 00 00 03 06 00 00 	0000800000000000
  0x73d0	50 00 00 00 00 00 00 00 00 00 00 00 00 00 00 00 	P000000000000000
  0x73e0	35 00 32 00 45 00 46 00 31 00 33 00 30 00 43 00 	5020E0F0103000C0
  0x73f0	2d 00 30 00 38 00 46 00 44 00 2d 00 34 00 33 00 	-00080F0D0-04030
  0x7400	38 00 38 00 2d 00 38 00 36 00 42 00 33 00 2d 00 	8080-08060B030-0
  0x7410	36 00 45 00 44 00 46 00 25 00 30 00 38 00 58 00 	60E0D0F0%00080X0
  0x7420	00 00 00 00 00 00 00 00 6e 00 63 00 61 00 6c 00 	00000000n0c0a0l0
  0x7430	72 00 70 00 63 00 00 00 00 00 00 00 00 00 00 00 	r0p0c00000000000
  0x7440	00 00 00 00 a0 c3 e1 dc 00 00 00 00 02 00 00 00 	0000000000000000
  0x7450	24 00 00 00 94 74 00 00 94 64 00 00 00 00 00 00 	$0000t000d000000
  0x7460	a0 c3 e1 dc 00 00 00 00 0d 00 00 00 f0 01 00 00 	0000000000000000
  0x7470	b8 74 00 00 b8 64 00 00 00 00 00 00 a0 c3 e1 dc 	0t000d0000000000
  0x7480	00 00 00 00 10 00 00 00 24 00 00 00 a8 76 00 00 	00000000$0000v00
  0x7490	a8 66 00 00 52 53 44 53 13 18 6f 35 bb 43 8c 57 	0f00RSDS00o50C0W
  0x74a0	34 65 90 1d b8 93 fa f3 01 00 00 00 63 72 65 64 	4e0000000000cred
  0x74b0	77 69 7a 2e 70 64 62 00 47 43 54 4c 00 10 00 00 	wiz.pdb0GCTL0000
  0x74c0	90 49 00 00 2e 74 65 78 74 24 6d 6e 00 00 00 00 	0I00.text$mn0000
  0x74d0	90 59 00 00 20 00 00 00 2e 74 65 78 74 24 6d 6e 	0Y00 000.text$mn
  0x74e0	24 30 30 00 b0 59 00 00 90 00 00 00 2e 74 65 78 	$0000Y000000.tex
  0x74f0	74 24 78 00 00 60 00 00 e8 08 00 00 2e 72 64 61 	t$x00`000000.rda
  0x7500	74 61 24 62 72 63 00 00 e8 68 00 00 48 04 00 00 	ta$brc000h00H000
  0x7510	2e 69 64 61 74 61 24 35 00 00 00 00 30 6d 00 00 	.idata$500000m00
  0x7520	10 00 00 00 2e 30 30 63 66 67 00 00 40 6d 00 00 	0000.00cfg00@m00
  0x7530	08 00 00 00 2e 43 52 54 24 58 43 41 00 00 00 00 	0000.CRT$XCA0000
  0x7540	48 6d 00 00 08 00 00 00 2e 43 52 54 24 58 43 41 	Hm000000.CRT$XCA
  0x7550	41 00 00 00 50 6d 00 00 08 00 00 00 2e 43 52 54 	A000Pm000000.CRT
  0x7560	24 58 43 5a 00 00 00 00 58 6d 00 00 08 00 00 00 	$XCZ0000Xm000000
  0x7570	2e 43 52 54 24 58 49 41 00 00 00 00 60 6d 00 00 	.CRT$XIA0000`m00
  0x7580	08 00 00 00 2e 43 52 54 24 58 49 41 41 00 00 00 	0000.CRT$XIAA000
  0x7590	68 6d 00 00 08 00 00 00 2e 43 52 54 24 58 49 59 	hm000000.CRT$XIY
  0x75a0	00 00 00 00 70 6d 00 00 08 00 00 00 2e 43 52 54 	0000pm000000.CRT
  0x75b0	24 58 49 5a 00 00 00 00 78 6d 00 00 58 00 00 00 	$XIZ0000xm00X000
  0x75c0	2e 67 66 69 64 73 00 00 d0 6d 00 00 c4 06 00 00 	.gfids000m000000
  0x75d0	2e 72 64 61 74 61 00 00 94 74 00 00 3c 02 00 00 	.rdata000t00<000
  0x75e0	2e 72 64 61 74 61 24 7a 7a 7a 64 62 67 00 00 00 	.rdata$zzzdbg000
  0x75f0	d0 76 00 00 bc 03 00 00 2e 78 64 61 74 61 00 00 	0v000000.xdata00
  0x7600	8c 7a 00 00 a4 01 00 00 2e 69 64 61 74 61 24 32 	0z000000.idata$2
  0x7610	00 00 00 00 30 7c 00 00 18 00 00 00 2e 69 64 61 	00000|000000.ida
  0x7620	74 61 24 33 00 00 00 00 48 7c 00 00 48 04 00 00 	ta$30000H|00H000
  0x7630	2e 69 64 61 74 61 24 34 00 00 00 00 90 80 00 00 	.idata$400000000
  0x7640	20 0a 00 00 2e 69 64 61 74 61 24 36 00 00 00 00 	 000.idata$60000
  0x7650	00 90 00 00 20 00 00 00 2e 64 61 74 61 00 00 00 	0000 000.data000
  0x7660	20 90 00 00 60 11 00 00 2e 62 73 73 00 00 00 00 	 000`000.bss0000
  0x7670	00 b0 00 00 3c 03 00 00 2e 70 64 61 74 61 00 00 	0000<000.pdata00
  0x7680	00 c0 00 00 e0 01 00 00 2e 72 73 72 63 24 30 31 	00000000.rsrc$01
  0x7690	00 00 00 00 e0 c1 00 00 88 14 00 00 2e 72 73 72 	000000000000.rsr
  0x76a0	63 24 30 32 00 00 00 00 20 00 00 00 13 18 6f 35 	c$020000 00000o5
  0x76b0	bb 43 8c 57 34 65 90 1d b8 93 fa f3 22 8d 7c 9c 	0C0W4e000000"0|0
  0x76c0	4a 53 ae a7 dc 7b 3c 13 a0 c3 e1 dc 00 00 00 00 	JS000{<000000000
  0x76d0	01 05 02 00 05 34 01 00 19 1b 03 00 09 01 12 00 	0000040000000000
  0x76e0	02 30 00 00 68 58 00 00 80 00 00 00 01 04 01 00 	0000hX0000000000
  0x76f0	04 42 00 00 19 1f 05 00 0d 34 47 00 0d 01 44 00 	0B00000004G000D0
  0x7700	06 70 00 00 f0 58 00 00 01 00 00 00 52 12 00 00 	0p000X000000R000
  0x7710	9e 12 00 00 b0 59 00 00 00 00 00 00 12 02 00 00 	00000Y0000000000
  0x7720	01 06 02 00 06 32 02 50 01 14 08 00 14 64 0c 00 	0000020P00000d00
  0x7730	14 54 0b 00 14 34 0a 00 14 72 10 70 19 24 07 00 	0T0004000r0p0$00
  0x7740	12 64 4d 00 12 34 4b 00 12 01 48 00 0b 70 00 00 	0dM004K000H00p00
  0x7750	68 58 00 00 30 02 00 00 19 1e 04 00 10 34 12 00 	hX00000000000400
  0x7760	10 f2 06 50 68 58 00 00 70 00 00 00 19 23 08 00 	000PhX00p0000#00
  0x7770	15 01 11 00 09 f0 07 e0 05 70 04 60 03 30 02 50 	000000000p0`000P
  0x7780	68 58 00 00 70 00 00 00 01 14 09 00 14 e2 0d f0 	hX00p00000000000
  0x7790	0b e0 09 d0 07 c0 05 70 04 60 03 30 02 50 00 00 	0000000p0`000P00
  0x77a0	01 0a 04 00 0a 34 08 00 0a 52 06 70 01 0f 06 00 	000004000R0p0000
  0x77b0	0f 64 0b 00 0f 34 0a 00 0f 72 0b 70 01 0a 04 00 	0d0004000r0p0000
  0x77c0	0a 34 0e 00 0a 92 06 70 01 14 08 00 14 64 08 00 	0400000p00000d00
  0x77d0	14 54 07 00 14 34 06 00 14 32 10 70 19 2e 09 00 	0T000400020p0.00
  0x77e0	1d 64 a5 00 1d 34 a4 00 1d 01 9e 00 0e f0 0c 70 	0d0004000000000p
  0x77f0	0b 50 00 00 68 58 00 00 e0 04 00 00 01 0a 04 00 	0P00hX0000000000
  0x7800	0a 34 0a 00 0a 72 06 70 01 15 08 00 15 74 0d 00 	04000r0p00000t00
  0x7810	15 64 0c 00 15 34 0a 00 15 72 11 e0 19 28 0a 00 	0d0004000r000(00
  0x7820	1a 34 19 00 1a f2 10 f0 0e e0 0c d0 0a c0 08 70 	040000000000000p
  0x7830	07 60 06 50 68 58 00 00 70 00 00 00 01 0f 06 00 	0`0PhX00p0000000
  0x7840	0f 64 09 00 0f 34 08 00 0f 52 0b 70 01 19 0a 00 	0d0004000R0p0000
  0x7850	19 74 0d 00 19 64 0c 00 19 54 0b 00 19 34 0a 00 	0t000d000T000400
  0x7860	19 72 15 e0 01 19 0a 00 19 74 09 00 19 64 08 00 	0r0000000t000d00
  0x7870	19 54 07 00 19 34 06 00 19 32 15 e0 01 18 0a 00 	0T00040002000000
  0x7880	18 64 0e 00 18 54 0d 00 18 34 0c 00 18 72 14 f0 	0d000T0004000r00
  0x7890	12 e0 10 70 19 30 0b 00 1f 34 22 01 1f 01 18 01 	000p000004"00000
  0x78a0	10 f0 0e e0 0c d0 0a c0 08 70 07 60 06 50 00 00 	000000000p0`0P00
  0x78b0	68 58 00 00 b0 08 00 00 19 29 0b 00 17 34 94 00 	hX0000000)000400
  0x78c0	17 01 8a 00 10 f0 0e e0 0c d0 0a c0 08 70 07 60 	0000000000000p0`
  0x78d0	06 50 00 00 68 58 00 00 40 04 00 00 01 14 08 00 	0P00hX00@0000000
  0x78e0	14 64 0a 00 14 54 09 00 14 34 08 00 14 52 10 70 	0d000T0004000R0p
  0x78f0	01 14 08 00 14 64 0d 00 14 54 0c 00 14 34 0a 00 	00000d000T000400
  0x7900	14 72 10 70 01 13 08 00 13 54 0b 00 13 34 0a 00 	0r0p00000T000400
  0x7910	13 52 0f e0 0d 70 0c 60 19 33 0b 00 22 c4 35 01 	0R000p0`0300"050
  0x7920	22 74 34 01 22 64 33 01 22 34 32 01 22 01 30 01 	"t40"d30"420"000
  0x7930	14 50 00 00 68 58 00 00 78 09 00 00 01 0f 06 00 	0P00hX00x0000000
  0x7940	0f 64 09 00 0f 34 08 00 0f 32 0b 70 01 0f 06 00 	0d000400020p0000
  0x7950	0f 64 07 00 0f 34 06 00 0f 32 0b 70 01 06 02 00 	0d000400020p0000
  0x7960	06 32 02 30 09 10 06 00 10 64 0d 00 10 34 0c 00 	020000000d000400
  0x7970	10 92 0c 70 50 53 00 00 01 00 00 00 8d 4c 00 00 	000pPS0000000L00
  0x7980	c2 4c 00 00 c6 59 00 00 c2 4c 00 00 01 06 02 00 	0L000Y000L000000
  0x7990	06 72 02 50 09 10 06 00 10 64 0d 00 10 34 0c 00 	0r0P00000d000400
  0x79a0	10 92 0c 70 50 53 00 00 01 00 00 00 49 4d 00 00 	000pPS000000IM00
  0x79b0	7e 4d 00 00 c6 59 00 00 7e 4d 00 00 01 12 05 00 	~M000Y00~M000000
  0x79c0	12 42 0e 70 0d 60 0c 50 0b 30 00 00 19 22 07 00 	0B0p0`0P00000"00
  0x79d0	14 34 24 00 14 01 1e 00 08 70 07 60 06 50 00 00 	04$000000p0`0P00
  0x79e0	68 58 00 00 e0 00 00 00 01 04 01 00 04 62 00 00 	hX00000000000b00
  0x79f0	09 13 07 00 13 74 19 00 13 34 18 00 13 01 16 00 	00000t0004000000
  0x7a00	0c e0 00 00 50 53 00 00 01 00 00 00 2c 51 00 00 	0000PS000000,Q00
  0x7a10	07 53 00 00 ee 59 00 00 07 53 00 00 00 00 00 00 	0S000Y000S000000
  0x7a20	01 00 00 00 01 0c 02 00 0c 01 11 00 09 04 01 00 	0000000000000000
  0x7a30	04 22 00 00 50 53 00 00 01 00 00 00 cc 55 00 00 	0"00PS0000000U00
  0x7a40	02 56 00 00 01 00 00 00 02 56 00 00 09 0a 04 00 	0V0000000V000000
  0x7a50	0a 34 06 00 0a 32 06 70 50 53 00 00 01 00 00 00 	0400020pPS000000
  0x7a60	dd 56 00 00 10 57 00 00 20 5a 00 00 10 57 00 00 	0V000W00 Z000W00
  0x7a70	01 0d 04 00 0d 34 09 00 0d 32 06 50 00 00 00 00 	00000400020P0000
  0x7a80	01 00 00 00 01 02 01 00 02 30 00 00 48 7c 00 00 	000000000000H|00
  0x7a90	00 00 00 00 00 00 00 00 e2 80 00 00 e8 68 00 00 	0000000000000h00
  0x7aa0	f0 7c 00 00 00 00 00 00 00 00 00 00 7a 82 00 00 	0|0000000000z000
  0x7ab0	90 69 00 00 d8 7c 00 00 00 00 00 00 00 00 00 00 	0i000|0000000000
  0x7ac0	ac 82 00 00 78 69 00 00 58 7e 00 00 00 00 00 00 	0000xi00X~000000
  0x7ad0	00 00 00 00 9e 83 00 00 f8 6a 00 00 80 7f 00 00 	000000000j000000
  0x7ae0	00 00 00 00 00 00 00 00 7c 84 00 00 20 6c 00 00 	00000000|000 l00
  0x7af0	f0 7d 00 00 00 00 00 00 00 00 00 00 54 86 00 00 	0}0000000000T000
  0x7b00	90 6a 00 00 c0 7c 00 00 00 00 00 00 00 00 00 00 	0j000|0000000000
  0x7b10	60 86 00 00 60 69 00 00 80 80 00 00 00 00 00 00 	`000`i0000000000
  0x7b20	00 00 00 00 6c 86 00 00 20 6d 00 00 20 80 00 00 	0000l000 m00 000
  0x7b30	00 00 00 00 00 00 00 00 78 86 00 00 c0 6c 00 00 	00000000x0000l00
  0x7b40	58 7f 00 00 00 00 00 00 00 00 00 00 86 86 00 00 	X000000000000000
  0x7b50	f8 6b 00 00 f8 7e 00 00 00 00 00 00 00 00 00 00 	0k000~0000000000
  0x7b60	a8 86 00 00 98 6b 00 00 38 7f 00 00 00 00 00 00 	00000k0080000000
  0x7b70	00 00 00 00 d2 86 00 00 d8 6b 00 00 d0 7e 00 00 	000000000k000~00
  0x7b80	00 00 00 00 00 00 00 00 f8 86 00 00 70 6b 00 00 	000000000000pk00
  0x7b90	e8 7e 00 00 00 00 00 00 00 00 00 00 22 87 00 00 	0~0000000000"000
  0x7ba0	88 6b 00 00 28 7f 00 00 00 00 00 00 00 00 00 00 	0k00(00000000000
  0x7bb0	4c 87 00 00 c8 6b 00 00 68 7f 00 00 00 00 00 00 	L0000k00h0000000
  0x7bc0	00 00 00 00 70 87 00 00 08 6c 00 00 30 80 00 00 	0000p0000l000000
  0x7bd0	00 00 00 00 00 00 00 00 34 88 00 00 d0 6c 00 00 	0000000040000l00
  0x7be0	90 7c 00 00 00 00 00 00 00 00 00 00 c4 89 00 00 	0|00000000000000
  0x7bf0	30 69 00 00 a8 7c 00 00 00 00 00 00 00 00 00 00 	0i000|0000000000
  0x7c00	fa 89 00 00 48 69 00 00 d8 7d 00 00 00 00 00 00 	0000Hi000}000000
  0x7c10	00 00 00 00 3a 8a 00 00 78 6a 00 00 48 7e 00 00 	0000:000xj00H~00
  0x7c20	00 00 00 00 00 00 00 00 62 8a 00 00 e8 6a 00 00 	00000000b0000j00
  0x7c30	00 00 00 00 00 00 00 00 00 00 00 00 00 00 00 00 	0000000000000000
  0x7c40	00 00 00 00 00 00 00 00 90 80 00 00 00 00 00 00 	0000000000000000
  0x7c50	a6 80 00 00 00 00 00 00 b8 80 00 00 00 00 00 00 	0000000000000000
  0x7c60	d2 80 00 00 00 00 00 00 30 89 00 00 00 00 00 00 	0000000000000000
  0x7c70	4a 89 00 00 00 00 00 00 5e 89 00 00 00 00 00 00 	J0000000^0000000
  0x7c80	18 89 00 00 00 00 00 00 00 00 00 00 00 00 00 00 	0000000000000000
  0x7c90	96 89 00 00 00 00 00 00 b2 89 00 00 00 00 00 00 	0000000000000000
  0x7ca0	00 00 00 00 00 00 00 00 e6 89 00 00 00 00 00 00 	0000000000000000
  0x7cb0	d2 89 00 00 00 00 00 00 00 00 00 00 00 00 00 00 	0000000000000000
  0x7cc0	b8 84 00 00 00 00 00 00 ea 84 00 00 00 00 00 00 	0000000000000000
  0x7cd0	00 00 00 00 00 00 00 00 9e 82 00 00 00 00 00 00 	0000000000000000
  0x7ce0	88 82 00 00 00 00 00 00 00 00 00 00 00 00 00 00 	0000000000000000
  0x7cf0	24 82 00 00 00 00 00 00 3a 82 00 00 00 00 00 00 	$0000000:0000000
  0x7d00	50 82 00 00 00 00 00 00 5c 82 00 00 00 00 00 00 	P000000000000000
  0x7d10	66 82 00 00 00 00 00 00 f0 80 00 00 00 00 00 00 	f000000000000000
  0x7d20	ea 81 00 00 00 00 00 00 06 82 00 00 00 00 00 00 	0000000000000000
  0x7d30	14 82 00 00 00 00 00 00 bc 81 00 00 00 00 00 00 	0000000000000000
  0x7d40	fc 80 00 00 00 00 00 00 6e 8a 00 00 00 00 00 00 	00000000n0000000
  0x7d50	7a 8a 00 00 00 00 00 00 86 8a 00 00 00 00 00 00 	z000000000000000
  0x7d60	de 81 00 00 00 00 00 00 08 81 00 00 00 00 00 00 	0000000000000000
  0x7d70	f8 81 00 00 00 00 00 00 ac 81 00 00 00 00 00 00 	0000000000000000
  0x7d80	9e 81 00 00 00 00 00 00 8c 81 00 00 00 00 00 00 	0000000000000000
  0x7d90	7e 81 00 00 00 00 00 00 70 81 00 00 00 00 00 00 	~0000000p0000000
  0x7da0	60 81 00 00 00 00 00 00 ce 81 00 00 00 00 00 00 	`000000000000000
  0x7db0	46 81 00 00 00 00 00 00 3a 81 00 00 00 00 00 00 	F0000000:0000000
  0x7dc0	28 81 00 00 00 00 00 00 18 81 00 00 00 00 00 00 	(000000000000000
  0x7dd0	00 00 00 00 00 00 00 00 08 8a 00 00 00 00 00 00 	0000000000000000
  0x7de0	20 8a 00 00 00 00 00 00 00 00 00 00 00 00 00 00 	 000000000000000
  0x7df0	9c 84 00 00 00 00 00 00 bc 88 00 00 00 00 00 00 	0000000000000000
  0x7e00	86 88 00 00 00 00 00 00 6e 88 00 00 00 00 00 00 	00000000n0000000
  0x7e10	56 88 00 00 00 00 00 00 f4 88 00 00 00 00 00 00 	V000000000000000
  0x7e20	d8 88 00 00 00 00 00 00 9c 88 00 00 00 00 00 00 	0000000000000000
  0x7e30	06 89 00 00 00 00 00 00 3e 88 00 00 00 00 00 00 	00000000>0000000
  0x7e40	00 00 00 00 00 00 00 00 4c 8a 00 00 00 00 00 00 	00000000L0000000
  0x7e50	00 00 00 00 00 00 00 00 b6 82 00 00 00 00 00 00 	0000000000000000
  0x7e60	c6 82 00 00 00 00 00 00 d2 82 00 00 00 00 00 00 	0000000000000000
  0x7e70	e0 82 00 00 00 00 00 00 ec 82 00 00 00 00 00 00 	0000000000000000
  0x7e80	02 83 00 00 00 00 00 00 14 83 00 00 00 00 00 00 	0000000000000000
  0x7e90	22 83 00 00 00 00 00 00 30 83 00 00 00 00 00 00 	"000000000000000
  0x7ea0	44 83 00 00 00 00 00 00 56 83 00 00 00 00 00 00 	D0000000V0000000
  0x7eb0	66 83 00 00 00 00 00 00 7a 83 00 00 00 00 00 00 	f0000000z0000000
  0x7ec0	8e 83 00 00 00 00 00 00 00 00 00 00 00 00 00 00 	0000000000000000
  0x7ed0	6e 85 00 00 00 00 00 00 8a 85 00 00 00 00 00 00 	n000000000000000
  0x7ee0	00 00 00 00 00 00 00 00 d0 85 00 00 00 00 00 00 	0000000000000000
  0x7ef0	00 00 00 00 00 00 00 00 fe 85 00 00 00 00 00 00 	0000000000000000
  0x7f00	1a 85 00 00 00 00 00 00 14 86 00 00 00 00 00 00 	0000000000000000
  0x7f10	a8 85 00 00 00 00 00 00 bc 85 00 00 00 00 00 00 	0000000000000000
  0x7f20	00 00 00 00 00 00 00 00 e4 85 00 00 00 00 00 00 	0000000000000000
  0x7f30	00 00 00 00 00 00 00 00 2c 85 00 00 00 00 00 00 	00000000,0000000
  0x7f40	40 85 00 00 00 00 00 00 5a 85 00 00 00 00 00 00 	@0000000Z0000000
  0x7f50	00 00 00 00 00 00 00 00 12 85 00 00 00 00 00 00 	0000000000000000
  0x7f60	00 00 00 00 00 00 00 00 44 86 00 00 00 00 00 00 	00000000D0000000
  0x7f70	2a 86 00 00 00 00 00 00 00 00 00 00 00 00 00 00 	*000000000000000
  0x7f80	f2 83 00 00 00 00 00 00 cc 83 00 00 00 00 00 00 	0000000000000000
  0x7f90	14 84 00 00 00 00 00 00 e4 83 00 00 00 00 00 00 	0000000000000000
  0x7fa0	d6 83 00 00 00 00 00 00 c2 83 00 00 00 00 00 00 	0000000000000000
  0x7fb0	aa 83 00 00 00 00 00 00 1c 84 00 00 00 00 00 00 	0000000000000000
  0x7fc0	24 84 00 00 00 00 00 00 98 8a 00 00 00 00 00 00 	$000000000000000
  0x7fd0	02 84 00 00 00 00 00 00 2e 84 00 00 00 00 00 00 	00000000.0000000
  0x7fe0	3c 84 00 00 00 00 00 00 50 84 00 00 00 00 00 00 	<0000000P0000000
  0x7ff0	a6 8a 00 00 00 00 00 00 88 84 00 00 00 00 00 00 	0000000000000000
  0x8000	5c 84 00 00 00 00 00 00 66 84 00 00 00 00 00 00 	00000000f0000000
  0x8010	70 84 00 00 00 00 00 00 00 00 00 00 00 00 00 00 	p000000000000000
  0x8020	fe 84 00 00 00 00 00 00 00 00 00 00 00 00 00 00 	0000000000000000
  0x8030	0c 88 00 00 00 00 00 00 24 88 00 00 00 00 00 00 	00000000$0000000
  0x8040	fe 87 00 00 00 00 00 00 ae 87 00 00 00 00 00 00 	0000000000000000
  0x8050	94 87 00 00 00 00 00 00 e0 87 00 00 00 00 00 00 	0000000000000000
  0x8060	c4 87 00 00 00 00 00 00 d0 87 00 00 00 00 00 00 	0000000000000000
  0x8070	ea 87 00 00 00 00 00 00 00 00 00 00 00 00 00 00 	0000000000000000
  0x8080	ce 84 00 00 00 00 00 00 00 00 00 00 00 00 00 00 	0000000000000000
  0x8090	70 01 47 65 74 54 6f 6b 65 6e 49 6e 66 6f 72 6d 	p0GetTokenInform
  0x80a0	61 74 69 6f 6e 00 f0 00 44 75 70 6c 69 63 61 74 	ation000Duplicat
  0x80b0	65 54 6f 6b 65 6e 00 00 8b 01 49 6d 70 65 72 73 	eToken0000Impers
  0x80c0	6f 6e 61 74 65 4c 6f 67 67 65 64 4f 6e 55 73 65 	onateLoggedOnUse
  0x80d0	72 00 c1 02 52 65 76 65 72 74 54 6f 53 65 6c 66 	r000RevertToSelf
  0x80e0	00 00 41 44 56 41 50 49 33 32 2e 64 6c 6c 00 00 	00ADVAPI32.dll00
  0x80f0	78 04 52 65 61 64 46 69 6c 65 00 00 73 00 43 61 	x0ReadFile00s0Ca
  0x8100	6e 63 65 6c 49 6f 00 00 55 02 47 65 74 46 69 6c 	ncelIo00U0GetFil
  0x8110	65 53 69 7a 65 45 78 00 40 05 53 65 74 4c 61 73 	eSizeEx0@0SetLas
  0x8120	74 45 72 72 6f 72 00 00 df 01 47 65 74 43 6f 6d 	tError0000GetCom
  0x8130	6d 61 6e 64 4c 69 6e 65 57 00 23 06 57 72 69 74 	mandLineW0#0Writ
  0x8140	65 46 69 6c 65 00 e6 05 57 61 69 74 46 6f 72 4d 	eFile000WaitForM
  0x8150	75 6c 74 69 70 6c 65 4f 62 6a 65 63 74 73 00 00 	ultipleObjects00
  0x8160	ff 02 47 65 74 54 65 6d 70 50 61 74 68 57 00 00 	00GetTempPathW00
  0x8170	d0 03 4c 6f 63 61 6c 41 6c 6c 6f 63 00 00 cd 00 	00LocalAlloc0000
  0x8180	43 72 65 61 74 65 46 69 6c 65 57 00 31 01 44 75 	CreateFileW010Du
  0x8190	70 6c 69 63 61 74 65 48 61 6e 64 6c 65 00 11 04 	plicateHandle000
  0x81a0	4f 70 65 6e 50 72 6f 63 65 73 73 00 c1 00 43 72 	OpenProcess000Cr
  0x81b0	65 61 74 65 45 76 65 6e 74 57 00 00 af 01 46 6f 	eateEventW0000Fo
  0x81c0	72 6d 61 74 4d 65 73 73 61 67 65 57 00 00 69 02 	rmatMessageW00i0
  0x81d0	47 65 74 4c 61 73 74 45 72 72 6f 72 00 00 25 05 	GetLastError00%0
  0x81e0	53 65 74 45 76 65 6e 74 00 00 18 01 44 65 6c 65 	SetEvent0000Dele
  0x81f0	74 65 46 69 6c 65 57 00 3f 03 47 6c 6f 62 61 6c 	teFileW0?0Global
  0x8200	46 72 65 65 00 00 88 00 43 6c 6f 73 65 48 61 6e 	Free0000CloseHan
  0x8210	64 6c 65 00 f4 00 43 72 65 61 74 65 54 68 72 65 	dle000CreateThre
  0x8220	61 64 00 00 58 03 48 65 61 70 53 65 74 49 6e 66 	ad00X0HeapSetInf
  0x8230	6f 72 6d 61 74 69 6f 6e 00 00 a1 02 47 65 74 4f 	ormation0000GetO
  0x8240	76 65 72 6c 61 70 70 65 64 52 65 73 75 6c 74 00 	verlappedResult0
  0x8250	d5 03 4c 6f 63 61 6c 46 72 65 65 00 90 05 53 6c 	00LocalFree000Sl
  0x8260	65 65 70 45 78 00 fd 02 47 65 74 54 65 6d 70 46 	eepEx000GetTempF
  0x8270	69 6c 65 4e 61 6d 65 57 00 00 4b 45 52 4e 45 4c 	ileNameW00KERNEL
  0x8280	33 32 2e 64 6c 6c 00 00 43 00 43 72 65 61 74 65 	32.dll00C0Create
  0x8290	46 6f 6e 74 49 6e 64 69 72 65 63 74 57 00 ad 02 	FontIndirectW000
  0x82a0	47 65 74 4f 62 6a 65 63 74 57 00 00 47 44 49 33 	GetObjectW00GDI3
  0x82b0	32 2e 64 6c 6c 00 ef 00 45 6e 61 62 6c 65 57 69 	2.dll000EnableWi
  0x82c0	6e 64 6f 77 00 00 90 01 47 65 74 50 61 72 65 6e 	ndow0000GetParen
  0x82d0	74 00 4c 01 47 65 74 44 6c 67 49 74 65 6d 00 00 	t0L0GetDlgItem00
  0x82e0	37 03 53 65 74 46 6f 63 75 73 00 00 0f 03 53 65 	70SetFocus0000Se
  0x82f0	6e 64 44 6c 67 49 74 65 6d 4d 65 73 73 61 67 65 	ndDlgItemMessage
  0x8300	57 00 4f 01 47 65 74 44 6c 67 49 74 65 6d 54 65 	W0O0GetDlgItemTe
  0x8310	78 74 57 00 8c 03 53 68 6f 77 57 69 6e 64 6f 77 	xtW000ShowWindow
  0x8320	00 00 67 02 4c 6f 61 64 53 74 72 69 6e 67 57 00 	00g0LoadStringW0
  0x8330	e8 01 47 65 74 57 69 6e 64 6f 77 4c 6f 6e 67 50 	00GetWindowLongP
  0x8340	74 72 57 00 80 03 53 65 74 57 69 6e 64 6f 77 54 	trW000SetWindowT
  0x8350	65 78 74 57 00 00 18 03 53 65 6e 64 4d 65 73 73 	extW0000SendMess
  0x8360	61 67 65 57 00 00 78 03 53 65 74 57 69 6e 64 6f 	ageW00x0SetWindo
  0x8370	77 4c 6f 6e 67 50 74 72 57 00 47 00 43 68 65 63 	wLongPtrW0G0Chec
  0x8380	6b 52 61 64 69 6f 42 75 74 74 6f 6e 00 00 af 02 	kRadioButton0000
  0x8390	50 6f 73 74 4d 65 73 73 61 67 65 57 00 00 55 53 	PostMessageW00US
  0x83a0	45 52 33 32 2e 64 6c 6c 00 00 57 00 5f 5f 43 5f 	ER32.dll00W0__C_
  0x83b0	73 70 65 63 69 66 69 63 5f 68 61 6e 64 6c 65 72 	specific_handler
  0x83c0	00 00 dd 04 73 77 73 63 61 6e 66 00 0b 05 77 63 	0000swscanf000wc
  0x83d0	73 6e 63 6d 70 00 55 00 5f 58 63 70 74 46 69 6c 	sncmp0U0_XcptFil
  0x83e0	74 65 72 00 ae 00 5f 61 6d 73 67 5f 65 78 69 74 	ter000_amsg_exit
  0x83f0	00 00 7f 00 5f 5f 67 65 74 6d 61 69 6e 61 72 67 	0000__getmainarg
  0x8400	73 00 8e 00 5f 5f 73 65 74 5f 61 70 70 5f 74 79 	s000__set_app_ty
  0x8410	70 65 00 00 32 04 65 78 69 74 00 00 0e 01 5f 65 	pe0020exit0000_e
  0x8420	78 69 74 00 c1 00 5f 63 65 78 69 74 00 00 99 01 	xit000_cexit0000
  0x8430	5f 69 73 6d 62 62 6c 65 61 64 00 00 90 00 5f 5f 	_ismbblead0000__
  0x8440	73 65 74 75 73 65 72 6d 61 74 68 65 72 72 00 00 	setusermatherr00
  0x8450	7d 01 5f 69 6e 69 74 74 65 72 6d 00 a2 00 5f 61 	}0_initterm000_a
  0x8460	63 6d 64 6c 6e 00 27 01 5f 66 6d 6f 64 65 00 00 	cmdln0'0_fmode00
  0x8470	d2 00 5f 63 6f 6d 6d 6f 64 65 00 00 6d 73 76 63 	00_commode00msvc
  0x8480	72 74 2e 64 6c 6c 00 00 2f 00 3f 74 65 72 6d 69 	rt.dll00/0?termi
  0x8490	6e 61 74 65 40 40 59 41 58 58 5a 00 6e 01 52 70 	nate@@YAXXZ0n0Rp
  0x84a0	63 41 73 79 6e 63 49 6e 69 74 69 61 6c 69 7a 65 	cAsyncInitialize
  0x84b0	48 61 6e 64 6c 65 00 00 e1 00 43 72 79 70 74 55 	Handle0000CryptU
  0x84c0	6e 70 72 6f 74 65 63 74 44 61 74 61 00 00 22 00 	nprotectData00"0
  0x84d0	4e 65 74 56 61 6c 69 64 61 74 65 50 61 73 73 77 	NetValidatePassw
  0x84e0	6f 72 64 50 6f 6c 69 63 79 00 c3 00 43 72 79 70 	ordPolicy000Cryp
  0x84f0	74 50 72 6f 74 65 63 74 44 61 74 61 00 00 01 00 	tProtectData0000
  0x8500	4e 65 74 41 70 69 42 75 66 66 65 72 46 72 65 65 	NetApiBufferFree
  0x8510	00 00 2d 00 53 6c 65 65 70 00 20 00 47 65 74 53 	00-0Sleep0 0GetS
  0x8520	74 61 72 74 75 70 49 6e 66 6f 57 00 02 00 52 74 	tartupInfoW000Rt
  0x8530	6c 43 61 70 74 75 72 65 43 6f 6e 74 65 78 74 00 	lCaptureContext0
  0x8540	0a 00 52 74 6c 4c 6f 6f 6b 75 70 46 75 6e 63 74 	00RtlLookupFunct
  0x8550	69 6f 6e 45 6e 74 72 79 00 00 10 00 52 74 6c 56 	ionEntry0000RtlV
  0x8560	69 72 74 75 61 6c 55 6e 77 69 6e 64 00 00 11 00 	irtualUnwind0000
  0x8570	55 6e 68 61 6e 64 6c 65 64 45 78 63 65 70 74 69 	UnhandledExcepti
  0x8580	6f 6e 46 69 6c 74 65 72 00 00 0f 00 53 65 74 55 	onFilter0000SetU
  0x8590	6e 68 61 6e 64 6c 65 64 45 78 63 65 70 74 69 6f 	nhandledExceptio
  0x85a0	6e 46 69 6c 74 65 72 00 0c 00 47 65 74 43 75 72 	nFilter000GetCur
  0x85b0	72 65 6e 74 50 72 6f 63 65 73 73 00 4e 00 54 65 	rentProcess0N0Te
  0x85c0	72 6d 69 6e 61 74 65 50 72 6f 63 65 73 73 00 00 	rminateProcess00
  0x85d0	14 00 47 65 74 4d 6f 64 75 6c 65 48 61 6e 64 6c 	00GetModuleHandl
  0x85e0	65 57 00 00 00 00 51 75 65 72 79 50 65 72 66 6f 	eW0000QueryPerfo
  0x85f0	72 6d 61 6e 63 65 43 6f 75 6e 74 65 72 00 0d 00 	rmanceCounter000
  0x8600	47 65 74 43 75 72 72 65 6e 74 50 72 6f 63 65 73 	GetCurrentProces
  0x8610	73 49 64 00 11 00 47 65 74 43 75 72 72 65 6e 74 	sId000GetCurrent
  0x8620	54 68 72 65 61 64 49 64 00 00 16 00 47 65 74 53 	ThreadId0000GetS
  0x8630	79 73 74 65 6d 54 69 6d 65 41 73 46 69 6c 65 54 	ystemTimeAsFileT
  0x8640	69 6d 65 00 1a 00 47 65 74 54 69 63 6b 43 6f 75 	ime000GetTickCou
  0x8650	6e 74 00 00 52 50 43 52 54 34 2e 64 6c 6c 00 00 	nt00RPCRT4.dll00
  0x8660	43 52 59 50 54 33 32 2e 64 6c 6c 00 73 61 6d 63 	CRYPT32.dll0samc
  0x8670	6c 69 2e 64 6c 6c 00 00 6e 65 74 75 74 69 6c 73 	li.dll00netutils
  0x8680	2e 64 6c 6c 00 00 61 70 69 2d 6d 73 2d 77 69 6e 	.dll00api-ms-win
  0x8690	2d 63 6f 72 65 2d 73 79 6e 63 68 2d 6c 31 2d 32 	-core-synch-l1-2
  0x86a0	2d 30 2e 64 6c 6c 00 00 61 70 69 2d 6d 73 2d 77 	-0.dll00api-ms-w
  0x86b0	69 6e 2d 63 6f 72 65 2d 70 72 6f 63 65 73 73 74 	in-core-processt
  0x86c0	68 72 65 61 64 73 2d 6c 31 2d 31 2d 30 2e 64 6c 	hreads-l1-1-0.dl
  0x86d0	6c 00 61 70 69 2d 6d 73 2d 77 69 6e 2d 63 6f 72 	l0api-ms-win-cor
  0x86e0	65 2d 72 74 6c 73 75 70 70 6f 72 74 2d 6c 31 2d 	e-rtlsupport-l1-
  0x86f0	31 2d 30 2e 64 6c 6c 00 61 70 69 2d 6d 73 2d 77 	1-0.dll0api-ms-w
  0x8700	69 6e 2d 63 6f 72 65 2d 65 72 72 6f 72 68 61 6e 	in-core-errorhan
  0x8710	64 6c 69 6e 67 2d 6c 31 2d 31 2d 30 2e 64 6c 6c 	dling-l1-1-0.dll
  0x8720	00 00 61 70 69 2d 6d 73 2d 77 69 6e 2d 63 6f 72 	00api-ms-win-cor
  0x8730	65 2d 6c 69 62 72 61 72 79 6c 6f 61 64 65 72 2d 	e-libraryloader-
  0x8740	6c 31 2d 32 2d 30 2e 64 6c 6c 00 00 61 70 69 2d 	l1-2-0.dll00api-
  0x8750	6d 73 2d 77 69 6e 2d 63 6f 72 65 2d 70 72 6f 66 	ms-win-core-prof
  0x8760	69 6c 65 2d 6c 31 2d 31 2d 30 2e 64 6c 6c 00 00 	ile-l1-1-0.dll00
  0x8770	61 70 69 2d 6d 73 2d 77 69 6e 2d 63 6f 72 65 2d 	api-ms-win-core-
  0x8780	73 79 73 69 6e 66 6f 2d 6c 31 2d 31 2d 30 2e 64 	sysinfo-l1-1-0.d
  0x8790	6c 6c 00 00 cd 00 4e 74 41 64 6a 75 73 74 50 72 	ll0000NtAdjustPr
  0x87a0	69 76 69 6c 65 67 65 73 54 6f 6b 65 6e 00 ac 01 	ivilegesToken000
  0x87b0	4e 74 4f 70 65 6e 50 72 6f 63 65 73 73 54 6f 6b 	NtOpenProcessTok
  0x87c0	65 6e 00 00 bf 06 54 70 53 65 74 57 61 69 74 00 	en0000TpSetWait0
  0x87d0	b2 06 54 70 52 65 6c 65 61 73 65 57 61 69 74 00 	00TpReleaseWait0
  0x87e0	fd 00 4e 74 43 6c 6f 73 65 00 c0 01 4e 74 50 72 	00NtClose000NtPr
  0x87f0	69 76 69 6c 65 67 65 43 68 65 63 6b 00 00 93 06 	ivilegeCheck0000
  0x8800	54 70 41 6c 6c 6f 63 57 61 69 74 00 fd 04 52 74 	TpAllocWait000Rt
  0x8810	6c 4e 74 53 74 61 74 75 73 54 6f 44 6f 73 45 72 	lNtStatusToDosEr
  0x8820	72 6f 72 00 c9 06 54 70 57 61 69 74 46 6f 72 57 	ror000TpWaitForW
  0x8830	61 69 74 00 6e 74 64 6c 6c 2e 64 6c 6c 00 2e 00 	ait0ntdll.dll0.0
  0x8840	49 5f 52 70 63 45 78 63 65 70 74 69 6f 6e 46 69 	I_RpcExceptionFi
  0x8850	6c 74 65 72 00 00 6c 01 52 70 63 41 73 79 6e 63 	lter00l0RpcAsync
  0x8860	43 6f 6d 70 6c 65 74 65 43 61 6c 6c 00 00 94 00 	CompleteCall0000
  0x8870	4e 64 72 36 34 41 73 79 6e 63 43 6c 69 65 6e 74 	Ndr64AsyncClient
  0x8880	43 61 6c 6c 00 00 6b 01 52 70 63 41 73 79 6e 63 	Call00k0RpcAsync
  0x8890	43 61 6e 63 65 6c 43 61 6c 6c 00 00 76 01 52 70 	CancelCall00v0Rp
  0x88a0	63 42 69 6e 64 69 6e 67 46 72 6f 6d 53 74 72 69 	cBindingFromStri
  0x88b0	6e 67 42 69 6e 64 69 6e 67 57 00 00 10 02 52 70 	ngBindingW0000Rp
  0x88c0	63 53 74 72 69 6e 67 42 69 6e 64 69 6e 67 43 6f 	cStringBindingCo
  0x88d0	6d 70 6f 73 65 57 00 00 85 01 52 70 63 42 69 6e 	mposeW0000RpcBin
  0x88e0	64 69 6e 67 53 65 74 41 75 74 68 49 6e 66 6f 45 	dingSetAuthInfoE
  0x88f0	78 57 00 00 14 02 52 70 63 53 74 72 69 6e 67 46 	xW0000RpcStringF
  0x8900	72 65 65 57 00 00 74 01 52 70 63 42 69 6e 64 69 	reeW00t0RpcBindi
  0x8910	6e 67 46 72 65 65 00 00 94 00 43 72 65 64 42 61 	ngFree0000CredBa
  0x8920	63 6b 75 70 43 72 65 64 65 6e 74 69 61 6c 73 00 	ckupCredentials0
  0x8930	b2 00 43 72 65 64 52 65 73 74 6f 72 65 43 72 65 	00CredRestoreCre
  0x8940	64 65 6e 74 69 61 6c 73 00 00 c0 00 43 72 65 64 	dentials0000Cred
  0x8950	70 45 6e 63 6f 64 65 53 65 63 72 65 74 00 81 00 	pEncodeSecret000
  0x8960	43 6f 6e 76 65 72 74 53 74 72 69 6e 67 53 65 63 	ConvertStringSec
  0x8970	75 72 69 74 79 44 65 73 63 72 69 70 74 6f 72 54 	urityDescriptorT
  0x8980	6f 53 65 63 75 72 69 74 79 44 65 73 63 72 69 70 	oSecurityDescrip
  0x8990	74 6f 72 57 00 00 09 00 43 72 65 61 74 65 50 72 	torW0000CreatePr
  0x89a0	6f 70 65 72 74 79 53 68 65 65 74 50 61 67 65 57 	opertySheetPageW
  0x89b0	00 00 86 00 50 72 6f 70 65 72 74 79 53 68 65 65 	0000PropertyShee
  0x89c0	74 57 00 00 43 4f 4d 43 54 4c 33 32 2e 64 6c 6c 	tW00COMCTL32.dll
  0x89d0	00 00 0e 00 47 65 74 53 61 76 65 46 69 6c 65 4e 	0000GetSaveFileN
  0x89e0	61 6d 65 57 00 00 0c 00 47 65 74 4f 70 65 6e 46 	ameW0000GetOpenF
  0x89f0	69 6c 65 4e 61 6d 65 57 00 00 43 4f 4d 44 4c 47 	ileNameW00COMDLG
  0x8a00	33 32 2e 64 6c 6c 00 00 05 00 49 6e 69 74 4c 6f 	32.dll0000InitLo
  0x8a10	63 61 6c 4d 73 43 74 66 4d 6f 6e 69 74 6f 72 00 	calMsCtfMonitor0
  0x8a20	06 00 55 6e 69 6e 69 74 4c 6f 63 61 6c 4d 73 43 	00UninitLocalMsC
  0x8a30	74 66 4d 6f 6e 69 74 6f 72 00 4d 73 43 74 66 4d 	tfMonitor0MsCtfM
  0x8a40	6f 6e 69 74 6f 72 2e 44 4c 4c 00 00 08 00 43 6f 	onitor.DLL0000Co
  0x8a50	6d 6d 61 6e 64 4c 69 6e 65 54 6f 41 72 67 76 57 	mmandLineToArgvW
  0x8a60	00 00 53 48 45 4c 4c 33 32 2e 64 6c 6c 00 54 03 	00SHELL32.dll0T0
  0x8a70	48 65 61 70 46 72 65 65 00 00 50 03 48 65 61 70 	HeapFree00P0Heap
  0x8a80	41 6c 6c 6f 63 00 bd 02 47 65 74 50 72 6f 63 65 	Alloc000GetProce
  0x8a90	73 73 48 65 61 70 00 00 69 03 5f 76 73 6e 77 70 	ssHeap00i0_vsnwp
  0x8aa0	72 69 6e 74 66 00 96 04 6d 65 6d 73 65 74 00 00 	rintf000memset00
  0x8ab0	00 00 00 00 00 00 00 00 00 00 00 00 00 00 00 00 	0000000000000000
  0x8ac0	00 00 00 00 00 00 00 00 00 00 00 00 00 00 00 00 	0000000000000000
  0x8ad0	00 00 00 00 00 00 00 00 00 00 00 00 00 00 00 00 	0000000000000000
  0x8ae0	00 00 00 00 00 00 00 00 00 00 00 00 00 00 00 00 	0000000000000000
  0x8af0	00 00 00 00 00 00 00 00 00 00 00 00 00 00 00 00 	0000000000000000
  0x8b00	00 00 00 00 00 00 00 00 00 00 00 00 00 00 00 00 	0000000000000000
  0x8b10	00 00 00 00 00 00 00 00 00 00 00 00 00 00 00 00 	0000000000000000
  0x8b20	00 00 00 00 00 00 00 00 00 00 00 00 00 00 00 00 	0000000000000000
  0x8b30	00 00 00 00 00 00 00 00 00 00 00 00 00 00 00 00 	0000000000000000
  0x8b40	00 00 00 00 00 00 00 00 00 00 00 00 00 00 00 00 	0000000000000000
  0x8b50	00 00 00 00 00 00 00 00 00 00 00 00 00 00 00 00 	0000000000000000
  0x8b60	00 00 00 00 00 00 00 00 00 00 00 00 00 00 00 00 	0000000000000000
  0x8b70	00 00 00 00 00 00 00 00 00 00 00 00 00 00 00 00 	0000000000000000
  0x8b80	00 00 00 00 00 00 00 00 00 00 00 00 00 00 00 00 	0000000000000000
  0x8b90	00 00 00 00 00 00 00 00 00 00 00 00 00 00 00 00 	0000000000000000
  0x8ba0	00 00 00 00 00 00 00 00 00 00 00 00 00 00 00 00 	0000000000000000
  0x8bb0	00 00 00 00 00 00 00 00 00 00 00 00 00 00 00 00 	0000000000000000
  0x8bc0	00 00 00 00 00 00 00 00 00 00 00 00 00 00 00 00 	0000000000000000
  0x8bd0	00 00 00 00 00 00 00 00 00 00 00 00 00 00 00 00 	0000000000000000
  0x8be0	00 00 00 00 00 00 00 00 00 00 00 00 00 00 00 00 	0000000000000000
  0x8bf0	00 00 00 00 00 00 00 00 00 00 00 00 00 00 00 00 	0000000000000000
=== DATA BLOCK END ===

=== DATA BLOCK ADDRESS 0x9000 ===
  0x9000	01 00 00 00 00 00 00 00 32 a2 df 2d 99 2b 00 00 	00000000200-0+00
  0x9010	cd 5d 20 d2 66 d4 ff ff 00 00 00 00 00 00 00 00 	0] 0f00000000000
  0x9020	00 00 00 00 00 00 00 00 00 00 00 00 00 00 00 00 	0000000000000000
  0x9030	00 00 00 00 00 00 00 00 00 00 00 00 00 00 00 00 	0000000000000000
  0x9040	00 00 00 00 00 00 00 00 00 00 00 00 00 00 00 00 	0000000000000000
  0x9050	00 00 00 00 00 00 00 00 00 00 00 00 00 00 00 00 	0000000000000000
  0x9060	00 00 00 00 00 00 00 00 00 00 00 00 00 00 00 00 	0000000000000000
  0x9070	00 00 00 00 00 00 00 00 00 00 00 00 00 00 00 00 	0000000000000000
  0x9080	00 00 00 00 00 00 00 00 00 00 00 00 00 00 00 00 	0000000000000000
  0x9090	00 00 00 00 00 00 00 00 00 00 00 00 00 00 00 00 	0000000000000000
  0x90a0	00 00 00 00 00 00 00 00 00 00 00 00 00 00 00 00 	0000000000000000
  0x90b0	00 00 00 00 00 00 00 00 00 00 00 00 00 00 00 00 	0000000000000000
  0x90c0	00 00 00 00 00 00 00 00 00 00 00 00 00 00 00 00 	0000000000000000
  0x90d0	00 00 00 00 00 00 00 00 00 00 00 00 00 00 00 00 	0000000000000000
  0x90e0	00 00 00 00 00 00 00 00 00 00 00 00 00 00 00 00 	0000000000000000
  0x90f0	00 00 00 00 00 00 00 00 00 00 00 00 00 00 00 00 	0000000000000000
  0x9100	00 00 00 00 00 00 00 00 00 00 00 00 00 00 00 00 	0000000000000000
  0x9110	00 00 00 00 00 00 00 00 00 00 00 00 00 00 00 00 	0000000000000000
  0x9120	00 00 00 00 00 00 00 00 00 00 00 00 00 00 00 00 	0000000000000000
  0x9130	00 00 00 00 00 00 00 00 00 00 00 00 00 00 00 00 	0000000000000000
  0x9140	00 00 00 00 00 00 00 00 00 00 00 00 00 00 00 00 	0000000000000000
  0x9150	00 00 00 00 00 00 00 00 00 00 00 00 00 00 00 00 	0000000000000000
  0x9160	00 00 00 00 00 00 00 00 00 00 00 00 00 00 00 00 	0000000000000000
  0x9170	00 00 00 00 00 00 00 00 00 00 00 00 00 00 00 00 	0000000000000000
  0x9180	00 00 00 00 00 00 00 00 00 00 00 00 00 00 00 00 	0000000000000000
  0x9190	00 00 00 00 00 00 00 00 00 00 00 00 00 00 00 00 	0000000000000000
  0x91a0	00 00 00 00 00 00 00 00 00 00 00 00 00 00 00 00 	0000000000000000
  0x91b0	00 00 00 00 00 00 00 00 00 00 00 00 00 00 00 00 	0000000000000000
  0x91c0	00 00 00 00 00 00 00 00 00 00 00 00 00 00 00 00 	0000000000000000
  0x91d0	00 00 00 00 00 00 00 00 00 00 00 00 00 00 00 00 	0000000000000000
  0x91e0	00 00 00 00 00 00 00 00 00 00 00 00 00 00 00 00 	0000000000000000
  0x91f0	00 00 00 00 00 00 00 00 00 00 00 00 00 00 00 00 	0000000000000000
=== DATA BLOCK END ===

=== DATA BLOCK ADDRESS 0xb000 ===
  0xb000	08 10 00 00 8b 10 00 00 d0 76 00 00 94 10 00 00 	000000000v000000
  0xb010	4a 11 00 00 d8 76 00 00 50 11 00 00 a9 11 00 00 	J0000v00P0000000
  0xb020	ec 76 00 00 b0 11 00 00 e8 11 00 00 ec 76 00 00 	0v00000000000v00
  0xb030	f0 11 00 00 27 12 00 00 ec 76 00 00 30 12 00 00 	0000'0000v000000
  0xb040	c2 12 00 00 f4 76 00 00 c8 12 00 00 32 14 00 00 	00000v0000002000
  0xb050	28 77 00 00 38 14 00 00 d9 14 00 00 3c 77 00 00 	(w0080000000<w00
  0xb060	e0 14 00 00 00 15 00 00 ec 76 00 00 10 15 00 00 	000000000v000000
  0xb070	3e 15 00 00 ec 76 00 00 44 15 00 00 6a 16 00 00 	>0000v00D000j000
  0xb080	58 77 00 00 70 16 00 00 0e 18 00 00 6c 77 00 00 	Xw00p0000000lw00
  0xb090	20 18 00 00 de 1c 00 00 88 77 00 00 e4 1c 00 00 	 00000000w000000
  0xb0a0	af 1d 00 00 a0 77 00 00 b8 1d 00 00 83 1e 00 00 	00000w0000000000
  0xb0b0	ac 77 00 00 8c 1e 00 00 3e 1f 00 00 bc 77 00 00 	0w000000>0000w00
  0xb0c0	50 1f 00 00 80 20 00 00 c8 77 00 00 88 20 00 00 	P0000 000w000 00
  0xb0d0	ca 22 00 00 dc 77 00 00 d0 22 00 00 c7 23 00 00 	0"000w000"000#00
  0xb0e0	fc 77 00 00 d0 23 00 00 2c 25 00 00 c8 77 00 00 	0w000#00,%000w00
  0xb0f0	34 25 00 00 76 27 00 00 dc 77 00 00 7c 27 00 00 	4%00v'000w00|'00
  0xb100	24 29 00 00 08 78 00 00 30 29 00 00 aa 2a 00 00 	$)000x000)000*00
  0xb110	c8 77 00 00 b0 2a 00 00 6e 2c 00 00 1c 78 00 00 	0w000*00n,000x00
  0xb120	74 2c 00 00 74 2d 00 00 3c 78 00 00 7c 2d 00 00 	t,00t-00<x00|-00
  0xb130	22 31 00 00 4c 78 00 00 28 31 00 00 f5 31 00 00 	"100Lx00(1000100
  0xb140	64 78 00 00 fc 31 00 00 28 36 00 00 7c 78 00 00 	dx000100(600|x00
  0xb150	30 36 00 00 52 37 00 00 c8 77 00 00 58 37 00 00 	0600R7000w00X700
  0xb160	47 3a 00 00 94 78 00 00 50 3a 00 00 f3 3b 00 00 	G:000x00P:000;00
  0xb170	c8 77 00 00 fc 3b 00 00 12 3e 00 00 b8 78 00 00 	0w000;000>000x00
  0xb180	20 3e 00 00 bd 3f 00 00 dc 78 00 00 c4 3f 00 00 	 >000?000x000?00
  0xb190	99 41 00 00 28 77 00 00 a0 41 00 00 7d 43 00 00 	0A00(w000A00}C00
  0xb1a0	f0 78 00 00 84 43 00 00 a1 45 00 00 04 79 00 00 	0x000C000E000y00
  0xb1b0	a8 45 00 00 ec 48 00 00 18 79 00 00 f4 48 00 00 	0E000H000y000H00
  0xb1c0	f5 49 00 00 3c 79 00 00 fc 49 00 00 58 4a 00 00 	0I00<y000I00XJ00
  0xb1d0	fc 77 00 00 60 4a 00 00 e2 4a 00 00 4c 79 00 00 	0w00`J000J00Ly00
  0xb1e0	e8 4a 00 00 84 4b 00 00 3c 79 00 00 8c 4b 00 00 	0J000K00<y000K00
  0xb1f0	d6 4b 00 00 ec 76 00 00 e0 4b 00 00 0e 4c 00 00 	0K000v000K000L00
  0xb200	5c 79 00 00 20 4c 00 00 4e 4c 00 00 5c 79 00 00 	0y00 L00NL000y00
  0xb210	54 4c 00 00 0a 4d 00 00 64 79 00 00 10 4d 00 00 	TL000M00dy000M00
  0xb220	c6 4d 00 00 94 79 00 00 cc 4d 00 00 4a 4e 00 00 	0M000y000M00JN00
  0xb230	bc 79 00 00 50 4e 00 00 b5 4f 00 00 cc 79 00 00 	0y00PN000O000y00
  0xb240	c0 4f 00 00 93 50 00 00 ec 76 00 00 a0 50 00 00 	0O000P000v000P00
  0xb250	e9 50 00 00 e8 79 00 00 f0 50 00 00 02 51 00 00 	0P000y000P000Q00
  0xb260	ec 76 00 00 08 51 00 00 4a 53 00 00 f0 79 00 00 	0v000Q00JS000y00
  0xb270	70 53 00 00 8e 53 00 00 20 7a 00 00 94 53 00 00 	pS000S00 z000S00
  0xb280	c8 53 00 00 5c 79 00 00 d0 53 00 00 41 55 00 00 	0S000y000S00AU00
  0xb290	24 7a 00 00 50 55 00 00 89 55 00 00 ec 76 00 00 	$z00PU000U000v00
  0xb2a0	90 55 00 00 a8 55 00 00 ec 76 00 00 bc 55 00 00 	0U000U000v000U00
  0xb2b0	10 56 00 00 2c 7a 00 00 18 56 00 00 5d 56 00 00 	0V00,z000V00]V00
  0xb2c0	5c 79 00 00 d0 56 00 00 1d 57 00 00 4c 7a 00 00 	0y000V000W00Lz00
  0xb2d0	64 57 00 00 38 58 00 00 70 7a 00 00 68 58 00 00 	dW008X00pz00hX00
  0xb2e0	85 58 00 00 ec 76 00 00 8c 58 00 00 e7 58 00 00 	0X000v000X000X00
  0xb2f0	84 7a 00 00 f0 58 00 00 76 59 00 00 64 78 00 00 	0z000X00vY00dx00
  0xb300	a0 59 00 00 a2 59 00 00 80 7a 00 00 b0 59 00 00 	0Y000Y000z000Y00
  0xb310	c0 59 00 00 20 77 00 00 c6 59 00 00 e8 59 00 00 	0Y00 w000Y000Y00
  0xb320	8c 79 00 00 ee 59 00 00 0c 5a 00 00 20 77 00 00 	0y000Y000Z00 w00
  0xb330	20 5a 00 00 40 5a 00 00 20 77 00 00 00 00 00 00 	 Z00@Z00 w000000
  0xb340	00 00 00 00 00 00 00 00 00 00 00 00 00 00 00 00 	0000000000000000
  0xb350	00 00 00 00 00 00 00 00 00 00 00 00 00 00 00 00 	0000000000000000
  0xb360	00 00 00 00 00 00 00 00 00 00 00 00 00 00 00 00 	0000000000000000
  0xb370	00 00 00 00 00 00 00 00 00 00 00 00 00 00 00 00 	0000000000000000
  0xb380	00 00 00 00 00 00 00 00 00 00 00 00 00 00 00 00 	0000000000000000
  0xb390	00 00 00 00 00 00 00 00 00 00 00 00 00 00 00 00 	0000000000000000
  0xb3a0	00 00 00 00 00 00 00 00 00 00 00 00 00 00 00 00 	0000000000000000
  0xb3b0	00 00 00 00 00 00 00 00 00 00 00 00 00 00 00 00 	0000000000000000
  0xb3c0	00 00 00 00 00 00 00 00 00 00 00 00 00 00 00 00 	0000000000000000
  0xb3d0	00 00 00 00 00 00 00 00 00 00 00 00 00 00 00 00 	0000000000000000
  0xb3e0	00 00 00 00 00 00 00 00 00 00 00 00 00 00 00 00 	0000000000000000
  0xb3f0	00 00 00 00 00 00 00 00 00 00 00 00 00 00 00 00 	0000000000000000
=== DATA BLOCK END ===
