===== Assembly blocks =====

=== CODE BLOCK ADDRESS 0x1000 ===
=== CODE BLOCK END ===

=== DATA BLOCK ADDRESS 0x9000 ===
  0x9000	90 c0 00 40 01 00 00 00 30 c1 00 40 01 00 00 00 	000@0000000@0000
  0x9010	18 01 00 00 00 00 00 00 00 00 00 00 00 00 00 00 	0000000000000000
  0x9020	00 00 00 00 00 00 00 00 00 00 00 00 00 00 00 00 	0000000000000000
  0x9030	00 00 00 00 00 00 00 00 00 00 00 00 00 00 00 00 	0000000000000000
  0x9040	00 00 00 00 00 00 00 00 00 00 00 00 00 00 00 00 	0000000000000000
  0x9050	00 00 00 00 00 00 00 00 00 00 00 00 00 00 00 00 	0000000000000000
  0x9060	00 00 00 00 00 00 00 00 08 c0 00 40 01 00 00 00 	00000000000@0000
  0x9070	00 00 00 00 00 00 00 00 00 00 00 00 00 00 00 00 	0000000000000000
  0x9080	80 95 00 40 01 00 00 00 88 95 00 40 01 00 00 00 	000@0000000@0000
  0x9090	c8 95 00 40 01 00 00 00 08 00 00 00 00 00 00 00 	000@000000000000
  0x90a0	00 75 01 00 00 00 00 00 00 00 00 00 00 00 00 00 	0u00000000000000
  0x90b0	00 00 00 00 00 00 00 00 00 00 00 00 00 00 00 00 	0000000000000000
  0x90c0	00 00 00 00 00 00 00 00 00 00 00 00 00 00 00 00 	0000000000000000
  0x90d0	00 00 00 00 00 00 00 00 00 00 00 00 00 00 00 00 	0000000000000000
  0x90e0	00 00 00 00 00 00 00 00 00 00 00 00 00 00 00 00 	0000000000000000
  0x90f0	00 00 00 00 00 00 00 00 00 00 00 00 00 00 00 00 	0000000000000000
  0x9100	00 00 00 00 00 00 00 00 00 00 00 00 00 00 00 00 	0000000000000000
  0x9110	00 00 00 00 00 00 00 00 00 00 00 00 00 00 00 00 	0000000000000000
  0x9120	00 00 00 00 00 00 00 00 9e ad 00 00 00 00 00 00 	0000000000000000
  0x9130	ae ad 00 00 00 00 00 00 00 00 00 00 00 00 00 00 	0000000000000000
  0x9140	e0 ac 00 00 00 00 00 00 ca ac 00 00 00 00 00 00 	0000000000000000
  0x9150	b6 ac 00 00 00 00 00 00 00 00 00 00 00 00 00 00 	0000000000000000
  0x9160	3e ad 00 00 00 00 00 00 00 00 00 00 00 00 00 00 	>000000000000000
  0x9170	cc ad 00 00 00 00 00 00 da ad 00 00 00 00 00 00 	0000000000000000
  0x9180	00 00 00 00 00 00 00 00 74 00 00 00 00 00 00 80 	00000000t0000000
  0x9190	02 ad 00 00 00 00 00 00 22 ad 00 00 00 00 00 00 	00000000"0000000
  0x91a0	73 00 00 00 00 00 00 80 6f 00 00 00 00 00 00 80 	s0000000o0000000
  0x91b0	12 ad 00 00 00 00 00 00 00 00 00 00 00 00 00 00 	0000000000000000
  0x91c0	bc af 00 00 00 00 00 00 90 af 00 00 00 00 00 00 	0000000000000000
  0x91d0	72 af 00 00 00 00 00 00 02 af 00 00 00 00 00 00 	r000000000000000
  0x91e0	da af 00 00 00 00 00 00 00 00 00 00 00 00 00 00 	0000000000000000
  0x91f0	4a a9 00 00 00 00 00 00 ca a8 00 00 00 00 00 00 	J000000000000000
  0x9200	a8 a9 00 00 00 00 00 00 8c aa 00 00 00 00 00 00 	0000000000000000
  0x9210	00 00 00 00 00 00 00 00 f4 ae 00 00 00 00 00 00 	0000000000000000
  0x9220	ce af 00 00 00 00 00 00 00 00 00 00 00 00 00 00 	0000000000000000
  0x9230	6c a9 00 00 00 00 00 00 00 00 00 00 00 00 00 00 	l000000000000000
  0x9240	32 b0 00 00 00 00 00 00 08 b0 00 00 00 00 00 00 	2000000000000000
  0x9250	fc af 00 00 00 00 00 00 ea af 00 00 00 00 00 00 	0000000000000000
  0x9260	24 b0 00 00 00 00 00 00 18 b0 00 00 00 00 00 00 	$000000000000000
  0x9270	00 00 00 00 00 00 00 00 a6 ae 00 00 00 00 00 00 	0000000000000000
  0x9280	00 00 00 00 00 00 00 00 54 b0 00 00 00 00 00 00 	00000000T0000000
  0x9290	c6 a9 00 00 00 00 00 00 00 00 00 00 00 00 00 00 	0000000000000000
  0x92a0	4e af 00 00 00 00 00 00 94 ae 00 00 00 00 00 00 	N000000000000000
  0x92b0	7e ae 00 00 00 00 00 00 00 00 00 00 00 00 00 00 	~000000000000000
  0x92c0	60 af 00 00 00 00 00 00 00 00 00 00 00 00 00 00 	`000000000000000
  0x92d0	14 af 00 00 00 00 00 00 00 00 00 00 00 00 00 00 	0000000000000000
  0x92e0	a8 aa 00 00 00 00 00 00 da a8 00 00 00 00 00 00 	0000000000000000
  0x92f0	82 af 00 00 00 00 00 00 f4 a9 00 00 00 00 00 00 	0000000000000000
  0x9300	14 a9 00 00 00 00 00 00 0a aa 00 00 00 00 00 00 	0000000000000000
  0x9310	00 00 00 00 00 00 00 00 da a9 00 00 00 00 00 00 	0000000000000000
  0x9320	00 00 00 00 00 00 00 00 04 a9 00 00 00 00 00 00 	0000000000000000
  0x9330	5a a9 00 00 00 00 00 00 8e a8 00 00 00 00 00 00 	Z000000000000000
  0x9340	28 a9 00 00 00 00 00 00 3a a9 00 00 00 00 00 00 	(0000000:0000000
  0x9350	7a a9 00 00 00 00 00 00 00 00 00 00 00 00 00 00 	z000000000000000
  0x9360	ee a8 00 00 00 00 00 00 00 00 00 00 00 00 00 00 	0000000000000000
  0x9370	5e aa 00 00 00 00 00 00 78 aa 00 00 00 00 00 00 	^0000000x0000000
  0x9380	4a aa 00 00 00 00 00 00 00 00 00 00 00 00 00 00 	J000000000000000
  0x9390	b2 ae 00 00 00 00 00 00 d4 ae 00 00 00 00 00 00 	0000000000000000
  0x93a0	c8 ae 00 00 00 00 00 00 be ae 00 00 00 00 00 00 	0000000000000000
  0x93b0	00 00 00 00 00 00 00 00 3c af 00 00 00 00 00 00 	00000000<0000000
  0x93c0	a6 af 00 00 00 00 00 00 de ae 00 00 00 00 00 00 	0000000000000000
  0x93d0	00 00 00 00 00 00 00 00 24 af 00 00 00 00 00 00 	00000000$0000000
  0x93e0	30 af 00 00 00 00 00 00 00 00 00 00 00 00 00 00 	0000000000000000
  0x93f0	a0 a9 00 00 00 00 00 00 00 00 00 00 00 00 00 00 	0000000000000000
  0x9400	20 aa 00 00 00 00 00 00 3e b0 00 00 00 00 00 00 	 0000000>0000000
  0x9410	3a aa 00 00 00 00 00 00 00 00 00 00 00 00 00 00 	:000000000000000
  0x9420	6a b0 00 00 00 00 00 00 86 b0 00 00 00 00 00 00 	j000000000000000
  0x9430	9e b0 00 00 00 00 00 00 00 00 00 00 00 00 00 00 	0000000000000000
  0x9440	a2 a8 00 00 00 00 00 00 88 a9 00 00 00 00 00 00 	0000000000000000
  0x9450	b2 a8 00 00 00 00 00 00 00 00 00 00 00 00 00 00 	0000000000000000
  0x9460	78 a8 00 00 00 00 00 00 00 00 00 00 00 00 00 00 	x000000000000000
  0x9470	60 ae 00 00 00 00 00 00 4e ae 00 00 00 00 00 00 	`0000000N0000000
  0x9480	44 ae 00 00 00 00 00 00 0e ae 00 00 00 00 00 00 	D000000000000000
  0x9490	5a b2 00 00 00 00 00 00 f8 a7 00 00 00 00 00 00 	Z000000000000000
  0x94a0	00 a8 00 00 00 00 00 00 f0 a7 00 00 00 00 00 00 	0000000000000000
  0x94b0	0a a8 00 00 00 00 00 00 de a7 00 00 00 00 00 00 	0000000000000000
  0x94c0	cc a7 00 00 00 00 00 00 be a7 00 00 00 00 00 00 	0000000000000000
  0x94d0	58 a8 00 00 00 00 00 00 3a ae 00 00 00 00 00 00 	X0000000:0000000
  0x94e0	4c a8 00 00 00 00 00 00 42 a8 00 00 00 00 00 00 	L0000000B0000000
  0x94f0	30 ae 00 00 00 00 00 00 2a a8 00 00 00 00 00 00 	00000000*0000000
  0x9500	1e a8 00 00 00 00 00 00 f4 ad 00 00 00 00 00 00 	0000000000000000
  0x9510	74 ae 00 00 00 00 00 00 26 ae 00 00 00 00 00 00 	t0000000&0000000
  0x9520	1c ae 00 00 00 00 00 00 6a ae 00 00 00 00 00 00 	00000000j0000000
  0x9530	02 ae 00 00 00 00 00 00 b0 a7 00 00 00 00 00 00 	0000000000000000
  0x9540	00 00 00 00 00 00 00 00 5c ad 00 00 00 00 00 00 	0000000000000000
  0x9550	00 00 00 00 00 00 00 00 94 ac 00 00 00 00 00 00 	0000000000000000
  0x9560	7e ac 00 00 00 00 00 00 00 00 00 00 00 00 00 00 	~000000000000000
  0x9570	7e ad 00 00 00 00 00 00 00 00 00 00 00 00 00 00 	~000000000000000
  0x9580	60 7e 00 40 01 00 00 00 10 81 00 40 01 00 00 00 	`~0@0000000@0000
  0x9590	00 00 00 00 00 00 00 00 d0 78 00 40 01 00 00 00 	000000000x0@0000
  0x95a0	00 00 00 00 00 00 00 00 00 00 00 00 00 00 00 00 	0000000000000000
  0x95b0	f0 77 00 40 01 00 00 00 90 7b 00 40 01 00 00 00 	0w0@00000{0@0000
  0x95c0	00 00 00 00 00 00 00 00 f0 77 00 00 d0 78 00 00 	000000000w000x00
  0x95d0	f0 7a 00 00 50 7b 00 00 90 7b 00 00 70 7c 00 00 	0z00P{000{00p|00
  0x95e0	60 7e 00 00 b0 7e 00 00 00 00 00 00 00 00 00 00 	`~000~0000000000
  0x95f0	0a 00 00 00 00 00 00 00 5c 00 5c 00 25 00 73 00 	000000000000%0s0
  0x9600	00 00 00 00 00 00 00 00 00 00 00 00 00 00 00 00 	0000000000000000
  0x9610	53 00 59 00 53 00 54 00 45 00 4d 00 5c 00 43 00 	S0Y0S0T0E0M000C0
  0x9620	75 00 72 00 72 00 65 00 6e 00 74 00 43 00 6f 00 	u0r0r0e0n0t0C0o0
  0x9630	6e 00 74 00 72 00 6f 00 6c 00 53 00 65 00 74 00 	n0t0r0o0l0S0e0t0
  0x9640	5c 00 53 00 65 00 72 00 76 00 69 00 63 00 65 00 	00S0e0r0v0i0c0e0
  0x9650	73 00 5c 00 45 00 76 00 65 00 6e 00 74 00 4c 00 	s000E0v0e0n0t0L0
  0x9660	6f 00 67 00 00 00 00 00 25 00 73 00 5c 00 25 00 	o0g00000%0s000%0
  0x9670	73 00 5c 00 25 00 73 00 00 00 00 00 00 00 00 00 	s000%0s000000000
  0x9680	43 00 75 00 73 00 74 00 6f 00 6d 00 53 00 6f 00 	C0u0s0t0o0m0S0o0
  0x9690	75 00 72 00 63 00 65 00 00 00 00 00 00 00 00 00 	u0r0c0e000000000
  0x96a0	25 00 73 00 5c 00 25 00 73 00 00 00 00 00 00 00 	%0s000%0s0000000
  0x96b0	25 00 53 00 79 00 73 00 74 00 65 00 6d 00 52 00 	%0S0y0s0t0e0m0R0
  0x96c0	6f 00 6f 00 74 00 25 00 5c 00 53 00 79 00 73 00 	o0o0t0%000S0y0s0
  0x96d0	74 00 65 00 6d 00 33 00 32 00 5c 00 45 00 76 00 	t0e0m0302000E0v0
  0x96e0	65 00 6e 00 74 00 43 00 72 00 65 00 61 00 74 00 	e0n0t0C0r0e0a0t0
  0x96f0	65 00 2e 00 65 00 78 00 65 00 00 00 00 00 00 00 	e0.0e0x0e0000000
  0x9700	45 00 76 00 65 00 6e 00 74 00 4d 00 65 00 73 00 	E0v0e0n0t0M0e0s0
  0x9710	73 00 61 00 67 00 65 00 46 00 69 00 6c 00 65 00 	s0a0g0e0F0i0l0e0
  0x9720	00 00 00 00 00 00 00 00 54 00 79 00 70 00 65 00 	00000000T0y0p0e0
  0x9730	73 00 53 00 75 00 70 00 70 00 6f 00 72 00 74 00 	s0S0u0p0p0o0r0t0
  0x9740	65 00 64 00 00 00 00 00 00 00 00 00 00 00 00 00 	e0d0000000000000
  0x9750	7c 00 65 00 72 00 72 00 6f 00 72 00 7c 00 69 00 	|0e0r0r0o0r0|0i0
  0x9760	6e 00 66 00 6f 00 72 00 6d 00 61 00 74 00 69 00 	n0f0o0r0m0a0t0i0
  0x9770	6f 00 6e 00 7c 00 77 00 61 00 72 00 6e 00 69 00 	o0n0|0w0a0r0n0i0
  0x9780	6e 00 67 00 7c 00 73 00 75 00 63 00 63 00 65 00 	n0g0|0s0u0c0c0e0
  0x9790	73 00 73 00 00 00 00 00 50 41 52 53 45 52 32 00 	s0s00000PARSER20
  0x97a0	3f 00 00 00 73 00 00 00 75 00 00 00 70 00 00 00 	?000s000u000p000
  0x97b0	6c 00 00 00 74 00 00 00 73 00 6f 00 00 00 00 00 	l000t000s0o00000
  0x97c0	69 00 64 00 00 00 00 00 64 00 00 00 2a 00 00 00 	i0d00000d000*000
  0x97d0	73 00 65 00 63 00 75 00 72 00 69 00 74 00 79 00 	s0e0c0u0r0i0t0y0
  0x97e0	00 00 00 00 00 00 00 00 45 00 52 00 52 00 4f 00 	00000000E0R0R0O0
  0x97f0	52 00 00 00 00 00 00 00 53 00 55 00 43 00 43 00 	R0000000S0U0C0C0
  0x9800	45 00 53 00 53 00 00 00 57 00 41 00 52 00 4e 00 	E0S0S000W0A0R0N0
  0x9810	49 00 4e 00 47 00 00 00 49 00 4e 00 46 00 4f 00 	I0N0G000I0N0F0O0
  0x9820	52 00 4d 00 41 00 54 00 49 00 4f 00 4e 00 00 00 	R0M0A0T0I0O0N000
  0x9830	25 00 73 00 20 00 00 00 7c 00 25 00 73 00 7c 00 	%0s0 000|0%0s0|0
  0x9840	00 00 00 00 20 00 09 00 00 00 00 00 25 73 00 00 	0000 0000000%s00
  0x9850	25 00 63 00 00 00 00 00 07 00 00 00 0a 00 0a 00 	%0c0000000000000
  0x9860	00 00 00 00 42 55 46 46 45 52 00 00 00 00 00 00 	0000BUFFER000000
  0x9870	5c 00 5c 00 00 00 00 00 6c 00 6f 00 63 00 61 00 	00000000l0o0c0a0
  0x9880	6c 00 68 00 6f 00 73 00 74 00 00 00 00 00 00 00 	l0h0o0s0t0000000
  0x9890	20 00 5c 00 2f 00 5b 00 5d 00 3a 00 7c 00 3c 00 	 000/0[0]0:0|0<0
  0x98a0	3e 00 2b 00 3d 00 3b 00 2c 00 3f 00 24 00 23 00 	>0+0=0;0,0?0$0#0
  0x98b0	28 00 29 00 21 00 40 00 5e 00 22 00 60 00 7b 00 	(0)0!0@0^0"0`0{0
  0x98c0	7d 00 2a 00 25 00 00 00 2e 00 00 00 00 00 00 00 	}0*0%000.0000000
  0x98d0	49 00 50 00 43 00 24 00 00 00 00 00 00 00 00 00 	I0P0C0$000000000
  0x98e0	5c 00 5c 00 25 00 73 00 5c 00 25 00 73 00 00 00 	0000%0s000%0s000
  0x98f0	5c 00 56 00 61 00 72 00 46 00 69 00 6c 00 65 00 	00V0a0r0F0i0l0e0
  0x9900	49 00 6e 00 66 00 6f 00 5c 00 54 00 72 00 61 00 	I0n0f0o000T0r0a0
  0x9910	6e 00 73 00 6c 00 61 00 74 00 69 00 6f 00 6e 00 	n0s0l0a0t0i0o0n0
  0x9920	00 00 00 00 00 00 00 00 00 00 00 00 00 00 00 00 	0000000000000000
  0x9930	5c 00 53 00 74 00 72 00 69 00 6e 00 67 00 46 00 	00S0t0r0i0n0g0F0
  0x9940	69 00 6c 00 65 00 49 00 6e 00 66 00 6f 00 5c 00 	i0l0e0I0n0f0o000
  0x9950	25 00 30 00 34 00 78 00 25 00 30 00 34 00 78 00 	%00040x0%00040x0
  0x9960	5c 00 49 00 6e 00 74 00 65 00 72 00 6e 00 61 00 	00I0n0t0e0r0n0a0
  0x9970	6c 00 4e 00 61 00 6d 00 65 00 00 00 00 00 00 00 	l0N0a0m0e0000000
  0x9980	2e 00 45 00 58 00 45 00 00 00 00 00 00 00 00 00 	.0E0X0E000000000
  0x9990	25 00 73 00 20 00 25 00 73 00 00 00 2f 00 00 00 	%0s0 0%0s000/000
  0x99a0	50 41 52 53 45 52 32 00 2d 00 2f 00 00 00 00 00 	PARSER20-0/00000
  0x99b0	00 00 00 00 6b e7 c2 cf 00 00 00 00 02 00 00 00 	0000k00000000000
  0x99c0	25 00 00 00 04 9a 00 00 04 80 00 00 00 00 00 00 	%000000000000000
  0x99d0	6b e7 c2 cf 00 00 00 00 0d 00 00 00 f0 01 00 00 	k000000000000000
  0x99e0	2c 9a 00 00 2c 80 00 00 00 00 00 00 6b e7 c2 cf 	,000,0000000k000
  0x99f0	00 00 00 00 10 00 00 00 24 00 00 00 1c 9c 00 00 	00000000$0000000
  0x9a00	1c 82 00 00 52 53 44 53 d9 07 72 05 66 03 b6 4e 	0000RSDS00r0f00N
  0x9a10	84 80 e0 29 d8 9d 77 8d 01 00 00 00 65 76 63 72 	000)00w00000evcr
  0x9a20	65 61 74 65 2e 70 64 62 00 00 00 00 47 43 54 4c 	eate.pdb0000GCTL
  0x9a30	00 10 00 00 00 71 00 00 2e 74 65 78 74 24 6d 6e 	00000q00.text$mn
  0x9a40	00 00 00 00 00 81 00 00 20 00 00 00 2e 74 65 78 	00000000 000.tex
  0x9a50	74 24 6d 6e 24 30 30 00 20 81 00 00 50 00 00 00 	t$mn$000 000P000
  0x9a60	2e 74 65 78 74 24 78 00 00 90 00 00 28 01 00 00 	.text$x00000(000
  0x9a70	2e 72 64 61 74 61 24 62 72 63 00 00 28 91 00 00 	.rdata$brc00(000
  0x9a80	58 04 00 00 2e 69 64 61 74 61 24 35 00 00 00 00 	X000.idata$50000
  0x9a90	80 95 00 00 10 00 00 00 2e 30 30 63 66 67 00 00 	00000000.00cfg00
  0x9aa0	90 95 00 00 08 00 00 00 2e 43 52 54 24 58 43 41 	00000000.CRT$XCA
  0x9ab0	00 00 00 00 98 95 00 00 08 00 00 00 2e 43 52 54 	000000000000.CRT
  0x9ac0	24 58 43 41 41 00 00 00 a0 95 00 00 08 00 00 00 	$XCAA00000000000
  0x9ad0	2e 43 52 54 24 58 43 5a 00 00 00 00 a8 95 00 00 	.CRT$XCZ00000000
  0x9ae0	08 00 00 00 2e 43 52 54 24 58 49 41 00 00 00 00 	0000.CRT$XIA0000
  0x9af0	b0 95 00 00 08 00 00 00 2e 43 52 54 24 58 49 41 	00000000.CRT$XIA
  0x9b00	41 00 00 00 b8 95 00 00 08 00 00 00 2e 43 52 54 	A00000000000.CRT
  0x9b10	24 58 49 59 00 00 00 00 c0 95 00 00 08 00 00 00 	$XIY000000000000
  0x9b20	2e 43 52 54 24 58 49 5a 00 00 00 00 c8 95 00 00 	.CRT$XIZ00000000
  0x9b30	28 00 00 00 2e 67 66 69 64 73 00 00 f0 95 00 00 	(000.gfids000000
  0x9b40	14 04 00 00 2e 72 64 61 74 61 00 00 04 9a 00 00 	0000.rdata000000
  0x9b50	3c 02 00 00 2e 72 64 61 74 61 24 7a 7a 7a 64 62 	<000.rdata$zzzdb
  0x9b60	67 00 00 00 40 9c 00 00 84 04 00 00 2e 78 64 61 	g000@0000000.xda
  0x9b70	74 61 00 00 c4 a0 00 00 80 02 00 00 2e 69 64 61 	ta0000000000.ida
  0x9b80	74 61 24 32 00 00 00 00 44 a3 00 00 14 00 00 00 	ta$20000D0000000
  0x9b90	2e 69 64 61 74 61 24 33 00 00 00 00 58 a3 00 00 	.idata$30000X000
  0x9ba0	58 04 00 00 2e 69 64 61 74 61 24 34 00 00 00 00 	X000.idata$40000
  0x9bb0	b0 a7 00 00 b4 0a 00 00 2e 69 64 61 74 61 24 36 	00000000.idata$6
  0x9bc0	00 00 00 00 00 c0 00 00 50 00 00 00 2e 64 61 74 	00000000P000.dat
  0x9bd0	61 00 00 00 50 c0 00 00 78 07 00 00 2e 62 73 73 	a000P000x000.bss
  0x9be0	00 00 00 00 00 d0 00 00 74 04 00 00 2e 70 64 61 	00000000t000.pda
  0x9bf0	74 61 00 00 00 e0 00 00 f0 00 00 00 2e 72 73 72 	ta0000000000.rsr
  0x9c00	63 24 30 31 00 00 00 00 f0 e0 00 00 88 07 00 00 	c$01000000000000
  0x9c10	2e 72 73 72 63 24 30 32 00 00 00 00 20 00 00 00 	.rsrc$020000 000
  0x9c20	d9 07 72 05 66 03 b6 4e 84 80 e0 29 d8 9d 77 8d 	00r0f00N000)00w0
  0x9c30	ed 6f 23 f2 3d 9a 7a e5 25 56 da d6 6b e7 c2 cf 	0o#0=0z0%V00k000
  0x9c40	01 1f 0b 00 1f 74 1b 00 1f 64 19 00 1f 34 18 00 	00000t000d000400
  0x9c50	1f 01 14 00 14 f0 12 e0 10 50 00 00 01 10 07 00 	000000000P000000
  0x9c60	10 a2 09 e0 07 c0 05 70 04 60 03 30 02 50 00 00 	0000000p0`000P00
  0x9c70	19 37 0d 00 26 74 9b 00 26 64 9a 00 26 34 99 00 	0700&t00&d00&400
  0x9c80	26 01 92 00 18 f0 16 e0 14 d0 12 c0 10 50 00 00 	&000000000000P00
  0x9c90	68 80 00 00 80 04 00 00 01 13 08 00 13 34 13 00 	h000000000000400
  0x9ca0	13 b2 0c f0 0a e0 08 70 07 60 06 50 19 30 0b 00 	0000000p0`0P0000
  0x9cb0	1f 34 98 00 1f 01 90 00 10 f0 0e e0 0c d0 0a c0 	0400000000000000
  0x9cc0	08 70 07 60 06 50 00 00 68 80 00 00 70 04 00 00 	0p0`0P00h000p000
  0x9cd0	01 0a 04 00 0a 34 06 00 0a 32 06 70 01 06 02 00 	00000400020p0000
  0x9ce0	06 32 02 30 01 12 08 00 12 54 0a 00 12 34 08 00 	020000000T000400
  0x9cf0	12 32 0e e0 0c 70 0b 60 01 1b 07 00 1b 62 17 e0 	02000p0`00000b00
  0x9d00	15 c0 13 70 12 60 11 50 10 30 00 00 01 06 02 00 	000p0`0P00000000
  0x9d10	06 72 02 30 01 0f 06 00 0f 64 0a 00 0f 34 09 00 	0r0000000d000400
  0x9d20	0f 52 0b 70 01 0f 06 00 0f 64 09 00 0f 34 08 00 	0R0p00000d000400
  0x9d30	0f 52 0b 70 01 0a 04 00 0a 34 08 00 0a 32 06 70 	0R0p00000400020p
  0x9d40	19 19 02 00 07 01 2b 00 68 80 00 00 40 01 00 00 	000000+0h000@000
  0x9d50	01 17 08 00 17 54 0e 00 17 34 0d 00 17 72 13 e0 	00000T0004000r00
  0x9d60	11 70 10 60 01 14 04 00 14 68 02 00 06 52 02 30 	0p0`00000h000R00
  0x9d70	01 1c 0c 00 1c 64 0c 00 1c 54 0b 00 1c 34 0a 00 	00000d000T000400
  0x9d80	1c 32 18 f0 16 e0 14 d0 12 c0 10 70 01 14 08 00 	02000000000p0000
  0x9d90	14 64 08 00 14 54 07 00 14 34 06 00 14 32 10 70 	0d000T000400020p
  0x9da0	19 1f 08 00 10 34 0e 00 10 52 0c f0 0a e0 08 70 	000004000R00000p
  0x9db0	07 60 06 50 68 80 00 00 28 00 00 00 01 0f 06 00 	0`0Ph000(0000000
  0x9dc0	0f 64 07 00 0f 34 06 00 0f 32 0b 70 01 0f 06 00 	0d000400020p0000
  0x9dd0	0f 64 08 00 0f 34 07 00 0f 32 0b 70 01 04 01 00 	0d000400020p0000
  0x9de0	04 42 00 00 01 14 08 00 14 64 0a 00 14 54 09 00 	0B0000000d000T00
  0x9df0	14 34 08 00 14 52 10 70 01 04 01 00 04 62 00 00 	04000R0p00000b00
  0x9e00	01 16 0a 00 16 54 10 00 16 34 0f 00 16 72 12 f0 	00000T0004000r00
  0x9e10	10 e0 0e d0 0c 70 0b 60 01 11 07 00 11 a2 0d f0 	00000p0`00000000
  0x9e20	0b e0 09 70 08 60 07 50 06 30 00 00 19 30 0c 00 	000p0`0P00000000
  0x9e30	22 74 19 00 22 64 18 00 22 34 17 00 22 f2 18 f0 	"t00"d00"400"000
  0x9e40	16 e0 14 d0 12 c0 10 50 68 80 00 00 70 00 00 00 	0000000Ph000p000
  0x9e50	09 06 02 00 06 52 02 30 4a 7e 00 00 01 00 00 00 	00000R00J~000000
  0x9e60	d5 49 00 00 f1 49 00 00 01 00 00 00 f3 49 00 00 	0I000I0000000I00
  0x9e70	09 0a 04 00 0a 34 06 00 0a 32 06 70 4a 7e 00 00 	00000400020pJ~00
  0x9e80	01 00 00 00 c8 4a 00 00 10 4b 00 00 01 00 00 00 	00000J000K000000
  0x9e90	1a 4b 00 00 01 12 05 00 12 42 0e 70 0d 60 0c 50 	0K0000000B0p0`0P
  0x9ea0	0b 30 00 00 01 14 08 00 14 64 09 00 14 54 08 00 	000000000d000T00
  0x9eb0	14 34 07 00 14 32 10 70 19 15 02 00 06 d2 02 30 	0400020p00000000
  0x9ec0	68 80 00 00 60 00 00 00 19 1e 06 00 0f 64 0c 00 	h000`00000000d00
  0x9ed0	0f 34 0b 00 0f 72 0b 70 68 80 00 00 30 00 00 00 	04000r0ph0000000
  0x9ee0	19 27 07 00 16 01 50 01 07 e0 05 70 04 60 03 30 	0'0000P0000p0`00
  0x9ef0	02 50 00 00 68 80 00 00 70 0a 00 00 01 0a 04 00 	0P00h000p0000000
  0x9f00	0a 34 07 00 0a 32 06 70 01 0f 06 00 0f 64 0d 00 	0400020p00000d00
  0x9f10	0f 34 0c 00 0f 92 0b 70 01 1d 0a 00 1d 74 0d 00 	0400000p00000t00
  0x9f20	1d 64 0b 00 1d 34 0a 00 1d 52 19 f0 17 e0 15 c0 	0d0004000R000000
  0x9f30	01 17 0a 00 17 34 12 00 17 92 10 f0 0e e0 0c d0 	0000040000000000
  0x9f40	0a c0 08 70 07 60 06 50 01 1c 0c 00 1c 64 0e 00 	000p0`0P00000d00
  0x9f50	1c 54 0d 00 1c 34 0c 00 1c 52 18 f0 16 e0 14 d0 	0T0004000R000000
  0x9f60	12 c0 10 70 01 37 0e 00 37 78 05 00 30 68 06 00 	000p07007x000h00
  0x9f70	1a 34 16 00 1a d2 16 f0 14 e0 12 d0 10 c0 0e 70 	040000000000000p
  0x9f80	0d 60 0c 50 01 15 08 00 15 74 08 00 15 64 07 00 	0`0P00000t000d00
  0x9f90	15 34 06 00 15 32 11 e0 01 18 0a 00 18 64 0a 00 	0400020000000d00
  0x9fa0	18 54 09 00 18 34 08 00 18 32 14 f0 12 e0 10 70 	0T0004000200000p
  0x9fb0	01 22 09 00 22 c2 1b f0 19 e0 17 d0 15 c0 13 70 	0"00"0000000000p
  0x9fc0	12 60 11 30 10 50 00 00 01 0a 02 00 0a 32 06 30 	0`000P0000000200
  0x9fd0	01 0f 04 00 0f 34 07 00 0f 32 0b 70 01 12 08 00 	00000400020p0000
  0x9fe0	12 54 0a 00 12 34 09 00 12 32 0e e0 0c 70 0b 60 	0T00040002000p0`
  0x9ff0	01 0b 04 00 0b 68 02 00 06 52 02 30 01 14 06 00 	00000h000R000000
  0xa000	14 64 08 00 14 34 07 00 14 32 10 70 01 19 0a 00 	0d000400020p0000
  0xa010	19 74 09 00 19 64 08 00 19 54 07 00 19 34 06 00 	0t000d000T000400
  0xa020	19 32 15 e0 09 15 08 00 15 74 0a 00 15 64 09 00 	020000000t000d00
  0xa030	15 34 08 00 15 52 11 f0 4a 7e 00 00 01 00 00 00 	04000R00J~000000
  0xa040	35 79 00 00 9b 7a 00 00 20 81 00 00 9b 7a 00 00 	5y000z00 0000z00
  0xa050	01 06 02 00 06 32 02 50 01 00 00 00 09 04 01 00 	0000020P00000000
  0xa060	04 22 00 00 4a 7e 00 00 01 00 00 00 cc 7b 00 00 	0"00J~0000000{00
  0xa070	02 7c 00 00 01 00 00 00 02 7c 00 00 09 0a 04 00 	0|0000000|000000
  0xa080	0a 34 06 00 0a 32 06 70 4a 7e 00 00 01 00 00 00 	0400020pJ~000000
  0xa090	dd 7c 00 00 10 7d 00 00 50 81 00 00 10 7d 00 00 	0|000}00P0000}00
  0xa0a0	01 0d 04 00 0d 34 09 00 0d 32 06 50 01 0c 02 00 	00000400020P0000
  0xa0b0	0c 01 11 00 00 00 00 00 01 00 00 00 01 02 01 00 	0000000000000000
  0xa0c0	02 30 00 00 a0 a6 00 00 00 00 00 00 00 00 00 00 	0000000000000000
  0xa0d0	6c a8 00 00 70 94 00 00 90 a6 00 00 00 00 00 00 	l000p00000000000
  0xa0e0	00 00 00 00 bc aa 00 00 60 94 00 00 58 a5 00 00 	00000000`000X000
  0xa0f0	00 00 00 00 00 00 00 00 e0 aa 00 00 28 93 00 00 	000000000000(000
  0xa100	70 a6 00 00 00 00 00 00 00 00 00 00 04 ab 00 00 	p000000000000000
  0xa110	40 94 00 00 20 a4 00 00 00 00 00 00 00 00 00 00 	@000 00000000000
  0xa120	2a ab 00 00 f0 91 00 00 10 a5 00 00 00 00 00 00 	*000000000000000
  0xa130	00 00 00 00 54 ab 00 00 e0 92 00 00 90 a5 00 00 	0000T00000000000
  0xa140	00 00 00 00 00 00 00 00 7e ab 00 00 60 93 00 00 	00000000~000`000
  0xa150	60 a4 00 00 00 00 00 00 00 00 00 00 a2 ab 00 00 	`000000000000000
  0xa160	30 92 00 00 20 a6 00 00 00 00 00 00 00 00 00 00 	0000 00000000000
  0xa170	c4 ab 00 00 f0 93 00 00 b8 a4 00 00 00 00 00 00 	0000000000000000
  0xa180	00 00 00 00 e6 ab 00 00 88 92 00 00 48 a5 00 00 	000000000000H000
  0xa190	00 00 00 00 00 00 00 00 10 ac 00 00 18 93 00 00 	0000000000000000
  0xa1a0	30 a6 00 00 00 00 00 00 00 00 00 00 34 ac 00 00 	0000000000004000
  0xa1b0	00 94 00 00 a0 a5 00 00 00 00 00 00 00 00 00 00 	0000000000000000
  0xa1c0	58 ac 00 00 70 93 00 00 88 a7 00 00 00 00 00 00 	X000p00000000000
  0xa1d0	00 00 00 00 ac ac 00 00 58 95 00 00 70 a3 00 00 	00000000X000p000
  0xa1e0	00 00 00 00 00 00 00 00 fa ac 00 00 40 91 00 00 	000000000000@000
  0xa1f0	b8 a3 00 00 00 00 00 00 00 00 00 00 32 ad 00 00 	0000000000002000
  0xa200	88 91 00 00 90 a3 00 00 00 00 00 00 00 00 00 00 	0000000000000000
  0xa210	50 ad 00 00 60 91 00 00 78 a7 00 00 00 00 00 00 	P000`000x0000000
  0xa220	00 00 00 00 70 ad 00 00 48 95 00 00 a0 a7 00 00 	0000p000H0000000
  0xa230	00 00 00 00 00 00 00 00 92 ad 00 00 70 95 00 00 	000000000000p000
  0xa240	58 a3 00 00 00 00 00 00 00 00 00 00 be ad 00 00 	X000000000000000
  0xa250	28 91 00 00 a0 a3 00 00 00 00 00 00 00 00 00 00 	(000000000000000
  0xa260	e8 ad 00 00 70 91 00 00 d0 a4 00 00 00 00 00 00 	0000p00000000000
  0xa270	00 00 00 00 b0 b0 00 00 a0 92 00 00 a8 a4 00 00 	0000000000000000
  0xa280	00 00 00 00 00 00 00 00 d8 b0 00 00 78 92 00 00 	000000000000x000
  0xa290	c0 a5 00 00 00 00 00 00 00 00 00 00 f8 b0 00 00 	0000000000000000
  0xa2a0	90 93 00 00 e8 a5 00 00 00 00 00 00 00 00 00 00 	0000000000000000
  0xa2b0	24 b1 00 00 b8 93 00 00 48 a4 00 00 00 00 00 00 	$0000000H0000000
  0xa2c0	00 00 00 00 46 b1 00 00 18 92 00 00 f0 a3 00 00 	0000F00000000000
  0xa2d0	00 00 00 00 00 00 00 00 66 b1 00 00 c0 91 00 00 	00000000f0000000
  0xa2e0	00 a5 00 00 00 00 00 00 00 00 00 00 8a b1 00 00 	0000000000000000
  0xa2f0	d0 92 00 00 08 a6 00 00 00 00 00 00 00 00 00 00 	0000000000000000
  0xa300	b8 b1 00 00 d8 93 00 00 f0 a4 00 00 00 00 00 00 	0000000000000000
  0xa310	00 00 00 00 e4 b1 00 00 c0 92 00 00 70 a4 00 00 	000000000000p000
  0xa320	00 00 00 00 00 00 00 00 16 b2 00 00 40 92 00 00 	000000000000@000
  0xa330	50 a6 00 00 00 00 00 00 00 00 00 00 36 b2 00 00 	P000000000006000
  0xa340	20 94 00 00 00 00 00 00 00 00 00 00 00 00 00 00 	 000000000000000
  0xa350	00 00 00 00 00 00 00 00 9e ad 00 00 00 00 00 00 	0000000000000000
  0xa360	ae ad 00 00 00 00 00 00 00 00 00 00 00 00 00 00 	0000000000000000
  0xa370	e0 ac 00 00 00 00 00 00 ca ac 00 00 00 00 00 00 	0000000000000000
  0xa380	b6 ac 00 00 00 00 00 00 00 00 00 00 00 00 00 00 	0000000000000000
  0xa390	3e ad 00 00 00 00 00 00 00 00 00 00 00 00 00 00 	>000000000000000
  0xa3a0	cc ad 00 00 00 00 00 00 da ad 00 00 00 00 00 00 	0000000000000000
  0xa3b0	00 00 00 00 00 00 00 00 74 00 00 00 00 00 00 80 	00000000t0000000
  0xa3c0	02 ad 00 00 00 00 00 00 22 ad 00 00 00 00 00 00 	00000000"0000000
  0xa3d0	73 00 00 00 00 00 00 80 6f 00 00 00 00 00 00 80 	s0000000o0000000
  0xa3e0	12 ad 00 00 00 00 00 00 00 00 00 00 00 00 00 00 	0000000000000000
  0xa3f0	bc af 00 00 00 00 00 00 90 af 00 00 00 00 00 00 	0000000000000000
  0xa400	72 af 00 00 00 00 00 00 02 af 00 00 00 00 00 00 	r000000000000000
  0xa410	da af 00 00 00 00 00 00 00 00 00 00 00 00 00 00 	0000000000000000
  0xa420	4a a9 00 00 00 00 00 00 ca a8 00 00 00 00 00 00 	J000000000000000
  0xa430	a8 a9 00 00 00 00 00 00 8c aa 00 00 00 00 00 00 	0000000000000000
  0xa440	00 00 00 00 00 00 00 00 f4 ae 00 00 00 00 00 00 	0000000000000000
  0xa450	ce af 00 00 00 00 00 00 00 00 00 00 00 00 00 00 	0000000000000000
  0xa460	6c a9 00 00 00 00 00 00 00 00 00 00 00 00 00 00 	l000000000000000
  0xa470	32 b0 00 00 00 00 00 00 08 b0 00 00 00 00 00 00 	2000000000000000
  0xa480	fc af 00 00 00 00 00 00 ea af 00 00 00 00 00 00 	0000000000000000
  0xa490	24 b0 00 00 00 00 00 00 18 b0 00 00 00 00 00 00 	$000000000000000
  0xa4a0	00 00 00 00 00 00 00 00 a6 ae 00 00 00 00 00 00 	0000000000000000
  0xa4b0	00 00 00 00 00 00 00 00 54 b0 00 00 00 00 00 00 	00000000T0000000
  0xa4c0	c6 a9 00 00 00 00 00 00 00 00 00 00 00 00 00 00 	0000000000000000
  0xa4d0	4e af 00 00 00 00 00 00 94 ae 00 00 00 00 00 00 	N000000000000000
  0xa4e0	7e ae 00 00 00 00 00 00 00 00 00 00 00 00 00 00 	~000000000000000
  0xa4f0	60 af 00 00 00 00 00 00 00 00 00 00 00 00 00 00 	`000000000000000
  0xa500	14 af 00 00 00 00 00 00 00 00 00 00 00 00 00 00 	0000000000000000
  0xa510	a8 aa 00 00 00 00 00 00 da a8 00 00 00 00 00 00 	0000000000000000
  0xa520	82 af 00 00 00 00 00 00 f4 a9 00 00 00 00 00 00 	0000000000000000
  0xa530	14 a9 00 00 00 00 00 00 0a aa 00 00 00 00 00 00 	0000000000000000
  0xa540	00 00 00 00 00 00 00 00 da a9 00 00 00 00 00 00 	0000000000000000
  0xa550	00 00 00 00 00 00 00 00 04 a9 00 00 00 00 00 00 	0000000000000000
  0xa560	5a a9 00 00 00 00 00 00 8e a8 00 00 00 00 00 00 	Z000000000000000
  0xa570	28 a9 00 00 00 00 00 00 3a a9 00 00 00 00 00 00 	(0000000:0000000
  0xa580	7a a9 00 00 00 00 00 00 00 00 00 00 00 00 00 00 	z000000000000000
  0xa590	ee a8 00 00 00 00 00 00 00 00 00 00 00 00 00 00 	0000000000000000
  0xa5a0	5e aa 00 00 00 00 00 00 78 aa 00 00 00 00 00 00 	^0000000x0000000
  0xa5b0	4a aa 00 00 00 00 00 00 00 00 00 00 00 00 00 00 	J000000000000000
  0xa5c0	b2 ae 00 00 00 00 00 00 d4 ae 00 00 00 00 00 00 	0000000000000000
  0xa5d0	c8 ae 00 00 00 00 00 00 be ae 00 00 00 00 00 00 	0000000000000000
  0xa5e0	00 00 00 00 00 00 00 00 3c af 00 00 00 00 00 00 	00000000<0000000
  0xa5f0	a6 af 00 00 00 00 00 00 de ae 00 00 00 00 00 00 	0000000000000000
  0xa600	00 00 00 00 00 00 00 00 24 af 00 00 00 00 00 00 	00000000$0000000
  0xa610	30 af 00 00 00 00 00 00 00 00 00 00 00 00 00 00 	0000000000000000
  0xa620	a0 a9 00 00 00 00 00 00 00 00 00 00 00 00 00 00 	0000000000000000
  0xa630	20 aa 00 00 00 00 00 00 3e b0 00 00 00 00 00 00 	 0000000>0000000
  0xa640	3a aa 00 00 00 00 00 00 00 00 00 00 00 00 00 00 	:000000000000000
  0xa650	6a b0 00 00 00 00 00 00 86 b0 00 00 00 00 00 00 	j000000000000000
  0xa660	9e b0 00 00 00 00 00 00 00 00 00 00 00 00 00 00 	0000000000000000
  0xa670	a2 a8 00 00 00 00 00 00 88 a9 00 00 00 00 00 00 	0000000000000000
  0xa680	b2 a8 00 00 00 00 00 00 00 00 00 00 00 00 00 00 	0000000000000000
  0xa690	78 a8 00 00 00 00 00 00 00 00 00 00 00 00 00 00 	x000000000000000
  0xa6a0	60 ae 00 00 00 00 00 00 4e ae 00 00 00 00 00 00 	`0000000N0000000
  0xa6b0	44 ae 00 00 00 00 00 00 0e ae 00 00 00 00 00 00 	D000000000000000
  0xa6c0	5a b2 00 00 00 00 00 00 f8 a7 00 00 00 00 00 00 	Z000000000000000
  0xa6d0	00 a8 00 00 00 00 00 00 f0 a7 00 00 00 00 00 00 	0000000000000000
  0xa6e0	0a a8 00 00 00 00 00 00 de a7 00 00 00 00 00 00 	0000000000000000
  0xa6f0	cc a7 00 00 00 00 00 00 be a7 00 00 00 00 00 00 	0000000000000000
  0xa700	58 a8 00 00 00 00 00 00 3a ae 00 00 00 00 00 00 	X0000000:0000000
  0xa710	4c a8 00 00 00 00 00 00 42 a8 00 00 00 00 00 00 	L0000000B0000000
  0xa720	30 ae 00 00 00 00 00 00 2a a8 00 00 00 00 00 00 	00000000*0000000
  0xa730	1e a8 00 00 00 00 00 00 f4 ad 00 00 00 00 00 00 	0000000000000000
  0xa740	74 ae 00 00 00 00 00 00 26 ae 00 00 00 00 00 00 	t0000000&0000000
  0xa750	1c ae 00 00 00 00 00 00 6a ae 00 00 00 00 00 00 	00000000j0000000
  0xa760	02 ae 00 00 00 00 00 00 b0 a7 00 00 00 00 00 00 	0000000000000000
  0xa770	00 00 00 00 00 00 00 00 5c ad 00 00 00 00 00 00 	0000000000000000
  0xa780	00 00 00 00 00 00 00 00 94 ac 00 00 00 00 00 00 	0000000000000000
  0xa790	7e ac 00 00 00 00 00 00 00 00 00 00 00 00 00 00 	~000000000000000
  0xa7a0	7e ad 00 00 00 00 00 00 00 00 00 00 00 00 00 00 	~000000000000000
  0xa7b0	55 00 5f 58 63 70 74 46 69 6c 74 65 72 00 ae 00 	U0_XcptFilter000
  0xa7c0	5f 61 6d 73 67 5f 65 78 69 74 00 00 9d 00 5f 5f 	_amsg_exit0000__
  0xa7d0	77 67 65 74 6d 61 69 6e 61 72 67 73 00 00 8e 00 	wgetmainargs0000
  0xa7e0	5f 5f 73 65 74 5f 61 70 70 5f 74 79 70 65 00 00 	__set_app_type00
  0xa7f0	32 04 65 78 69 74 00 00 0e 01 5f 65 78 69 74 00 	20exit0000_exit0
  0xa800	c1 00 5f 63 65 78 69 74 00 00 90 00 5f 5f 73 65 	00_cexit0000__se
  0xa810	74 75 73 65 72 6d 61 74 68 65 72 72 00 00 7d 01 	tusermatherr00}0
  0xa820	5f 69 6e 69 74 74 65 72 6d 00 57 00 5f 5f 43 5f 	_initterm0W0__C_
  0xa830	73 70 65 63 69 66 69 63 5f 68 61 6e 64 6c 65 72 	specific_handler
  0xa840	00 00 27 01 5f 66 6d 6f 64 65 00 00 d2 00 5f 63 	00'0_fmode0000_c
  0xa850	6f 6d 6d 6f 64 65 00 00 2f 00 3f 74 65 72 6d 69 	ommode00/0?termi
  0xa860	6e 61 74 65 40 40 59 41 58 58 5a 00 6d 73 76 63 	nate@@YAXXZ0msvc
  0xa870	72 74 2e 64 6c 6c 00 00 42 00 47 65 74 54 6f 6b 	rt.dll00B0GetTok
  0xa880	65 6e 49 6e 66 6f 72 6d 61 74 69 6f 6e 00 25 00 	enInformation0%0
  0xa890	52 65 67 51 75 65 72 79 56 61 6c 75 65 45 78 57 	RegQueryValueExW
  0xa8a0	00 00 05 00 52 65 70 6f 72 74 45 76 65 6e 74 57 	0000ReportEventW
  0xa8b0	00 00 03 00 52 65 67 69 73 74 65 72 45 76 65 6e 	0000RegisterEven
  0xa8c0	74 53 6f 75 72 63 65 57 00 00 0d 00 53 65 74 4c 	tSourceW0000SetL
  0xa8d0	61 73 74 45 72 72 6f 72 00 00 0c 00 47 65 74 43 	astError0000GetC
  0xa8e0	75 72 72 65 6e 74 50 72 6f 63 65 73 73 00 01 00 	urrentProcess000
  0xa8f0	52 65 67 43 6f 6e 6e 65 63 74 52 65 67 69 73 74 	RegConnectRegist
  0xa900	72 79 57 00 1e 00 52 65 67 4f 70 65 6e 4b 65 79 	ryW000RegOpenKey
  0xa910	45 78 57 00 02 00 4f 70 65 6e 50 72 6f 63 65 73 	ExW000OpenProces
  0xa920	73 54 6f 6b 65 6e 00 00 2e 00 52 65 67 53 65 74 	sToken00.0RegSet
  0xa930	56 61 6c 75 65 45 78 57 00 00 0e 00 52 65 67 45 	ValueExW0000RegE
  0xa940	6e 75 6d 4b 65 79 45 78 57 00 05 00 47 65 74 4c 	numKeyExW000GetL
  0xa950	61 73 74 45 72 72 6f 72 00 00 03 00 52 65 67 43 	astError0000RegC
  0xa960	72 65 61 74 65 4b 65 79 45 78 57 00 00 00 43 6c 	reateKeyExW000Cl
  0xa970	6f 73 65 48 61 6e 64 6c 65 00 00 00 52 65 67 43 	oseHandle000RegC
  0xa980	6c 6f 73 65 4b 65 79 00 00 00 44 65 72 65 67 69 	loseKey000Deregi
  0xa990	73 74 65 72 45 76 65 6e 74 53 6f 75 72 63 65 00 	sterEventSource0
  0xa9a0	2d 00 53 6c 65 65 70 00 0f 00 53 65 74 55 6e 68 	-0Sleep000SetUnh
  0xa9b0	61 6e 64 6c 65 64 45 78 63 65 70 74 69 6f 6e 46 	andledExceptionF
  0xa9c0	69 6c 74 65 72 00 14 00 47 65 74 4d 6f 64 75 6c 	ilter000GetModul
  0xa9d0	65 48 61 6e 64 6c 65 57 00 00 00 00 51 75 65 72 	eHandleW0000Quer
  0xa9e0	79 50 65 72 66 6f 72 6d 61 6e 63 65 43 6f 75 6e 	yPerformanceCoun
  0xa9f0	74 65 72 00 0d 00 47 65 74 43 75 72 72 65 6e 74 	ter000GetCurrent
  0xaa00	50 72 6f 63 65 73 73 49 64 00 11 00 47 65 74 43 	ProcessId000GetC
  0xaa10	75 72 72 65 6e 74 54 68 72 65 61 64 49 64 00 00 	urrentThreadId00
  0xaa20	16 00 47 65 74 53 79 73 74 65 6d 54 69 6d 65 41 	00GetSystemTimeA
  0xaa30	73 46 69 6c 65 54 69 6d 65 00 1a 00 47 65 74 54 	sFileTime000GetT
  0xaa40	69 63 6b 43 6f 75 6e 74 00 00 f2 02 52 74 6c 43 	ickCount0000RtlC
  0xaa50	61 70 74 75 72 65 43 6f 6e 74 65 78 74 00 e8 04 	aptureContext000
  0xaa60	52 74 6c 4c 6f 6f 6b 75 70 46 75 6e 63 74 69 6f 	RtlLookupFunctio
  0xaa70	6e 45 6e 74 72 79 00 00 27 06 52 74 6c 56 69 72 	nEntry00'0RtlVir
  0xaa80	74 75 61 6c 55 6e 77 69 6e 64 00 00 11 00 55 6e 	tualUnwind0000Un
  0xaa90	68 61 6e 64 6c 65 64 45 78 63 65 70 74 69 6f 6e 	handledException
  0xaaa0	46 69 6c 74 65 72 00 00 4e 00 54 65 72 6d 69 6e 	Filter00N0Termin
  0xaab0	61 74 65 50 72 6f 63 65 73 73 00 00 61 70 69 2d 	ateProcess00api-
  0xaac0	6d 73 2d 77 69 6e 2d 73 65 63 75 72 69 74 79 2d 	ms-win-security-
  0xaad0	62 61 73 65 2d 6c 31 2d 31 2d 30 2e 64 6c 6c 00 	base-l1-1-0.dll0
  0xaae0	61 70 69 2d 6d 73 2d 77 69 6e 2d 63 6f 72 65 2d 	api-ms-win-core-
  0xaaf0	72 65 67 69 73 74 72 79 2d 6c 31 2d 31 2d 30 2e 	registry-l1-1-0.
  0xab00	64 6c 6c 00 61 70 69 2d 6d 73 2d 77 69 6e 2d 65 	dll0api-ms-win-e
  0xab10	76 65 6e 74 6c 6f 67 2d 6c 65 67 61 63 79 2d 6c 	ventlog-legacy-l
  0xab20	31 2d 31 2d 30 2e 64 6c 6c 00 61 70 69 2d 6d 73 	1-1-0.dll0api-ms
  0xab30	2d 77 69 6e 2d 63 6f 72 65 2d 65 72 72 6f 72 68 	-win-core-errorh
  0xab40	61 6e 64 6c 69 6e 67 2d 6c 31 2d 31 2d 30 2e 64 	andling-l1-1-0.d
  0xab50	6c 6c 00 00 61 70 69 2d 6d 73 2d 77 69 6e 2d 63 	ll00api-ms-win-c
  0xab60	6f 72 65 2d 70 72 6f 63 65 73 73 74 68 72 65 61 	ore-processthrea
  0xab70	64 73 2d 6c 31 2d 31 2d 30 2e 64 6c 6c 00 61 70 	ds-l1-1-0.dll0ap
  0xab80	69 2d 6d 73 2d 77 69 6e 2d 63 6f 72 65 2d 72 65 	i-ms-win-core-re
  0xab90	67 69 73 74 72 79 2d 6c 32 2d 31 2d 30 2e 64 6c 	gistry-l2-1-0.dl
  0xaba0	6c 00 61 70 69 2d 6d 73 2d 77 69 6e 2d 63 6f 72 	l0api-ms-win-cor
  0xabb0	65 2d 68 61 6e 64 6c 65 2d 6c 31 2d 31 2d 30 2e 	e-handle-l1-1-0.
  0xabc0	64 6c 6c 00 61 70 69 2d 6d 73 2d 77 69 6e 2d 63 	dll0api-ms-win-c
  0xabd0	6f 72 65 2d 73 79 6e 63 68 2d 6c 31 2d 32 2d 30 	ore-synch-l1-2-0
  0xabe0	2e 64 6c 6c 00 00 61 70 69 2d 6d 73 2d 77 69 6e 	.dll00api-ms-win
  0xabf0	2d 63 6f 72 65 2d 6c 69 62 72 61 72 79 6c 6f 61 	-core-libraryloa
  0xac00	64 65 72 2d 6c 31 2d 32 2d 30 2e 64 6c 6c 00 00 	der-l1-2-0.dll00
  0xac10	61 70 69 2d 6d 73 2d 77 69 6e 2d 63 6f 72 65 2d 	api-ms-win-core-
  0xac20	70 72 6f 66 69 6c 65 2d 6c 31 2d 31 2d 30 2e 64 	profile-l1-1-0.d
  0xac30	6c 6c 00 00 61 70 69 2d 6d 73 2d 77 69 6e 2d 63 	ll00api-ms-win-c
  0xac40	6f 72 65 2d 73 79 73 69 6e 66 6f 2d 6c 31 2d 31 	ore-sysinfo-l1-1
  0xac50	2d 30 2e 64 6c 6c 00 00 61 70 69 2d 6d 73 2d 77 	-0.dll00api-ms-w
  0xac60	69 6e 2d 63 6f 72 65 2d 72 74 6c 73 75 70 70 6f 	in-core-rtlsuppo
  0xac70	72 74 2d 6c 31 2d 31 2d 30 2e 64 6c 6c 00 cb 06 	rt-l1-1-0.dll000
  0xac80	56 65 72 53 65 74 43 6f 6e 64 69 74 69 6f 6e 4d 	VerSetConditionM
  0xac90	61 73 6b 00 26 06 52 74 6c 56 65 72 69 66 79 56 	ask0&0RtlVerifyV
  0xaca0	65 72 73 69 6f 6e 49 6e 66 6f 00 00 6e 74 64 6c 	ersionInfo00ntdl
  0xacb0	6c 2e 64 6c 6c 00 32 00 57 4e 65 74 47 65 74 4c 	l.dll020WNetGetL
  0xacc0	61 73 74 45 72 72 6f 72 57 00 0d 00 57 4e 65 74 	astErrorW000WNet
  0xacd0	41 64 64 43 6f 6e 6e 65 63 74 69 6f 6e 32 57 00 	AddConnection2W0
  0xace0	15 00 57 4e 65 74 43 61 6e 63 65 6c 43 6f 6e 6e 	00WNetCancelConn
  0xacf0	65 63 74 69 6f 6e 32 57 00 00 4d 50 52 2e 64 6c 	ection2W00MPR.dl
  0xad00	6c 00 07 00 47 65 74 41 64 64 72 49 6e 66 6f 57 	l000GetAddrInfoW
  0xad10	00 00 09 00 47 65 74 4e 61 6d 65 49 6e 66 6f 57 	0000GetNameInfoW
  0xad20	00 00 02 00 46 72 65 65 41 64 64 72 49 6e 66 6f 	0000FreeAddrInfo
  0xad30	57 00 57 53 32 5f 33 32 2e 64 6c 6c 00 00 19 00 	W0WS2_32.dll0000
  0xad40	47 65 74 55 73 65 72 4e 61 6d 65 45 78 57 00 00 	GetUserNameExW00
  0xad50	53 73 70 69 43 6c 69 2e 64 6c 6c 00 01 00 4e 65 	SspiCli.dll000Ne
  0xad60	74 41 70 69 42 75 66 66 65 72 46 72 65 65 00 00 	tApiBufferFree00
  0xad70	6e 65 74 75 74 69 6c 73 2e 64 6c 6c 00 00 24 00 	netutils.dll00$0
  0xad80	4e 65 74 53 65 72 76 65 72 47 65 74 49 6e 66 6f 	NetServerGetInfo
  0xad90	00 00 73 72 76 63 6c 69 2e 64 6c 6c 00 00 7c 01 	00srvcli.dll00|0
  0xada0	4f 70 65 6e 45 76 65 6e 74 4c 6f 67 57 00 4c 00 	OpenEventLogW0L0
  0xadb0	43 6c 6f 73 65 45 76 65 6e 74 4c 6f 67 00 41 44 	CloseEventLog0AD
  0xadc0	56 41 50 49 33 32 2e 64 6c 6c 00 00 93 01 4c 6f 	VAPI32.dll0000Lo
  0xadd0	61 64 53 74 72 69 6e 67 57 00 2c 00 43 68 61 72 	adStringW0,0Char
  0xade0	55 70 70 65 72 57 00 00 55 53 45 52 33 32 2e 64 	UpperW00USER32.d
  0xadf0	6c 6c 00 00 81 00 5f 5f 69 6f 62 5f 66 75 6e 63 	ll0000__iob_func
  0xae00	00 00 82 02 5f 6d 65 6d 69 63 6d 70 00 00 69 03 	0000_memicmp00i0
  0xae10	5f 76 73 6e 77 70 72 69 6e 74 66 00 05 01 5f 65 	_vsnwprintf000_e
  0xae20	72 72 6e 6f 00 00 15 05 77 63 73 74 6f 64 00 00 	rrno0000wcstod00
  0xae30	18 05 77 63 73 74 6f 6c 00 00 1b 05 77 63 73 74 	00wcstol0000wcst
  0xae40	6f 75 6c 00 1b 01 5f 66 69 6c 65 6e 6f 00 55 01 	oul000_fileno0U0
  0xae50	5f 67 65 74 5f 6f 73 66 68 61 6e 64 6c 65 00 00 	_get_osfhandle00
  0xae60	45 04 66 70 72 69 6e 74 66 00 39 04 66 66 6c 75 	E0fprintf090fflu
  0xae70	73 68 00 00 16 05 77 63 73 74 6f 6b 00 00 3f 00 	sh0000wcstok00?0
  0xae80	53 65 74 54 68 72 65 61 64 55 49 4c 61 6e 67 75 	SetThreadUILangu
  0xae90	61 67 65 00 09 00 46 6f 72 6d 61 74 4d 65 73 73 	age000FormatMess
  0xaea0	61 67 65 57 00 00 0a 00 4c 6f 63 61 6c 46 72 65 	ageW0000LocalFre
  0xaeb0	65 00 0a 00 53 74 72 43 68 72 49 57 00 00 0d 00 	e000StrChrIW0000
  0xaec0	53 74 72 43 68 72 57 00 30 00 53 74 72 53 74 72 	StrChrW000StrStr
  0xaed0	49 57 00 00 33 00 53 74 72 53 74 72 57 00 07 00 	IW0030StrStrW000
  0xaee0	57 69 64 65 43 68 61 72 54 6f 4d 75 6c 74 69 42 	WideCharToMultiB
  0xaef0	79 74 65 00 31 00 47 65 74 46 69 6c 65 54 79 70 	yte010GetFileTyp
  0xaf00	65 00 06 00 47 65 74 43 6f 6e 73 6f 6c 65 4d 6f 	e000GetConsoleMo
  0xaf10	64 65 00 00 0c 00 47 65 74 53 74 64 48 61 6e 64 	de0000GetStdHand
  0xaf20	6c 65 00 00 0a 00 6c 73 74 72 6c 65 6e 41 00 00 	le0000lstrlenA00
  0xaf30	0b 00 6c 73 74 72 6c 65 6e 57 00 00 02 00 43 6f 	00lstrlenW0000Co
  0xaf40	6d 70 61 72 65 53 74 72 69 6e 67 57 00 00 1e 00 	mpareStringW0000
  0xaf50	47 65 74 54 68 72 65 61 64 4c 6f 63 61 6c 65 00 	GetThreadLocale0
  0xaf60	00 00 43 6f 6d 70 61 72 65 53 74 72 69 6e 67 41 	00CompareStringA
  0xaf70	00 00 13 00 57 72 69 74 65 43 6f 6e 73 6f 6c 65 	0000WriteConsole
  0xaf80	57 00 08 00 45 78 69 74 50 72 6f 63 65 73 73 00 	W000ExitProcess0
  0xaf90	07 00 47 65 74 43 6f 6e 73 6f 6c 65 4f 75 74 70 	00GetConsoleOutp
  0xafa0	75 74 43 50 00 00 06 00 4d 75 6c 74 69 42 79 74 	utCP0000MultiByt
  0xafb0	65 54 6f 57 69 64 65 43 68 61 72 00 11 00 53 65 	eToWideChar000Se
  0xafc0	74 43 6f 6e 73 6f 6c 65 4d 6f 64 65 00 00 49 00 	tConsoleMode00I0
  0xafd0	52 65 61 64 46 69 6c 65 00 00 0e 00 52 65 61 64 	ReadFile0000Read
  0xafe0	43 6f 6e 73 6f 6c 65 57 00 00 00 00 47 65 74 50 	ConsoleW0000GetP
  0xaff0	72 6f 63 65 73 73 48 65 61 70 00 00 06 00 48 65 	rocessHeap0000He
  0xb000	61 70 46 72 65 65 00 00 0d 00 48 65 61 70 56 61 	apFree0000HeapVa
  0xb010	6c 69 64 61 74 65 00 00 02 00 48 65 61 70 41 6c 	lidate0000HeapAl
  0xb020	6c 6f 63 00 09 00 48 65 61 70 52 65 41 6c 6c 6f 	loc000HeapReAllo
  0xb030	63 00 0b 00 48 65 61 70 53 69 7a 65 00 00 03 00 	c000HeapSize0000
  0xb040	47 65 74 43 6f 6d 70 75 74 65 72 4e 61 6d 65 45 	GetComputerNameE
  0xb050	78 57 00 00 10 00 47 65 74 4d 6f 64 75 6c 65 46 	xW0000GetModuleF
  0xb060	69 6c 65 4e 61 6d 65 57 00 00 01 00 47 65 74 46 	ileNameW0000GetF
  0xb070	69 6c 65 56 65 72 73 69 6f 6e 49 6e 66 6f 53 69 	ileVersionInfoSi
  0xb080	7a 65 45 78 57 00 00 00 47 65 74 46 69 6c 65 56 	zeExW000GetFileV
  0xb090	65 72 73 69 6f 6e 49 6e 66 6f 45 78 57 00 05 00 	ersionInfoExW000
  0xb0a0	56 65 72 51 75 65 72 79 56 61 6c 75 65 57 00 00 	VerQueryValueW00
  0xb0b0	61 70 69 2d 6d 73 2d 77 69 6e 2d 63 6f 72 65 2d 	api-ms-win-core-
  0xb0c0	6c 6f 63 61 6c 69 7a 61 74 69 6f 6e 2d 6c 31 2d 	localization-l1-
  0xb0d0	32 2d 30 2e 64 6c 6c 00 61 70 69 2d 6d 73 2d 77 	2-0.dll0api-ms-w
  0xb0e0	69 6e 2d 63 6f 72 65 2d 68 65 61 70 2d 6c 32 2d 	in-core-heap-l2-
  0xb0f0	31 2d 30 2e 64 6c 6c 00 61 70 69 2d 6d 73 2d 77 	1-0.dll0api-ms-w
  0xb100	69 6e 2d 63 6f 72 65 2d 73 68 6c 77 61 70 69 2d 	in-core-shlwapi-
  0xb110	6f 62 73 6f 6c 65 74 65 2d 6c 31 2d 31 2d 30 2e 	obsolete-l1-1-0.
  0xb120	64 6c 6c 00 61 70 69 2d 6d 73 2d 77 69 6e 2d 63 	dll0api-ms-win-c
  0xb130	6f 72 65 2d 73 74 72 69 6e 67 2d 6c 31 2d 31 2d 	ore-string-l1-1-
  0xb140	30 2e 64 6c 6c 00 61 70 69 2d 6d 73 2d 77 69 6e 	0.dll0api-ms-win
  0xb150	2d 63 6f 72 65 2d 66 69 6c 65 2d 6c 31 2d 31 2d 	-core-file-l1-1-
  0xb160	30 2e 64 6c 6c 00 61 70 69 2d 6d 73 2d 77 69 6e 	0.dll0api-ms-win
  0xb170	2d 63 6f 72 65 2d 63 6f 6e 73 6f 6c 65 2d 6c 31 	-core-console-l1
  0xb180	2d 31 2d 30 2e 64 6c 6c 00 00 61 70 69 2d 6d 73 	-1-0.dll00api-ms
  0xb190	2d 77 69 6e 2d 63 6f 72 65 2d 70 72 6f 63 65 73 	-win-core-proces
  0xb1a0	73 65 6e 76 69 72 6f 6e 6d 65 6e 74 2d 6c 31 2d 	senvironment-l1-
  0xb1b0	31 2d 30 2e 64 6c 6c 00 61 70 69 2d 6d 73 2d 77 	1-0.dll0api-ms-w
  0xb1c0	69 6e 2d 63 6f 72 65 2d 73 74 72 69 6e 67 2d 6f 	in-core-string-o
  0xb1d0	62 73 6f 6c 65 74 65 2d 6c 31 2d 31 2d 30 2e 64 	bsolete-l1-1-0.d
  0xb1e0	6c 6c 00 00 61 70 69 2d 6d 73 2d 77 69 6e 2d 63 	ll00api-ms-win-c
  0xb1f0	6f 72 65 2d 6c 6f 63 61 6c 69 7a 61 74 69 6f 6e 	ore-localization
  0xb200	2d 6f 62 73 6f 6c 65 74 65 2d 6c 31 2d 32 2d 30 	-obsolete-l1-2-0
  0xb210	2e 64 6c 6c 00 00 61 70 69 2d 6d 73 2d 77 69 6e 	.dll00api-ms-win
  0xb220	2d 63 6f 72 65 2d 68 65 61 70 2d 6c 31 2d 31 2d 	-core-heap-l1-1-
  0xb230	30 2e 64 6c 6c 00 61 70 69 2d 6d 73 2d 77 69 6e 	0.dll0api-ms-win
  0xb240	2d 63 6f 72 65 2d 76 65 72 73 69 6f 6e 2d 6c 31 	-core-version-l1
  0xb250	2d 31 2d 30 2e 64 6c 6c 00 00 96 04 6d 65 6d 73 	-1-0.dll0000mems
  0xb260	65 74 00 00 00 00 00 00 00 00 00 00 00 00 00 00 	et00000000000000
  0xb270	00 00 00 00 00 00 00 00 00 00 00 00 00 00 00 00 	0000000000000000
  0xb280	00 00 00 00 00 00 00 00 00 00 00 00 00 00 00 00 	0000000000000000
  0xb290	00 00 00 00 00 00 00 00 00 00 00 00 00 00 00 00 	0000000000000000
  0xb2a0	00 00 00 00 00 00 00 00 00 00 00 00 00 00 00 00 	0000000000000000
  0xb2b0	00 00 00 00 00 00 00 00 00 00 00 00 00 00 00 00 	0000000000000000
  0xb2c0	00 00 00 00 00 00 00 00 00 00 00 00 00 00 00 00 	0000000000000000
  0xb2d0	00 00 00 00 00 00 00 00 00 00 00 00 00 00 00 00 	0000000000000000
  0xb2e0	00 00 00 00 00 00 00 00 00 00 00 00 00 00 00 00 	0000000000000000
  0xb2f0	00 00 00 00 00 00 00 00 00 00 00 00 00 00 00 00 	0000000000000000
  0xb300	00 00 00 00 00 00 00 00 00 00 00 00 00 00 00 00 	0000000000000000
  0xb310	00 00 00 00 00 00 00 00 00 00 00 00 00 00 00 00 	0000000000000000
  0xb320	00 00 00 00 00 00 00 00 00 00 00 00 00 00 00 00 	0000000000000000
  0xb330	00 00 00 00 00 00 00 00 00 00 00 00 00 00 00 00 	0000000000000000
  0xb340	00 00 00 00 00 00 00 00 00 00 00 00 00 00 00 00 	0000000000000000
  0xb350	00 00 00 00 00 00 00 00 00 00 00 00 00 00 00 00 	0000000000000000
  0xb360	00 00 00 00 00 00 00 00 00 00 00 00 00 00 00 00 	0000000000000000
  0xb370	00 00 00 00 00 00 00 00 00 00 00 00 00 00 00 00 	0000000000000000
  0xb380	00 00 00 00 00 00 00 00 00 00 00 00 00 00 00 00 	0000000000000000
  0xb390	00 00 00 00 00 00 00 00 00 00 00 00 00 00 00 00 	0000000000000000
  0xb3a0	00 00 00 00 00 00 00 00 00 00 00 00 00 00 00 00 	0000000000000000
  0xb3b0	00 00 00 00 00 00 00 00 00 00 00 00 00 00 00 00 	0000000000000000
  0xb3c0	00 00 00 00 00 00 00 00 00 00 00 00 00 00 00 00 	0000000000000000
  0xb3d0	00 00 00 00 00 00 00 00 00 00 00 00 00 00 00 00 	0000000000000000
  0xb3e0	00 00 00 00 00 00 00 00 00 00 00 00 00 00 00 00 	0000000000000000
  0xb3f0	00 00 00 00 00 00 00 00 00 00 00 00 00 00 00 00 	0000000000000000
=== DATA BLOCK END ===

=== DATA BLOCK ADDRESS 0xc000 ===
  0xc000	01 00 00 00 00 00 00 00 32 a2 df 2d 99 2b 00 00 	00000000200-0+00
  0xc010	cd 5d 20 d2 66 d4 ff ff 00 00 00 00 00 00 00 00 	0] 0f00000000000
  0xc020	41 00 70 00 70 00 6c 00 69 00 63 00 61 00 74 00 	A0p0p0l0i0c0a0t0
  0xc030	69 00 6f 00 6e 00 00 00 45 00 76 00 65 00 6e 00 	i0o0n000E0v0e0n0
  0xc040	74 00 43 00 72 00 65 00 61 00 74 00 65 00 00 00 	t0C0r0e0a0t0e000
  0xc050	00 00 00 00 00 00 00 00 00 00 00 00 00 00 00 00 	0000000000000000
  0xc060	00 00 00 00 00 00 00 00 00 00 00 00 00 00 00 00 	0000000000000000
  0xc070	00 00 00 00 00 00 00 00 00 00 00 00 00 00 00 00 	0000000000000000
  0xc080	00 00 00 00 00 00 00 00 00 00 00 00 00 00 00 00 	0000000000000000
  0xc090	00 00 00 00 00 00 00 00 00 00 00 00 00 00 00 00 	0000000000000000
  0xc0a0	00 00 00 00 00 00 00 00 00 00 00 00 00 00 00 00 	0000000000000000
  0xc0b0	00 00 00 00 00 00 00 00 00 00 00 00 00 00 00 00 	0000000000000000
  0xc0c0	00 00 00 00 00 00 00 00 00 00 00 00 00 00 00 00 	0000000000000000
  0xc0d0	00 00 00 00 00 00 00 00 00 00 00 00 00 00 00 00 	0000000000000000
  0xc0e0	00 00 00 00 00 00 00 00 00 00 00 00 00 00 00 00 	0000000000000000
  0xc0f0	00 00 00 00 00 00 00 00 00 00 00 00 00 00 00 00 	0000000000000000
  0xc100	00 00 00 00 00 00 00 00 00 00 00 00 00 00 00 00 	0000000000000000
  0xc110	00 00 00 00 00 00 00 00 00 00 00 00 00 00 00 00 	0000000000000000
  0xc120	00 00 00 00 00 00 00 00 00 00 00 00 00 00 00 00 	0000000000000000
  0xc130	00 00 00 00 00 00 00 00 00 00 00 00 00 00 00 00 	0000000000000000
  0xc140	00 00 00 00 00 00 00 00 00 00 00 00 00 00 00 00 	0000000000000000
  0xc150	00 00 00 00 00 00 00 00 00 00 00 00 00 00 00 00 	0000000000000000
  0xc160	00 00 00 00 00 00 00 00 00 00 00 00 00 00 00 00 	0000000000000000
  0xc170	00 00 00 00 00 00 00 00 00 00 00 00 00 00 00 00 	0000000000000000
  0xc180	00 00 00 00 00 00 00 00 00 00 00 00 00 00 00 00 	0000000000000000
  0xc190	00 00 00 00 00 00 00 00 00 00 00 00 00 00 00 00 	0000000000000000
  0xc1a0	00 00 00 00 00 00 00 00 00 00 00 00 00 00 00 00 	0000000000000000
  0xc1b0	00 00 00 00 00 00 00 00 00 00 00 00 00 00 00 00 	0000000000000000
  0xc1c0	00 00 00 00 00 00 00 00 00 00 00 00 00 00 00 00 	0000000000000000
  0xc1d0	00 00 00 00 00 00 00 00 00 00 00 00 00 00 00 00 	0000000000000000
  0xc1e0	00 00 00 00 00 00 00 00 00 00 00 00 00 00 00 00 	0000000000000000
  0xc1f0	00 00 00 00 00 00 00 00 00 00 00 00 00 00 00 00 	0000000000000000
=== DATA BLOCK END ===

=== DATA BLOCK ADDRESS 0xd000 ===
  0xd000	08 10 00 00 9d 12 00 00 40 9c 00 00 a4 12 00 00 	00000000@0000000
  0xd010	91 14 00 00 5c 9c 00 00 98 14 00 00 65 1b 00 00 	000000000000e000
  0xd020	70 9c 00 00 6c 1b 00 00 5f 1d 00 00 98 9c 00 00 	p000l000_0000000
  0xd030	68 1d 00 00 77 23 00 00 ac 9c 00 00 80 23 00 00 	h000w#0000000#00
  0xd040	04 24 00 00 d0 9c 00 00 0c 24 00 00 ff 24 00 00 	0$0000000$000$00
  0xd050	dc 9c 00 00 08 25 00 00 72 25 00 00 dc 9c 00 00 	00000%00r%000000
  0xd060	78 25 00 00 89 27 00 00 e4 9c 00 00 d0 27 00 00 	x%000'0000000'00
  0xd070	65 28 00 00 d0 9c 00 00 6c 28 00 00 c2 29 00 00 	e(000000l(000)00
  0xd080	f8 9c 00 00 c8 29 00 00 9c 2a 00 00 0c 9d 00 00 	00000)000*000000
  0xd090	a4 2a 00 00 58 2b 00 00 14 9d 00 00 60 2b 00 00 	0*00X+000000`+00
  0xd0a0	96 2b 00 00 dc 9c 00 00 9c 2b 00 00 5f 2c 00 00 	0+0000000+00_,00
  0xd0b0	24 9d 00 00 68 2c 00 00 a8 2d 00 00 34 9d 00 00 	$000h,000-004000
  0xd0c0	b0 2d 00 00 81 2e 00 00 40 9d 00 00 c0 2e 00 00 	0-000.00@0000.00
  0xd0d0	2a 31 00 00 50 9d 00 00 30 31 00 00 1f 32 00 00 	*100P00001000200
  0xd0e0	64 9d 00 00 28 32 00 00 34 33 00 00 dc 9c 00 00 	d000(20043000000
  0xd0f0	3c 33 00 00 56 34 00 00 d0 9c 00 00 5c 34 00 00 	<300V40000000400
  0xd100	d6 34 00 00 d0 9c 00 00 dc 34 00 00 18 36 00 00 	0400000004000600
  0xd110	70 9d 00 00 20 36 00 00 de 36 00 00 8c 9d 00 00 	p000 60006000000
  0xd120	e4 36 00 00 a6 37 00 00 8c 9d 00 00 ac 37 00 00 	0600070000000700
  0xd130	e9 38 00 00 a0 9d 00 00 f0 38 00 00 4c 39 00 00 	080000000800L900
  0xd140	bc 9d 00 00 54 39 00 00 4b 3a 00 00 cc 9d 00 00 	0000T900K:000000
  0xd150	54 3a 00 00 e2 3a 00 00 dc 9d 00 00 e8 3a 00 00 	T:000:0000000:00
  0xd160	a1 3b 00 00 dc 9c 00 00 a8 3b 00 00 b3 3c 00 00 	0;0000000;000<00
  0xd170	d0 9c 00 00 bc 3c 00 00 5c 3d 00 00 e4 9d 00 00 	00000<000=000000
  0xd180	64 3d 00 00 c2 3d 00 00 f8 9d 00 00 c8 3d 00 00 	d=000=0000000=00
  0xd190	7c 41 00 00 00 9e 00 00 84 41 00 00 ba 43 00 00 	|A0000000A000C00
  0xd1a0	18 9e 00 00 c0 43 00 00 fa 44 00 00 e4 9d 00 00 	00000C000D000000
  0xd1b0	00 45 00 00 78 48 00 00 2c 9e 00 00 80 48 00 00 	0E00xH00,0000H00
  0xd1c0	1d 49 00 00 d0 9c 00 00 24 49 00 00 88 49 00 00 	0I000000$I000I00
  0xd1d0	dc 9c 00 00 90 49 00 00 66 4a 00 00 50 9e 00 00 	00000I00fJ00P000
  0xd1e0	6c 4a 00 00 b5 4b 00 00 70 9e 00 00 bc 4b 00 00 	lJ000K00p0000K00
  0xd1f0	26 4c 00 00 dc 9c 00 00 2c 4c 00 00 aa 4c 00 00 	&L000000,L000L00
  0xd200	94 9e 00 00 b0 4c 00 00 28 4d 00 00 d0 9c 00 00 	00000L00(M000000
  0xd210	30 4d 00 00 2e 4f 00 00 a4 9e 00 00 34 4f 00 00 	0M00.O0000004O00
  0xd220	29 50 00 00 b8 9e 00 00 30 50 00 00 34 51 00 00 	)P0000000P004Q00
  0xd230	c8 9e 00 00 3c 51 00 00 27 53 00 00 e0 9e 00 00 	0000<Q00'S000000
  0xd240	30 53 00 00 2e 54 00 00 fc 9e 00 00 34 54 00 00 	0S00.T0000004T00
  0xd250	36 56 00 00 08 9f 00 00 3c 56 00 00 21 57 00 00 	6V000000<V00!W00
  0xd260	dc 9c 00 00 28 57 00 00 0a 5a 00 00 18 9f 00 00 	0000(W000Z000000
  0xd270	10 5a 00 00 b8 5d 00 00 30 9f 00 00 c0 5d 00 00 	0Z000]0000000]00
  0xd280	a4 5e 00 00 bc 9d 00 00 ac 5e 00 00 b6 61 00 00 	0^0000000^000a00
  0xd290	48 9f 00 00 bc 61 00 00 5e 68 00 00 64 9f 00 00 	H0000a00^h00d000
  0xd2a0	64 68 00 00 96 69 00 00 84 9f 00 00 9c 69 00 00 	dh000i0000000i00
  0xd2b0	dc 6a 00 00 98 9f 00 00 e4 6a 00 00 9c 6b 00 00 	0j0000000j000k00
  0xd2c0	8c 9d 00 00 a4 6b 00 00 77 6f 00 00 b0 9f 00 00 	00000k00wo000000
  0xd2d0	c0 6f 00 00 52 70 00 00 8c 9d 00 00 58 70 00 00 	0o00Rp000000Xp00
  0xd2e0	d3 70 00 00 c8 9f 00 00 dc 70 00 00 b5 71 00 00 	0p0000000p000q00
  0xd2f0	98 9f 00 00 bc 71 00 00 1e 72 00 00 d0 9f 00 00 	00000q000r000000
  0xd300	24 72 00 00 99 72 00 00 cc 9d 00 00 a0 72 00 00 	$r000r0000000r00
  0xd310	34 73 00 00 dc 9f 00 00 3c 73 00 00 9f 73 00 00 	4s000000<s000s00
  0xd320	fc 9e 00 00 a8 73 00 00 0b 74 00 00 fc 9e 00 00 	00000s000t000000
  0xd330	14 74 00 00 7b 74 00 00 f0 9f 00 00 84 74 00 00 	0t00{t0000000t00
  0xd340	eb 74 00 00 f0 9f 00 00 f4 74 00 00 9c 75 00 00 	0t0000000t000u00
  0xd350	fc 9f 00 00 a4 75 00 00 fb 75 00 00 bc 9d 00 00 	00000u000u000000
  0xd360	04 76 00 00 44 76 00 00 dc 9d 00 00 4c 76 00 00 	0v00Dv000000Lv00
  0xd370	ab 76 00 00 dc 9d 00 00 b4 76 00 00 8a 77 00 00 	0v0000000v000w00
  0xd380	0c a0 00 00 90 77 00 00 dd 77 00 00 dc 9d 00 00 	00000w000w000000
  0xd390	f0 77 00 00 c3 78 00 00 dc 9d 00 00 d0 78 00 00 	0w000x0000000x00
  0xd3a0	19 79 00 00 f8 9d 00 00 20 79 00 00 de 7a 00 00 	0y000000 y000z00
  0xd3b0	24 a0 00 00 f0 7a 00 00 02 7b 00 00 dc 9d 00 00 	$0000z000{000000
  0xd3c0	20 7b 00 00 3e 7b 00 00 58 a0 00 00 50 7b 00 00 	 {00>{00X000P{00
  0xd3d0	89 7b 00 00 dc 9d 00 00 90 7b 00 00 a8 7b 00 00 	0{0000000{000{00
  0xd3e0	dc 9d 00 00 bc 7b 00 00 10 7c 00 00 5c a0 00 00 	00000{000|000000
  0xd3f0	18 7c 00 00 5d 7c 00 00 dc 9c 00 00 d0 7c 00 00 	0|00]|0000000|00
  0xd400	1d 7d 00 00 7c a0 00 00 64 7d 00 00 38 7e 00 00 	0}00|000d}008~00
  0xd410	a0 a0 00 00 6c 7e 00 00 a0 7e 00 00 dc 9c 00 00 	0000l~000~000000
  0xd420	b0 7e 00 00 21 80 00 00 ac a0 00 00 38 80 00 00 	0~00!00000008000
  0xd430	56 80 00 00 dc 9c 00 00 68 80 00 00 85 80 00 00 	V0000000h0000000
  0xd440	dc 9d 00 00 8c 80 00 00 e7 80 00 00 bc a0 00 00 	0000000000000000
  0xd450	10 81 00 00 12 81 00 00 b8 a0 00 00 20 81 00 00 	000000000000 000
  0xd460	3e 81 00 00 50 a0 00 00 50 81 00 00 70 81 00 00 	>000P000P000p000
  0xd470	50 a0 00 00 00 00 00 00 00 00 00 00 00 00 00 00 	P000000000000000
  0xd480	00 00 00 00 00 00 00 00 00 00 00 00 00 00 00 00 	0000000000000000
  0xd490	00 00 00 00 00 00 00 00 00 00 00 00 00 00 00 00 	0000000000000000
  0xd4a0	00 00 00 00 00 00 00 00 00 00 00 00 00 00 00 00 	0000000000000000
  0xd4b0	00 00 00 00 00 00 00 00 00 00 00 00 00 00 00 00 	0000000000000000
  0xd4c0	00 00 00 00 00 00 00 00 00 00 00 00 00 00 00 00 	0000000000000000
  0xd4d0	00 00 00 00 00 00 00 00 00 00 00 00 00 00 00 00 	0000000000000000
  0xd4e0	00 00 00 00 00 00 00 00 00 00 00 00 00 00 00 00 	0000000000000000
  0xd4f0	00 00 00 00 00 00 00 00 00 00 00 00 00 00 00 00 	0000000000000000
  0xd500	00 00 00 00 00 00 00 00 00 00 00 00 00 00 00 00 	0000000000000000
  0xd510	00 00 00 00 00 00 00 00 00 00 00 00 00 00 00 00 	0000000000000000
  0xd520	00 00 00 00 00 00 00 00 00 00 00 00 00 00 00 00 	0000000000000000
  0xd530	00 00 00 00 00 00 00 00 00 00 00 00 00 00 00 00 	0000000000000000
  0xd540	00 00 00 00 00 00 00 00 00 00 00 00 00 00 00 00 	0000000000000000
  0xd550	00 00 00 00 00 00 00 00 00 00 00 00 00 00 00 00 	0000000000000000
  0xd560	00 00 00 00 00 00 00 00 00 00 00 00 00 00 00 00 	0000000000000000
  0xd570	00 00 00 00 00 00 00 00 00 00 00 00 00 00 00 00 	0000000000000000
  0xd580	00 00 00 00 00 00 00 00 00 00 00 00 00 00 00 00 	0000000000000000
  0xd590	00 00 00 00 00 00 00 00 00 00 00 00 00 00 00 00 	0000000000000000
  0xd5a0	00 00 00 00 00 00 00 00 00 00 00 00 00 00 00 00 	0000000000000000
  0xd5b0	00 00 00 00 00 00 00 00 00 00 00 00 00 00 00 00 	0000000000000000
  0xd5c0	00 00 00 00 00 00 00 00 00 00 00 00 00 00 00 00 	0000000000000000
  0xd5d0	00 00 00 00 00 00 00 00 00 00 00 00 00 00 00 00 	0000000000000000
  0xd5e0	00 00 00 00 00 00 00 00 00 00 00 00 00 00 00 00 	0000000000000000
  0xd5f0	00 00 00 00 00 00 00 00 00 00 00 00 00 00 00 00 	0000000000000000
=== DATA BLOCK END ===
