===== Assembly blocks =====

=== CODE BLOCK ADDRESS 0x1000 ===
=== CODE BLOCK END ===

=== DATA BLOCK ADDRESS 0x9000 ===
  0x9000	a0 75 00 40 01 00 00 00 30 c1 00 40 01 00 00 00 	0u0@0000000@0000
  0x9010	d0 c1 00 40 01 00 00 00 e0 14 00 40 01 00 00 00 	000@0000000@0000
  0x9020	70 16 00 40 01 00 00 00 00 16 00 40 01 00 00 00 	p00@0000000@0000
  0x9030	b0 47 00 40 01 00 00 00 30 48 00 40 01 00 00 00 	0G0@00000H0@0000
  0x9040	50 11 00 40 01 00 00 00 90 17 00 40 01 00 00 00 	P00@0000000@0000
  0x9050	c0 1a 00 40 01 00 00 00 80 19 00 40 01 00 00 00 	000@0000000@0000
  0x9060	00 21 00 40 01 00 00 00 20 21 00 40 01 00 00 00 	0!0@0000 !0@0000
  0x9070	30 21 00 40 01 00 00 00 b0 24 00 40 01 00 00 00 	0!0@00000$0@0000
  0x9080	30 22 00 40 01 00 00 00 40 21 00 40 01 00 00 00 	0"0@0000@!0@0000
  0x9090	30 12 00 40 01 00 00 00 20 1d 00 40 01 00 00 00 	000@0000 00@0000
  0x90a0	40 1d 00 40 01 00 00 00 60 1d 00 40 01 00 00 00 	@00@0000`00@0000
  0x90b0	70 1d 00 40 01 00 00 00 00 1e 00 40 01 00 00 00 	p00@0000000@0000
  0x90c0	30 1e 00 40 01 00 00 00 30 1e 00 40 01 00 00 00 	000@0000000@0000
  0x90d0	f0 20 00 40 01 00 00 00 60 41 00 40 01 00 00 00 	0 0@0000`A0@0000
  0x90e0	30 12 00 40 01 00 00 00 20 1d 00 40 01 00 00 00 	000@0000 00@0000
  0x90f0	40 19 00 40 01 00 00 00 60 1d 00 40 01 00 00 00 	@00@0000`00@0000
  0x9100	70 1d 00 40 01 00 00 00 00 1e 00 40 01 00 00 00 	p00@0000000@0000
  0x9110	30 1e 00 40 01 00 00 00 30 1e 00 40 01 00 00 00 	000@0000000@0000
  0x9120	f0 20 00 40 01 00 00 00 60 41 00 40 01 00 00 00 	0 0@0000`A0@0000
  0x9130	c0 78 00 40 01 00 00 00 c0 78 00 40 01 00 00 00 	0x0@00000x0@0000
  0x9140	c0 78 00 40 01 00 00 00 b0 47 00 40 01 00 00 00 	0x0@00000G0@0000
  0x9150	30 48 00 40 01 00 00 00 50 11 00 40 01 00 00 00 	0H0@0000P00@0000
  0x9160	b0 41 00 40 01 00 00 00 c0 1a 00 40 01 00 00 00 	0A0@0000000@0000
  0x9170	80 19 00 40 01 00 00 00 b0 4b 00 40 01 00 00 00 	000@00000K0@0000
  0x9180	d0 4b 00 40 01 00 00 00 e0 4b 00 40 01 00 00 00 	0K0@00000K0@0000
  0x9190	d0 69 00 40 01 00 00 00 80 4b 00 40 01 00 00 00 	0i0@00000K0@0000
  0x91a0	a0 4b 00 40 01 00 00 00 c0 4b 00 40 01 00 00 00 	0K0@00000K0@0000
  0x91b0	f0 6a 00 40 01 00 00 00 f0 4b 00 40 01 00 00 00 	0j0@00000K0@0000
  0x91c0	70 4b 00 40 01 00 00 00 90 4b 00 40 01 00 00 00 	pK0@00000K0@0000
  0x91d0	e0 65 00 40 01 00 00 00 30 60 00 40 01 00 00 00 	0e0@00000`0@0000
  0x91e0	f0 60 00 40 01 00 00 00 10 61 00 40 01 00 00 00 	0`0@00000a0@0000
  0x91f0	50 68 00 40 01 00 00 00 30 61 00 40 01 00 00 00 	Ph0@00000a0@0000
  0x9200	40 69 00 40 01 00 00 00 a0 6c 00 40 01 00 00 00 	@i0@00000l0@0000
  0x9210	d0 55 00 40 01 00 00 00 70 56 00 40 01 00 00 00 	0U0@0000pV0@0000
  0x9220	a0 56 00 40 01 00 00 00 50 57 00 40 01 00 00 00 	0V0@0000PW0@0000
  0x9230	60 57 00 40 01 00 00 00 70 57 00 40 01 00 00 00 	`W0@0000pW0@0000
  0x9240	a0 57 00 40 01 00 00 00 c0 57 00 40 01 00 00 00 	0W0@00000W0@0000
  0x9250	f0 57 00 40 01 00 00 00 50 58 00 40 01 00 00 00 	0W0@0000PX0@0000
  0x9260	70 58 00 40 01 00 00 00 00 00 00 00 00 00 00 00 	pX0@000000000000
  0x9270	60 9d 00 40 01 00 00 00 00 00 00 80 ff ff ff ff 	`00@000000000000
  0x9280	70 9d 00 40 01 00 00 00 01 00 00 80 ff ff ff ff 	p00@000000000000
  0x9290	80 9d 00 40 01 00 00 00 02 00 00 80 ff ff ff ff 	000@000000000000
  0x92a0	90 9d 00 40 01 00 00 00 03 00 00 80 ff ff ff ff 	000@000000000000
  0x92b0	98 9d 00 40 01 00 00 00 04 00 00 80 ff ff ff ff 	000@000000000000
  0x92c0	a8 9d 00 40 01 00 00 00 06 00 00 80 ff ff ff ff 	000@000000000000
  0x92d0	b8 9d 00 40 01 00 00 00 05 00 00 80 ff ff ff ff 	000@000000000000
  0x92e0	c8 9d 00 40 01 00 00 00 00 00 00 80 ff ff ff ff 	000@000000000000
  0x92f0	f0 9d 00 40 01 00 00 00 01 00 00 80 ff ff ff ff 	000@000000000000
  0x9300	18 9e 00 40 01 00 00 00 02 00 00 80 ff ff ff ff 	000@000000000000
  0x9310	40 9e 00 40 01 00 00 00 03 00 00 80 ff ff ff ff 	@00@000000000000
  0x9320	58 9e 00 40 01 00 00 00 04 00 00 80 ff ff ff ff 	X00@000000000000
  0x9330	88 9e 00 40 01 00 00 00 06 00 00 80 ff ff ff ff 	000@000000000000
  0x9340	a8 9e 00 40 01 00 00 00 05 00 00 80 ff ff ff ff 	000@000000000000
  0x9350	d0 9e 00 40 01 00 00 00 08 00 00 00 00 00 00 00 	000@000000000000
  0x9360	d4 9e 00 40 01 00 00 00 08 40 00 00 00 00 00 00 	000@00000@000000
  0x9370	d8 9e 00 40 01 00 00 00 13 00 00 00 00 00 00 00 	000@000000000000
  0x9380	dc 9e 00 40 01 00 00 00 11 00 00 00 00 00 00 00 	000@000000000000
  0x9390	e0 9e 00 40 01 00 00 00 f0 9e 00 40 01 00 00 00 	000@0000000@0000
  0x93a0	00 9f 00 40 01 00 00 00 30 9f 00 40 01 00 00 00 	000@0000000@0000
  0x93b0	48 9f 00 40 01 00 00 00 60 9f 00 40 01 00 00 00 	H00@0000`00@0000
  0x93c0	78 9f 00 40 01 00 00 00 88 9f 00 40 01 00 00 00 	x00@0000000@0000
  0x93d0	90 9f 00 40 01 00 00 00 a8 9f 00 40 01 00 00 00 	000@0000000@0000
  0x93e0	b8 9f 00 40 01 00 00 00 d0 9f 00 40 01 00 00 00 	000@0000000@0000
  0x93f0	78 a0 00 40 01 00 00 00 40 00 00 00 00 00 00 00 	x00@0000@0000000
  0x9400	01 00 00 00 00 00 00 00 00 00 00 00 00 00 00 00 	0000000000000000
  0x9410	00 00 00 00 00 00 00 00 00 00 00 00 00 00 00 00 	0000000000000000
  0x9420	18 01 00 00 00 00 00 00 00 00 00 00 00 00 00 00 	0000000000000000
  0x9430	00 00 00 00 00 00 00 00 00 00 00 00 00 00 00 00 	0000000000000000
  0x9440	00 00 00 00 00 00 00 00 00 00 00 00 00 00 00 00 	0000000000000000
  0x9450	00 00 00 00 00 00 00 00 00 00 00 00 00 00 00 00 	0000000000000000
  0x9460	00 00 00 00 00 00 00 00 00 00 00 00 00 00 00 00 	0000000000000000
  0x9470	00 00 00 00 00 00 00 00 98 c0 00 40 01 00 00 00 	00000000000@0000
  0x9480	00 00 00 00 00 00 00 00 00 00 00 00 00 00 00 00 	0000000000000000
  0x9490	68 99 00 40 01 00 00 00 70 99 00 40 01 00 00 00 	h00@0000p00@0000
  0x94a0	e8 99 00 40 01 00 00 00 50 00 00 00 00 00 00 00 	000@0000P0000000
  0x94b0	00 75 41 00 00 00 00 00 00 00 00 00 00 00 00 00 	0uA0000000000000
  0x94c0	28 9b 00 40 01 00 00 00 02 00 00 00 00 00 00 00 	(00@000000000000
  0x94d0	00 00 00 00 00 00 00 00 00 00 00 00 00 00 00 00 	0000000000000000
  0x94e0	00 00 00 00 00 00 00 00 00 00 00 00 00 00 00 00 	0000000000000000
  0x94f0	00 00 00 00 00 00 00 00 00 00 00 00 00 00 00 00 	0000000000000000
  0x9500	00 00 00 00 00 00 00 00 00 00 00 00 00 00 00 00 	0000000000000000
  0x9510	00 00 00 00 00 00 00 00 00 00 00 00 00 00 00 00 	0000000000000000
  0x9520	00 00 00 00 00 00 00 00 d8 99 00 40 01 00 00 00 	00000000000@0000
  0x9530	04 00 00 00 00 00 00 00 06 00 00 00 00 00 00 80 	0000000000000000
  0x9540	04 00 00 00 00 00 00 80 07 00 00 00 00 00 00 80 	0000000000000000
  0x9550	15 01 00 00 00 00 00 80 02 00 00 00 00 00 00 80 	0000000000000000
  0x9560	00 00 00 00 00 00 00 00 4e b8 00 00 00 00 00 00 	00000000N0000000
  0x9570	28 b6 00 00 00 00 00 00 cc b7 00 00 00 00 00 00 	(000000000000000
  0x9580	16 b6 00 00 00 00 00 00 12 b8 00 00 00 00 00 00 	0000000000000000
  0x9590	e0 b7 00 00 00 00 00 00 58 b7 00 00 00 00 00 00 	00000000X0000000
  0x95a0	f2 b7 00 00 00 00 00 00 00 00 00 00 00 00 00 00 	0000000000000000
  0x95b0	7a ba 00 00 00 00 00 00 00 00 00 00 00 00 00 00 	z000000000000000
  0x95c0	d6 bd 00 00 00 00 00 00 00 00 00 00 00 00 00 00 	0000000000000000
  0x95d0	be bd 00 00 00 00 00 00 00 00 00 00 00 00 00 00 	0000000000000000
  0x95e0	d2 b9 00 00 00 00 00 00 ee b9 00 00 00 00 00 00 	0000000000000000
  0x95f0	92 b6 00 00 00 00 00 00 82 b6 00 00 00 00 00 00 	0000000000000000
  0x9600	cc b5 00 00 00 00 00 00 00 00 00 00 00 00 00 00 	0000000000000000
  0x9610	a0 bd 00 00 00 00 00 00 00 00 00 00 00 00 00 00 	0000000000000000
  0x9620	96 b8 00 00 00 00 00 00 70 b8 00 00 00 00 00 00 	00000000p0000000
  0x9630	b4 b8 00 00 00 00 00 00 8a b8 00 00 00 00 00 00 	0000000000000000
  0x9640	a2 b8 00 00 00 00 00 00 7c b8 00 00 00 00 00 00 	00000000|0000000
  0x9650	00 00 00 00 00 00 00 00 42 b8 00 00 00 00 00 00 	00000000B0000000
  0x9660	00 00 00 00 00 00 00 00 3e b9 00 00 00 00 00 00 	00000000>0000000
  0x9670	5a b9 00 00 00 00 00 00 00 00 00 00 00 00 00 00 	Z000000000000000
  0x9680	a4 b7 00 00 00 00 00 00 f4 b8 00 00 00 00 00 00 	0000000000000000
  0x9690	08 b6 00 00 00 00 00 00 b6 b7 00 00 00 00 00 00 	0000000000000000
  0x96a0	94 b7 00 00 00 00 00 00 60 b8 00 00 00 00 00 00 	00000000`0000000
  0x96b0	ae b6 00 00 00 00 00 00 c0 b6 00 00 00 00 00 00 	0000000000000000
  0x96c0	f6 b5 00 00 00 00 00 00 04 b8 00 00 00 00 00 00 	0000000000000000
  0x96d0	82 b7 00 00 00 00 00 00 00 00 00 00 00 00 00 00 	0000000000000000
  0x96e0	30 b8 00 00 00 00 00 00 00 00 00 00 00 00 00 00 	0000000000000000
  0x96f0	c2 b8 00 00 00 00 00 00 e4 b8 00 00 00 00 00 00 	0000000000000000
  0x9700	00 00 00 00 00 00 00 00 6c b6 00 00 00 00 00 00 	00000000l0000000
  0x9710	7e b9 00 00 00 00 00 00 0c ba 00 00 00 00 00 00 	~000000000000000
  0x9720	d0 b8 00 00 00 00 00 00 3a ba 00 00 00 00 00 00 	00000000:0000000
  0x9730	ae bd 00 00 00 00 00 00 00 00 00 00 00 00 00 00 	0000000000000000
  0x9740	26 b9 00 00 00 00 00 00 00 00 00 00 00 00 00 00 	&000000000000000
  0x9750	20 ba 00 00 00 00 00 00 00 00 00 00 00 00 00 00 	 000000000000000
  0x9760	f6 b6 00 00 00 00 00 00 d4 b6 00 00 00 00 00 00 	0000000000000000
  0x9770	06 b7 00 00 00 00 00 00 46 b7 00 00 00 00 00 00 	00000000F0000000
  0x9780	22 b7 00 00 00 00 00 00 e2 b6 00 00 00 00 00 00 	"000000000000000
  0x9790	34 b7 00 00 00 00 00 00 00 00 00 00 00 00 00 00 	4000000000000000
  0x97a0	be b9 00 00 00 00 00 00 a4 b9 00 00 00 00 00 00 	0000000000000000
  0x97b0	90 b9 00 00 00 00 00 00 00 00 00 00 00 00 00 00 	0000000000000000
  0x97c0	6c b7 00 00 00 00 00 00 00 00 00 00 00 00 00 00 	l000000000000000
  0x97d0	a2 b6 00 00 00 00 00 00 00 00 00 00 00 00 00 00 	0000000000000000
  0x97e0	16 b7 00 00 00 00 00 00 00 00 00 00 00 00 00 00 	0000000000000000
  0x97f0	54 b6 00 00 00 00 00 00 b4 b5 00 00 00 00 00 00 	T000000000000000
  0x9800	38 b6 00 00 00 00 00 00 de b5 00 00 00 00 00 00 	8000000000000000
  0x9810	24 b8 00 00 00 00 00 00 00 00 00 00 00 00 00 00 	$000000000000000
  0x9820	76 b9 00 00 00 00 00 00 00 00 00 00 00 00 00 00 	v000000000000000
  0x9830	50 ba 00 00 00 00 00 00 6a ba 00 00 00 00 00 00 	P0000000j0000000
  0x9840	00 00 00 00 00 00 00 00 16 b9 00 00 00 00 00 00 	0000000000000000
  0x9850	06 b9 00 00 00 00 00 00 00 00 00 00 00 00 00 00 	0000000000000000
  0x9860	ca b4 00 00 00 00 00 00 b0 b4 00 00 00 00 00 00 	0000000000000000
  0x9870	36 b5 00 00 00 00 00 00 30 b4 00 00 00 00 00 00 	6000000000000000
  0x9880	40 b5 00 00 00 00 00 00 2a b5 00 00 00 00 00 00 	@0000000*0000000
  0x9890	04 b5 00 00 00 00 00 00 6a b5 00 00 00 00 00 00 	00000000j0000000
  0x98a0	74 b5 00 00 00 00 00 00 fc b4 00 00 00 00 00 00 	t000000000000000
  0x98b0	bc b4 00 00 00 00 00 00 82 b5 00 00 00 00 00 00 	0000000000000000
  0x98c0	8c b5 00 00 00 00 00 00 ea b4 00 00 00 00 00 00 	0000000000000000
  0x98d0	16 b5 00 00 00 00 00 00 96 b5 00 00 00 00 00 00 	0000000000000000
  0x98e0	0c b5 00 00 00 00 00 00 a0 b5 00 00 00 00 00 00 	0000000000000000
  0x98f0	d8 b4 00 00 00 00 00 00 4a b5 00 00 00 00 00 00 	00000000J0000000
  0x9900	a4 b4 00 00 00 00 00 00 9a b4 00 00 00 00 00 00 	0000000000000000
  0x9910	8c b4 00 00 00 00 00 00 7e b4 00 00 00 00 00 00 	00000000~0000000
  0x9920	5c be 00 00 00 00 00 00 72 b4 00 00 00 00 00 00 	00000000r0000000
  0x9930	66 b4 00 00 00 00 00 00 5c b4 00 00 00 00 00 00 	f000000000000000
  0x9940	50 b4 00 00 00 00 00 00 48 b4 00 00 00 00 00 00 	P0000000H0000000
  0x9950	62 b5 00 00 00 00 00 00 66 be 00 00 00 00 00 00 	b0000000f0000000
  0x9960	00 00 00 00 00 00 00 00 e0 7b 00 40 01 00 00 00 	000000000{0@0000
  0x9970	80 81 00 40 01 00 00 00 00 00 00 00 00 00 00 00 	000@000000000000
  0x9980	b0 71 00 40 01 00 00 00 70 10 00 40 01 00 00 00 	0q0@0000p00@0000
  0x9990	a0 10 00 40 01 00 00 00 e0 10 00 40 01 00 00 00 	000@0000000@0000
  0x99a0	30 11 00 40 01 00 00 00 10 10 00 40 01 00 00 00 	000@0000000@0000
  0x99b0	00 00 00 00 00 00 00 00 00 00 00 00 00 00 00 00 	0000000000000000
  0x99c0	d0 70 00 40 01 00 00 00 20 79 00 40 01 00 00 00 	0p0@0000 y0@0000
  0x99d0	00 00 00 00 00 00 00 00 70 1c 00 00 19 74 00 00 	00000000p0000t00
  0x99e0	92 79 00 00 a0 7a 00 00 10 10 00 00 70 10 00 00 	0y000z000000p000
  0x99f0	a0 10 00 00 e0 10 00 00 30 11 00 00 50 11 00 00 	000000000000P000
  0x9a00	30 12 00 00 e0 14 00 00 00 16 00 00 70 16 00 00 	000000000000p000
  0x9a10	90 17 00 00 00 18 00 00 40 19 00 00 80 19 00 00 	00000000@0000000
  0x9a20	90 19 00 00 c0 1a 00 00 20 1d 00 00 40 1d 00 00 	00000000 000@000
  0x9a30	60 1d 00 00 70 1d 00 00 00 1e 00 00 30 1e 00 00 	`000p00000000000
  0x9a40	f0 20 00 00 00 21 00 00 20 21 00 00 30 21 00 00 	0 000!00 !000!00
  0x9a50	40 21 00 00 30 22 00 00 b0 24 00 00 60 41 00 00 	@!000"000$00`A00
  0x9a60	b0 41 00 00 b0 47 00 00 30 48 00 00 70 4b 00 00 	0A000G000H00pK00
  0x9a70	80 4b 00 00 90 4b 00 00 a0 4b 00 00 b0 4b 00 00 	0K000K000K000K00
  0x9a80	c0 4b 00 00 d0 4b 00 00 e0 4b 00 00 f0 4b 00 00 	0K000K000K000K00
  0x9a90	d0 55 00 00 70 56 00 00 a0 56 00 00 50 57 00 00 	0U00pV000V00PW00
  0x9aa0	60 57 00 00 70 57 00 00 a0 57 00 00 c0 57 00 00 	`W00pW000W000W00
  0x9ab0	f0 57 00 00 50 58 00 00 70 58 00 00 30 60 00 00 	0W00PX00pX000`00
  0x9ac0	f0 60 00 00 10 61 00 00 30 61 00 00 e0 65 00 00 	0`000a000a000e00
  0x9ad0	50 68 00 00 40 69 00 00 d0 69 00 00 f0 6a 00 00 	Ph00@i000i000j00
  0x9ae0	d0 6b 00 00 a0 6c 00 00 20 70 00 00 d0 70 00 00 	0k000l00 p000p00
  0x9af0	b0 71 00 00 70 74 00 00 a0 75 00 00 40 76 00 00 	0q00pt000u00@v00
  0x9b00	c0 78 00 00 e0 78 00 00 20 79 00 00 00 7a 00 00 	0x000x00 y000z00
  0x9b10	e0 7b 00 00 90 82 00 00 b0 82 00 00 10 83 00 00 	0{00000000000000
  0x9b20	a0 83 00 00 e0 83 00 00 c0 95 00 00 b8 98 00 00 	0000000000000000
  0x9b30	49 6e 76 61 6c 69 64 20 70 61 72 61 6d 65 74 65 	Invalid paramete
  0x9b40	72 20 70 61 73 73 65 64 20 74 6f 20 43 20 72 75 	r passed to C ru
  0x9b50	6e 74 69 6d 65 20 66 75 6e 63 74 69 6f 6e 2e 0a 	ntime function.0
  0x9b60	00 00 00 00 00 00 00 00 00 00 00 00 00 00 00 00 	0000000000000000
  0x9b70	65 78 74 2d 6d 73 2d 77 69 6e 2d 73 68 65 6c 6c 	ext-ms-win-shell
  0x9b80	2d 73 68 65 6c 6c 33 32 2d 6c 31 2d 32 2d 30 2e 	-shell32-l1-2-0.
  0x9b90	64 6c 6c 00 00 00 00 00 00 00 00 00 00 00 00 00 	dll0000000000000
  0x9ba0	65 78 74 2d 6d 73 2d 77 69 6e 2d 73 68 65 6c 6c 	ext-ms-win-shell
  0x9bb0	2d 63 6f 6d 63 74 6c 33 32 2d 69 6e 69 74 2d 6c 	-comctl32-init-l
  0x9bc0	31 2d 31 2d 30 2e 64 6c 6c 00 00 00 00 00 00 00 	1-1-0.dll0000000
  0x9bd0	65 78 74 2d 6d 73 2d 77 69 6e 2d 72 74 63 6f 72 	ext-ms-win-rtcor
  0x9be0	65 2d 6e 74 75 73 65 72 2d 77 69 6e 64 6f 77 2d 	e-ntuser-window-
  0x9bf0	65 78 74 2d 6c 31 2d 31 2d 30 2e 64 6c 6c 00 00 	ext-l1-1-0.dll00
  0x9c00	65 78 74 2d 6d 73 2d 77 69 6e 2d 6e 74 75 73 65 	ext-ms-win-ntuse
  0x9c10	72 2d 64 69 61 6c 6f 67 62 6f 78 2d 6c 31 2d 31 	r-dialogbox-l1-1
  0x9c20	2d 30 2e 64 6c 6c 00 00 00 00 00 00 00 00 00 00 	-0.dll0000000000
  0x9c30	65 78 74 2d 6d 73 2d 77 69 6e 2d 72 74 63 6f 72 	ext-ms-win-rtcor
  0x9c40	65 2d 6e 74 75 73 65 72 2d 73 79 73 70 61 72 61 	e-ntuser-syspara
  0x9c50	6d 73 2d 6c 31 2d 31 2d 30 2e 64 6c 6c 00 00 00 	ms-l1-1-0.dll000
  0x9c60	00 00 00 00 00 00 00 00 c0 00 00 00 00 00 00 46 	000000000000000F
  0x9c70	56 00 61 00 6c 00 00 00 46 00 6f 00 72 00 63 00 	V0a0l000F0o0r0c0
  0x9c80	65 00 52 00 65 00 6d 00 6f 00 76 00 65 00 00 00 	e0R0e0m0o0v0e000
  0x9c90	4e 00 6f 00 52 00 65 00 6d 00 6f 00 76 00 65 00 	N0o0R0e0m0o0v0e0
  0x9ca0	00 00 00 00 00 00 00 00 44 00 65 00 6c 00 65 00 	00000000D0e0l0e0
  0x9cb0	74 00 65 00 00 00 00 00 23 03 00 00 00 00 00 00 	t0e00000#0000000
  0x9cc0	c0 00 00 00 00 00 00 46 6d 00 66 00 65 00 72 00 	0000000Fm0f0e0r0
  0x9cd0	72 00 6f 00 72 00 2e 00 64 00 6c 00 6c 00 00 00 	r0o0r0.0d0l0l000
  0x9ce0	00 00 00 00 00 00 00 00 00 00 00 00 00 00 00 00 	0000000000000000
  0x9cf0	a9 d2 c3 43 6a 56 90 4f b4 8c 72 1e 00 aa de c8 	000CjV0O00r00000
  0x9d00	46 01 00 00 00 00 00 00 c0 00 00 00 00 00 00 46 	F00000000000000F
  0x9d10	41 00 50 00 50 00 49 00 44 00 00 00 00 00 00 00 	A0P0P0I0D0000000
  0x9d20	4d 00 6f 00 64 00 75 00 6c 00 65 00 00 00 00 00 	M0o0d0u0l0e00000
  0x9d30	4d 00 6f 00 64 00 75 00 6c 00 65 00 5f 00 52 00 	M0o0d0u0l0e0_0R0
  0x9d40	61 00 77 00 00 00 00 00 52 00 45 00 47 00 49 00 	a0w00000R0E0G0I0
  0x9d50	53 00 54 00 52 00 59 00 00 00 00 00 00 00 00 00 	S0T0R0Y000000000
  0x9d60	48 00 4b 00 43 00 52 00 00 00 00 00 00 00 00 00 	H0K0C0R000000000
  0x9d70	48 00 4b 00 43 00 55 00 00 00 00 00 00 00 00 00 	H0K0C0U000000000
  0x9d80	48 00 4b 00 4c 00 4d 00 00 00 00 00 00 00 00 00 	H0K0L0M000000000
  0x9d90	48 00 4b 00 55 00 00 00 48 00 4b 00 50 00 44 00 	H0K0U000H0K0P0D0
  0x9da0	00 00 00 00 00 00 00 00 48 00 4b 00 44 00 44 00 	00000000H0K0D0D0
  0x9db0	00 00 00 00 00 00 00 00 48 00 4b 00 43 00 43 00 	00000000H0K0C0C0
  0x9dc0	00 00 00 00 00 00 00 00 48 00 4b 00 45 00 59 00 	00000000H0K0E0Y0
  0x9dd0	5f 00 43 00 4c 00 41 00 53 00 53 00 45 00 53 00 	_0C0L0A0S0S0E0S0
  0x9de0	5f 00 52 00 4f 00 4f 00 54 00 00 00 00 00 00 00 	_0R0O0O0T0000000
  0x9df0	48 00 4b 00 45 00 59 00 5f 00 43 00 55 00 52 00 	H0K0E0Y0_0C0U0R0
  0x9e00	52 00 45 00 4e 00 54 00 5f 00 55 00 53 00 45 00 	R0E0N0T0_0U0S0E0
  0x9e10	52 00 00 00 00 00 00 00 48 00 4b 00 45 00 59 00 	R0000000H0K0E0Y0
  0x9e20	5f 00 4c 00 4f 00 43 00 41 00 4c 00 5f 00 4d 00 	_0L0O0C0A0L0_0M0
  0x9e30	41 00 43 00 48 00 49 00 4e 00 45 00 00 00 00 00 	A0C0H0I0N0E00000
  0x9e40	48 00 4b 00 45 00 59 00 5f 00 55 00 53 00 45 00 	H0K0E0Y0_0U0S0E0
  0x9e50	52 00 53 00 00 00 00 00 48 00 4b 00 45 00 59 00 	R0S00000H0K0E0Y0
  0x9e60	5f 00 50 00 45 00 52 00 46 00 4f 00 52 00 4d 00 	_0P0E0R0F0O0R0M0
  0x9e70	41 00 4e 00 43 00 45 00 5f 00 44 00 41 00 54 00 	A0N0C0E0_0D0A0T0
  0x9e80	41 00 00 00 00 00 00 00 48 00 4b 00 45 00 59 00 	A0000000H0K0E0Y0
  0x9e90	5f 00 44 00 59 00 4e 00 5f 00 44 00 41 00 54 00 	_0D0Y0N0_0D0A0T0
  0x9ea0	41 00 00 00 00 00 00 00 48 00 4b 00 45 00 59 00 	A0000000H0K0E0Y0
  0x9eb0	5f 00 43 00 55 00 52 00 52 00 45 00 4e 00 54 00 	_0C0U0R0R0E0N0T0
  0x9ec0	5f 00 43 00 4f 00 4e 00 46 00 49 00 47 00 00 00 	_0C0O0N0F0I0G000
  0x9ed0	53 00 00 00 4d 00 00 00 44 00 00 00 42 00 00 00 	S000M000D000B000
  0x9ee0	41 00 70 00 70 00 49 00 44 00 00 00 00 00 00 00 	A0p0p0I0D0000000
  0x9ef0	43 00 4c 00 53 00 49 00 44 00 00 00 00 00 00 00 	C0L0S0I0D0000000
  0x9f00	43 00 6f 00 6d 00 70 00 6f 00 6e 00 65 00 6e 00 	C0o0m0p0o0n0e0n0
  0x9f10	74 00 20 00 43 00 61 00 74 00 65 00 67 00 6f 00 	t0 0C0a0t0e0g0o0
  0x9f20	72 00 69 00 65 00 73 00 00 00 00 00 00 00 00 00 	r0i0e0s000000000
  0x9f30	46 00 69 00 6c 00 65 00 54 00 79 00 70 00 65 00 	F0i0l0e0T0y0p0e0
  0x9f40	00 00 00 00 00 00 00 00 49 00 6e 00 74 00 65 00 	00000000I0n0t0e0
  0x9f50	72 00 66 00 61 00 63 00 65 00 00 00 00 00 00 00 	r0f0a0c0e0000000
  0x9f60	48 00 61 00 72 00 64 00 77 00 61 00 72 00 65 00 	H0a0r0d0w0a0r0e0
  0x9f70	00 00 00 00 00 00 00 00 4d 00 69 00 6d 00 65 00 	00000000M0i0m0e0
  0x9f80	00 00 00 00 00 00 00 00 53 00 41 00 4d 00 00 00 	00000000S0A0M000
  0x9f90	53 00 45 00 43 00 55 00 52 00 49 00 54 00 59 00 	S0E0C0U0R0I0T0Y0
  0x9fa0	00 00 00 00 00 00 00 00 53 00 59 00 53 00 54 00 	00000000S0Y0S0T0
  0x9fb0	45 00 4d 00 00 00 00 00 53 00 6f 00 66 00 74 00 	E0M00000S0o0f0t0
  0x9fc0	77 00 61 00 72 00 65 00 00 00 00 00 00 00 00 00 	w0a0r0e000000000
  0x9fd0	54 00 79 00 70 00 65 00 4c 00 69 00 62 00 00 00 	T0y0p0e0L0i0b000
  0x9fe0	41 00 50 00 49 00 2d 00 4d 00 53 00 2d 00 57 00 	A0P0I0-0M0S0-0W0
  0x9ff0	69 00 6e 00 2d 00 43 00 6f 00 72 00 65 00 2d 00 	i0n0-0C0o0r0e0-0
  0xa000	4c 00 6f 00 63 00 61 00 6c 00 52 00 65 00 67 00 	L0o0c0a0l0R0e0g0
  0xa010	69 00 73 00 74 00 72 00 79 00 2d 00 4c 00 31 00 	i0s0t0r0y0-0L010
  0xa020	2d 00 31 00 2d 00 30 00 2e 00 64 00 6c 00 6c 00 	-010-000.0d0l0l0
  0xa030	00 00 00 00 00 00 00 00 52 65 67 44 65 6c 65 74 	00000000RegDelet
  0xa040	65 4b 65 79 45 78 57 00 61 00 64 00 76 00 61 00 	eKeyExW0a0d0v0a0
  0xa050	70 00 69 00 33 00 32 00 2e 00 64 00 6c 00 6c 00 	p0i03020.0d0l0l0
  0xa060	00 00 00 00 00 00 00 00 52 65 67 44 65 6c 65 74 	00000000RegDelet
  0xa070	65 4b 65 79 57 00 00 00 77 ca 6b 49 a8 fe b7 40 	eKeyW000w0kI000@
  0xa080	be 65 90 d9 50 2c 45 fe 00 00 00 00 7b 00 00 00 	0e00P,E00000{000
  0xa090	7d 00 00 00 00 00 00 00 00 00 00 00 00 00 00 00 	}000000000000000
  0xa0a0	57 00 69 00 6e 00 64 00 6f 00 77 00 73 00 20 00 	W0i0n0d0o0w0s0 0
  0xa0b0	4d 00 65 00 64 00 69 00 61 00 20 00 52 00 65 00 	M0e0d0i0a0 0R0e0
  0xa0c0	76 00 6f 00 63 00 61 00 74 00 69 00 6f 00 6e 00 	v0o0c0a0t0i0o0n0
  0xa0d0	20 00 61 00 6e 00 64 00 20 00 52 00 65 00 6e 00 	 0a0n0d0 0R0e0n0
  0xa0e0	65 00 77 00 61 00 6c 00 00 00 00 00 00 00 00 00 	e0w0a0l000000000
  0xa0f0	48 00 52 00 45 00 53 00 55 00 4c 00 54 00 20 00 	H0R0E0S0U0L0T0 0
  0xa100	30 00 78 00 25 00 38 00 2e 00 38 00 78 00 00 00 	00x0%080.080x000
  0xa110	e0 3d 4c 39 6f 3c d2 11 81 7b 00 c0 4f 79 7a b7 	0=L9o<000{00Oyz0
  0xa120	61 74 6c 74 68 75 6e 6b 2e 64 6c 6c 00 00 00 00 	atlthunk.dll0000
  0xa130	41 74 6c 54 68 75 6e 6b 5f 41 6c 6c 6f 63 61 74 	AtlThunk_Allocat
  0xa140	65 44 61 74 61 00 00 00 41 74 6c 54 68 75 6e 6b 	eData000AtlThunk
  0xa150	5f 49 6e 69 74 44 61 74 61 00 00 00 00 00 00 00 	_InitData0000000
  0xa160	41 74 6c 54 68 75 6e 6b 5f 44 61 74 61 54 6f 43 	AtlThunk_DataToC
  0xa170	6f 64 65 00 00 00 00 00 41 74 6c 54 68 75 6e 6b 	ode00000AtlThunk
  0xa180	5f 46 72 65 65 44 61 74 61 00 00 00 00 00 00 00 	_FreeData0000000
  0xa190	43 00 61 00 74 00 65 00 67 00 6f 00 72 00 79 00 	C0a0t0e0g0o0r0y0
  0xa1a0	49 00 44 00 73 00 20 00 63 00 6f 00 6e 00 74 00 	I0D0s0 0c0o0n0t0
  0xa1b0	61 00 69 00 6e 00 73 00 20 00 27 00 00 00 00 00 	a0i0n0s0 0'00000
  0xa1c0	55 00 70 00 64 00 61 00 74 00 65 00 49 00 44 00 	U0p0d0a0t0e0I0D0
  0xa1d0	3d 00 27 00 00 00 00 00 27 00 00 00 00 00 00 00 	=0'00000'0000000
  0xa1e0	6f 00 70 00 65 00 6e 00 00 00 00 00 00 00 00 00 	o0p0e0n000000000
  0xa1f0	a4 58 68 81 0d 26 60 42 93 3a 25 85 f1 ab c7 6b 	0Xh00&`B0:%0000k
  0xa200	00 00 00 00 00 00 00 00 00 00 00 00 00 00 00 00 	0000000000000000
  0xa210	7f 3d b4 4c ee 7e 06 49 86 98 60 da 1c 38 f2 fe 	0=0L0~0I00`00800
  0xa220	f3 f6 f4 45 02 d6 98 4f 9a 8a 3e fa 15 2a d2 d3 	000E000O00>00*00
  0xa230	d5 02 14 e0 da f8 ba 43 a0 12 38 89 4b d0 48 f1 	0000000C0080K0H0
  0xa240	66 48 25 77 5b 9f 8e 4c b9 e2 c7 7a 85 30 d6 4b 	fH%w[00L000z000K
  0xa250	dd 1c 3f 8c 73 61 91 45 ae bd a5 6a 53 ca 77 c1 	00?0sa0E000jS0w0
  0xa260	00 00 00 00 ff 22 59 64 00 00 00 00 02 00 00 00 	00000"Yd00000000
  0xa270	28 00 00 00 b4 a2 00 00 b4 8a 00 00 00 00 00 00 	(000000000000000
  0xa280	ff 22 59 64 00 00 00 00 0d 00 00 00 f0 02 00 00 	0"Yd000000000000
  0xa290	dc a2 00 00 dc 8a 00 00 00 00 00 00 ff 22 59 64 	0000000000000"Yd
  0xa2a0	00 00 00 00 10 00 00 00 24 00 00 00 cc a5 00 00 	00000000$0000000
  0xa2b0	cc 8d 00 00 52 53 44 53 dd 54 fa 93 f4 35 1b 1b 	0000RSDS0T000500
  0xa2c0	94 73 ba 56 3e 98 c3 4d 01 00 00 00 52 52 49 6e 	0s0V>00M0000RRIn
  0xa2d0	73 74 61 6c 6c 65 72 2e 70 64 62 00 47 43 54 4c 	staller.pdb0GCTL
  0xa2e0	00 10 00 00 40 01 00 00 2e 74 65 78 74 24 64 69 	0000@000.text$di
  0xa2f0	00 00 00 00 40 11 00 00 30 70 00 00 2e 74 65 78 	0000@0000p00.tex
  0xa300	74 24 6d 6e 00 00 00 00 70 81 00 00 80 00 00 00 	t$mn0000p0000000
  0xa310	2e 74 65 78 74 24 6d 6e 24 30 30 00 f0 81 00 00 	.text$mn$0000000
  0xa320	90 00 00 00 2e 74 65 78 74 24 78 00 80 82 00 00 	0000.text$x00000
  0xa330	70 01 00 00 2e 74 65 78 74 24 79 64 00 00 00 00 	p000.text$yd0000
  0xa340	00 90 00 00 38 05 00 00 2e 72 64 61 74 61 24 62 	00008000.rdata$b
  0xa350	72 63 00 00 38 95 00 00 30 04 00 00 2e 69 64 61 	rc0080000000.ida
  0xa360	74 61 24 35 00 00 00 00 68 99 00 00 10 00 00 00 	ta$50000h0000000
  0xa370	2e 30 30 63 66 67 00 00 78 99 00 00 08 00 00 00 	.00cfg00x0000000
  0xa380	2e 43 52 54 24 58 43 41 00 00 00 00 80 99 00 00 	.CRT$XCA00000000
  0xa390	08 00 00 00 2e 43 52 54 24 58 43 41 41 00 00 00 	0000.CRT$XCAA000
  0xa3a0	88 99 00 00 20 00 00 00 2e 43 52 54 24 58 43 4c 	0000 000.CRT$XCL
  0xa3b0	00 00 00 00 a8 99 00 00 08 00 00 00 2e 43 52 54 	000000000000.CRT
  0xa3c0	24 58 43 55 00 00 00 00 b0 99 00 00 08 00 00 00 	$XCU000000000000
  0xa3d0	2e 43 52 54 24 58 43 5a 00 00 00 00 b8 99 00 00 	.CRT$XCZ00000000
  0xa3e0	08 00 00 00 2e 43 52 54 24 58 49 41 00 00 00 00 	0000.CRT$XIA0000
  0xa3f0	c0 99 00 00 08 00 00 00 2e 43 52 54 24 58 49 41 	00000000.CRT$XIA
  0xa400	41 00 00 00 c8 99 00 00 08 00 00 00 2e 43 52 54 	A00000000000.CRT
  0xa410	24 58 49 59 00 00 00 00 d0 99 00 00 08 00 00 00 	$XIY000000000000
  0xa420	2e 43 52 54 24 58 49 5a 00 00 00 00 d8 99 00 00 	.CRT$XIZ00000000
  0xa430	10 00 00 00 2e 67 65 68 63 6f 6e 74 00 00 00 00 	0000.gehcont0000
  0xa440	e8 99 00 00 40 01 00 00 2e 67 66 69 64 73 00 00 	0000@000.gfids00
  0xa450	28 9b 00 00 08 00 00 00 2e 67 69 61 74 73 00 00 	(0000000.giats00
  0xa460	30 9b 00 00 84 07 00 00 2e 72 64 61 74 61 00 00 	00000000.rdata00
  0xa470	b4 a2 00 00 3c 03 00 00 2e 72 64 61 74 61 24 7a 	0000<000.rdata$z
  0xa480	7a 7a 64 62 67 00 00 00 f0 a5 00 00 58 04 00 00 	zzdbg0000000X000
  0xa490	2e 78 64 61 74 61 00 00 48 aa 00 00 a0 00 00 00 	.xdata00H0000000
  0xa4a0	2e 64 69 64 61 74 24 32 00 00 00 00 e8 aa 00 00 	.didat$200000000
  0xa4b0	20 00 00 00 2e 64 69 64 61 74 24 33 00 00 00 00 	 000.didat$30000
  0xa4c0	08 ab 00 00 c8 00 00 00 2e 64 69 64 61 74 24 34 	00000000.didat$4
  0xa4d0	00 00 00 00 d0 ab 00 00 48 01 00 00 2e 64 69 64 	00000000H000.did
  0xa4e0	61 74 24 36 00 00 00 00 18 ad 00 00 c8 00 00 00 	at$6000000000000
  0xa4f0	2e 64 69 64 61 74 24 37 00 00 00 00 e0 ad 00 00 	.didat$700000000
  0xa500	08 02 00 00 2e 69 64 61 74 61 24 32 00 00 00 00 	0000.idata$20000
  0xa510	e8 af 00 00 18 00 00 00 2e 69 64 61 74 61 24 33 	00000000.idata$3
  0xa520	00 00 00 00 00 b0 00 00 30 04 00 00 2e 69 64 61 	000000000000.ida
  0xa530	74 61 24 34 00 00 00 00 30 b4 00 00 40 0a 00 00 	ta$400000000@000
  0xa540	2e 69 64 61 74 61 24 36 00 00 00 00 00 c0 00 00 	.idata$600000000
  0xa550	90 00 00 00 2e 64 61 74 61 24 62 72 63 00 00 00 	0000.data$brc000
  0xa560	90 c0 00 00 70 00 00 00 2e 64 61 74 61 00 00 00 	0000p000.data000
  0xa570	00 c1 00 00 78 07 00 00 2e 62 73 73 00 00 00 00 	0000x000.bss0000
  0xa580	00 d0 00 00 c4 05 00 00 2e 70 64 61 74 61 00 00 	00000000.pdata00
  0xa590	00 e0 00 00 c8 00 00 00 2e 64 69 64 61 74 24 35 	00000000.didat$5
  0xa5a0	00 00 00 00 00 f0 00 00 a0 00 00 00 2e 72 73 72 	000000000000.rsr
  0xa5b0	63 24 30 31 00 00 00 00 a0 f0 00 00 c8 06 00 00 	c$01000000000000
  0xa5c0	2e 72 73 72 63 24 30 32 00 00 00 00 20 00 00 00 	.rsrc$020000 000
  0xa5d0	dd 54 fa 93 f4 35 1b 1b 94 73 ba 56 3e 98 c3 4d 	0T0005000s0V>00M
  0xa5e0	a3 a1 41 30 40 0f 9b 57 23 c9 1a b0 ff 22 59 64 	00A0@00W#0000"Yd
  0xa5f0	01 06 02 00 06 52 02 30 01 04 01 00 04 42 00 00 	00000R0000000B00
  0xa600	01 0a 04 00 0a 34 06 00 0a 32 06 70 19 1e 06 00 	00000400020p0000
  0xa610	0f 64 0b 00 0f 34 0a 00 0f 72 0b 70 08 7d 00 00 	0d0004000r0p0}00
  0xa620	38 00 00 00 01 18 0a 00 18 64 0c 00 18 54 0b 00 	800000000d000T00
  0xa630	18 34 0a 00 18 52 14 f0 12 e0 10 70 01 06 02 00 	04000R00000p0000
  0xa640	06 32 02 30 01 0f 06 00 0f 64 09 00 0f 34 08 00 	020000000d000400
  0xa650	0f 52 0b 70 01 19 08 00 19 64 16 00 19 34 15 00 	0R0p00000d000400
  0xa660	19 f2 0f e0 0d 70 0c 50 01 1d 0c 00 1d 74 0b 00 	00000p0P00000t00
  0xa670	1d 64 0a 00 1d 54 09 00 1d 34 08 00 1d 32 19 f0 	0d000T0004000200
  0xa680	17 e0 15 c0 09 04 01 00 04 62 00 00 c4 74 00 00 	000000000b000t00
  0xa690	01 00 00 00 5c 1c 00 00 70 1c 00 00 f3 81 00 00 	00000000p0000000
  0xa6a0	70 1c 00 00 01 06 02 00 06 32 02 50 01 0f 06 00 	p0000000020P0000
  0xa6b0	0f 64 07 00 0f 34 06 00 0f 32 0b 70 19 2c 09 00 	0d000400020p0,00
  0xa6c0	1b 34 5c 01 1b 01 56 01 0c f0 0a e0 08 70 07 60 	040000V000000p0`
  0xa6d0	06 50 00 00 08 7d 00 00 a0 0a 00 00 01 1c 0c 00 	0P000}0000000000
  0xa6e0	1c 64 0c 00 1c 54 0b 00 1c 34 0a 00 1c 32 18 f0 	0d000T0004000200
  0xa6f0	16 e0 14 d0 12 c0 10 70 01 19 0a 00 19 74 09 00 	0000000p00000t00
  0xa700	19 64 08 00 19 54 07 00 19 34 06 00 19 32 15 e0 	0d000T0004000200
  0xa710	19 28 0a 00 1a 34 19 00 1a f2 10 f0 0e e0 0c d0 	0(00040000000000
  0xa720	0a c0 08 70 07 60 06 50 08 7d 00 00 70 00 00 00 	000p0`0P0}00p000
  0xa730	19 33 0a 00 22 01 2f 04 0d f0 0b e0 09 d0 07 c0 	0300"0/000000000
  0xa740	05 70 04 60 03 30 02 50 08 7d 00 00 60 21 00 00 	0p0`000P0}00`!00
  0xa750	19 25 05 00 13 34 0a 04 13 01 06 04 06 70 00 00 	0%00040000000p00
  0xa760	08 7d 00 00 20 20 00 00 19 28 07 00 17 34 56 00 	0}00  000(0004V0
  0xa770	17 01 50 00 08 70 07 60 06 50 00 00 08 7d 00 00 	00P00p0`0P000}00
  0xa780	70 02 00 00 01 0a 04 00 0a 34 08 00 0a 52 06 70 	p000000004000R0p
  0xa790	01 18 0a 00 18 64 0a 00 18 54 09 00 18 34 08 00 	00000d000T000400
  0xa7a0	18 32 14 f0 12 e0 10 70 19 33 0a 00 22 01 5b 04 	0200000p0300"0[0
  0xa7b0	0d f0 0b e0 09 d0 07 c0 05 70 04 60 03 30 02 50 	000000000p0`000P
  0xa7c0	08 7d 00 00 c0 22 00 00 19 2f 0b 00 1d 34 15 04 	0}000"000/000400
  0xa7d0	1d 01 0a 04 10 f0 0e e0 0c d0 0a c0 08 70 07 60 	0000000000000p0`
  0xa7e0	06 50 00 00 08 7d 00 00 40 20 00 00 19 27 07 00 	0P000}00@ 000'00
  0xa7f0	16 01 8c 00 07 e0 05 70 04 60 03 30 02 50 00 00 	0000000p0`000P00
  0xa800	08 7d 00 00 50 04 00 00 01 14 08 00 14 64 08 00 	0}00P00000000d00
  0xa810	14 54 07 00 14 34 06 00 14 32 10 70 01 1d 08 00 	0T000400020p0000
  0xa820	1d 34 0a 00 1d 32 16 f0 14 e0 12 70 11 60 10 50 	04000200000p0`0P
  0xa830	01 16 0a 00 16 54 0d 00 16 34 0c 00 16 52 12 f0 	00000T0004000R00
  0xa840	10 e0 0e c0 0c 70 0b 60 01 0a 04 00 0a 34 07 00 	00000p0`00000400
  0xa850	0a 32 06 70 01 19 0a 00 19 34 0e 00 19 52 15 f0 	020p000004000R00
  0xa860	13 e0 11 d0 0f c0 0d 70 0c 60 0b 50 19 26 08 00 	0000000p0`0P0&00
  0xa870	18 64 16 00 18 34 15 00 18 f2 0e e0 0c 70 0b 50 	0d00040000000p0P
  0xa880	08 7d 00 00 70 00 00 00 01 19 06 00 19 32 15 e0 	0}00p00000000200
  0xa890	13 70 12 60 11 50 10 30 01 0f 06 00 0f 64 0b 00 	0p0`0P0000000d00
  0xa8a0	0f 34 0a 00 0f 72 0b 70 01 1d 08 00 1d 64 08 00 	04000r0p00000d00
  0xa8b0	1d 54 07 00 1d 34 06 00 1d 32 19 70 01 0e 02 00 	0T000400020p0000
  0xa8c0	0e 32 0a 30 01 21 0b 00 21 34 1e 00 21 01 14 00 	02000!00!400!000
  0xa8d0	15 f0 13 e0 11 d0 0f c0 0d 70 0c 60 0b 50 00 00 	000000000p0`0P00
  0xa8e0	01 13 08 00 13 34 15 00 13 d2 0c f0 0a e0 08 70 	000004000000000p
  0xa8f0	07 60 06 50 01 0c 06 00 0c 34 09 00 0c 32 08 70 	0`0P00000400020p
  0xa900	07 60 06 50 01 0c 06 00 0c 34 0a 00 0c 32 08 70 	0`0P00000400020p
  0xa910	07 60 06 50 01 14 08 00 14 64 0b 00 14 54 09 00 	0`0P00000d000T00
  0xa920	14 34 08 00 14 52 10 70 01 04 01 00 04 62 00 00 	04000R0p00000b00
  0xa930	09 1c 0b 00 1c e4 1b 00 1c 74 1a 00 1c 64 19 00 	000000000t000d00
  0xa940	1c 34 18 00 1c 01 16 00 15 f0 00 00 c4 74 00 00 	0400000000000t00
  0xa950	01 00 00 00 2f 72 00 00 19 74 00 00 19 82 00 00 	0000/r000t000000
  0xa960	19 74 00 00 00 00 00 00 01 00 00 00 11 06 02 00 	0t00000000000000
  0xa970	06 32 02 30 c4 74 00 00 01 00 00 00 15 75 00 00 	02000t0000000u00
  0xa980	5a 75 00 00 3d 82 00 00 00 00 00 00 01 04 01 00 	Zu00=00000000000
  0xa990	04 e2 00 00 01 0c 02 00 0c 01 11 00 09 04 01 00 	0000000000000000
  0xa9a0	04 22 00 00 c4 74 00 00 01 00 00 00 5c 79 00 00 	0"000t0000000y00
  0xa9b0	92 79 00 00 01 00 00 00 92 79 00 00 09 0a 04 00 	0y0000000y000000
  0xa9c0	0a 34 06 00 0a 32 06 70 c4 74 00 00 01 00 00 00 	0400020p0t000000
  0xa9d0	6d 7a 00 00 a0 7a 00 00 60 82 00 00 a0 7a 00 00 	mz000z00`0000z00
  0xa9e0	01 0d 04 00 0d 34 09 00 0d 32 06 50 19 1b 03 00 	00000400020P0000
  0xa9f0	09 01 a8 00 02 30 00 00 08 7d 00 00 30 05 00 00 	000000000}000000
  0xaa00	01 00 00 00 01 02 01 00 02 30 00 00 01 18 01 00 	0000000000000000
  0xaa10	18 c2 00 00 01 18 01 00 18 c2 00 00 01 18 01 00 	0000000000000000
  0xaa20	18 c2 00 00 01 18 01 00 18 c2 00 00 01 18 01 00 	0000000000000000
  0xaa30	18 c2 00 00 00 00 00 00 02 04 03 00 01 16 00 06 	0000000000000000
  0xaa40	04 12 00 00 00 00 00 00 01 00 00 00 70 9b 00 00 	000000000000p000
  0xaa50	b0 c6 00 00 b8 e0 00 00 c0 ab 00 00 18 ad 00 00 	0000000000000000
  0xaa60	00 00 00 00 00 00 00 00 01 00 00 00 a0 9b 00 00 	0000000000000000
  0xaa70	b8 c6 00 00 a8 e0 00 00 b0 ab 00 00 28 ad 00 00 	000000000000(000
  0xaa80	00 00 00 00 00 00 00 00 01 00 00 00 d0 9b 00 00 	0000000000000000
  0xaa90	c0 c6 00 00 38 e0 00 00 40 ab 00 00 38 ad 00 00 	00008000@0008000
  0xaaa0	00 00 00 00 00 00 00 00 01 00 00 00 00 9c 00 00 	0000000000000000
  0xaab0	c8 c6 00 00 00 e0 00 00 08 ab 00 00 a8 ad 00 00 	0000000000000000
  0xaac0	00 00 00 00 00 00 00 00 01 00 00 00 30 9c 00 00 	0000000000000000
  0xaad0	d0 c6 00 00 28 e0 00 00 30 ab 00 00 d0 ad 00 00 	0000(00000000000
  0xaae0	00 00 00 00 00 00 00 00 00 00 00 00 00 00 00 00 	0000000000000000
  0xaaf0	00 00 00 00 00 00 00 00 00 00 00 00 00 00 00 00 	0000000000000000
  0xab00	00 00 00 00 00 00 00 00 d2 ac 00 00 00 00 00 00 	0000000000000000
  0xab10	f2 ac 00 00 00 00 00 00 e4 ac 00 00 00 00 00 00 	0000000000000000
  0xab20	c4 ac 00 00 00 00 00 00 00 00 00 00 00 00 00 00 	0000000000000000
  0xab30	fe ac 00 00 00 00 00 00 00 00 00 00 00 00 00 00 	0000000000000000
  0xab40	1c ac 00 00 00 00 00 00 30 ac 00 00 00 00 00 00 	0000000000000000
  0xab50	40 ac 00 00 00 00 00 00 0a ac 00 00 00 00 00 00 	@000000000000000
  0xab60	62 ac 00 00 00 00 00 00 6e ac 00 00 00 00 00 00 	b0000000n0000000
  0xab70	7e ac 00 00 00 00 00 00 90 ac 00 00 00 00 00 00 	~000000000000000
  0xab80	9c ac 00 00 00 00 00 00 a8 ac 00 00 00 00 00 00 	0000000000000000
  0xab90	b4 ac 00 00 00 00 00 00 f8 ab 00 00 00 00 00 00 	0000000000000000
  0xaba0	52 ac 00 00 00 00 00 00 00 00 00 00 00 00 00 00 	R000000000000000
  0xabb0	e0 ab 00 00 00 00 00 00 00 00 00 00 00 00 00 00 	0000000000000000
  0xabc0	d0 ab 00 00 00 00 00 00 00 00 00 00 00 00 00 00 	0000000000000000
  0xabd0	4a 00 53 68 65 6c 6c 45 78 65 63 75 74 65 57 00 	J0ShellExecuteW0
  0xabe0	08 00 49 6e 69 74 43 6f 6d 6d 6f 6e 43 6f 6e 74 	00InitCommonCont
  0xabf0	72 6f 6c 73 45 78 00 00 08 00 44 65 66 57 69 6e 	rolsEx0000DefWin
  0xac00	64 6f 77 50 72 6f 63 57 00 00 15 00 47 65 74 41 	dowProcW0000GetA
  0xac10	63 74 69 76 65 57 69 6e 64 6f 77 00 59 00 53 65 	ctiveWindow0Y0Se
  0xac20	74 57 69 6e 64 6f 77 4c 6f 6e 67 50 74 72 57 00 	tWindowLongPtrW0
  0xac30	5c 00 53 65 74 57 69 6e 64 6f 77 50 6f 73 00 00 	00SetWindowPos00
  0xac40	3c 00 4d 61 70 57 69 6e 64 6f 77 50 6f 69 6e 74 	<0MapWindowPoint
  0xac50	73 00 1a 00 47 65 74 43 6c 69 65 6e 74 52 65 63 	s000GetClientRec
  0xac60	74 00 24 00 47 65 74 50 61 72 65 6e 74 00 2f 00 	t0$0GetParent0/0
  0xac70	47 65 74 57 69 6e 64 6f 77 52 65 63 74 00 2d 00 	GetWindowRect0-0
  0xac80	47 65 74 57 69 6e 64 6f 77 4c 6f 6e 67 57 00 00 	GetWindowLongW00
  0xac90	28 00 47 65 74 57 69 6e 64 6f 77 00 56 00 53 65 	(0GetWindow0V0Se
  0xaca0	74 54 69 6d 65 72 00 00 3a 00 4b 69 6c 6c 54 69 	tTimer00:0KillTi
  0xacb0	6d 65 72 00 4c 00 53 65 6e 64 4d 65 73 73 61 67 	mer0L0SendMessag
  0xacc0	65 57 00 00 19 00 4d 65 73 73 61 67 65 42 6f 78 	eW0000MessageBox
  0xacd0	57 00 09 00 44 69 61 6c 6f 67 42 6f 78 50 61 72 	W000DialogBoxPar
  0xace0	61 6d 57 00 0e 00 47 65 74 44 6c 67 49 74 65 6d 	amW000GetDlgItem
  0xacf0	00 00 0a 00 45 6e 64 44 69 61 6c 6f 67 00 10 00 	0000EndDialog000
  0xad00	53 79 73 74 65 6d 50 61 72 61 6d 65 74 65 72 73 	SystemParameters
  0xad10	49 6e 66 6f 57 00 00 00 00 00 00 00 00 00 00 00 	InfoW00000000000
  0xad20	00 00 00 00 00 00 00 00 00 00 00 00 00 00 00 00 	0000000000000000
  0xad30	00 00 00 00 00 00 00 00 00 00 00 00 00 00 00 00 	0000000000000000
  0xad40	00 00 00 00 00 00 00 00 00 00 00 00 00 00 00 00 	0000000000000000
  0xad50	00 00 00 00 00 00 00 00 00 00 00 00 00 00 00 00 	0000000000000000
  0xad60	00 00 00 00 00 00 00 00 00 00 00 00 00 00 00 00 	0000000000000000
  0xad70	00 00 00 00 00 00 00 00 00 00 00 00 00 00 00 00 	0000000000000000
  0xad80	00 00 00 00 00 00 00 00 00 00 00 00 00 00 00 00 	0000000000000000
  0xad90	00 00 00 00 00 00 00 00 00 00 00 00 00 00 00 00 	0000000000000000
  0xada0	00 00 00 00 00 00 00 00 00 00 00 00 00 00 00 00 	0000000000000000
  0xadb0	00 00 00 00 00 00 00 00 00 00 00 00 00 00 00 00 	0000000000000000
  0xadc0	00 00 00 00 00 00 00 00 00 00 00 00 00 00 00 00 	0000000000000000
  0xadd0	00 00 00 00 00 00 00 00 00 00 00 00 00 00 00 00 	0000000000000000
  0xade0	28 b3 00 00 00 00 00 00 00 00 00 00 56 b5 00 00 	(00000000000V000
  0xadf0	60 98 00 00 00 b0 00 00 00 00 00 00 00 00 00 00 	`000000000000000
  0xae00	90 ba 00 00 38 95 00 00 b8 b2 00 00 00 00 00 00 	0000800000000000
  0xae10	00 00 00 00 9e ba 00 00 f0 97 00 00 a8 b0 00 00 	0000000000000000
  0xae20	00 00 00 00 00 00 00 00 c0 ba 00 00 e0 95 00 00 	0000000000000000
  0xae30	48 b1 00 00 00 00 00 00 00 00 00 00 ea ba 00 00 	H000000000000000
  0xae40	80 96 00 00 30 b0 00 00 00 00 00 00 00 00 00 00 	0000000000000000
  0xae50	14 bb 00 00 68 95 00 00 d0 b1 00 00 00 00 00 00 	0000h00000000000
  0xae60	00 00 00 00 34 bb 00 00 08 97 00 00 98 b2 00 00 	0000400000000000
  0xae70	00 00 00 00 00 00 00 00 5e bb 00 00 d0 97 00 00 	00000000^0000000
  0xae80	28 b2 00 00 00 00 00 00 00 00 00 00 80 bb 00 00 	(000000000000000
  0xae90	60 97 00 00 a8 b2 00 00 00 00 00 00 00 00 00 00 	`000000000000000
  0xaea0	a4 bb 00 00 e0 97 00 00 88 b2 00 00 00 00 00 00 	0000000000000000
  0xaeb0	00 00 00 00 d0 bb 00 00 c0 97 00 00 a8 b1 00 00 	0000000000000000
  0xaec0	00 00 00 00 00 00 00 00 f2 bb 00 00 e0 96 00 00 	0000000000000000
  0xaed0	20 b1 00 00 00 00 00 00 00 00 00 00 1a bc 00 00 	 000000000000000
  0xaee0	58 96 00 00 e8 b0 00 00 00 00 00 00 00 00 00 00 	X000000000000000
  0xaef0	3a bc 00 00 20 96 00 00 b8 b1 00 00 00 00 00 00 	:000 00000000000
  0xaf00	00 00 00 00 5a bc 00 00 f0 96 00 00 10 b3 00 00 	0000Z00000000000
  0xaf10	00 00 00 00 00 00 00 00 7c bc 00 00 48 98 00 00 	00000000|000H000
  0xaf20	08 b2 00 00 00 00 00 00 00 00 00 00 9c bc 00 00 	0000000000000000
  0xaf30	40 97 00 00 30 b1 00 00 00 00 00 00 00 00 00 00 	@000000000000000
  0xaf40	c6 bc 00 00 68 96 00 00 e8 b2 00 00 00 00 00 00 	0000h00000000000
  0xaf50	00 00 00 00 ee bc 00 00 20 98 00 00 68 b2 00 00 	00000000 000h000
  0xaf60	00 00 00 00 00 00 00 00 10 bd 00 00 a0 97 00 00 	0000000000000000
  0xaf70	18 b2 00 00 00 00 00 00 00 00 00 00 36 bd 00 00 	0000000000006000
  0xaf80	50 97 00 00 f8 b2 00 00 00 00 00 00 00 00 00 00 	P000000000000000
  0xaf90	5a bd 00 00 30 98 00 00 78 b0 00 00 00 00 00 00 	Z0000000x0000000
  0xafa0	00 00 00 00 7e bd 00 00 b0 95 00 00 d8 b0 00 00 	0000~00000000000
  0xafb0	00 00 00 00 00 00 00 00 ee bd 00 00 10 96 00 00 	0000000000000000
  0xafc0	98 b0 00 00 00 00 00 00 00 00 00 00 10 be 00 00 	0000000000000000
  0xafd0	d0 95 00 00 88 b0 00 00 00 00 00 00 00 00 00 00 	0000000000000000
  0xafe0	36 be 00 00 c0 95 00 00 00 00 00 00 00 00 00 00 	6000000000000000
  0xaff0	00 00 00 00 00 00 00 00 00 00 00 00 00 00 00 00 	0000000000000000
  0xb000	06 00 00 00 00 00 00 80 04 00 00 00 00 00 00 80 	0000000000000000
  0xb010	07 00 00 00 00 00 00 80 15 01 00 00 00 00 00 80 	0000000000000000
  0xb020	02 00 00 00 00 00 00 80 00 00 00 00 00 00 00 00 	0000000000000000
  0xb030	4e b8 00 00 00 00 00 00 28 b6 00 00 00 00 00 00 	N0000000(0000000
  0xb040	cc b7 00 00 00 00 00 00 16 b6 00 00 00 00 00 00 	0000000000000000
  0xb050	12 b8 00 00 00 00 00 00 e0 b7 00 00 00 00 00 00 	0000000000000000
  0xb060	58 b7 00 00 00 00 00 00 f2 b7 00 00 00 00 00 00 	X000000000000000
  0xb070	00 00 00 00 00 00 00 00 7a ba 00 00 00 00 00 00 	00000000z0000000
  0xb080	00 00 00 00 00 00 00 00 d6 bd 00 00 00 00 00 00 	0000000000000000
  0xb090	00 00 00 00 00 00 00 00 be bd 00 00 00 00 00 00 	0000000000000000
  0xb0a0	00 00 00 00 00 00 00 00 d2 b9 00 00 00 00 00 00 	0000000000000000
  0xb0b0	ee b9 00 00 00 00 00 00 92 b6 00 00 00 00 00 00 	0000000000000000
  0xb0c0	82 b6 00 00 00 00 00 00 cc b5 00 00 00 00 00 00 	0000000000000000
  0xb0d0	00 00 00 00 00 00 00 00 a0 bd 00 00 00 00 00 00 	0000000000000000
  0xb0e0	00 00 00 00 00 00 00 00 96 b8 00 00 00 00 00 00 	0000000000000000
  0xb0f0	70 b8 00 00 00 00 00 00 b4 b8 00 00 00 00 00 00 	p000000000000000
  0xb100	8a b8 00 00 00 00 00 00 a2 b8 00 00 00 00 00 00 	0000000000000000
  0xb110	7c b8 00 00 00 00 00 00 00 00 00 00 00 00 00 00 	|000000000000000
  0xb120	42 b8 00 00 00 00 00 00 00 00 00 00 00 00 00 00 	B000000000000000
  0xb130	3e b9 00 00 00 00 00 00 5a b9 00 00 00 00 00 00 	>0000000Z0000000
  0xb140	00 00 00 00 00 00 00 00 a4 b7 00 00 00 00 00 00 	0000000000000000
  0xb150	f4 b8 00 00 00 00 00 00 08 b6 00 00 00 00 00 00 	0000000000000000
  0xb160	b6 b7 00 00 00 00 00 00 94 b7 00 00 00 00 00 00 	0000000000000000
  0xb170	60 b8 00 00 00 00 00 00 ae b6 00 00 00 00 00 00 	`000000000000000
  0xb180	c0 b6 00 00 00 00 00 00 f6 b5 00 00 00 00 00 00 	0000000000000000
  0xb190	04 b8 00 00 00 00 00 00 82 b7 00 00 00 00 00 00 	0000000000000000
  0xb1a0	00 00 00 00 00 00 00 00 30 b8 00 00 00 00 00 00 	0000000000000000
  0xb1b0	00 00 00 00 00 00 00 00 c2 b8 00 00 00 00 00 00 	0000000000000000
  0xb1c0	e4 b8 00 00 00 00 00 00 00 00 00 00 00 00 00 00 	0000000000000000
  0xb1d0	6c b6 00 00 00 00 00 00 7e b9 00 00 00 00 00 00 	l0000000~0000000
  0xb1e0	0c ba 00 00 00 00 00 00 d0 b8 00 00 00 00 00 00 	0000000000000000
  0xb1f0	3a ba 00 00 00 00 00 00 ae bd 00 00 00 00 00 00 	:000000000000000
  0xb200	00 00 00 00 00 00 00 00 26 b9 00 00 00 00 00 00 	00000000&0000000
  0xb210	00 00 00 00 00 00 00 00 20 ba 00 00 00 00 00 00 	00000000 0000000
  0xb220	00 00 00 00 00 00 00 00 f6 b6 00 00 00 00 00 00 	0000000000000000
  0xb230	d4 b6 00 00 00 00 00 00 06 b7 00 00 00 00 00 00 	0000000000000000
  0xb240	46 b7 00 00 00 00 00 00 22 b7 00 00 00 00 00 00 	F0000000"0000000
  0xb250	e2 b6 00 00 00 00 00 00 34 b7 00 00 00 00 00 00 	0000000040000000
  0xb260	00 00 00 00 00 00 00 00 be b9 00 00 00 00 00 00 	0000000000000000
  0xb270	a4 b9 00 00 00 00 00 00 90 b9 00 00 00 00 00 00 	0000000000000000
  0xb280	00 00 00 00 00 00 00 00 6c b7 00 00 00 00 00 00 	00000000l0000000
  0xb290	00 00 00 00 00 00 00 00 a2 b6 00 00 00 00 00 00 	0000000000000000
  0xb2a0	00 00 00 00 00 00 00 00 16 b7 00 00 00 00 00 00 	0000000000000000
  0xb2b0	00 00 00 00 00 00 00 00 54 b6 00 00 00 00 00 00 	00000000T0000000
  0xb2c0	b4 b5 00 00 00 00 00 00 38 b6 00 00 00 00 00 00 	0000000080000000
  0xb2d0	de b5 00 00 00 00 00 00 24 b8 00 00 00 00 00 00 	00000000$0000000
  0xb2e0	00 00 00 00 00 00 00 00 76 b9 00 00 00 00 00 00 	00000000v0000000
  0xb2f0	00 00 00 00 00 00 00 00 50 ba 00 00 00 00 00 00 	00000000P0000000
  0xb300	6a ba 00 00 00 00 00 00 00 00 00 00 00 00 00 00 	j000000000000000
  0xb310	16 b9 00 00 00 00 00 00 06 b9 00 00 00 00 00 00 	0000000000000000
  0xb320	00 00 00 00 00 00 00 00 ca b4 00 00 00 00 00 00 	0000000000000000
  0xb330	b0 b4 00 00 00 00 00 00 36 b5 00 00 00 00 00 00 	0000000060000000
  0xb340	30 b4 00 00 00 00 00 00 40 b5 00 00 00 00 00 00 	00000000@0000000
  0xb350	2a b5 00 00 00 00 00 00 04 b5 00 00 00 00 00 00 	*000000000000000
  0xb360	6a b5 00 00 00 00 00 00 74 b5 00 00 00 00 00 00 	j0000000t0000000
  0xb370	fc b4 00 00 00 00 00 00 bc b4 00 00 00 00 00 00 	0000000000000000
  0xb380	82 b5 00 00 00 00 00 00 8c b5 00 00 00 00 00 00 	0000000000000000
  0xb390	ea b4 00 00 00 00 00 00 16 b5 00 00 00 00 00 00 	0000000000000000
  0xb3a0	96 b5 00 00 00 00 00 00 0c b5 00 00 00 00 00 00 	0000000000000000
  0xb3b0	a0 b5 00 00 00 00 00 00 d8 b4 00 00 00 00 00 00 	0000000000000000
  0xb3c0	4a b5 00 00 00 00 00 00 a4 b4 00 00 00 00 00 00 	J000000000000000
  0xb3d0	9a b4 00 00 00 00 00 00 8c b4 00 00 00 00 00 00 	0000000000000000
  0xb3e0	7e b4 00 00 00 00 00 00 5c be 00 00 00 00 00 00 	~000000000000000
  0xb3f0	72 b4 00 00 00 00 00 00 66 b4 00 00 00 00 00 00 	r0000000f0000000
  0xb400	5c b4 00 00 00 00 00 00 50 b4 00 00 00 00 00 00 	00000000P0000000
  0xb410	48 b4 00 00 00 00 00 00 62 b5 00 00 00 00 00 00 	H0000000b0000000
  0xb420	66 be 00 00 00 00 00 00 00 00 00 00 00 00 00 00 	f000000000000000
  0xb430	57 00 5f 5f 43 5f 73 70 65 63 69 66 69 63 5f 68 	W0__C_specific_h
  0xb440	61 6e 64 6c 65 72 00 00 4c 04 66 72 65 65 00 00 	andler00L0free00
  0xb450	0d 05 77 63 73 6e 63 70 79 5f 73 00 86 04 6d 61 	00wcsncpy_s000ma
  0xb460	6c 6c 6f 63 00 00 93 04 6d 65 6d 63 70 79 5f 73 	lloc0000memcpy_s
  0xb470	00 00 95 04 6d 65 6d 6d 6f 76 65 5f 73 00 fa 04 	0000memmove_s000
  0xb480	76 73 77 70 72 69 6e 74 66 5f 73 00 60 03 5f 76 	vswprintf_s0`0_v
  0xb490	73 63 77 70 72 69 6e 74 66 00 14 05 77 63 73 73 	scwprintf000wcss
  0xb4a0	74 72 00 00 9e 02 5f 70 75 72 65 63 61 6c 6c 00 	tr0000_purecall0
  0xb4b0	bf 00 5f 63 61 6c 6c 6e 65 77 68 00 55 00 5f 58 	00_callnewh0U0_X
  0xb4c0	63 70 74 46 69 6c 74 65 72 00 ae 00 5f 61 6d 73 	cptFilter000_ams
  0xb4d0	67 5f 65 78 69 74 00 00 9d 00 5f 5f 77 67 65 74 	g_exit0000__wget
  0xb4e0	6d 61 69 6e 61 72 67 73 00 00 8e 00 5f 5f 73 65 	mainargs0000__se
  0xb4f0	74 5f 61 70 70 5f 74 79 70 65 00 00 32 04 65 78 	t_app_type0020ex
  0xb500	69 74 00 00 0e 01 5f 65 78 69 74 00 c1 00 5f 63 	it0000_exit000_c
  0xb510	65 78 69 74 00 00 90 00 5f 5f 73 65 74 75 73 65 	exit0000__setuse
  0xb520	72 6d 61 74 68 65 72 72 00 00 7d 01 5f 69 6e 69 	rmatherr00}0_ini
  0xb530	74 74 65 72 6d 00 82 03 5f 77 63 6d 64 6c 6e 00 	tterm000_wcmdln0
  0xb540	27 01 5f 66 6d 6f 64 65 00 00 d2 00 5f 63 6f 6d 	'0_fmode0000_com
  0xb550	6d 6f 64 65 00 00 6d 73 76 63 72 74 2e 64 6c 6c 	mode00msvcrt.dll
  0xb560	00 00 e6 01 5f 6c 6f 63 6b 00 41 03 5f 75 6e 6c 	0000_lock0A0_unl
  0xb570	6f 63 6b 00 7b 00 5f 5f 64 6c 6c 6f 6e 65 78 69 	ock0{0__dllonexi
  0xb580	74 00 90 02 5f 6f 6e 65 78 69 74 00 05 01 5f 65 	t000_onexit000_e
  0xb590	72 72 6e 6f 00 00 a9 04 72 65 61 6c 6c 6f 63 00 	rrno0000realloc0
  0xb5a0	2f 00 3f 74 65 72 6d 69 6e 61 74 65 40 40 59 41 	/0?terminate@@YA
  0xb5b0	58 58 5a 00 1d 00 4c 65 61 76 65 43 72 69 74 69 	XXZ000LeaveCriti
  0xb5c0	63 61 6c 53 65 63 74 69 6f 6e 00 00 07 00 52 61 	calSection0000Ra
  0xb5d0	69 73 65 45 78 63 65 70 74 69 6f 6e 00 00 11 00 	iseException0000
  0xb5e0	45 6e 74 65 72 43 72 69 74 69 63 61 6c 53 65 63 	EnterCriticalSec
  0xb5f0	74 69 6f 6e 00 00 15 00 47 65 74 50 72 6f 63 41 	tion0000GetProcA
  0xb600	64 64 72 65 73 73 00 00 0c 00 46 72 65 65 4c 69 	ddress0000FreeLi
  0xb610	62 72 61 72 79 00 42 00 43 6f 54 61 73 6b 4d 65 	brary0B0CoTaskMe
  0xb620	6d 41 6c 6c 6f 63 00 00 43 00 43 6f 54 61 73 6b 	mAlloc00C0CoTask
  0xb630	4d 65 6d 46 72 65 65 00 18 00 49 6e 69 74 69 61 	MemFree000Initia
  0xb640	6c 69 7a 65 43 72 69 74 69 63 61 6c 53 65 63 74 	lizeCriticalSect
  0xb650	69 6f 6e 00 0f 00 44 65 6c 65 74 65 43 72 69 74 	ion000DeleteCrit
  0xb660	69 63 61 6c 53 65 63 74 69 6f 6e 00 11 00 47 65 	icalSection000Ge
  0xb670	74 43 75 72 72 65 6e 74 54 68 72 65 61 64 49 64 	tCurrentThreadId
  0xb680	00 00 05 00 47 65 74 4c 61 73 74 45 72 72 6f 72 	0000GetLastError
  0xb690	00 00 0d 00 53 65 74 4c 61 73 74 45 72 72 6f 72 	0000SetLastError
  0xb6a0	00 00 02 00 43 68 61 72 4e 65 78 74 57 00 18 00 	0000CharNextW000
  0xb6b0	4c 6f 61 64 4c 69 62 72 61 72 79 45 78 57 00 00 	LoadLibraryExW00
  0xb6c0	14 00 47 65 74 4d 6f 64 75 6c 65 48 61 6e 64 6c 	00GetModuleHandl
  0xb6d0	65 57 00 00 00 00 52 65 67 43 6c 6f 73 65 4b 65 	eW0000RegCloseKe
  0xb6e0	79 00 21 00 52 65 67 51 75 65 72 79 49 6e 66 6f 	y0!0RegQueryInfo
  0xb6f0	4b 65 79 57 00 00 0e 00 52 65 67 45 6e 75 6d 4b 	KeyW0000RegEnumK
  0xb700	65 79 45 78 57 00 1e 00 52 65 67 4f 70 65 6e 4b 	eyExW000RegOpenK
  0xb710	65 79 45 78 57 00 05 00 6c 73 74 72 63 6d 70 69 	eyExW000lstrcmpi
  0xb720	57 00 2e 00 52 65 67 53 65 74 56 61 6c 75 65 45 	W0.0RegSetValueE
  0xb730	78 57 00 00 03 00 52 65 67 43 72 65 61 74 65 4b 	xW0000RegCreateK
  0xb740	65 79 45 78 57 00 0b 00 52 65 67 44 65 6c 65 74 	eyExW000RegDelet
  0xb750	65 56 61 6c 75 65 57 00 44 00 43 6f 54 61 73 6b 	eValueW0D0CoTask
  0xb760	4d 65 6d 52 65 61 6c 6c 6f 63 00 00 06 00 4d 75 	MemRealloc0000Mu
  0xb770	6c 74 69 42 79 74 65 54 6f 57 69 64 65 43 68 61 	ltiByteToWideCha
  0xb780	72 00 20 00 53 69 7a 65 6f 66 52 65 73 6f 75 72 	r0 0SizeofResour
  0xb790	63 65 00 00 1a 00 4c 6f 61 64 52 65 73 6f 75 72 	ce0000LoadResour
  0xb7a0	63 65 00 00 09 00 46 69 6e 64 52 65 73 6f 75 72 	ce0000FindResour
  0xb7b0	63 65 45 78 57 00 10 00 47 65 74 4d 6f 64 75 6c 	ceExW000GetModul
  0xb7c0	65 46 69 6c 65 4e 61 6d 65 57 00 00 09 00 43 6f 	eFileNameW0000Co
  0xb7d0	43 72 65 61 74 65 49 6e 73 74 61 6e 63 65 00 00 	CreateInstance00
  0xb7e0	28 00 43 6f 49 6e 69 74 69 61 6c 69 7a 65 45 78 	(0CoInitializeEx
  0xb7f0	00 00 02 00 43 4c 53 49 44 46 72 6f 6d 53 74 72 	0000CLSIDFromStr
  0xb800	69 6e 67 00 01 00 4c 6f 61 64 53 74 72 69 6e 67 	ing000LoadString
  0xb810	57 00 46 00 43 6f 55 6e 69 6e 69 74 69 61 6c 69 	W0F0CoUninitiali
  0xb820	7a 65 00 00 29 00 53 65 74 45 76 65 6e 74 00 00 	ze00)0SetEvent00
  0xb830	09 00 46 6f 72 6d 61 74 4d 65 73 73 61 67 65 57 	00FormatMessageW
  0xb840	00 00 0a 00 4c 6f 63 61 6c 46 72 65 65 00 53 00 	0000LocalFree0S0
  0xb850	53 74 72 69 6e 67 46 72 6f 6d 43 4c 53 49 44 00 	StringFromCLSID0
  0xb860	1d 00 4c 6f 63 6b 52 65 73 6f 75 72 63 65 00 00 	00LockResource00
  0xb870	0b 00 48 65 61 70 53 69 7a 65 00 00 09 00 48 65 	00HeapSize0000He
  0xb880	61 70 52 65 41 6c 6c 6f 63 00 06 00 48 65 61 70 	apReAlloc000Heap
  0xb890	46 72 65 65 00 00 02 00 48 65 61 70 41 6c 6c 6f 	Free0000HeapAllo
  0xb8a0	63 00 00 00 47 65 74 50 72 6f 63 65 73 73 48 65 	c000GetProcessHe
  0xb8b0	61 70 00 00 05 00 48 65 61 70 44 65 73 74 72 6f 	ap0000HeapDestro
  0xb8c0	79 00 2e 00 56 69 72 74 75 61 6c 46 72 65 65 00 	y0.0VirtualFree0
  0xb8d0	0c 00 47 65 74 43 75 72 72 65 6e 74 50 72 6f 63 	00GetCurrentProc
  0xb8e0	65 73 73 00 28 00 56 69 72 74 75 61 6c 41 6c 6c 	ess0(0VirtualAll
  0xb8f0	6f 63 00 00 17 00 4c 6f 61 64 4c 69 62 72 61 72 	oc0000LoadLibrar
  0xb900	79 45 78 41 00 00 04 00 45 6e 63 6f 64 65 50 6f 	yExA0000EncodePo
  0xb910	69 6e 74 65 72 00 01 00 44 65 63 6f 64 65 50 6f 	inter000DecodePo
  0xb920	69 6e 74 65 72 00 0a 00 46 6c 75 73 68 49 6e 73 	inter000FlushIns
  0xb930	74 72 75 63 74 69 6f 6e 43 61 63 68 65 00 03 00 	tructionCache000
  0xb940	49 6e 74 65 72 6c 6f 63 6b 65 64 50 75 73 68 45 	InterlockedPushE
  0xb950	6e 74 72 79 53 4c 69 73 74 00 02 00 49 6e 74 65 	ntrySList000Inte
  0xb960	72 6c 6f 63 6b 65 64 50 6f 70 45 6e 74 72 79 53 	rlockedPopEntryS
  0xb970	4c 69 73 74 00 00 2d 00 53 6c 65 65 70 00 20 00 	List00-0Sleep0 0
  0xb980	47 65 74 53 74 61 72 74 75 70 49 6e 66 6f 57 00 	GetStartupInfoW0
  0xb990	f3 02 52 74 6c 43 61 70 74 75 72 65 43 6f 6e 74 	00RtlCaptureCont
  0xb9a0	65 78 74 00 e9 04 52 74 6c 4c 6f 6f 6b 75 70 46 	ext000RtlLookupF
  0xb9b0	75 6e 63 74 69 6f 6e 45 6e 74 72 79 00 00 28 06 	unctionEntry00(0
  0xb9c0	52 74 6c 56 69 72 74 75 61 6c 55 6e 77 69 6e 64 	RtlVirtualUnwind
  0xb9d0	00 00 11 00 55 6e 68 61 6e 64 6c 65 64 45 78 63 	0000UnhandledExc
  0xb9e0	65 70 74 69 6f 6e 46 69 6c 74 65 72 00 00 0f 00 	eptionFilter0000
  0xb9f0	53 65 74 55 6e 68 61 6e 64 6c 65 64 45 78 63 65 	SetUnhandledExce
  0xba00	70 74 69 6f 6e 46 69 6c 74 65 72 00 4f 00 54 65 	ptionFilter0O0Te
  0xba10	72 6d 69 6e 61 74 65 50 72 6f 63 65 73 73 00 00 	rminateProcess00
  0xba20	00 00 51 75 65 72 79 50 65 72 66 6f 72 6d 61 6e 	00QueryPerforman
  0xba30	63 65 43 6f 75 6e 74 65 72 00 0d 00 47 65 74 43 	ceCounter000GetC
  0xba40	75 72 72 65 6e 74 50 72 6f 63 65 73 73 49 64 00 	urrentProcessId0
  0xba50	16 00 47 65 74 53 79 73 74 65 6d 54 69 6d 65 41 	00GetSystemTimeA
  0xba60	73 46 69 6c 65 54 69 6d 65 00 1a 00 47 65 74 54 	sFileTime000GetT
  0xba70	69 63 6b 43 6f 75 6e 74 00 00 06 00 4f 75 74 70 	ickCount0000Outp
  0xba80	75 74 44 65 62 75 67 53 74 72 69 6e 67 41 00 00 	utDebugStringA00
  0xba90	4f 4c 45 41 55 54 33 32 2e 64 6c 6c 00 00 61 70 	OLEAUT32.dll00ap
  0xbaa0	69 2d 6d 73 2d 77 69 6e 2d 63 6f 72 65 2d 73 79 	i-ms-win-core-sy
  0xbab0	6e 63 68 2d 6c 31 2d 31 2d 30 2e 64 6c 6c 00 00 	nch-l1-1-0.dll00
  0xbac0	61 70 69 2d 6d 73 2d 77 69 6e 2d 63 6f 72 65 2d 	api-ms-win-core-
  0xbad0	65 72 72 6f 72 68 61 6e 64 6c 69 6e 67 2d 6c 31 	errorhandling-l1
  0xbae0	2d 31 2d 30 2e 64 6c 6c 00 00 61 70 69 2d 6d 73 	-1-0.dll00api-ms
  0xbaf0	2d 77 69 6e 2d 63 6f 72 65 2d 6c 69 62 72 61 72 	-win-core-librar
  0xbb00	79 6c 6f 61 64 65 72 2d 6c 31 2d 32 2d 30 2e 64 	yloader-l1-2-0.d
  0xbb10	6c 6c 00 00 61 70 69 2d 6d 73 2d 77 69 6e 2d 63 	ll00api-ms-win-c
  0xbb20	6f 72 65 2d 63 6f 6d 2d 6c 31 2d 31 2d 30 2e 64 	ore-com-l1-1-0.d
  0xbb30	6c 6c 00 00 61 70 69 2d 6d 73 2d 77 69 6e 2d 63 	ll00api-ms-win-c
  0xbb40	6f 72 65 2d 70 72 6f 63 65 73 73 74 68 72 65 61 	ore-processthrea
  0xbb50	64 73 2d 6c 31 2d 31 2d 30 2e 64 6c 6c 00 61 70 	ds-l1-1-0.dll0ap
  0xbb60	69 2d 6d 73 2d 77 69 6e 2d 63 6f 72 65 2d 73 74 	i-ms-win-core-st
  0xbb70	72 69 6e 67 2d 6c 32 2d 31 2d 30 2e 64 6c 6c 00 	ring-l2-1-0.dll0
  0xbb80	61 70 69 2d 6d 73 2d 77 69 6e 2d 63 6f 72 65 2d 	api-ms-win-core-
  0xbb90	72 65 67 69 73 74 72 79 2d 6c 31 2d 31 2d 30 2e 	registry-l1-1-0.
  0xbba0	64 6c 6c 00 61 70 69 2d 6d 73 2d 77 69 6e 2d 63 	dll0api-ms-win-c
  0xbbb0	6f 72 65 2d 73 74 72 69 6e 67 2d 6f 62 73 6f 6c 	ore-string-obsol
  0xbbc0	65 74 65 2d 6c 31 2d 31 2d 30 2e 64 6c 6c 00 00 	ete-l1-1-0.dll00
  0xbbd0	61 70 69 2d 6d 73 2d 77 69 6e 2d 63 6f 72 65 2d 	api-ms-win-core-
  0xbbe0	73 74 72 69 6e 67 2d 6c 31 2d 31 2d 30 2e 64 6c 	string-l1-1-0.dl
  0xbbf0	6c 00 61 70 69 2d 6d 73 2d 77 69 6e 2d 63 6f 72 	l0api-ms-win-cor
  0xbc00	65 2d 6c 6f 63 61 6c 69 7a 61 74 69 6f 6e 2d 6c 	e-localization-l
  0xbc10	31 2d 32 2d 30 2e 64 6c 6c 00 61 70 69 2d 6d 73 	1-2-0.dll0api-ms
  0xbc20	2d 77 69 6e 2d 63 6f 72 65 2d 68 65 61 70 2d 6c 	-win-core-heap-l
  0xbc30	32 2d 31 2d 30 2e 64 6c 6c 00 61 70 69 2d 6d 73 	2-1-0.dll0api-ms
  0xbc40	2d 77 69 6e 2d 63 6f 72 65 2d 68 65 61 70 2d 6c 	-win-core-heap-l
  0xbc50	31 2d 31 2d 30 2e 64 6c 6c 00 61 70 69 2d 6d 73 	1-1-0.dll0api-ms
  0xbc60	2d 77 69 6e 2d 63 6f 72 65 2d 6d 65 6d 6f 72 79 	-win-core-memory
  0xbc70	2d 6c 31 2d 31 2d 30 2e 64 6c 6c 00 61 70 69 2d 	-l1-1-0.dll0api-
  0xbc80	6d 73 2d 77 69 6e 2d 63 6f 72 65 2d 75 74 69 6c 	ms-win-core-util
  0xbc90	2d 6c 31 2d 31 2d 30 2e 64 6c 6c 00 61 70 69 2d 	-l1-1-0.dll0api-
  0xbca0	6d 73 2d 77 69 6e 2d 63 6f 72 65 2d 70 72 6f 63 	ms-win-core-proc
  0xbcb0	65 73 73 74 68 72 65 61 64 73 2d 6c 31 2d 31 2d 	essthreads-l1-1-
  0xbcc0	31 2e 64 6c 6c 00 61 70 69 2d 6d 73 2d 77 69 6e 	1.dll0api-ms-win
  0xbcd0	2d 63 6f 72 65 2d 69 6e 74 65 72 6c 6f 63 6b 65 	-core-interlocke
  0xbce0	64 2d 6c 31 2d 31 2d 30 2e 64 6c 6c 00 00 61 70 	d-l1-1-0.dll00ap
  0xbcf0	69 2d 6d 73 2d 77 69 6e 2d 63 6f 72 65 2d 73 79 	i-ms-win-core-sy
  0xbd00	6e 63 68 2d 6c 31 2d 32 2d 30 2e 64 6c 6c 00 00 	nch-l1-2-0.dll00
  0xbd10	61 70 69 2d 6d 73 2d 77 69 6e 2d 63 6f 72 65 2d 	api-ms-win-core-
  0xbd20	72 74 6c 73 75 70 70 6f 72 74 2d 6c 31 2d 31 2d 	rtlsupport-l1-1-
  0xbd30	30 2e 64 6c 6c 00 61 70 69 2d 6d 73 2d 77 69 6e 	0.dll0api-ms-win
  0xbd40	2d 63 6f 72 65 2d 70 72 6f 66 69 6c 65 2d 6c 31 	-core-profile-l1
  0xbd50	2d 31 2d 30 2e 64 6c 6c 00 00 61 70 69 2d 6d 73 	-1-0.dll00api-ms
  0xbd60	2d 77 69 6e 2d 63 6f 72 65 2d 73 79 73 69 6e 66 	-win-core-sysinf
  0xbd70	6f 2d 6c 31 2d 31 2d 30 2e 64 6c 6c 00 00 61 70 	o-l1-1-0.dll00ap
  0xbd80	69 2d 6d 73 2d 77 69 6e 2d 63 6f 72 65 2d 64 65 	i-ms-win-core-de
  0xbd90	62 75 67 2d 6c 31 2d 31 2d 30 2e 64 6c 6c 00 00 	bug-l1-1-0.dll00
  0xbda0	00 00 43 6c 6f 73 65 48 61 6e 64 6c 65 00 06 00 	00CloseHandle000
  0xbdb0	43 72 65 61 74 65 54 68 72 65 61 64 00 00 01 00 	CreateThread0000
  0xbdc0	52 65 73 6f 6c 76 65 44 65 6c 61 79 4c 6f 61 64 	ResolveDelayLoad
  0xbdd0	65 64 41 50 49 00 00 00 44 65 6c 61 79 4c 6f 61 	edAPI000DelayLoa
  0xbde0	64 46 61 69 6c 75 72 65 48 6f 6f 6b 00 00 61 70 	dFailureHook00ap
  0xbdf0	69 2d 6d 73 2d 77 69 6e 2d 63 6f 72 65 2d 68 61 	i-ms-win-core-ha
  0xbe00	6e 64 6c 65 2d 6c 31 2d 31 2d 30 2e 64 6c 6c 00 	ndle-l1-1-0.dll0
  0xbe10	61 70 69 2d 6d 73 2d 77 69 6e 2d 63 6f 72 65 2d 	api-ms-win-core-
  0xbe20	64 65 6c 61 79 6c 6f 61 64 2d 6c 31 2d 31 2d 31 	delayload-l1-1-1
  0xbe30	2e 64 6c 6c 00 00 61 70 69 2d 6d 73 2d 77 69 6e 	.dll00api-ms-win
  0xbe40	2d 63 6f 72 65 2d 64 65 6c 61 79 6c 6f 61 64 2d 	-core-delayload-
  0xbe50	6c 31 2d 31 2d 30 2e 64 6c 6c 00 00 92 04 6d 65 	l1-1-0.dll0000me
  0xbe60	6d 63 70 79 00 00 96 04 6d 65 6d 73 65 74 00 00 	mcpy0000memset00
  0xbe70	00 00 00 00 00 00 00 00 00 00 00 00 00 00 00 00 	0000000000000000
  0xbe80	00 00 00 00 00 00 00 00 00 00 00 00 00 00 00 00 	0000000000000000
  0xbe90	00 00 00 00 00 00 00 00 00 00 00 00 00 00 00 00 	0000000000000000
  0xbea0	00 00 00 00 00 00 00 00 00 00 00 00 00 00 00 00 	0000000000000000
  0xbeb0	00 00 00 00 00 00 00 00 00 00 00 00 00 00 00 00 	0000000000000000
  0xbec0	00 00 00 00 00 00 00 00 00 00 00 00 00 00 00 00 	0000000000000000
  0xbed0	00 00 00 00 00 00 00 00 00 00 00 00 00 00 00 00 	0000000000000000
  0xbee0	00 00 00 00 00 00 00 00 00 00 00 00 00 00 00 00 	0000000000000000
  0xbef0	00 00 00 00 00 00 00 00 00 00 00 00 00 00 00 00 	0000000000000000
  0xbf00	00 00 00 00 00 00 00 00 00 00 00 00 00 00 00 00 	0000000000000000
  0xbf10	00 00 00 00 00 00 00 00 00 00 00 00 00 00 00 00 	0000000000000000
  0xbf20	00 00 00 00 00 00 00 00 00 00 00 00 00 00 00 00 	0000000000000000
  0xbf30	00 00 00 00 00 00 00 00 00 00 00 00 00 00 00 00 	0000000000000000
  0xbf40	00 00 00 00 00 00 00 00 00 00 00 00 00 00 00 00 	0000000000000000
  0xbf50	00 00 00 00 00 00 00 00 00 00 00 00 00 00 00 00 	0000000000000000
  0xbf60	00 00 00 00 00 00 00 00 00 00 00 00 00 00 00 00 	0000000000000000
  0xbf70	00 00 00 00 00 00 00 00 00 00 00 00 00 00 00 00 	0000000000000000
  0xbf80	00 00 00 00 00 00 00 00 00 00 00 00 00 00 00 00 	0000000000000000
  0xbf90	00 00 00 00 00 00 00 00 00 00 00 00 00 00 00 00 	0000000000000000
  0xbfa0	00 00 00 00 00 00 00 00 00 00 00 00 00 00 00 00 	0000000000000000
  0xbfb0	00 00 00 00 00 00 00 00 00 00 00 00 00 00 00 00 	0000000000000000
  0xbfc0	00 00 00 00 00 00 00 00 00 00 00 00 00 00 00 00 	0000000000000000
  0xbfd0	00 00 00 00 00 00 00 00 00 00 00 00 00 00 00 00 	0000000000000000
  0xbfe0	00 00 00 00 00 00 00 00 00 00 00 00 00 00 00 00 	0000000000000000
  0xbff0	00 00 00 00 00 00 00 00 00 00 00 00 00 00 00 00 	0000000000000000
=== DATA BLOCK END ===

=== DATA BLOCK ADDRESS 0xc000 ===
  0xc000	60 00 00 00 00 00 00 00 00 00 00 40 01 00 00 00 	`0000000000@0000
  0xc010	00 00 00 40 01 00 00 00 01 00 00 00 00 08 00 00 	000@000000000000
  0xc020	10 a1 00 40 01 00 00 00 00 00 00 00 00 00 00 00 	000@000000000000
  0xc030	00 00 00 00 00 00 00 00 00 00 00 00 00 00 00 00 	0000000000000000
  0xc040	00 00 00 00 00 00 00 00 00 00 00 00 00 00 00 00 	0000000000000000
  0xc050	00 00 00 00 00 00 00 00 00 00 00 00 00 00 00 00 	0000000000000000
  0xc060	10 92 00 40 01 00 00 00 90 c7 00 40 01 00 00 00 	000@0000000@0000
  0xc070	60 c0 00 40 01 00 00 00 00 00 00 00 00 00 00 00 	`00@000000000000
  0xc080	02 00 00 00 00 00 00 00 00 00 00 00 00 00 00 00 	0000000000000000
  0xc090	01 00 00 00 00 00 00 00 32 a2 df 2d 99 2b 00 00 	00000000200-0+00
  0xc0a0	cd 5d 20 d2 66 d4 ff ff 00 00 00 00 00 00 00 00 	0] 0f00000000000
  0xc0b0	48 00 00 00 00 00 00 00 00 00 00 00 00 00 00 00 	H000000000000000
  0xc0c0	00 00 00 00 00 00 00 00 00 00 00 00 00 00 00 00 	0000000000000000
  0xc0d0	00 00 00 00 00 00 00 00 00 00 00 00 00 00 00 00 	0000000000000000
  0xc0e0	00 00 00 00 00 00 00 00 00 00 00 00 00 00 00 00 	0000000000000000
  0xc0f0	00 00 00 00 00 00 00 00 00 00 00 00 00 00 00 00 	0000000000000000
  0xc100	00 00 00 00 00 00 00 00 00 00 00 00 00 00 00 00 	0000000000000000
  0xc110	00 00 00 00 00 00 00 00 00 00 00 00 00 00 00 00 	0000000000000000
  0xc120	00 00 00 00 00 00 00 00 00 00 00 00 00 00 00 00 	0000000000000000
  0xc130	00 00 00 00 00 00 00 00 00 00 00 00 00 00 00 00 	0000000000000000
  0xc140	00 00 00 00 00 00 00 00 00 00 00 00 00 00 00 00 	0000000000000000
  0xc150	00 00 00 00 00 00 00 00 00 00 00 00 00 00 00 00 	0000000000000000
  0xc160	00 00 00 00 00 00 00 00 00 00 00 00 00 00 00 00 	0000000000000000
  0xc170	00 00 00 00 00 00 00 00 00 00 00 00 00 00 00 00 	0000000000000000
  0xc180	00 00 00 00 00 00 00 00 00 00 00 00 00 00 00 00 	0000000000000000
  0xc190	00 00 00 00 00 00 00 00 00 00 00 00 00 00 00 00 	0000000000000000
  0xc1a0	00 00 00 00 00 00 00 00 00 00 00 00 00 00 00 00 	0000000000000000
  0xc1b0	00 00 00 00 00 00 00 00 00 00 00 00 00 00 00 00 	0000000000000000
  0xc1c0	00 00 00 00 00 00 00 00 00 00 00 00 00 00 00 00 	0000000000000000
  0xc1d0	00 00 00 00 00 00 00 00 00 00 00 00 00 00 00 00 	0000000000000000
  0xc1e0	00 00 00 00 00 00 00 00 00 00 00 00 00 00 00 00 	0000000000000000
  0xc1f0	00 00 00 00 00 00 00 00 00 00 00 00 00 00 00 00 	0000000000000000
=== DATA BLOCK END ===

=== DATA BLOCK ADDRESS 0xd000 ===
  0xd000	10 10 00 00 62 10 00 00 f8 a5 00 00 70 10 00 00 	0000b0000000p000
  0xd010	90 10 00 00 f8 a5 00 00 a0 10 00 00 d3 10 00 00 	0000000000000000
  0xd020	f8 a5 00 00 e0 10 00 00 1c 11 00 00 f8 a5 00 00 	0000000000000000
  0xd030	50 11 00 00 28 12 00 00 f0 a5 00 00 30 12 00 00 	P000(00000000000
  0xd040	6a 12 00 00 00 a6 00 00 70 12 00 00 d5 14 00 00 	j0000000p0000000
  0xd050	0c a6 00 00 e0 14 00 00 ec 15 00 00 24 a6 00 00 	000000000000$000
  0xd060	00 16 00 00 60 16 00 00 3c a6 00 00 8c 16 00 00 	0000`000<0000000
  0xd070	7d 17 00 00 44 a6 00 00 90 17 00 00 fa 17 00 00 	}000D00000000000
  0xd080	00 a6 00 00 00 18 00 00 2c 19 00 00 24 a6 00 00 	00000000,000$000
  0xd090	40 19 00 00 70 19 00 00 3c a6 00 00 90 19 00 00 	@000p000<0000000
  0xd0a0	b8 1a 00 00 54 a6 00 00 d0 1a 00 00 50 1c 00 00 	0000T0000000P000
  0xd0b0	68 a6 00 00 58 1c 00 00 7f 1c 00 00 84 a6 00 00 	h000X00000000000
  0xd0c0	88 1c 00 00 16 1d 00 00 ac a6 00 00 70 1d 00 00 	000000000000p000
  0xd0d0	ed 1d 00 00 44 a6 00 00 40 1e 00 00 e3 20 00 00 	0000D000@0000 00
  0xd0e0	bc a6 00 00 40 21 00 00 70 21 00 00 00 a6 00 00 	0000@!00p!000000
  0xd0f0	78 21 00 00 28 22 00 00 ac a6 00 00 40 22 00 00 	x!00("000000@"00
  0xd100	a1 22 00 00 3c a6 00 00 a8 22 00 00 a5 24 00 00 	0"00<0000"000$00
  0xd110	dc a6 00 00 b0 24 00 00 df 24 00 00 f8 a5 00 00 	00000$000$000000
  0xd120	00 25 00 00 32 25 00 00 3c a6 00 00 38 25 00 00 	0%002%00<0008%00
  0xd130	5d 25 00 00 f8 a5 00 00 64 25 00 00 90 26 00 00 	]%000000d%000&00
  0xd140	f8 a6 00 00 98 26 00 00 51 29 00 00 10 a7 00 00 	00000&00Q)000000
  0xd150	58 29 00 00 d1 2d 00 00 30 a7 00 00 d8 2d 00 00 	X)000-0000000-00
  0xd160	82 2e 00 00 50 a7 00 00 88 2e 00 00 e4 2f 00 00 	0.00P0000.000/00
  0xd170	68 a7 00 00 ec 2f 00 00 c1 30 00 00 84 a7 00 00 	h0000/0000000000
  0xd180	e0 30 00 00 c3 32 00 00 90 a7 00 00 cc 32 00 00 	0000020000000200
  0xd190	f6 3a 00 00 a8 a7 00 00 fc 3a 00 00 c6 3c 00 00 	0:0000000:000<00
  0xd1a0	c8 a7 00 00 cc 3c 00 00 88 3e 00 00 ec a7 00 00 	00000<000>000000
  0xd1b0	90 3e 00 00 54 41 00 00 bc a6 00 00 88 41 00 00 	0>00TA0000000A00
  0xd1c0	a7 41 00 00 f8 a5 00 00 b0 41 00 00 ea 41 00 00 	0A0000000A000A00
  0xd1d0	00 a6 00 00 f0 41 00 00 0c 43 00 00 44 a6 00 00 	00000A000C00D000
  0xd1e0	14 43 00 00 df 43 00 00 08 a8 00 00 e8 43 00 00 	0C000C0000000C00
  0xd1f0	d4 45 00 00 1c a8 00 00 dc 45 00 00 9f 47 00 00 	0E0000000E000G00
  0xd200	30 a8 00 00 b0 47 00 00 1c 48 00 00 ac a6 00 00 	00000G000H000000
  0xd210	30 48 00 00 a6 48 00 00 48 a8 00 00 ac 48 00 00 	0H000H00H0000H00
  0xd220	61 4b 00 00 54 a8 00 00 00 4c 00 00 9a 4c 00 00 	aK00T0000L000L00
  0xd230	08 a8 00 00 a0 4c 00 00 a6 4d 00 00 08 a8 00 00 	00000L000M000000
  0xd240	ac 4d 00 00 ab 4f 00 00 6c a8 00 00 b4 4f 00 00 	0M000O00l0000O00
  0xd250	6c 50 00 00 88 a8 00 00 74 50 00 00 cc 51 00 00 	lP000000tP000Q00
  0xd260	98 a8 00 00 d4 51 00 00 96 52 00 00 90 a7 00 00 	00000Q000R000000
  0xd270	9c 52 00 00 e9 52 00 00 f0 a5 00 00 f0 52 00 00 	0R000R0000000R00
  0xd280	4f 53 00 00 f8 a5 00 00 58 53 00 00 9a 54 00 00 	OS000000XS000T00
  0xd290	68 a6 00 00 a0 54 00 00 af 54 00 00 f8 a5 00 00 	h0000T000T000000
  0xd2a0	b8 54 00 00 46 55 00 00 00 a6 00 00 4c 55 00 00 	0T00FU000000LU00
  0xd2b0	c3 55 00 00 00 a6 00 00 d0 55 00 00 63 56 00 00 	0U0000000U00cV00
  0xd2c0	00 a6 00 00 70 56 00 00 98 56 00 00 f8 a5 00 00 	0000pV000V000000
  0xd2d0	a0 56 00 00 42 57 00 00 3c a6 00 00 70 57 00 00 	0V00BW00<000pW00
  0xd2e0	97 57 00 00 3c a6 00 00 c0 57 00 00 e4 57 00 00 	0W00<0000W000W00
  0xd2f0	f8 a5 00 00 f0 57 00 00 43 58 00 00 f8 a5 00 00 	00000W00CX000000
  0xd300	70 58 00 00 c1 58 00 00 00 a6 00 00 c8 58 00 00 	pX000X0000000X00
  0xd310	a7 59 00 00 00 a6 00 00 b0 59 00 00 3e 5a 00 00 	0Y0000000Y00>Z00
  0xd320	00 a6 00 00 44 5a 00 00 79 5a 00 00 3c a6 00 00 	0000DZ00yZ00<000
  0xd330	80 5a 00 00 e8 5a 00 00 00 a6 00 00 f0 5a 00 00 	0Z000Z0000000Z00
  0xd340	a0 5b 00 00 3c a6 00 00 a8 5b 00 00 76 5c 00 00 	0[00<0000[00v000
  0xd350	a8 a8 00 00 7c 5c 00 00 09 5d 00 00 bc a8 00 00 	0000|0000]000000
  0xd360	10 5d 00 00 d2 5d 00 00 3c a6 00 00 d8 5d 00 00 	0]000]00<0000]00
  0xd370	9a 5e 00 00 3c a6 00 00 a0 5e 00 00 62 5f 00 00 	0^00<0000^00b_00
  0xd380	3c a6 00 00 68 5f 00 00 2a 60 00 00 3c a6 00 00 	<000h_00*`00<000
  0xd390	30 61 00 00 d1 65 00 00 c4 a8 00 00 e0 65 00 00 	0a000e0000000e00
  0xd3a0	42 68 00 00 e0 a8 00 00 50 68 00 00 2d 69 00 00 	Bh000000Ph00-i00
  0xd3b0	f4 a8 00 00 40 69 00 00 c2 69 00 00 ac a6 00 00 	0000@i000i000000
  0xd3c0	d0 69 00 00 e6 6a 00 00 04 a9 00 00 f0 6a 00 00 	0i000j0000000j00
  0xd3d0	c5 6b 00 00 f4 a8 00 00 d0 6b 00 00 96 6c 00 00 	0k0000000k000l00
  0xd3e0	44 a6 00 00 a0 6c 00 00 80 6d 00 00 14 a9 00 00 	D0000l000m000000
  0xd3f0	88 6d 00 00 2a 6e 00 00 08 a8 00 00 30 6e 00 00 	0m00*n0000000n00
  0xd400	2a 6f 00 00 f8 a6 00 00 30 6f 00 00 a3 6f 00 00 	*o0000000o000o00
  0xd410	00 a6 00 00 20 70 00 00 5d 70 00 00 28 a9 00 00 	0000 p00]p00(000
  0xd420	88 70 00 00 c1 70 00 00 00 a6 00 00 d0 70 00 00 	0p000p0000000p00
  0xd430	a3 71 00 00 f8 a5 00 00 b0 71 00 00 f9 71 00 00 	0q0000000q000q00
  0xd440	28 a9 00 00 00 72 00 00 64 74 00 00 30 a9 00 00 	(0000r00dt000000
  0xd450	70 74 00 00 82 74 00 00 f8 a5 00 00 a0 74 00 00 	pt000t0000000t00
  0xd460	be 74 00 00 68 a9 00 00 dc 74 00 00 69 75 00 00 	0t00h0000t00iu00
  0xd470	6c a9 00 00 70 75 00 00 87 75 00 00 f8 a5 00 00 	l000pu000u000000
  0xd480	a0 75 00 00 f1 75 00 00 28 a9 00 00 f8 75 00 00 	0u000u00(0000u00
  0xd490	2c 76 00 00 3c a6 00 00 40 76 00 00 b1 77 00 00 	,v00<000@v000w00
  0xd4a0	94 a9 00 00 b8 77 00 00 af 78 00 00 8c a9 00 00 	00000w000x000000
  0xd4b0	e0 78 00 00 19 79 00 00 f8 a5 00 00 20 79 00 00 	0x000y000000 y00
  0xd4c0	38 79 00 00 f8 a5 00 00 4c 79 00 00 a0 79 00 00 	8y000000Ly000y00
  0xd4d0	9c a9 00 00 a8 79 00 00 ed 79 00 00 3c a6 00 00 	00000y000y00<000
  0xd4e0	60 7a 00 00 ad 7a 00 00 bc a9 00 00 f4 7a 00 00 	`z000z0000000z00
  0xd4f0	c8 7b 00 00 e0 a9 00 00 28 7c 00 00 eb 7c 00 00 	0{000000(|000|00
  0xd500	ec a9 00 00 08 7d 00 00 25 7d 00 00 f8 a5 00 00 	00000}00%}000000
  0xd510	2c 7d 00 00 87 7d 00 00 04 aa 00 00 99 7d 00 00 	,}000}0000000}00
  0xd520	10 7e 00 00 0c aa 00 00 24 7e 00 00 9b 7e 00 00 	0~000000$~000~00
  0xd530	14 aa 00 00 af 7e 00 00 26 7f 00 00 1c aa 00 00 	00000~00&0000000
  0xd540	12 80 00 00 89 80 00 00 24 aa 00 00 d3 80 00 00 	00000000$0000000
  0xd550	4a 81 00 00 2c aa 00 00 80 81 00 00 82 81 00 00 	J000,00000000000
  0xd560	00 aa 00 00 a0 81 00 00 ed 81 00 00 38 aa 00 00 	0000000000008000
  0xd570	f3 81 00 00 13 82 00 00 a4 a6 00 00 19 82 00 00 	0000000000000000
  0xd580	37 82 00 00 a4 a6 00 00 3d 82 00 00 58 82 00 00 	70000000=000X000
  0xd590	a4 a6 00 00 60 82 00 00 80 82 00 00 a4 a6 00 00 	0000`00000000000
  0xd5a0	b0 82 00 00 fb 82 00 00 f8 a5 00 00 10 83 00 00 	0000000000000000
  0xd5b0	99 83 00 00 f8 a5 00 00 a0 83 00 00 d9 83 00 00 	0000000000000000
  0xd5c0	f8 a5 00 00 00 00 00 00 00 00 00 00 00 00 00 00 	0000000000000000
  0xd5d0	00 00 00 00 00 00 00 00 00 00 00 00 00 00 00 00 	0000000000000000
  0xd5e0	00 00 00 00 00 00 00 00 00 00 00 00 00 00 00 00 	0000000000000000
  0xd5f0	00 00 00 00 00 00 00 00 00 00 00 00 00 00 00 00 	0000000000000000
=== DATA BLOCK END ===
