===== Assembly blocks =====

=== CODE BLOCK ADDRESS 0x1000 ===
=== CODE BLOCK END ===

=== DATA BLOCK ADDRESS 0x6000 ===
  0x6000	50 90 00 40 01 00 00 00 f0 90 00 40 01 00 00 00 	P00@0000000@0000
  0x6010	e0 6e 00 40 01 00 00 00 00 00 00 00 00 00 00 00 	0n0@000000000000
  0x6020	e8 6e 00 40 01 00 00 00 01 00 00 00 00 00 00 00 	0n0@000000000000
  0x6030	ec 6e 00 40 01 00 00 00 02 00 00 00 00 00 00 00 	0n0@000000000000
  0x6040	f0 6e 00 40 01 00 00 00 03 00 00 00 00 00 00 00 	0n0@000000000000
  0x6050	f4 6e 00 40 01 00 00 00 04 00 00 00 00 00 00 00 	0n0@000000000000
  0x6060	f8 6e 00 40 01 00 00 00 05 00 00 00 00 00 00 00 	0n0@000000000000
  0x6070	00 6f 00 40 01 00 00 00 06 00 00 00 00 00 00 00 	0o0@000000000000
  0x6080	04 6f 00 40 01 00 00 00 07 00 00 00 00 00 00 00 	0o0@000000000000
  0x6090	08 6f 00 40 01 00 00 00 08 00 00 00 00 00 00 00 	0o0@000000000000
  0x60a0	0c 6f 00 40 01 00 00 00 09 00 00 00 00 00 00 00 	0o0@000000000000
  0x60b0	d8 6e 00 40 01 00 00 00 0a 00 00 00 00 00 00 00 	0n0@000000000000
  0x60c0	10 6f 00 40 01 00 00 00 0b 00 00 00 00 00 00 00 	0o0@000000000000
  0x60d0	14 6f 00 40 01 00 00 00 0c 00 00 00 00 00 00 00 	0o0@000000000000
  0x60e0	18 6f 00 40 01 00 00 00 0d 00 00 00 00 00 00 00 	0o0@000000000000
  0x60f0	20 6f 00 40 01 00 00 00 0e 00 00 00 00 00 00 00 	 o0@000000000000
  0x6100	28 6f 00 40 01 00 00 00 0f 00 00 00 00 00 00 00 	(o0@000000000000
  0x6110	2c 6f 00 40 01 00 00 00 10 00 00 00 00 00 00 00 	,o0@000000000000
  0x6120	30 6f 00 40 01 00 00 00 11 00 00 00 00 00 00 00 	0o0@000000000000
  0x6130	34 6f 00 40 01 00 00 00 12 00 00 00 00 00 00 00 	4o0@000000000000
  0x6140	3c 6f 00 40 01 00 00 00 13 00 00 00 00 00 00 00 	<o0@000000000000
  0x6150	40 6f 00 40 01 00 00 00 14 00 00 00 00 00 00 00 	@o0@000000000000
  0x6160	48 6f 00 40 01 00 00 00 15 00 00 00 00 00 00 00 	Ho0@000000000000
  0x6170	4c 6f 00 40 01 00 00 00 16 00 00 00 00 00 00 00 	Lo0@000000000000
  0x6180	58 6f 00 40 01 00 00 00 17 00 00 00 00 00 00 00 	Xo0@000000000000
  0x6190	60 6f 00 40 01 00 00 00 18 00 00 00 00 00 00 00 	`o0@000000000000
  0x61a0	64 6f 00 40 01 00 00 00 19 00 00 00 00 00 00 00 	do0@000000000000
  0x61b0	68 6f 00 40 01 00 00 00 1a 00 00 00 00 00 00 00 	ho0@000000000000
  0x61c0	6c 6f 00 40 01 00 00 00 1b 00 00 00 00 00 00 00 	lo0@000000000000
  0x61d0	74 6f 00 40 01 00 00 00 1c 00 00 00 00 00 00 00 	to0@000000000000
  0x61e0	7c 6f 00 40 01 00 00 00 1d 00 00 00 00 00 00 00 	|o0@000000000000
  0x61f0	80 6f 00 40 01 00 00 00 1e 00 00 00 00 00 00 00 	0o0@000000000000
  0x6200	84 6f 00 40 01 00 00 00 1f 00 00 00 00 00 00 00 	0o0@000000000000
  0x6210	88 6f 00 40 01 00 00 00 20 00 00 00 00 00 00 00 	0o0@0000 0000000
  0x6220	90 6f 00 40 01 00 00 00 21 00 00 00 00 00 00 00 	0o0@0000!0000000
  0x6230	94 6f 00 40 01 00 00 00 22 00 00 00 00 00 00 00 	0o0@0000"0000000
  0x6240	9c 6f 00 40 01 00 00 00 23 00 00 00 00 00 00 00 	0o0@0000#0000000
  0x6250	a4 6f 00 40 01 00 00 00 24 00 00 00 00 00 00 00 	0o0@0000$0000000
  0x6260	a8 6f 00 40 01 00 00 00 25 00 00 00 00 00 00 00 	0o0@0000%0000000
  0x6270	b0 6f 00 40 01 00 00 00 26 00 00 00 00 00 00 00 	0o0@0000&0000000
  0x6280	b4 6f 00 40 01 00 00 00 27 00 00 00 00 00 00 00 	0o0@0000'0000000
  0x6290	bc 6f 00 40 01 00 00 00 28 00 00 00 00 00 00 00 	0o0@0000(0000000
  0x62a0	c4 6f 00 40 01 00 00 00 29 00 00 00 00 00 00 00 	0o0@0000)0000000
  0x62b0	c8 6f 00 40 01 00 00 00 2a 00 00 00 00 00 00 00 	0o0@0000*0000000
  0x62c0	cc 6f 00 40 01 00 00 00 2b 00 00 00 00 00 00 00 	0o0@0000+0000000
  0x62d0	d0 6f 00 40 01 00 00 00 2c 00 00 00 00 00 00 00 	0o0@0000,0000000
  0x62e0	d4 6f 00 40 01 00 00 00 2d 00 00 00 00 00 00 00 	0o0@0000-0000000
  0x62f0	d8 6f 00 40 01 00 00 00 2e 00 00 00 00 00 00 00 	0o0@0000.0000000
  0x6300	e0 6f 00 40 01 00 00 00 2f 00 00 00 00 00 00 00 	0o0@0000/0000000
  0x6310	e8 6f 00 40 01 00 00 00 30 00 00 00 00 00 00 00 	0o0@000000000000
  0x6320	f0 6f 00 40 01 00 00 00 31 00 00 00 00 00 00 00 	0o0@000010000000
  0x6330	f8 6f 00 40 01 00 00 00 32 00 00 00 00 00 00 00 	0o0@000020000000
  0x6340	00 70 00 40 01 00 00 00 33 00 00 00 00 00 00 00 	0p0@000030000000
  0x6350	0c 70 00 40 01 00 00 00 34 00 00 00 00 00 00 00 	0p0@000040000000
  0x6360	14 70 00 40 01 00 00 00 f9 00 00 00 00 00 00 00 	0p0@000000000000
  0x6370	1c 70 00 40 01 00 00 00 fa 00 00 00 00 00 00 00 	0p0@000000000000
  0x6380	24 70 00 40 01 00 00 00 01 ff 00 00 00 00 00 00 	$p0@000000000000
  0x6390	2c 70 00 40 01 00 00 00 02 ff 00 00 00 00 00 00 	,p0@000000000000
  0x63a0	34 70 00 40 01 00 00 00 64 00 00 00 00 00 00 00 	4p0@0000d0000000
  0x63b0	3c 70 00 40 01 00 00 00 65 00 00 00 00 00 00 00 	<p0@0000e0000000
  0x63c0	40 70 00 40 01 00 00 00 66 00 00 00 00 00 00 00 	@p0@0000f0000000
  0x63d0	44 70 00 40 01 00 00 00 67 00 00 00 00 00 00 00 	Dp0@0000g0000000
  0x63e0	4c 70 00 40 01 00 00 00 02 ff 00 00 00 00 00 00 	Lp0@000000000000
  0x63f0	54 70 00 40 01 00 00 00 02 ff 00 00 00 00 00 00 	Tp0@000000000000
  0x6400	5c 70 00 40 01 00 00 00 f8 00 00 00 00 00 00 00 	0p0@000000000000
  0x6410	14 70 00 40 01 00 00 00 f9 00 00 00 00 00 00 00 	0p0@000000000000
  0x6420	1c 70 00 40 01 00 00 00 fa 00 00 00 00 00 00 00 	0p0@000000000000
  0x6430	64 70 00 40 01 00 00 00 fb 00 00 00 00 00 00 00 	dp0@000000000000
  0x6440	6c 70 00 40 01 00 00 00 fc 00 00 00 00 00 00 00 	lp0@000000000000
  0x6450	74 70 00 40 01 00 00 00 fd 00 00 00 00 00 00 00 	tp0@000000000000
  0x6460	7c 70 00 40 01 00 00 00 fe 00 00 00 00 00 00 00 	|p0@000000000000
  0x6470	74 70 00 40 01 00 00 00 fd 00 00 00 00 00 00 00 	tp0@000000000000
  0x6480	84 70 00 40 01 00 00 00 ff 00 00 00 00 00 00 00 	0p0@000000000000
  0x6490	00 00 00 00 00 00 00 00 00 00 00 00 00 00 00 00 	0000000000000000
  0x64a0	18 01 00 00 00 00 00 00 00 00 00 00 00 00 00 00 	0000000000000000
  0x64b0	00 00 00 00 00 00 00 00 00 00 00 00 00 00 00 00 	0000000000000000
  0x64c0	00 00 00 00 00 00 00 00 00 00 00 00 00 00 00 00 	0000000000000000
  0x64d0	00 00 00 00 00 00 00 00 00 00 00 00 00 00 00 00 	0000000000000000
  0x64e0	00 00 00 00 00 00 00 00 00 00 00 00 00 00 00 00 	0000000000000000
  0x64f0	00 00 00 00 00 00 00 00 08 90 00 40 01 00 00 00 	00000000000@0000
  0x6500	00 00 00 00 00 00 00 00 00 00 00 00 00 00 00 00 	0000000000000000
  0x6510	e0 69 00 40 01 00 00 00 e8 69 00 40 01 00 00 00 	0i0@00000i0@0000
  0x6520	28 6a 00 40 01 00 00 00 08 00 00 00 00 00 00 00 	(j0@000000000000
  0x6530	00 75 01 00 00 00 00 00 00 00 00 00 00 00 00 00 	0u00000000000000
  0x6540	00 00 00 00 00 00 00 00 00 00 00 00 00 00 00 00 	0000000000000000
  0x6550	00 00 00 00 00 00 00 00 00 00 00 00 00 00 00 00 	0000000000000000
  0x6560	00 00 00 00 00 00 00 00 00 00 00 00 00 00 00 00 	0000000000000000
  0x6570	00 00 00 00 00 00 00 00 00 00 00 00 00 00 00 00 	0000000000000000
  0x6580	00 00 00 00 00 00 00 00 00 00 00 00 00 00 00 00 	0000000000000000
  0x6590	00 00 00 00 00 00 00 00 00 00 00 00 00 00 00 00 	0000000000000000
  0x65a0	00 00 00 00 00 00 00 00 00 00 00 00 00 00 00 00 	0000000000000000
  0x65b0	00 00 00 00 00 00 00 00 5a 81 00 00 00 00 00 00 	00000000Z0000000
  0x65c0	78 81 00 00 00 00 00 00 60 82 00 00 00 00 00 00 	x0000000`0000000
  0x65d0	8e 82 00 00 00 00 00 00 82 81 00 00 00 00 00 00 	0000000000000000
  0x65e0	42 81 00 00 00 00 00 00 6a 81 00 00 00 00 00 00 	B0000000j0000000
  0x65f0	00 00 00 00 00 00 00 00 70 7f 00 00 00 00 00 00 	00000000p0000000
  0x6600	f2 81 00 00 00 00 00 00 d4 81 00 00 00 00 00 00 	0000000000000000
  0x6610	f6 7e 00 00 00 00 00 00 8e 7f 00 00 00 00 00 00 	0~00000000000000
  0x6620	32 80 00 00 00 00 00 00 da 82 00 00 00 00 00 00 	2000000000000000
  0x6630	4c 82 00 00 00 00 00 00 fa 82 00 00 00 00 00 00 	L000000000000000
  0x6640	00 00 00 00 00 00 00 00 1a 87 00 00 00 00 00 00 	0000000000000000
  0x6650	04 87 00 00 00 00 00 00 4a 87 00 00 00 00 00 00 	00000000J0000000
  0x6660	30 87 00 00 00 00 00 00 00 00 00 00 00 00 00 00 	0000000000000000
  0x6670	d0 80 00 00 00 00 00 00 00 00 00 00 00 00 00 00 	0000000000000000
  0x6680	b6 82 00 00 00 00 00 00 00 00 00 00 00 00 00 00 	0000000000000000
  0x6690	30 81 00 00 00 00 00 00 0e 81 00 00 00 00 00 00 	0000000000000000
  0x66a0	00 00 00 00 00 00 00 00 20 81 00 00 00 00 00 00 	00000000 0000000
  0x66b0	ac 83 00 00 00 00 00 00 90 83 00 00 00 00 00 00 	0000000000000000
  0x66c0	00 00 00 00 00 00 00 00 a8 82 00 00 00 00 00 00 	0000000000000000
  0x66d0	dc 80 00 00 00 00 00 00 00 00 00 00 00 00 00 00 	0000000000000000
  0x66e0	1a 83 00 00 00 00 00 00 0c 82 00 00 00 00 00 00 	0000000000000000
  0x66f0	18 82 00 00 00 00 00 00 2a 82 00 00 00 00 00 00 	00000000*0000000
  0x6700	00 00 00 00 00 00 00 00 56 7f 00 00 00 00 00 00 	00000000V0000000
  0x6710	64 7f 00 00 00 00 00 00 00 00 00 00 00 00 00 00 	d000000000000000
  0x6720	c4 7e 00 00 00 00 00 00 d2 7e 00 00 00 00 00 00 	0~0000000~000000
  0x6730	f2 83 00 00 00 00 00 00 e4 7e 00 00 00 00 00 00 	000000000~000000
  0x6740	00 00 00 00 00 00 00 00 30 83 00 00 00 00 00 00 	0000000000000000
  0x6750	be 80 00 00 00 00 00 00 00 00 00 00 00 00 00 00 	0000000000000000
  0x6760	46 88 00 00 00 00 00 00 00 00 00 00 00 00 00 00 	F000000000000000
  0x6770	36 84 00 00 00 00 00 00 20 84 00 00 00 00 00 00 	60000000 0000000
  0x6780	ca 83 00 00 00 00 00 00 de 83 00 00 00 00 00 00 	0000000000000000
  0x6790	00 00 00 00 00 00 00 00 06 84 00 00 00 00 00 00 	0000000000000000
  0x67a0	00 00 00 00 00 00 00 00 e2 7f 00 00 00 00 00 00 	0000000000000000
  0x67b0	ba 7f 00 00 00 00 00 00 f4 7f 00 00 00 00 00 00 	0000000000000000
  0x67c0	a6 7f 00 00 00 00 00 00 00 00 00 00 00 00 00 00 	0000000000000000
  0x67d0	62 83 00 00 00 00 00 00 4e 83 00 00 00 00 00 00 	b0000000N0000000
  0x67e0	7c 83 00 00 00 00 00 00 00 00 00 00 00 00 00 00 	|000000000000000
  0x67f0	78 82 00 00 00 00 00 00 f2 87 00 00 00 00 00 00 	x000000000000000
  0x6800	c8 82 00 00 00 00 00 00 00 00 00 00 00 00 00 00 	0000000000000000
  0x6810	46 83 00 00 00 00 00 00 00 00 00 00 00 00 00 00 	F000000000000000
  0x6820	18 80 00 00 00 00 00 00 4c 84 00 00 00 00 00 00 	00000000L0000000
  0x6830	36 82 00 00 00 00 00 00 00 00 00 00 00 00 00 00 	6000000000000000
  0x6840	f6 80 00 00 00 00 00 00 00 00 00 00 00 00 00 00 	0000000000000000
  0x6850	2a 88 00 00 00 00 00 00 08 88 00 00 00 00 00 00 	*000000000000000
  0x6860	20 88 00 00 00 00 00 00 00 00 00 00 00 00 00 00 	 000000000000000
  0x6870	14 7f 00 00 00 00 00 00 02 80 00 00 00 00 00 00 	0000000000000000
  0x6880	44 7f 00 00 00 00 00 00 2c 7f 00 00 00 00 00 00 	D0000000,0000000
  0x6890	00 00 00 00 00 00 00 00 5c 80 00 00 00 00 00 00 	0000000000000000
  0x68a0	a8 80 00 00 00 00 00 00 90 80 00 00 00 00 00 00 	0000000000000000
  0x68b0	76 80 00 00 00 00 00 00 4a 80 00 00 00 00 00 00 	v0000000J0000000
  0x68c0	00 00 00 00 00 00 00 00 62 87 00 00 00 00 00 00 	00000000b0000000
  0x68d0	86 87 00 00 00 00 00 00 98 87 00 00 00 00 00 00 	0000000000000000
  0x68e0	a2 87 00 00 00 00 00 00 ae 87 00 00 00 00 00 00 	0000000000000000
  0x68f0	b8 87 00 00 00 00 00 00 c2 87 00 00 00 00 00 00 	0000000000000000
  0x6900	cc 87 00 00 00 00 00 00 b0 7e 00 00 00 00 00 00 	000000000~000000
  0x6910	98 7e 00 00 00 00 00 00 8e 7e 00 00 00 00 00 00 	0~0000000~000000
  0x6920	b2 88 00 00 00 00 00 00 7c 87 00 00 00 00 00 00 	00000000|0000000
  0x6930	76 7e 00 00 00 00 00 00 6a 7e 00 00 00 00 00 00 	v~000000j~000000
  0x6940	56 7e 00 00 00 00 00 00 4c 7e 00 00 00 00 00 00 	V~000000L~000000
  0x6950	bc 88 00 00 00 00 00 00 44 7e 00 00 00 00 00 00 	00000000D~000000
  0x6960	32 7e 00 00 00 00 00 00 20 7e 00 00 00 00 00 00 	2~000000 ~000000
  0x6970	12 7e 00 00 00 00 00 00 04 7e 00 00 00 00 00 00 	0~0000000~000000
  0x6980	70 87 00 00 00 00 00 00 fc 7d 00 00 00 00 00 00 	p00000000}000000
  0x6990	f0 7d 00 00 00 00 00 00 e2 7d 00 00 00 00 00 00 	0}0000000}000000
  0x69a0	d8 7d 00 00 00 00 00 00 00 00 00 00 00 00 00 00 	0}00000000000000
  0x69b0	d8 87 00 00 00 00 00 00 f0 86 00 00 00 00 00 00 	0000000000000000
  0x69c0	b8 81 00 00 00 00 00 00 9c 81 00 00 00 00 00 00 	0000000000000000
  0x69d0	ca 7f 00 00 00 00 00 00 00 00 00 00 00 00 00 00 	0000000000000000
  0x69e0	e0 58 00 40 01 00 00 00 d0 59 00 40 01 00 00 00 	0X0@00000Y0@0000
  0x69f0	00 00 00 00 00 00 00 00 a0 50 00 40 01 00 00 00 	000000000P0@0000
  0x6a00	00 00 00 00 00 00 00 00 00 00 00 00 00 00 00 00 	0000000000000000
  0x6a10	c0 4f 00 40 01 00 00 00 10 56 00 40 01 00 00 00 	0O0@00000V0@0000
  0x6a20	00 00 00 00 00 00 00 00 c0 4f 00 00 a0 50 00 00 	000000000O000P00
  0x6a30	c0 52 00 00 50 53 00 00 d0 55 00 00 10 56 00 00 	0R00PS000U000V00
  0x6a40	f0 56 00 00 e0 58 00 00 00 00 00 00 00 00 00 00 	0V000X0000000000
  0x6a50	18 00 00 00 01 00 00 00 11 4a 00 eb 1a 9b d4 11 	000000000J000000
  0x6a60	91 23 00 50 04 77 59 bc 18 00 00 00 01 00 00 00 	0#0P0wY000000000
  0x6a70	01 4a 00 eb 1a 9b d4 11 91 23 00 50 04 77 59 bc 	0J0000000#0P0wY0
  0x6a80	64 00 68 00 63 00 70 00 63 00 73 00 76 00 63 00 	d0h0c0p0c0s0v0c0
  0x6a90	2e 00 64 00 6c 00 6c 00 00 00 00 00 00 00 00 00 	.0d0l0l000000000
  0x6aa0	44 68 63 70 49 73 45 6e 61 62 6c 65 64 00 00 00 	DhcpIsEnabled000
  0x6ab0	44 00 68 00 63 00 70 00 43 00 6c 00 61 00 73 00 	D0h0c0p0C0l0a0s0
  0x6ac0	73 00 49 00 64 00 00 00 00 00 00 00 00 00 00 00 	s0I0d00000000000
  0x6ad0	53 00 59 00 53 00 54 00 45 00 4d 00 5c 00 43 00 	S0Y0S0T0E0M000C0
  0x6ae0	75 00 72 00 72 00 65 00 6e 00 74 00 43 00 6f 00 	u0r0r0e0n0t0C0o0
  0x6af0	6e 00 74 00 72 00 6f 00 6c 00 53 00 65 00 74 00 	n0t0r0o0l0S0e0t0
  0x6b00	5c 00 53 00 65 00 72 00 76 00 69 00 63 00 65 00 	00S0e0r0v0i0c0e0
  0x6b10	73 00 5c 00 54 00 63 00 70 00 69 00 70 00 5c 00 	s000T0c0p0i0p000
  0x6b20	50 00 61 00 72 00 61 00 6d 00 65 00 74 00 65 00 	P0a0r0a0m0e0t0e0
  0x6b30	72 00 73 00 5c 00 49 00 6e 00 74 00 65 00 72 00 	r0s000I0n0t0e0r0
  0x6b40	66 00 61 00 63 00 65 00 73 00 5c 00 00 00 00 00 	f0a0c0e0s0000000
  0x6b50	44 00 68 00 63 00 70 00 76 00 36 00 43 00 6c 00 	D0h0c0p0v060C0l0
  0x6b60	61 00 73 00 73 00 49 00 64 00 00 00 00 00 00 00 	a0s0s0I0d0000000
  0x6b70	53 00 59 00 53 00 54 00 45 00 4d 00 5c 00 43 00 	S0Y0S0T0E0M000C0
  0x6b80	75 00 72 00 72 00 65 00 6e 00 74 00 43 00 6f 00 	u0r0r0e0n0t0C0o0
  0x6b90	6e 00 74 00 72 00 6f 00 6c 00 53 00 65 00 74 00 	n0t0r0o0l0S0e0t0
  0x6ba0	5c 00 53 00 65 00 72 00 76 00 69 00 63 00 65 00 	00S0e0r0v0i0c0e0
  0x6bb0	73 00 5c 00 54 00 63 00 70 00 69 00 70 00 36 00 	s000T0c0p0i0p060
  0x6bc0	5c 00 50 00 61 00 72 00 61 00 6d 00 65 00 74 00 	00P0a0r0a0m0e0t0
  0x6bd0	65 00 72 00 73 00 5c 00 49 00 6e 00 74 00 65 00 	e0r0s000I0n0t0e0
  0x6be0	72 00 66 00 61 00 63 00 65 00 73 00 5c 00 00 00 	r0f0a0c0e0s00000
  0x6bf0	00 00 00 00 00 00 00 00 30 00 78 00 25 00 49 00 	0000000000x0%0I0
  0x6c00	78 00 2e 00 00 00 00 00 30 00 78 00 25 00 6c 00 	x0.0000000x0%0l0
  0x6c10	78 00 2e 00 00 00 00 00 61 00 6c 00 6c 00 00 00 	x0.00000a0l0l000
  0x6c20	72 00 65 00 6e 00 65 00 77 00 00 00 00 00 00 00 	r0e0n0e0w0000000
  0x6c30	72 00 65 00 6c 00 65 00 61 00 73 00 65 00 00 00 	r0e0l0e0a0s0e000
  0x6c40	66 00 6c 00 75 00 73 00 68 00 64 00 6e 00 73 00 	f0l0u0s0h0d0n0s0
  0x6c50	00 00 00 00 00 00 00 00 64 00 69 00 73 00 70 00 	00000000d0i0s0p0
  0x6c60	6c 00 61 00 79 00 64 00 6e 00 73 00 00 00 00 00 	l0a0y0d0n0s00000
  0x6c70	72 00 65 00 67 00 69 00 73 00 74 00 65 00 72 00 	r0e0g0i0s0t0e0r0
  0x6c80	64 00 6e 00 73 00 00 00 73 00 68 00 6f 00 77 00 	d0n0s000s0h0o0w0
  0x6c90	63 00 6c 00 61 00 73 00 73 00 69 00 64 00 00 00 	c0l0a0s0s0i0d000
  0x6ca0	73 00 65 00 74 00 63 00 6c 00 61 00 73 00 73 00 	s0e0t0c0l0a0s0s0
  0x6cb0	69 00 64 00 00 00 00 00 73 00 68 00 6f 00 77 00 	i0d00000s0h0o0w0
  0x6cc0	63 00 6c 00 61 00 73 00 73 00 69 00 64 00 36 00 	c0l0a0s0s0i0d060
  0x6cd0	00 00 00 00 00 00 00 00 73 00 65 00 74 00 63 00 	00000000s0e0t0c0
  0x6ce0	6c 00 61 00 73 00 73 00 69 00 64 00 36 00 00 00 	l0a0s0s0i0d06000
  0x6cf0	64 00 65 00 62 00 75 00 67 00 00 00 00 00 00 00 	d0e0b0u0g0000000
  0x6d00	61 00 6c 00 6c 00 63 00 6f 00 6d 00 70 00 61 00 	a0l0l0c0o0m0p0a0
  0x6d10	72 00 74 00 6d 00 65 00 6e 00 74 00 73 00 00 00 	r0t0m0e0n0t0s000
  0x6d20	72 00 65 00 6e 00 65 00 77 00 36 00 00 00 00 00 	r0e0n0e0w0600000
  0x6d30	72 00 65 00 6c 00 65 00 61 00 73 00 65 00 36 00 	r0e0l0e0a0s0e060
  0x6d40	00 00 00 00 00 00 00 00 00 00 00 00 00 00 00 00 	0000000000000000
  0x6d50	00 00 00 00 d8 27 00 00 02 00 00 00 d9 27 00 00 	00000'0000000'00
  0x6d60	03 00 00 00 da 27 00 00 04 00 00 00 db 27 00 00 	00000'0000000'00
  0x6d70	05 00 00 00 dc 27 00 00 06 00 00 00 dd 27 00 00 	00000'0000000'00
  0x6d80	08 00 00 00 de 27 00 00 09 00 00 00 df 27 00 00 	00000'0000000'00
  0x6d90	0a 00 00 00 e0 27 00 00 0b 00 00 00 e1 27 00 00 	00000'0000000'00
  0x6da0	0c 00 00 00 e2 27 00 00 0d 00 00 00 e3 27 00 00 	00000'0000000'00
  0x6db0	0e 00 00 00 e4 27 00 00 0f 00 00 00 e5 27 00 00 	00000'0000000'00
  0x6dc0	10 00 00 00 e6 27 00 00 11 00 00 00 e7 27 00 00 	00000'0000000'00
  0x6dd0	12 00 00 00 e8 27 00 00 13 00 00 00 e9 27 00 00 	00000'0000000'00
  0x6de0	14 00 00 00 ea 27 00 00 00 00 00 00 00 00 00 00 	00000'0000000000
  0x6df0	01 00 00 00 57 27 00 00 06 00 00 00 58 27 00 00 	0000W'000000X'00
  0x6e00	09 00 00 00 59 27 00 00 0f 00 00 00 5a 27 00 00 	0000Y'000000Z'00
  0x6e10	18 00 00 00 5b 27 00 00 17 00 00 00 5c 27 00 00 	0000['0000000'00
  0x6e20	1c 00 00 00 5d 27 00 00 83 00 00 00 5e 27 00 00 	0000]'000000^'00
  0x6e30	90 00 00 00 57 27 00 00 47 00 00 00 5f 27 00 00 	0000W'00G000_'00
  0x6e40	ed 00 00 00 60 27 00 00 f3 00 00 00 61 27 00 00 	0000`'000000a'00
  0x6e50	f4 00 00 00 62 27 00 00 01 00 00 00 14 27 00 00 	0000b'0000000'00
  0x6e60	02 00 00 00 26 27 00 00 04 00 00 00 24 27 00 00 	0000&'000000$'00
  0x6e70	08 00 00 00 25 27 00 00 25 00 64 00 2e 00 25 00 	0000%'00%0d0.0%0
  0x6e80	64 00 2e 00 25 00 64 00 2e 00 25 00 64 00 00 00 	d0.0%0d0.0%0d000
  0x6e90	25 00 64 00 00 00 00 00 25 00 53 00 00 00 00 00 	%0d00000%0S00000
  0x6ea0	25 00 30 00 32 00 78 00 00 00 00 00 00 00 00 00 	%00020x000000000
  0x6eb0	25 00 30 00 32 00 58 00 2d 00 00 00 00 00 00 00 	%00020X0-0000000
  0x6ec0	ea 29 00 00 eb 29 00 00 ec 29 00 00 ed 29 00 00 	0)000)000)000)00
  0x6ed0	ee 29 00 00 00 00 00 00 4e 55 4c 4c 00 00 00 00 	0)000000NULL0000
  0x6ee0	5a 45 52 4f 00 00 00 00 41 00 00 00 4e 53 00 00 	ZERO0000A000NS00
  0x6ef0	4d 44 00 00 4d 46 00 00 43 4e 41 4d 45 00 00 00 	MD00MF00CNAME000
  0x6f00	53 4f 41 00 4d 42 00 00 4d 47 00 00 4d 52 00 00 	SOA0MB00MG00MR00
  0x6f10	57 4b 53 00 50 54 52 00 48 49 4e 46 4f 00 00 00 	WKS0PTR0HINFO000
  0x6f20	4d 49 4e 46 4f 00 00 00 4d 58 00 00 54 58 54 00 	MINFO000MX00TXT0
  0x6f30	52 50 00 00 41 46 53 44 42 00 00 00 58 32 35 00 	RP00AFSDB000X250
  0x6f40	49 53 44 4e 00 00 00 00 52 54 00 00 4e 53 41 50 	ISDN0000RT00NSAP
  0x6f50	00 00 00 00 00 00 00 00 4e 53 41 50 50 54 52 00 	00000000NSAPPTR0
  0x6f60	53 49 47 00 4b 45 59 00 50 58 00 00 47 50 4f 53 	SIG0KEY0PX00GPOS
  0x6f70	00 00 00 00 41 41 41 41 00 00 00 00 4c 4f 43 00 	0000AAAA0000LOC0
  0x6f80	4e 58 54 00 45 49 44 00 4e 49 4d 4c 4f 43 00 00 	NXT0EID0NIMLOC00
  0x6f90	53 52 56 00 41 54 4d 41 00 00 00 00 4e 41 50 54 	SRV0ATMA0000NAPT
  0x6fa0	52 00 00 00 4b 58 00 00 43 45 52 54 00 00 00 00 	R000KX00CERT0000
  0x6fb0	41 36 00 00 44 4e 41 4d 45 00 00 00 53 49 4e 4b 	A600DNAME000SINK
  0x6fc0	00 00 00 00 4f 50 54 00 34 32 00 00 44 53 00 00 	0000OPT04200DS00
  0x6fd0	34 34 00 00 34 35 00 00 52 52 53 49 47 00 00 00 	44004500RRSIG000
  0x6fe0	4e 53 45 43 00 00 00 00 44 4e 53 4b 45 59 00 00 	NSEC0000DNSKEY00
  0x6ff0	44 48 43 49 44 00 00 00 4e 53 45 43 33 00 00 00 	DHCID000NSEC3000
  0x7000	4e 53 45 43 33 50 41 52 41 4d 00 00 54 4c 53 41 	NSEC3PARAM00TLSA
  0x7010	00 00 00 00 54 4b 45 59 00 00 00 00 54 53 49 47 	0000TKEY0000TSIG
  0x7020	00 00 00 00 57 49 4e 53 00 00 00 00 57 49 4e 53 	0000WINS0000WINS
  0x7030	52 00 00 00 55 49 4e 46 4f 00 00 00 55 49 44 00 	R000UINFO000UID0
  0x7040	47 49 44 00 55 4e 53 50 45 43 00 00 57 49 4e 53 	GID0UNSPEC00WINS
  0x7050	2d 52 00 00 4e 42 53 54 41 54 00 00 41 44 44 52 	-R00NBSTAT00ADDR
  0x7060	53 00 00 00 49 58 46 52 00 00 00 00 41 58 46 52 	S000IXFR0000AXFR
  0x7070	00 00 00 00 4d 41 49 4c 42 00 00 00 4d 41 49 4c 	0000MAILB000MAIL
  0x7080	41 00 00 00 41 4c 4c 00 25 00 75 00 00 00 00 00 	A000ALL0%0u00000
  0x7090	4f 00 75 00 74 00 70 00 75 00 74 00 45 00 6e 00 	O0u0t0p0u0t0E0n0
  0x70a0	63 00 6f 00 64 00 69 00 6e 00 67 00 00 00 00 00 	c0o0d0i0n0g00000
  0x70b0	55 00 6e 00 69 00 63 00 6f 00 64 00 65 00 00 00 	U0n0i0c0o0d0e000
  0x70c0	41 00 6e 00 73 00 69 00 00 00 00 00 00 00 00 00 	A0n0s0i000000000
  0x70d0	55 00 54 00 46 00 38 00 00 00 00 00 00 00 00 00 	U0T0F08000000000
  0x70e0	55 00 54 00 46 00 2d 00 38 00 00 00 ff fe 00 00 	U0T0F0-080000000
  0x70f0	ef bb bf 00 00 00 00 00 25 00 6c 00 73 00 00 00 	00000000%0l0s000
  0x7100	00 00 00 00 63 5d 00 60 00 00 00 00 02 00 00 00 	0000c]0`00000000
  0x7110	25 00 00 00 54 71 00 00 54 61 00 00 00 00 00 00 	%000Tq00Ta000000
  0x7120	63 5d 00 60 00 00 00 00 0d 00 00 00 f0 01 00 00 	c]0`000000000000
  0x7130	7c 71 00 00 7c 61 00 00 00 00 00 00 63 5d 00 60 	|q00|a000000c]0`
  0x7140	00 00 00 00 10 00 00 00 24 00 00 00 6c 73 00 00 	00000000$000ls00
  0x7150	6c 63 00 00 52 53 44 53 71 78 3b 49 08 de da f6 	lc00RSDSqx;I0000
  0x7160	a5 6f 51 5c bf 6c 68 b5 01 00 00 00 69 70 63 6f 	0oQ00lh00000ipco
  0x7170	6e 66 69 67 2e 70 64 62 00 00 00 00 47 43 54 4c 	nfig.pdb0000GCTL
  0x7180	00 10 00 00 c0 49 00 00 2e 74 65 78 74 24 6d 6e 	00000I00.text$mn
  0x7190	00 00 00 00 c0 59 00 00 20 00 00 00 2e 74 65 78 	00000Y00 000.tex
  0x71a0	74 24 6d 6e 24 30 30 00 e0 59 00 00 50 00 00 00 	t$mn$0000Y00P000
  0x71b0	2e 74 65 78 74 24 78 00 00 60 00 00 b8 05 00 00 	.text$x00`000000
  0x71c0	2e 72 64 61 74 61 24 62 72 63 00 00 b8 65 00 00 	.rdata$brc000e00
  0x71d0	28 04 00 00 2e 69 64 61 74 61 24 35 00 00 00 00 	(000.idata$50000
  0x71e0	e0 69 00 00 10 00 00 00 2e 30 30 63 66 67 00 00 	0i000000.00cfg00
  0x71f0	f0 69 00 00 08 00 00 00 2e 43 52 54 24 58 43 41 	0i000000.CRT$XCA
  0x7200	00 00 00 00 f8 69 00 00 08 00 00 00 2e 43 52 54 	00000i000000.CRT
  0x7210	24 58 43 41 41 00 00 00 00 6a 00 00 08 00 00 00 	$XCAA0000j000000
  0x7220	2e 43 52 54 24 58 43 5a 00 00 00 00 08 6a 00 00 	.CRT$XCZ00000j00
  0x7230	08 00 00 00 2e 43 52 54 24 58 49 41 00 00 00 00 	0000.CRT$XIA0000
  0x7240	10 6a 00 00 08 00 00 00 2e 43 52 54 24 58 49 41 	0j000000.CRT$XIA
  0x7250	41 00 00 00 18 6a 00 00 08 00 00 00 2e 43 52 54 	A0000j000000.CRT
  0x7260	24 58 49 59 00 00 00 00 20 6a 00 00 08 00 00 00 	$XIY0000 j000000
  0x7270	2e 43 52 54 24 58 49 5a 00 00 00 00 28 6a 00 00 	.CRT$XIZ0000(j00
  0x7280	28 00 00 00 2e 67 66 69 64 73 00 00 50 6a 00 00 	(000.gfids00Pj00
  0x7290	04 07 00 00 2e 72 64 61 74 61 00 00 54 71 00 00 	0000.rdata00Tq00
  0x72a0	3c 02 00 00 2e 72 64 61 74 61 24 7a 7a 7a 64 62 	<000.rdata$zzzdb
  0x72b0	67 00 00 00 90 73 00 00 04 04 00 00 2e 78 64 61 	g0000s000000.xda
  0x72c0	74 61 00 00 94 77 00 00 08 02 00 00 2e 69 64 61 	ta000w000000.ida
  0x72d0	74 61 24 32 00 00 00 00 9c 79 00 00 14 00 00 00 	ta$200000y000000
  0x72e0	2e 69 64 61 74 61 24 33 00 00 00 00 b0 79 00 00 	.idata$300000y00
  0x72f0	28 04 00 00 2e 69 64 61 74 61 24 34 00 00 00 00 	(000.idata$40000
  0x7300	d8 7d 00 00 ee 0a 00 00 2e 69 64 61 74 61 24 36 	0}000000.idata$6
  0x7310	00 00 00 00 00 90 00 00 20 00 00 00 2e 64 61 74 	00000000 000.dat
  0x7320	61 00 00 00 20 90 00 00 78 06 00 00 2e 62 73 73 	a000 000x000.bss
  0x7330	00 00 00 00 00 a0 00 00 dc 02 00 00 2e 70 64 61 	000000000000.pda
  0x7340	74 61 00 00 00 b0 00 00 f0 00 00 00 2e 72 73 72 	ta0000000000.rsr
  0x7350	63 24 30 31 00 00 00 00 f0 b0 00 00 50 07 00 00 	c$0100000000P000
  0x7360	2e 72 73 72 63 24 30 32 00 00 00 00 20 00 00 00 	.rsrc$020000 000
  0x7370	71 78 3b 49 08 de da f6 a5 6f 51 5c bf 6c 68 b5 	qx;I00000oQ00lh0
  0x7380	b2 05 45 84 08 95 82 44 59 d6 8e 9f 63 5d 00 60 	00E0000DY000c]0`
  0x7390	01 14 08 00 14 64 08 00 14 54 07 00 14 34 06 00 	00000d000T000400
  0x73a0	14 32 10 70 01 04 01 00 04 42 00 00 19 28 0a 00 	020p00000B000(00
  0x73b0	19 54 19 00 19 34 18 00 19 f2 12 f0 10 e0 0e c0 	0T00040000000000
  0x73c0	0c 70 0b 60 28 59 00 00 70 00 00 00 19 22 08 00 	0p0`(Y00p0000"00
  0x73d0	13 34 18 00 13 f2 0c f0 0a e0 08 70 07 60 06 50 	04000000000p0`0P
  0x73e0	28 59 00 00 70 00 00 00 19 29 09 00 17 64 4c 00 	(Y00p0000)000dL0
  0x73f0	17 54 4b 00 17 34 4a 00 17 01 48 00 10 70 00 00 	0TK004J000H00p00
  0x7400	28 59 00 00 30 02 00 00 19 2a 0b 00 1c 34 29 00 	(Y0000000*0004)0
  0x7410	1c 01 1e 00 10 f0 0e e0 0c d0 0a c0 08 70 07 60 	0000000000000p0`
  0x7420	06 50 00 00 28 59 00 00 e0 00 00 00 01 0c 06 00 	0P00(Y0000000000
  0x7430	0c 34 0c 00 0c 52 08 70 07 60 06 50 19 25 09 00 	04000R0p0`0P0%00
  0x7440	13 34 1c 00 13 01 14 00 0c f0 0a e0 08 70 07 60 	0400000000000p0`
  0x7450	06 50 00 00 28 59 00 00 90 00 00 00 19 24 08 00 	0P00(Y0000000$00
  0x7460	15 54 17 00 15 34 16 00 15 f2 0e e0 0c 70 0b 60 	0T00040000000p0`
  0x7470	28 59 00 00 70 00 00 00 19 2a 0b 00 1c 34 23 00 	(Y00p0000*0004#0
  0x7480	1c 01 18 00 10 f0 0e e0 0c d0 0a c0 08 70 07 60 	0000000000000p0`
  0x7490	06 50 00 00 28 59 00 00 b0 00 00 00 19 21 07 00 	0P00(Y0000000!00
  0x74a0	0f 34 40 00 0f 01 3c 00 08 70 07 60 06 50 00 00 	04@000<00p0`0P00
  0x74b0	28 59 00 00 d0 01 00 00 19 1f 05 00 0d 34 3e 00 	(Y000000000004>0
  0x74c0	0d 01 3c 00 06 70 00 00 28 59 00 00 d0 01 00 00 	00<00p00(Y000000
  0x74d0	19 19 04 00 0a 34 0e 00 0a 92 06 70 28 59 00 00 	00000400000p(Y00
  0x74e0	48 00 00 00 01 12 05 00 12 42 0e 70 0d 60 0c 50 	H00000000B0p0`0P
  0x74f0	0b 30 00 00 19 28 09 00 1a 64 2a 00 1a 34 29 00 	00000(000d*004)0
  0x7500	1a 01 24 00 0e e0 0c 70 0b 50 00 00 28 59 00 00 	00$0000p0P00(Y00
  0x7510	18 01 00 00 19 1f 05 00 0d 34 15 00 0d 01 12 00 	0000000004000000
  0x7520	06 70 00 00 28 59 00 00 80 00 00 00 19 25 07 00 	0p00(Y0000000%00
  0x7530	13 54 1a 00 13 34 19 00 13 01 16 00 0c 70 00 00 	0T00040000000p00
  0x7540	28 59 00 00 a8 00 00 00 19 24 07 00 12 64 5c 00 	(Y0000000$000d00
  0x7550	12 34 5b 00 12 01 58 00 0b 70 00 00 28 59 00 00 	04[000X00p00(Y00
  0x7560	b0 02 00 00 19 37 0b 00 29 74 37 00 29 64 36 00 	00000700)t70)d60
  0x7570	29 34 35 00 29 01 30 00 1d f0 1b e0 19 50 00 00 	)450)00000000P00
  0x7580	28 59 00 00 70 01 00 00 19 19 04 00 0a 34 10 00 	(Y00p00000000400
  0x7590	0a b2 06 70 28 59 00 00 50 00 00 00 01 10 06 00 	000p(Y00P0000000
  0x75a0	10 64 08 00 10 34 07 00 10 32 0c 70 01 04 01 00 	0d000400020p0000
  0x75b0	04 62 00 00 19 1b 03 00 09 01 2c 00 02 30 00 00 	0b00000000,00000
  0x75c0	28 59 00 00 50 01 00 00 19 37 0d 00 26 74 7b 00 	(Y00P0000700&t{0
  0x75d0	26 64 7a 00 26 34 78 00 26 01 72 00 18 f0 16 e0 	&dz0&4x0&0r00000
  0x75e0	14 d0 12 c0 10 50 00 00 28 59 00 00 80 03 00 00 	00000P00(Y000000
  0x75f0	19 3b 0b 00 2a e4 4f 00 2a 74 4e 00 2a 64 4d 00 	0;00*0O0*tN0*dM0
  0x7600	2a 34 4c 00 2a 01 4a 00 1c 50 00 00 28 59 00 00 	*4L0*0J00P00(Y00
  0x7610	40 02 00 00 01 18 0a 00 18 64 0a 00 18 54 09 00 	@00000000d000T00
  0x7620	18 34 08 00 18 32 14 e0 12 c0 10 70 01 0f 06 00 	04000200000p0000
  0x7630	0f 64 0a 00 0f 34 09 00 0f 52 0b 70 01 0c 06 00 	0d0004000R0p0000
  0x7640	0c 34 12 00 0c d2 08 70 07 60 06 50 19 2a 0b 00 	0400000p0`0P0*00
  0x7650	1c 34 2e 00 1c 01 24 00 10 f0 0e e0 0c d0 0a c0 	04.000$000000000
  0x7660	08 70 07 60 06 50 00 00 28 59 00 00 10 01 00 00 	0p0`0P00(Y000000
  0x7670	19 1e 04 00 10 34 13 00 10 f2 06 50 28 59 00 00 	00000400000P(Y00
  0x7680	78 00 00 00 01 06 02 00 06 32 02 30 19 1e 04 00 	x000000002000000
  0x7690	10 34 12 00 10 f2 06 50 28 59 00 00 78 00 00 00 	0400000P(Y00x000
  0x76a0	01 14 08 00 14 64 09 00 14 54 07 00 14 34 06 00 	00000d000T000400
  0x76b0	14 32 10 70 01 0a 04 00 0a 34 08 00 0a 32 06 70 	020p00000400020p
  0x76c0	19 2b 0b 00 19 54 29 00 19 34 28 00 19 01 20 00 	0+000T)004(000 0
  0x76d0	12 f0 10 e0 0e c0 0c 70 0b 60 00 00 28 59 00 00 	0000000p0`00(Y00
  0x76e0	f0 00 00 00 01 14 02 00 14 92 10 30 09 15 08 00 	0000000000000000
  0x76f0	15 74 0a 00 15 64 09 00 15 34 08 00 15 52 11 f0 	0t000d0004000R00
  0x7700	ca 58 00 00 01 00 00 00 05 51 00 00 6b 52 00 00 	0X0000000Q00kR00
  0x7710	e0 59 00 00 6b 52 00 00 01 06 02 00 06 32 02 50 	0Y00kR000000020P
  0x7720	01 00 00 00 01 04 01 00 04 e2 00 00 01 0c 02 00 	0000000000000000
  0x7730	0c 01 11 00 09 04 01 00 04 22 00 00 ca 58 00 00 	000000000"000X00
  0x7740	01 00 00 00 4c 56 00 00 82 56 00 00 01 00 00 00 	0000LV000V000000
  0x7750	82 56 00 00 09 0a 04 00 0a 34 06 00 0a 32 06 70 	0V0000000400020p
  0x7760	ca 58 00 00 01 00 00 00 5d 57 00 00 90 57 00 00 	0X000000]W000W00
  0x7770	10 5a 00 00 90 57 00 00 01 0d 04 00 0d 34 09 00 	0Z000W0000000400
  0x7780	0d 32 06 50 00 00 00 00 01 00 00 00 01 02 01 00 	020P000000000000
  0x7790	02 30 00 00 c0 7c 00 00 00 00 00 00 00 00 00 00 	00000|0000000000
  0x77a0	a4 7e 00 00 c8 68 00 00 18 7b 00 00 00 00 00 00 	0~000h000{000000
  0x77b0	00 00 00 00 5c 84 00 00 20 67 00 00 f0 79 00 00 	00000000 g000y00
  0x77c0	00 00 00 00 00 00 00 00 86 84 00 00 f8 65 00 00 	0000000000000e00
  0x77d0	68 7c 00 00 00 00 00 00 00 00 00 00 94 84 00 00 	h|00000000000000
  0x77e0	70 68 00 00 00 7b 00 00 00 00 00 00 00 00 00 00 	ph000{0000000000
  0x77f0	a2 84 00 00 08 67 00 00 a0 7b 00 00 00 00 00 00 	00000g000{000000
  0x7800	00 00 00 00 c2 84 00 00 a8 67 00 00 a8 7d 00 00 	000000000g000}00
  0x7810	00 00 00 00 00 00 00 00 e6 84 00 00 b0 69 00 00 	0000000000000i00
  0x7820	18 7c 00 00 00 00 00 00 00 00 00 00 f0 84 00 00 	0|00000000000000
  0x7830	20 68 00 00 90 7c 00 00 00 00 00 00 00 00 00 00 	 h000|0000000000
  0x7840	14 85 00 00 98 68 00 00 40 7b 00 00 00 00 00 00 	00000h00@{000000
  0x7850	00 00 00 00 22 85 00 00 48 67 00 00 68 7a 00 00 	0000"000Hg00hz00
  0x7860	00 00 00 00 00 00 00 00 4a 85 00 00 70 66 00 00 	00000000J000pf00
  0x7870	c0 7a 00 00 00 00 00 00 00 00 00 00 56 85 00 00 	0z0000000000V000
  0x7880	c8 66 00 00 38 7c 00 00 00 00 00 00 00 00 00 00 	0f008|0000000000
  0x7890	76 85 00 00 40 68 00 00 88 7a 00 00 00 00 00 00 	v000@h000z000000
  0x78a0	00 00 00 00 9a 85 00 00 90 66 00 00 a0 7a 00 00 	000000000f000z00
  0x78b0	00 00 00 00 00 00 00 00 be 85 00 00 a8 66 00 00 	0000000000000f00
  0x78c0	b0 79 00 00 00 00 00 00 00 00 00 00 e8 85 00 00 	0y00000000000000
  0x78d0	b8 65 00 00 d8 7a 00 00 00 00 00 00 00 00 00 00 	0e000z0000000000
  0x78e0	f4 85 00 00 e0 66 00 00 e8 7b 00 00 00 00 00 00 	00000f000{000000
  0x78f0	00 00 00 00 14 86 00 00 f0 67 00 00 78 7a 00 00 	000000000g00xz00
  0x7900	00 00 00 00 00 00 00 00 36 86 00 00 80 66 00 00 	0000000060000f00
  0x7910	08 7c 00 00 00 00 00 00 00 00 00 00 5a 86 00 00 	0|0000000000Z000
  0x7920	10 68 00 00 c8 7b 00 00 00 00 00 00 00 00 00 00 	0h000{0000000000
  0x7930	7c 86 00 00 d0 67 00 00 68 7b 00 00 00 00 00 00 	|0000g00h{000000
  0x7940	00 00 00 00 a2 86 00 00 70 67 00 00 90 7b 00 00 	00000000pg000{00
  0x7950	00 00 00 00 00 00 00 00 cc 86 00 00 98 67 00 00 	0000000000000g00
  0x7960	40 7a 00 00 00 00 00 00 00 00 00 00 5a 87 00 00 	@z0000000000Z000
  0x7970	48 66 00 00 48 7c 00 00 00 00 00 00 00 00 00 00 	Hf00H|0000000000
  0x7980	60 88 00 00 50 68 00 00 58 7b 00 00 00 00 00 00 	`000Ph00X{000000
  0x7990	00 00 00 00 84 88 00 00 60 67 00 00 00 00 00 00 	00000000`g000000
  0x79a0	00 00 00 00 00 00 00 00 00 00 00 00 00 00 00 00 	0000000000000000
  0x79b0	5a 81 00 00 00 00 00 00 78 81 00 00 00 00 00 00 	Z0000000x0000000
  0x79c0	60 82 00 00 00 00 00 00 8e 82 00 00 00 00 00 00 	`000000000000000
  0x79d0	82 81 00 00 00 00 00 00 42 81 00 00 00 00 00 00 	00000000B0000000
  0x79e0	6a 81 00 00 00 00 00 00 00 00 00 00 00 00 00 00 	j000000000000000
  0x79f0	70 7f 00 00 00 00 00 00 f2 81 00 00 00 00 00 00 	p000000000000000
  0x7a00	d4 81 00 00 00 00 00 00 f6 7e 00 00 00 00 00 00 	000000000~000000
  0x7a10	8e 7f 00 00 00 00 00 00 32 80 00 00 00 00 00 00 	0000000020000000
  0x7a20	da 82 00 00 00 00 00 00 4c 82 00 00 00 00 00 00 	00000000L0000000
  0x7a30	fa 82 00 00 00 00 00 00 00 00 00 00 00 00 00 00 	0000000000000000
  0x7a40	1a 87 00 00 00 00 00 00 04 87 00 00 00 00 00 00 	0000000000000000
  0x7a50	4a 87 00 00 00 00 00 00 30 87 00 00 00 00 00 00 	J000000000000000
  0x7a60	00 00 00 00 00 00 00 00 d0 80 00 00 00 00 00 00 	0000000000000000
  0x7a70	00 00 00 00 00 00 00 00 b6 82 00 00 00 00 00 00 	0000000000000000
  0x7a80	00 00 00 00 00 00 00 00 30 81 00 00 00 00 00 00 	0000000000000000
  0x7a90	0e 81 00 00 00 00 00 00 00 00 00 00 00 00 00 00 	0000000000000000
  0x7aa0	20 81 00 00 00 00 00 00 ac 83 00 00 00 00 00 00 	 000000000000000
  0x7ab0	90 83 00 00 00 00 00 00 00 00 00 00 00 00 00 00 	0000000000000000
  0x7ac0	a8 82 00 00 00 00 00 00 dc 80 00 00 00 00 00 00 	0000000000000000
  0x7ad0	00 00 00 00 00 00 00 00 1a 83 00 00 00 00 00 00 	0000000000000000
  0x7ae0	0c 82 00 00 00 00 00 00 18 82 00 00 00 00 00 00 	0000000000000000
  0x7af0	2a 82 00 00 00 00 00 00 00 00 00 00 00 00 00 00 	*000000000000000
  0x7b00	56 7f 00 00 00 00 00 00 64 7f 00 00 00 00 00 00 	V0000000d0000000
  0x7b10	00 00 00 00 00 00 00 00 c4 7e 00 00 00 00 00 00 	000000000~000000
  0x7b20	d2 7e 00 00 00 00 00 00 f2 83 00 00 00 00 00 00 	0~00000000000000
  0x7b30	e4 7e 00 00 00 00 00 00 00 00 00 00 00 00 00 00 	0~00000000000000
  0x7b40	30 83 00 00 00 00 00 00 be 80 00 00 00 00 00 00 	0000000000000000
  0x7b50	00 00 00 00 00 00 00 00 46 88 00 00 00 00 00 00 	00000000F0000000
  0x7b60	00 00 00 00 00 00 00 00 36 84 00 00 00 00 00 00 	0000000060000000
  0x7b70	20 84 00 00 00 00 00 00 ca 83 00 00 00 00 00 00 	 000000000000000
  0x7b80	de 83 00 00 00 00 00 00 00 00 00 00 00 00 00 00 	0000000000000000
  0x7b90	06 84 00 00 00 00 00 00 00 00 00 00 00 00 00 00 	0000000000000000
  0x7ba0	e2 7f 00 00 00 00 00 00 ba 7f 00 00 00 00 00 00 	0000000000000000
  0x7bb0	f4 7f 00 00 00 00 00 00 a6 7f 00 00 00 00 00 00 	0000000000000000
  0x7bc0	00 00 00 00 00 00 00 00 62 83 00 00 00 00 00 00 	00000000b0000000
  0x7bd0	4e 83 00 00 00 00 00 00 7c 83 00 00 00 00 00 00 	N0000000|0000000
  0x7be0	00 00 00 00 00 00 00 00 78 82 00 00 00 00 00 00 	00000000x0000000
  0x7bf0	f2 87 00 00 00 00 00 00 c8 82 00 00 00 00 00 00 	0000000000000000
  0x7c00	00 00 00 00 00 00 00 00 46 83 00 00 00 00 00 00 	00000000F0000000
  0x7c10	00 00 00 00 00 00 00 00 18 80 00 00 00 00 00 00 	0000000000000000
  0x7c20	4c 84 00 00 00 00 00 00 36 82 00 00 00 00 00 00 	L000000060000000
  0x7c30	00 00 00 00 00 00 00 00 f6 80 00 00 00 00 00 00 	0000000000000000
  0x7c40	00 00 00 00 00 00 00 00 2a 88 00 00 00 00 00 00 	00000000*0000000
  0x7c50	08 88 00 00 00 00 00 00 20 88 00 00 00 00 00 00 	00000000 0000000
  0x7c60	00 00 00 00 00 00 00 00 14 7f 00 00 00 00 00 00 	0000000000000000
  0x7c70	02 80 00 00 00 00 00 00 44 7f 00 00 00 00 00 00 	00000000D0000000
  0x7c80	2c 7f 00 00 00 00 00 00 00 00 00 00 00 00 00 00 	,000000000000000
  0x7c90	5c 80 00 00 00 00 00 00 a8 80 00 00 00 00 00 00 	0000000000000000
  0x7ca0	90 80 00 00 00 00 00 00 76 80 00 00 00 00 00 00 	00000000v0000000
  0x7cb0	4a 80 00 00 00 00 00 00 00 00 00 00 00 00 00 00 	J000000000000000
  0x7cc0	62 87 00 00 00 00 00 00 86 87 00 00 00 00 00 00 	b000000000000000
  0x7cd0	98 87 00 00 00 00 00 00 a2 87 00 00 00 00 00 00 	0000000000000000
  0x7ce0	ae 87 00 00 00 00 00 00 b8 87 00 00 00 00 00 00 	0000000000000000
  0x7cf0	c2 87 00 00 00 00 00 00 cc 87 00 00 00 00 00 00 	0000000000000000
  0x7d00	b0 7e 00 00 00 00 00 00 98 7e 00 00 00 00 00 00 	0~0000000~000000
  0x7d10	8e 7e 00 00 00 00 00 00 b2 88 00 00 00 00 00 00 	0~00000000000000
  0x7d20	7c 87 00 00 00 00 00 00 76 7e 00 00 00 00 00 00 	|0000000v~000000
  0x7d30	6a 7e 00 00 00 00 00 00 56 7e 00 00 00 00 00 00 	j~000000V~000000
  0x7d40	4c 7e 00 00 00 00 00 00 bc 88 00 00 00 00 00 00 	L~00000000000000
  0x7d50	44 7e 00 00 00 00 00 00 32 7e 00 00 00 00 00 00 	D~0000002~000000
  0x7d60	20 7e 00 00 00 00 00 00 12 7e 00 00 00 00 00 00 	 ~0000000~000000
  0x7d70	04 7e 00 00 00 00 00 00 70 87 00 00 00 00 00 00 	0~000000p0000000
  0x7d80	fc 7d 00 00 00 00 00 00 f0 7d 00 00 00 00 00 00 	0}0000000}000000
  0x7d90	e2 7d 00 00 00 00 00 00 d8 7d 00 00 00 00 00 00 	0}0000000}000000
  0x7da0	00 00 00 00 00 00 00 00 d8 87 00 00 00 00 00 00 	0000000000000000
  0x7db0	f0 86 00 00 00 00 00 00 b8 81 00 00 00 00 00 00 	0000000000000000
  0x7dc0	9c 81 00 00 00 00 00 00 ca 7f 00 00 00 00 00 00 	0000000000000000
  0x7dd0	00 00 00 00 00 00 00 00 ea 04 74 6f 75 70 70 65 	0000000000touppe
  0x7de0	72 00 69 03 5f 76 73 6e 77 70 72 69 6e 74 66 00 	r0i0_vsnwprintf0
  0x7df0	b1 04 73 65 74 6c 6f 63 61 6c 65 00 32 04 65 78 	00setlocale020ex
  0x7e00	69 74 00 00 55 00 5f 58 63 70 74 46 69 6c 74 65 	it00U0_XcptFilte
  0x7e10	72 00 ae 00 5f 61 6d 73 67 5f 65 78 69 74 00 00 	r000_amsg_exit00
  0x7e20	9d 00 5f 5f 77 67 65 74 6d 61 69 6e 61 72 67 73 	00__wgetmainargs
  0x7e30	00 00 8e 00 5f 5f 73 65 74 5f 61 70 70 5f 74 79 	0000__set_app_ty
  0x7e40	70 65 00 00 0e 01 5f 65 78 69 74 00 c1 00 5f 63 	pe0000_exit000_c
  0x7e50	65 78 69 74 00 00 90 00 5f 5f 73 65 74 75 73 65 	exit0000__setuse
  0x7e60	72 6d 61 74 68 65 72 72 00 00 7d 01 5f 69 6e 69 	rmatherr00}0_ini
  0x7e70	74 74 65 72 6d 00 57 00 5f 5f 43 5f 73 70 65 63 	tterm0W0__C_spec
  0x7e80	69 66 69 63 5f 68 61 6e 64 6c 65 72 00 00 27 01 	ific_handler00'0
  0x7e90	5f 66 6d 6f 64 65 00 00 d2 00 5f 63 6f 6d 6d 6f 	_fmode0000_commo
  0x7ea0	64 65 00 00 6d 73 76 63 72 74 2e 64 6c 6c 00 00 	de00msvcrt.dll00
  0x7eb0	2f 00 3f 74 65 72 6d 69 6e 61 74 65 40 40 59 41 	/0?terminate@@YA
  0x7ec0	58 58 5a 00 0c 00 46 72 65 65 4c 69 62 72 61 72 	XXZ000FreeLibrar
  0x7ed0	79 00 18 00 4c 6f 61 64 4c 69 62 72 61 72 79 45 	y000LoadLibraryE
  0x7ee0	78 57 00 00 15 00 47 65 74 50 72 6f 63 41 64 64 	xW0000GetProcAdd
  0x7ef0	72 65 73 73 00 00 14 00 43 6f 6e 76 65 72 74 49 	ress0000ConvertI
  0x7f00	6e 74 65 72 66 61 63 65 4c 75 69 64 54 6f 4e 61 	nterfaceLuidToNa
  0x7f10	6d 65 57 00 00 00 44 68 63 70 41 63 71 75 69 72 	meW000DhcpAcquir
  0x7f20	65 50 61 72 61 6d 65 74 65 72 73 00 2f 00 44 68 	eParameters0/0Dh
  0x7f30	63 70 52 65 6c 65 61 73 65 50 61 72 61 6d 65 74 	cpReleaseParamet
  0x7f40	65 72 73 00 0c 00 44 68 63 70 45 6e 75 6d 43 6c 	ers000DhcpEnumCl
  0x7f50	61 73 73 65 73 00 08 00 4c 6f 63 61 6c 41 6c 6c 	asses000LocalAll
  0x7f60	6f 63 00 00 0a 00 4c 6f 63 61 6c 46 72 65 65 00 	oc0000LocalFree0
  0x7f70	11 00 43 6f 6e 76 65 72 74 49 6e 74 65 72 66 61 	00ConvertInterfa
  0x7f80	63 65 4c 75 69 64 54 6f 47 75 69 64 00 00 0c 00 	ceLuidToGuid0000
  0x7f90	43 6f 6e 76 65 72 74 47 75 69 64 54 6f 53 74 72 	ConvertGuidToStr
  0x7fa0	69 6e 67 57 00 00 25 00 52 65 67 51 75 65 72 79 	ingW00%0RegQuery
  0x7fb0	56 61 6c 75 65 45 78 57 00 00 1e 00 52 65 67 4f 	ValueExW0000RegO
  0x7fc0	70 65 6e 4b 65 79 45 78 57 00 05 00 52 74 6c 46 	penKeyExW000RtlF
  0x7fd0	72 65 65 55 6e 69 63 6f 64 65 53 74 72 69 6e 67 	reeUnicodeString
  0x7fe0	00 00 2e 00 52 65 67 53 65 74 56 61 6c 75 65 45 	00.0RegSetValueE
  0x7ff0	78 57 00 00 00 00 52 65 67 43 6c 6f 73 65 4b 65 	xW0000RegCloseKe
  0x8000	79 00 1d 00 44 68 63 70 48 61 6e 64 6c 65 50 6e 	y000DhcpHandlePn
  0x8010	50 45 76 65 6e 74 00 00 16 00 47 65 74 53 79 73 	PEvent0000GetSys
  0x8020	74 65 6d 54 69 6d 65 41 73 46 69 6c 65 54 69 6d 	temTimeAsFileTim
  0x8030	65 00 43 00 47 65 74 41 64 61 70 74 65 72 73 41 	e0C0GetAdaptersA
  0x8040	64 64 72 65 73 73 65 73 00 00 0a 00 44 68 63 70 	ddresses0000Dhcp
  0x8050	76 36 49 73 45 6e 61 62 6c 65 64 00 00 00 44 68 	v6IsEnabled000Dh
  0x8060	63 70 76 36 41 63 71 75 69 72 65 50 61 72 61 6d 	cpv6AcquireParam
  0x8070	65 74 65 72 73 00 0d 00 44 68 63 70 76 36 52 65 	eters000Dhcpv6Re
  0x8080	6c 65 61 73 65 50 61 72 61 6d 65 74 65 72 73 00 	leaseParameters0
  0x8090	09 00 44 68 63 70 76 36 47 65 74 55 73 65 72 43 	00Dhcpv6GetUserC
  0x80a0	6c 61 73 73 65 73 00 00 15 00 44 68 63 70 76 36 	lasses0000Dhcpv6
  0x80b0	53 65 74 55 73 65 72 43 6c 61 73 73 00 00 09 00 	SetUserClass0000
  0x80c0	46 6f 72 6d 61 74 4d 65 73 73 61 67 65 57 00 00 	FormatMessageW00
  0x80d0	0a 00 49 6e 65 74 4e 74 6f 70 57 00 0b 00 46 69 	00InetNtopW000Fi
  0x80e0	6c 65 54 69 6d 65 54 6f 4c 6f 63 61 6c 46 69 6c 	leTimeToLocalFil
  0x80f0	65 54 69 6d 65 00 01 00 46 69 6c 65 54 69 6d 65 	eTime000FileTime
  0x8100	54 6f 53 79 73 74 65 6d 54 69 6d 65 00 00 02 00 	ToSystemTime0000
  0x8110	47 65 74 44 61 74 65 46 6f 72 6d 61 74 57 00 00 	GetDateFormatW00
  0x8120	05 00 47 65 74 4c 61 73 74 45 72 72 6f 72 00 00 	00GetLastError00
  0x8130	06 00 47 65 74 54 69 6d 65 46 6f 72 6d 61 74 57 	00GetTimeFormatW
  0x8140	00 00 3f 00 44 6e 73 46 6c 75 73 68 52 65 73 6f 	00?0DnsFlushReso
  0x8150	6c 76 65 72 43 61 63 68 65 00 92 00 44 6e 73 52 	lverCache000DnsR
  0x8160	65 73 6f 6c 76 65 72 4f 70 00 7d 00 44 6e 73 51 	esolverOp0}0DnsQ
  0x8170	75 65 72 79 5f 57 00 00 43 00 44 6e 73 46 72 65 	uery_W00C0DnsFre
  0x8180	65 00 4e 00 44 6e 73 47 65 74 43 61 63 68 65 44 	e0N0DnsGetCacheD
  0x8190	61 74 61 54 61 62 6c 65 45 78 00 00 09 00 52 74 	ataTableEx0000Rt
  0x81a0	6c 49 70 76 34 41 64 64 72 65 73 73 54 6f 53 74 	lIpv4AddressToSt
  0x81b0	72 69 6e 67 45 78 57 00 11 00 52 74 6c 49 70 76 	ringExW000RtlIpv
  0x81c0	36 41 64 64 72 65 73 73 54 6f 53 74 72 69 6e 67 	6AddressToString
  0x81d0	45 78 57 00 0f 00 43 6f 6e 76 65 72 74 49 6e 74 	ExW000ConvertInt
  0x81e0	65 72 66 61 63 65 49 6e 64 65 78 54 6f 4c 75 69 	erfaceIndexToLui
  0x81f0	64 00 19 00 43 6f 6e 76 65 72 74 4c 65 6e 67 74 	d000ConvertLengt
  0x8200	68 54 6f 49 70 76 34 4d 61 73 6b 00 02 00 48 65 	hToIpv4Mask000He
  0x8210	61 70 41 6c 6c 6f 63 00 00 00 47 65 74 50 72 6f 	apAlloc000GetPro
  0x8220	63 65 73 73 48 65 61 70 00 00 06 00 48 65 61 70 	cessHeap0000Heap
  0x8230	46 72 65 65 00 00 03 00 47 65 74 43 6f 6d 70 75 	Free0000GetCompu
  0x8240	74 65 72 4e 61 6d 65 45 78 57 00 00 76 00 47 65 	terNameExW00v0Ge
  0x8250	74 4e 65 74 77 6f 72 6b 50 61 72 61 6d 73 00 00 	tNetworkParams00
  0x8260	75 00 44 6e 73 51 75 65 72 79 43 6f 6e 66 69 67 	u0DnsQueryConfig
  0x8270	41 6c 6c 6f 63 45 78 00 06 00 4d 75 6c 74 69 42 	AllocEx000MultiB
  0x8280	79 74 65 54 6f 57 69 64 65 43 68 61 72 00 45 00 	yteToWideChar0E0
  0x8290	44 6e 73 46 72 65 65 43 6f 6e 66 69 67 53 74 72 	DnsFreeConfigStr
  0x82a0	75 63 74 75 72 65 00 00 31 00 47 65 74 46 69 6c 	ucture0010GetFil
  0x82b0	65 54 79 70 65 00 06 00 47 65 74 43 6f 6e 73 6f 	eType000GetConso
  0x82c0	6c 65 4d 6f 64 65 00 00 02 00 43 6f 6d 70 61 72 	leMode0000Compar
  0x82d0	65 53 74 72 69 6e 67 57 00 00 4b 00 47 65 74 43 	eStringW00K0GetC
  0x82e0	75 72 72 65 6e 74 54 68 72 65 61 64 43 6f 6d 70 	urrentThreadComp
  0x82f0	61 72 74 6d 65 6e 74 49 64 00 0c 01 53 65 74 43 	artmentId000SetC
  0x8300	75 72 72 65 6e 74 54 68 72 65 61 64 43 6f 6d 70 	urrentThreadComp
  0x8310	61 72 74 6d 65 6e 74 49 64 00 0a 00 48 65 61 70 	artmentId000Heap
  0x8320	53 65 74 49 6e 66 6f 72 6d 61 74 69 6f 6e 00 00 	SetInformation00
  0x8330	3f 00 53 65 74 54 68 72 65 61 64 55 49 4c 61 6e 	?0SetThreadUILan
  0x8340	67 75 61 67 65 00 2d 00 53 6c 65 65 70 00 02 00 	guage0-0Sleep000
  0x8350	52 74 6c 43 61 70 74 75 72 65 43 6f 6e 74 65 78 	RtlCaptureContex
  0x8360	74 00 0a 00 52 74 6c 4c 6f 6f 6b 75 70 46 75 6e 	t000RtlLookupFun
  0x8370	63 74 69 6f 6e 45 6e 74 72 79 00 00 10 00 52 74 	ctionEntry0000Rt
  0x8380	6c 56 69 72 74 75 61 6c 55 6e 77 69 6e 64 00 00 	lVirtualUnwind00
  0x8390	11 00 55 6e 68 61 6e 64 6c 65 64 45 78 63 65 70 	00UnhandledExcep
  0x83a0	74 69 6f 6e 46 69 6c 74 65 72 00 00 0f 00 53 65 	tionFilter0000Se
  0x83b0	74 55 6e 68 61 6e 64 6c 65 64 45 78 63 65 70 74 	tUnhandledExcept
  0x83c0	69 6f 6e 46 69 6c 74 65 72 00 0c 00 47 65 74 43 	ionFilter000GetC
  0x83d0	75 72 72 65 6e 74 50 72 6f 63 65 73 73 00 4e 00 	urrentProcess0N0
  0x83e0	54 65 72 6d 69 6e 61 74 65 50 72 6f 63 65 73 73 	TerminateProcess
  0x83f0	00 00 14 00 47 65 74 4d 6f 64 75 6c 65 48 61 6e 	0000GetModuleHan
  0x8400	64 6c 65 57 00 00 00 00 51 75 65 72 79 50 65 72 	dleW0000QueryPer
  0x8410	66 6f 72 6d 61 6e 63 65 43 6f 75 6e 74 65 72 00 	formanceCounter0
  0x8420	0d 00 47 65 74 43 75 72 72 65 6e 74 50 72 6f 63 	00GetCurrentProc
  0x8430	65 73 73 49 64 00 11 00 47 65 74 43 75 72 72 65 	essId000GetCurre
  0x8440	6e 74 54 68 72 65 61 64 49 64 00 00 1a 00 47 65 	ntThreadId0000Ge
  0x8450	74 54 69 63 6b 43 6f 75 6e 74 00 00 61 70 69 2d 	tTickCount00api-
  0x8460	6d 73 2d 77 69 6e 2d 63 6f 72 65 2d 6c 69 62 72 	ms-win-core-libr
  0x8470	61 72 79 6c 6f 61 64 65 72 2d 6c 31 2d 32 2d 30 	aryloader-l1-2-0
  0x8480	2e 64 6c 6c 00 00 49 50 48 4c 50 41 50 49 2e 44 	.dll00IPHLPAPI.D
  0x8490	4c 4c 00 00 64 68 63 70 63 73 76 63 2e 44 4c 4c 	LL00dhcpcsvc.DLL
  0x84a0	00 00 61 70 69 2d 6d 73 2d 77 69 6e 2d 63 6f 72 	00api-ms-win-cor
  0x84b0	65 2d 68 65 61 70 2d 6c 32 2d 31 2d 30 2e 64 6c 	e-heap-l2-1-0.dl
  0x84c0	6c 00 61 70 69 2d 6d 73 2d 77 69 6e 2d 63 6f 72 	l0api-ms-win-cor
  0x84d0	65 2d 72 65 67 69 73 74 72 79 2d 6c 31 2d 31 2d 	e-registry-l1-1-
  0x84e0	30 2e 64 6c 6c 00 6e 74 64 6c 6c 2e 64 6c 6c 00 	0.dll0ntdll.dll0
  0x84f0	61 70 69 2d 6d 73 2d 77 69 6e 2d 63 6f 72 65 2d 	api-ms-win-core-
  0x8500	73 79 73 69 6e 66 6f 2d 6c 31 2d 31 2d 30 2e 64 	sysinfo-l1-1-0.d
  0x8510	6c 6c 00 00 64 68 63 70 63 73 76 63 36 2e 44 4c 	ll00dhcpcsvc6.DL
  0x8520	4c 00 61 70 69 2d 6d 73 2d 77 69 6e 2d 63 6f 72 	L0api-ms-win-cor
  0x8530	65 2d 6c 6f 63 61 6c 69 7a 61 74 69 6f 6e 2d 6c 	e-localization-l
  0x8540	31 2d 32 2d 30 2e 64 6c 6c 00 57 53 32 5f 33 32 	1-2-0.dll0WS2_32
  0x8550	2e 64 6c 6c 00 00 61 70 69 2d 6d 73 2d 77 69 6e 	.dll00api-ms-win
  0x8560	2d 63 6f 72 65 2d 66 69 6c 65 2d 6c 31 2d 31 2d 	-core-file-l1-1-
  0x8570	30 2e 64 6c 6c 00 61 70 69 2d 6d 73 2d 77 69 6e 	0.dll0api-ms-win
  0x8580	2d 63 6f 72 65 2d 74 69 6d 65 7a 6f 6e 65 2d 6c 	-core-timezone-l
  0x8590	31 2d 31 2d 30 2e 64 6c 6c 00 61 70 69 2d 6d 73 	1-1-0.dll0api-ms
  0x85a0	2d 77 69 6e 2d 63 6f 72 65 2d 64 61 74 65 74 69 	-win-core-dateti
  0x85b0	6d 65 2d 6c 31 2d 31 2d 30 2e 64 6c 6c 00 61 70 	me-l1-1-0.dll0ap
  0x85c0	69 2d 6d 73 2d 77 69 6e 2d 63 6f 72 65 2d 65 72 	i-ms-win-core-er
  0x85d0	72 6f 72 68 61 6e 64 6c 69 6e 67 2d 6c 31 2d 31 	rorhandling-l1-1
  0x85e0	2d 30 2e 64 6c 6c 00 00 44 4e 53 41 50 49 2e 64 	-0.dll00DNSAPI.d
  0x85f0	6c 6c 00 00 61 70 69 2d 6d 73 2d 77 69 6e 2d 63 	ll00api-ms-win-c
  0x8600	6f 72 65 2d 68 65 61 70 2d 6c 31 2d 31 2d 30 2e 	ore-heap-l1-1-0.
  0x8610	64 6c 6c 00 61 70 69 2d 6d 73 2d 77 69 6e 2d 63 	dll0api-ms-win-c
  0x8620	6f 72 65 2d 73 74 72 69 6e 67 2d 6c 31 2d 31 2d 	ore-string-l1-1-
  0x8630	30 2e 64 6c 6c 00 61 70 69 2d 6d 73 2d 77 69 6e 	0.dll0api-ms-win
  0x8640	2d 63 6f 72 65 2d 63 6f 6e 73 6f 6c 65 2d 6c 31 	-core-console-l1
  0x8650	2d 31 2d 30 2e 64 6c 6c 00 00 61 70 69 2d 6d 73 	-1-0.dll00api-ms
  0x8660	2d 77 69 6e 2d 63 6f 72 65 2d 73 79 6e 63 68 2d 	-win-core-synch-
  0x8670	6c 31 2d 32 2d 30 2e 64 6c 6c 00 00 61 70 69 2d 	l1-2-0.dll00api-
  0x8680	6d 73 2d 77 69 6e 2d 63 6f 72 65 2d 72 74 6c 73 	ms-win-core-rtls
  0x8690	75 70 70 6f 72 74 2d 6c 31 2d 31 2d 30 2e 64 6c 	upport-l1-1-0.dl
  0x86a0	6c 00 61 70 69 2d 6d 73 2d 77 69 6e 2d 63 6f 72 	l0api-ms-win-cor
  0x86b0	65 2d 70 72 6f 63 65 73 73 74 68 72 65 61 64 73 	e-processthreads
  0x86c0	2d 6c 31 2d 31 2d 30 2e 64 6c 6c 00 61 70 69 2d 	-l1-1-0.dll0api-
  0x86d0	6d 73 2d 77 69 6e 2d 63 6f 72 65 2d 70 72 6f 66 	ms-win-core-prof
  0x86e0	69 6c 65 2d 6c 31 2d 31 2d 30 2e 64 6c 6c 00 00 	ile-l1-1-0.dll00
  0x86f0	cc 05 52 74 6c 53 74 72 69 6e 67 46 72 6f 6d 47 	00RtlStringFromG
  0x8700	55 49 44 00 14 00 4e 73 69 53 65 74 41 6c 6c 50 	UID000NsiSetAllP
  0x8710	61 72 61 6d 65 74 65 72 73 00 0a 00 4e 73 69 47 	arameters000NsiG
  0x8720	65 74 41 6c 6c 50 61 72 61 6d 65 74 65 72 73 00 	etAllParameters0
  0x8730	01 00 4e 73 69 41 6c 6c 6f 63 61 74 65 41 6e 64 	00NsiAllocateAnd
  0x8740	47 65 74 54 61 62 6c 65 00 00 09 00 4e 73 69 46 	GetTable0000NsiF
  0x8750	72 65 65 54 61 62 6c 65 00 00 4e 53 49 2e 64 6c 	reeTable00NSI.dl
  0x8760	6c 00 81 00 5f 5f 69 6f 62 5f 66 75 6e 63 00 00 	l000__iob_func00
  0x8770	8a 03 5f 77 63 73 69 63 6d 70 00 00 01 05 77 63 	00_wcsicmp0000wc
  0x8780	73 63 68 72 00 00 55 01 5f 67 65 74 5f 6f 73 66 	schr00U0_get_osf
  0x8790	68 61 6e 64 6c 65 00 00 39 04 66 66 6c 75 73 68 	handle0090fflush
  0x87a0	00 00 c8 02 5f 73 65 74 6d 6f 64 65 00 00 e4 03 	0000_setmode0000
  0x87b0	5f 77 72 69 74 65 00 00 1b 01 5f 66 69 6c 65 6e 	_write0000_filen
  0x87c0	6f 00 3b 04 66 67 65 74 70 6f 73 00 55 04 66 77 	o0;0fgetpos0U0fw
  0x87d0	70 72 69 6e 74 66 00 00 12 00 52 74 6c 49 70 76 	printf0000RtlIpv
  0x87e0	36 41 64 64 72 65 73 73 54 6f 53 74 72 69 6e 67 	6AddressToString
  0x87f0	57 00 07 00 57 69 64 65 43 68 61 72 54 6f 4d 75 	W000WideCharToMu
  0x8800	6c 74 69 42 79 74 65 00 1b 00 43 68 65 63 6b 54 	ltiByte000CheckT
  0x8810	6f 6b 65 6e 4d 65 6d 62 65 72 73 68 69 70 00 00 	okenMembership00
  0x8820	2e 00 46 72 65 65 53 69 64 00 16 00 41 6c 6c 6f 	.0FreeSid000Allo
  0x8830	63 61 74 65 41 6e 64 49 6e 69 74 69 61 6c 69 7a 	cateAndInitializ
  0x8840	65 53 69 64 00 00 0b 00 47 65 74 45 6e 76 69 72 	eSid0000GetEnvir
  0x8850	6f 6e 6d 65 6e 74 56 61 72 69 61 62 6c 65 57 00 	onmentVariableW0
  0x8860	61 70 69 2d 6d 73 2d 77 69 6e 2d 73 65 63 75 72 	api-ms-win-secur
  0x8870	69 74 79 2d 62 61 73 65 2d 6c 31 2d 31 2d 30 2e 	ity-base-l1-1-0.
  0x8880	64 6c 6c 00 61 70 69 2d 6d 73 2d 77 69 6e 2d 63 	dll0api-ms-win-c
  0x8890	6f 72 65 2d 70 72 6f 63 65 73 73 65 6e 76 69 72 	ore-processenvir
  0x88a0	6f 6e 6d 65 6e 74 2d 6c 31 2d 31 2d 30 2e 64 6c 	onment-l1-1-0.dl
  0x88b0	6c 00 92 04 6d 65 6d 63 70 79 00 00 96 04 6d 65 	l000memcpy0000me
  0x88c0	6d 73 65 74 00 00 00 00 00 00 00 00 00 00 00 00 	mset000000000000
  0x88d0	00 00 00 00 00 00 00 00 00 00 00 00 00 00 00 00 	0000000000000000
  0x88e0	00 00 00 00 00 00 00 00 00 00 00 00 00 00 00 00 	0000000000000000
  0x88f0	00 00 00 00 00 00 00 00 00 00 00 00 00 00 00 00 	0000000000000000
  0x8900	00 00 00 00 00 00 00 00 00 00 00 00 00 00 00 00 	0000000000000000
  0x8910	00 00 00 00 00 00 00 00 00 00 00 00 00 00 00 00 	0000000000000000
  0x8920	00 00 00 00 00 00 00 00 00 00 00 00 00 00 00 00 	0000000000000000
  0x8930	00 00 00 00 00 00 00 00 00 00 00 00 00 00 00 00 	0000000000000000
  0x8940	00 00 00 00 00 00 00 00 00 00 00 00 00 00 00 00 	0000000000000000
  0x8950	00 00 00 00 00 00 00 00 00 00 00 00 00 00 00 00 	0000000000000000
  0x8960	00 00 00 00 00 00 00 00 00 00 00 00 00 00 00 00 	0000000000000000
  0x8970	00 00 00 00 00 00 00 00 00 00 00 00 00 00 00 00 	0000000000000000
  0x8980	00 00 00 00 00 00 00 00 00 00 00 00 00 00 00 00 	0000000000000000
  0x8990	00 00 00 00 00 00 00 00 00 00 00 00 00 00 00 00 	0000000000000000
  0x89a0	00 00 00 00 00 00 00 00 00 00 00 00 00 00 00 00 	0000000000000000
  0x89b0	00 00 00 00 00 00 00 00 00 00 00 00 00 00 00 00 	0000000000000000
  0x89c0	00 00 00 00 00 00 00 00 00 00 00 00 00 00 00 00 	0000000000000000
  0x89d0	00 00 00 00 00 00 00 00 00 00 00 00 00 00 00 00 	0000000000000000
  0x89e0	00 00 00 00 00 00 00 00 00 00 00 00 00 00 00 00 	0000000000000000
  0x89f0	00 00 00 00 00 00 00 00 00 00 00 00 00 00 00 00 	0000000000000000
=== DATA BLOCK END ===

=== DATA BLOCK ADDRESS 0x9000 ===
  0x9000	01 00 00 00 00 00 00 00 32 a2 df 2d 99 2b 00 00 	00000000200-0+00
  0x9010	cd 5d 20 d2 66 d4 ff ff 00 00 00 00 00 00 00 00 	0] 0f00000000000
  0x9020	00 00 00 00 00 00 00 00 00 00 00 00 00 00 00 00 	0000000000000000
  0x9030	00 00 00 00 00 00 00 00 00 00 00 00 00 00 00 00 	0000000000000000
  0x9040	00 00 00 00 00 00 00 00 00 00 00 00 00 00 00 00 	0000000000000000
  0x9050	00 00 00 00 00 00 00 00 00 00 00 00 00 00 00 00 	0000000000000000
  0x9060	00 00 00 00 00 00 00 00 00 00 00 00 00 00 00 00 	0000000000000000
  0x9070	00 00 00 00 00 00 00 00 00 00 00 00 00 00 00 00 	0000000000000000
  0x9080	00 00 00 00 00 00 00 00 00 00 00 00 00 00 00 00 	0000000000000000
  0x9090	00 00 00 00 00 00 00 00 00 00 00 00 00 00 00 00 	0000000000000000
  0x90a0	00 00 00 00 00 00 00 00 00 00 00 00 00 00 00 00 	0000000000000000
  0x90b0	00 00 00 00 00 00 00 00 00 00 00 00 00 00 00 00 	0000000000000000
  0x90c0	00 00 00 00 00 00 00 00 00 00 00 00 00 00 00 00 	0000000000000000
  0x90d0	00 00 00 00 00 00 00 00 00 00 00 00 00 00 00 00 	0000000000000000
  0x90e0	00 00 00 00 00 00 00 00 00 00 00 00 00 00 00 00 	0000000000000000
  0x90f0	00 00 00 00 00 00 00 00 00 00 00 00 00 00 00 00 	0000000000000000
  0x9100	00 00 00 00 00 00 00 00 00 00 00 00 00 00 00 00 	0000000000000000
  0x9110	00 00 00 00 00 00 00 00 00 00 00 00 00 00 00 00 	0000000000000000
  0x9120	00 00 00 00 00 00 00 00 00 00 00 00 00 00 00 00 	0000000000000000
  0x9130	00 00 00 00 00 00 00 00 00 00 00 00 00 00 00 00 	0000000000000000
  0x9140	00 00 00 00 00 00 00 00 00 00 00 00 00 00 00 00 	0000000000000000
  0x9150	00 00 00 00 00 00 00 00 00 00 00 00 00 00 00 00 	0000000000000000
  0x9160	00 00 00 00 00 00 00 00 00 00 00 00 00 00 00 00 	0000000000000000
  0x9170	00 00 00 00 00 00 00 00 00 00 00 00 00 00 00 00 	0000000000000000
  0x9180	00 00 00 00 00 00 00 00 00 00 00 00 00 00 00 00 	0000000000000000
  0x9190	00 00 00 00 00 00 00 00 00 00 00 00 00 00 00 00 	0000000000000000
  0x91a0	00 00 00 00 00 00 00 00 00 00 00 00 00 00 00 00 	0000000000000000
  0x91b0	00 00 00 00 00 00 00 00 00 00 00 00 00 00 00 00 	0000000000000000
  0x91c0	00 00 00 00 00 00 00 00 00 00 00 00 00 00 00 00 	0000000000000000
  0x91d0	00 00 00 00 00 00 00 00 00 00 00 00 00 00 00 00 	0000000000000000
  0x91e0	00 00 00 00 00 00 00 00 00 00 00 00 00 00 00 00 	0000000000000000
  0x91f0	00 00 00 00 00 00 00 00 00 00 00 00 00 00 00 00 	0000000000000000
=== DATA BLOCK END ===

=== DATA BLOCK ADDRESS 0xa000 ===
  0xa000	08 10 00 00 b9 10 00 00 90 73 00 00 c0 10 00 00 	000000000s000000
  0xa010	ea 10 00 00 a4 73 00 00 f0 10 00 00 4b 11 00 00 	00000s000000K000
  0xa020	a4 73 00 00 54 11 00 00 05 13 00 00 ac 73 00 00 	0s00T00000000s00
  0xa030	0c 13 00 00 8a 14 00 00 cc 73 00 00 90 14 00 00 	000000000s000000
  0xa040	8b 16 00 00 ac 73 00 00 94 16 00 00 9c 17 00 00 	00000s0000000000
  0xa050	e8 73 00 00 a4 17 00 00 56 1a 00 00 08 74 00 00 	0s000000V0000t00
  0xa060	5c 1a 00 00 f5 1a 00 00 2c 74 00 00 fc 1a 00 00 	00000000,t000000
  0xa070	bc 1c 00 00 3c 74 00 00 c4 1c 00 00 3f 1e 00 00 	0000<t000000?000
  0xa080	5c 74 00 00 48 1e 00 00 4d 20 00 00 ac 73 00 00 	0t00H000M 000s00
  0xa090	54 20 00 00 5c 21 00 00 e8 73 00 00 64 21 00 00 	T 000!000s00d!00
  0xa0a0	e4 23 00 00 78 74 00 00 8c 24 00 00 4d 25 00 00 	0#00xt000$00M%00
  0xa0b0	9c 74 00 00 54 25 00 00 2a 26 00 00 b8 74 00 00 	0t00T%00*&000t00
  0xa0c0	30 26 00 00 15 27 00 00 d0 74 00 00 1c 27 00 00 	0&000'000t000'00
  0xa0d0	9a 27 00 00 e4 74 00 00 a0 27 00 00 d8 28 00 00 	0'000t000'000(00
  0xa0e0	f4 74 00 00 e0 28 00 00 98 29 00 00 14 75 00 00 	0t000(000)000u00
  0xa0f0	a0 29 00 00 93 2a 00 00 2c 75 00 00 9c 2a 00 00 	0)000*00,u000*00
  0xa100	a1 2b 00 00 48 75 00 00 a8 2b 00 00 0b 2e 00 00 	0+00Hu000+000.00
  0xa110	64 75 00 00 14 2e 00 00 ae 2f 00 00 88 75 00 00 	du000.000/000u00
  0xa120	b4 2f 00 00 7a 30 00 00 9c 75 00 00 80 30 00 00 	0/00z0000u000000
  0xa130	e7 30 00 00 ac 75 00 00 f0 30 00 00 d5 31 00 00 	00000u0000000100
  0xa140	b4 75 00 00 dc 31 00 00 a7 3a 00 00 c8 75 00 00 	0u0001000:000u00
  0xa150	b0 3a 00 00 54 3d 00 00 f0 75 00 00 5c 3d 00 00 	0:00T=000u000=00
  0xa160	97 3d 00 00 ac 75 00 00 a0 3d 00 00 54 40 00 00 	0=000u000=00T@00
  0xa170	14 76 00 00 5c 40 00 00 1a 41 00 00 2c 76 00 00 	0v000@000A00,v00
  0xa180	20 41 00 00 74 42 00 00 3c 76 00 00 7c 42 00 00 	 A00tB00<v00|B00
  0xa190	2f 49 00 00 4c 76 00 00 8c 49 00 00 4c 4a 00 00 	/I00Lv000I00LJ00
  0xa1a0	70 76 00 00 54 4a 00 00 83 4a 00 00 84 76 00 00 	pv00TJ000J000v00
  0xa1b0	8c 4a 00 00 4d 4b 00 00 8c 76 00 00 54 4b 00 00 	0J00MK000v00TK00
  0xa1c0	f4 4b 00 00 a0 76 00 00 fc 4b 00 00 99 4c 00 00 	0K000v000K000L00
  0xa1d0	b4 76 00 00 a0 4c 00 00 2a 4f 00 00 c0 76 00 00 	0v000L00*O000v00
  0xa1e0	30 4f 00 00 ab 4f 00 00 e4 76 00 00 c0 4f 00 00 	0O000O000v000O00
  0xa1f0	93 50 00 00 a4 73 00 00 a0 50 00 00 e9 50 00 00 	0P000s000P000P00
  0xa200	ac 75 00 00 f0 50 00 00 ae 52 00 00 ec 76 00 00 	0u000P000R000v00
  0xa210	c0 52 00 00 d2 52 00 00 a4 73 00 00 f0 52 00 00 	0R000R000s000R00
  0xa220	0e 53 00 00 20 77 00 00 14 53 00 00 48 53 00 00 	0S00 w000S00HS00
  0xa230	84 76 00 00 50 53 00 00 c1 54 00 00 2c 77 00 00 	0v00PS000T00,w00
  0xa240	c8 54 00 00 bf 55 00 00 24 77 00 00 d0 55 00 00 	0T000U00$w000U00
  0xa250	09 56 00 00 a4 73 00 00 10 56 00 00 28 56 00 00 	0V000s000V00(V00
  0xa260	a4 73 00 00 3c 56 00 00 90 56 00 00 34 77 00 00 	0s00<V000V004w00
  0xa270	98 56 00 00 dd 56 00 00 84 76 00 00 50 57 00 00 	0V000V000v00PW00
  0xa280	9d 57 00 00 54 77 00 00 e4 57 00 00 b8 58 00 00 	0W00Tw000W000X00
  0xa290	78 77 00 00 f8 58 00 00 16 59 00 00 84 76 00 00 	xw000X000Y000v00
  0xa2a0	28 59 00 00 45 59 00 00 a4 73 00 00 4c 59 00 00 	(Y00EY000s00LY00
  0xa2b0	a7 59 00 00 8c 77 00 00 d0 59 00 00 d2 59 00 00 	0Y000w000Y000Y00
  0xa2c0	88 77 00 00 e0 59 00 00 fe 59 00 00 18 77 00 00 	0w000Y000Y000w00
  0xa2d0	10 5a 00 00 30 5a 00 00 18 77 00 00 00 00 00 00 	0Z000Z000w000000
  0xa2e0	00 00 00 00 00 00 00 00 00 00 00 00 00 00 00 00 	0000000000000000
  0xa2f0	00 00 00 00 00 00 00 00 00 00 00 00 00 00 00 00 	0000000000000000
  0xa300	00 00 00 00 00 00 00 00 00 00 00 00 00 00 00 00 	0000000000000000
  0xa310	00 00 00 00 00 00 00 00 00 00 00 00 00 00 00 00 	0000000000000000
  0xa320	00 00 00 00 00 00 00 00 00 00 00 00 00 00 00 00 	0000000000000000
  0xa330	00 00 00 00 00 00 00 00 00 00 00 00 00 00 00 00 	0000000000000000
  0xa340	00 00 00 00 00 00 00 00 00 00 00 00 00 00 00 00 	0000000000000000
  0xa350	00 00 00 00 00 00 00 00 00 00 00 00 00 00 00 00 	0000000000000000
  0xa360	00 00 00 00 00 00 00 00 00 00 00 00 00 00 00 00 	0000000000000000
  0xa370	00 00 00 00 00 00 00 00 00 00 00 00 00 00 00 00 	0000000000000000
  0xa380	00 00 00 00 00 00 00 00 00 00 00 00 00 00 00 00 	0000000000000000
  0xa390	00 00 00 00 00 00 00 00 00 00 00 00 00 00 00 00 	0000000000000000
  0xa3a0	00 00 00 00 00 00 00 00 00 00 00 00 00 00 00 00 	0000000000000000
  0xa3b0	00 00 00 00 00 00 00 00 00 00 00 00 00 00 00 00 	0000000000000000
  0xa3c0	00 00 00 00 00 00 00 00 00 00 00 00 00 00 00 00 	0000000000000000
  0xa3d0	00 00 00 00 00 00 00 00 00 00 00 00 00 00 00 00 	0000000000000000
  0xa3e0	00 00 00 00 00 00 00 00 00 00 00 00 00 00 00 00 	0000000000000000
  0xa3f0	00 00 00 00 00 00 00 00 00 00 00 00 00 00 00 00 	0000000000000000
=== DATA BLOCK END ===
