===== Assembly blocks =====

=== CODE BLOCK ADDRESS 0x1000 ===
  0x1000	int3   	
  0x1001	int3   	
  0x1002	int3   	
  0x1003	int3   	
  0x1004	int3   	
  === BLOCK LINK ===
    0x1005
=== CODE BLOCK END ===

=== CODE BLOCK ADDRESS 0x1005 ===
  0x1005	int3   	
  0x1006	int3   	
  0x1007	int3   	
  0x1008	int3   	
  0x1009	int3   	
  === BLOCK LINK ===
    0x100a
=== CODE BLOCK END ===

=== CODE BLOCK ADDRESS 0x100a ===
  0x100a	int3   	
  0x100b	int3   	
  0x100c	int3   	
  0x100d	int3   	
  0x100e	int3   	
  === BLOCK LINK ===
    0x100f
=== CODE BLOCK END ===

=== CODE BLOCK ADDRESS 0x100f ===
  0x100f	int3   	
  0x1010	dec    	eax
  0x1011	lea    	eax, [0x1429]
  0x1017	dec    	eax
  0x1018	mov    	dword ptr [0xc912], eax
  === BLOCK LINK ===
    0x101e
=== CODE BLOCK END ===

=== CODE BLOCK ADDRESS 0x101e ===
  0x101e	dec    	eax
  0x101f	lea    	eax, [0x143b]
  0x1025	dec    	eax
  0x1026	mov    	dword ptr [0xc92c], eax
  0x102c	dec    	eax
  === BLOCK LINK ===
    0x102d
=== CODE BLOCK END ===

=== CODE BLOCK ADDRESS 0x102d ===
  0x102d	lea    	eax, [0x156d]
  0x1033	dec    	eax
  0x1034	mov    	dword ptr [0xc906], eax
=== CODE BLOCK END ===

=== DATA BLOCK ADDRESS 0xa000 ===
  0xa000	d0 d2 00 40 01 00 00 00 70 d3 00 40 01 00 00 00 	000@0000p00@0000
  0xa010	a8 ac 00 40 01 00 00 00 d0 87 00 40 01 00 00 00 	000@0000000@0000
  0xa020	20 ad 00 40 01 00 00 00 10 13 00 40 01 00 00 00 	 00@0000000@0000
  0xa030	f0 12 00 40 01 00 00 00 f0 ad 00 40 01 00 00 00 	000@0000000@0000
  0xa040	c0 22 00 40 01 00 00 00 00 22 00 40 01 00 00 00 	0"0@00000"0@0000
  0xa050	e8 ae 00 40 01 00 00 00 80 7d 00 40 01 00 00 00 	000@00000}0@0000
  0xa060	e0 8e 00 40 01 00 00 00 e0 8e 00 40 01 00 00 00 	000@0000000@0000
  0xa070	e0 8e 00 40 01 00 00 00 e0 8e 00 40 01 00 00 00 	000@0000000@0000
  0xa080	c0 ae 00 40 01 00 00 00 40 7d 00 40 01 00 00 00 	000@0000@}0@0000
  0xa090	c0 7d 00 40 01 00 00 00 c0 7d 00 40 01 00 00 00 	0}0@00000}0@0000
  0xa0a0	f0 7d 00 40 01 00 00 00 00 7e 00 40 01 00 00 00 	0}0@00000~0@0000
  0xa0b0	18 01 00 00 00 00 00 00 00 00 00 00 00 00 00 00 	0000000000000000
  0xa0c0	00 00 00 00 00 00 00 00 00 00 00 00 00 00 00 00 	0000000000000000
  0xa0d0	00 00 00 00 00 00 00 00 00 00 00 00 00 00 00 00 	0000000000000000
  0xa0e0	00 00 00 00 00 00 00 00 00 00 00 00 00 00 00 00 	0000000000000000
  0xa0f0	00 00 00 00 00 00 00 00 00 00 00 00 00 00 00 00 	0000000000000000
  0xa100	00 00 00 00 00 00 00 00 90 d2 00 40 01 00 00 00 	00000000000@0000
  0xa110	00 00 00 00 00 00 00 00 00 00 00 00 00 00 00 00 	0000000000000000
  0xa120	48 a5 00 40 01 00 00 00 50 a5 00 40 01 00 00 00 	H00@0000P00@0000
  0xa130	28 a6 00 40 01 00 00 00 36 00 00 00 00 00 00 00 	(00@000060000000
  0xa140	00 75 41 00 00 00 00 00 00 00 00 00 00 00 00 00 	0uA0000000000000
  0xa150	00 00 00 00 00 00 00 00 00 00 00 00 00 00 00 00 	0000000000000000
  0xa160	00 00 00 00 00 00 00 00 00 00 00 00 00 00 00 00 	0000000000000000
  0xa170	00 00 00 00 00 00 00 00 00 00 00 00 00 00 00 00 	0000000000000000
  0xa180	00 00 00 00 00 00 00 00 00 00 00 00 00 00 00 00 	0000000000000000
  0xa190	00 00 00 00 00 00 00 00 00 00 00 00 00 00 00 00 	0000000000000000
  0xa1a0	00 00 00 00 00 00 00 00 00 00 00 00 00 00 00 00 	0000000000000000
  0xa1b0	00 00 00 00 00 00 00 00 08 a6 00 40 01 00 00 00 	00000000000@0000
  0xa1c0	08 00 00 00 00 00 00 00 2a c7 00 00 00 00 00 00 	00000000*0000000
  0xa1d0	06 c7 00 00 00 00 00 00 f4 c6 00 00 00 00 00 00 	0000000000000000
  0xa1e0	90 cb 00 00 00 00 00 00 00 00 00 00 00 00 00 00 	0000000000000000
  0xa1f0	18 c6 00 00 00 00 00 00 e0 c6 00 00 00 00 00 00 	0000000000000000
  0xa200	d2 c6 00 00 00 00 00 00 00 00 00 00 00 00 00 00 	0000000000000000
  0xa210	08 c6 00 00 00 00 00 00 80 c5 00 00 00 00 00 00 	0000000000000000
  0xa220	80 c7 00 00 00 00 00 00 9c c7 00 00 00 00 00 00 	0000000000000000
  0xa230	00 00 00 00 00 00 00 00 58 c6 00 00 00 00 00 00 	00000000X0000000
  0xa240	00 00 00 00 00 00 00 00 66 c6 00 00 00 00 00 00 	00000000f0000000
  0xa250	74 c5 00 00 00 00 00 00 ac c6 00 00 00 00 00 00 	t000000000000000
  0xa260	00 00 00 00 00 00 00 00 a8 cb 00 00 00 00 00 00 	0000000000000000
  0xa270	00 00 00 00 00 00 00 00 32 c8 00 00 00 00 00 00 	0000000020000000
  0xa280	00 00 00 00 00 00 00 00 be c6 00 00 00 00 00 00 	0000000000000000
  0xa290	48 c5 00 00 00 00 00 00 a4 c5 00 00 00 00 00 00 	H000000000000000
  0xa2a0	72 c6 00 00 00 00 00 00 00 00 00 00 00 00 00 00 	r000000000000000
  0xa2b0	f6 c5 00 00 00 00 00 00 00 00 00 00 00 00 00 00 	0000000000000000
  0xa2c0	18 c7 00 00 00 00 00 00 00 00 00 00 00 00 00 00 	0000000000000000
  0xa2d0	96 c6 00 00 00 00 00 00 ba c7 00 00 00 00 00 00 	0000000000000000
  0xa2e0	d0 c5 00 00 00 00 00 00 ce c7 00 00 00 00 00 00 	0000000000000000
  0xa2f0	00 00 00 00 00 00 00 00 e2 c7 00 00 00 00 00 00 	0000000000000000
  0xa300	00 00 00 00 00 00 00 00 fe c7 00 00 00 00 00 00 	0000000000000000
  0xa310	00 00 00 00 00 00 00 00 3e c7 00 00 00 00 00 00 	00000000>0000000
  0xa320	6c c7 00 00 00 00 00 00 52 c7 00 00 00 00 00 00 	l0000000R0000000
  0xa330	00 00 00 00 00 00 00 00 84 c6 00 00 00 00 00 00 	0000000000000000
  0xa340	cc ca 00 00 00 00 00 00 e4 ca 00 00 00 00 00 00 	0000000000000000
  0xa350	5e c5 00 00 00 00 00 00 b2 ca 00 00 00 00 00 00 	^000000000000000
  0xa360	98 ca 00 00 00 00 00 00 2e c6 00 00 00 00 00 00 	00000000.0000000
  0xa370	90 c5 00 00 00 00 00 00 2a cb 00 00 00 00 00 00 	00000000*0000000
  0xa380	42 cb 00 00 00 00 00 00 e6 c5 00 00 00 00 00 00 	B000000000000000
  0xa390	5a cb 00 00 00 00 00 00 ba c5 00 00 00 00 00 00 	Z000000000000000
  0xa3a0	72 cb 00 00 00 00 00 00 46 c6 00 00 00 00 00 00 	r0000000F0000000
  0xa3b0	00 00 00 00 00 00 00 00 18 c8 00 00 00 00 00 00 	0000000000000000
  0xa3c0	00 00 00 00 00 00 00 00 d6 cb 00 00 00 00 00 00 	0000000000000000
  0xa3d0	12 cb 00 00 00 00 00 00 fc ca 00 00 00 00 00 00 	0000000000000000
  0xa3e0	b4 cb 00 00 00 00 00 00 00 00 00 00 00 00 00 00 	0000000000000000
  0xa3f0	52 c3 00 00 00 00 00 00 5e c3 00 00 00 00 00 00 	R0000000^0000000
  0xa400	78 c3 00 00 00 00 00 00 92 c3 00 00 00 00 00 00 	x000000000000000
  0xa410	a4 c3 00 00 00 00 00 00 b0 c3 00 00 00 00 00 00 	0000000000000000
  0xa420	bc c3 00 00 00 00 00 00 e0 c3 00 00 00 00 00 00 	0000000000000000
  0xa430	fe c3 00 00 00 00 00 00 20 c4 00 00 00 00 00 00 	00000000 0000000
  0xa440	40 c4 00 00 00 00 00 00 50 c4 00 00 00 00 00 00 	@0000000P0000000
  0xa450	70 c4 00 00 00 00 00 00 86 c4 00 00 00 00 00 00 	p000000000000000
  0xa460	9a c4 00 00 00 00 00 00 aa c4 00 00 00 00 00 00 	0000000000000000
  0xa470	48 cc 00 00 00 00 00 00 be c4 00 00 00 00 00 00 	H000000000000000
  0xa480	c8 c4 00 00 00 00 00 00 d2 c4 00 00 00 00 00 00 	0000000000000000
  0xa490	e2 c4 00 00 00 00 00 00 34 c3 00 00 00 00 00 00 	0000000040000000
  0xa4a0	14 c3 00 00 00 00 00 00 f6 c2 00 00 00 00 00 00 	0000000000000000
  0xa4b0	d8 c2 00 00 00 00 00 00 be c2 00 00 00 00 00 00 	0000000000000000
  0xa4c0	ac c2 00 00 00 00 00 00 9a c2 00 00 00 00 00 00 	0000000000000000
  0xa4d0	8a c2 00 00 00 00 00 00 82 ca 00 00 00 00 00 00 	0000000000000000
  0xa4e0	74 c2 00 00 00 00 00 00 62 c2 00 00 00 00 00 00 	t0000000b0000000
  0xa4f0	4c c2 00 00 00 00 00 00 34 cc 00 00 00 00 00 00 	L000000040000000
  0xa500	3e cc 00 00 00 00 00 00 00 00 00 00 00 00 00 00 	>000000000000000
  0xa510	e4 c1 00 00 00 00 00 00 f2 c1 00 00 00 00 00 00 	0000000000000000
  0xa520	d8 c1 00 00 00 00 00 00 fc c1 00 00 00 00 00 00 	0000000000000000
  0xa530	00 00 00 00 00 00 00 00 fa c4 00 00 00 00 00 00 	0000000000000000
  0xa540	00 00 00 00 00 00 00 00 00 89 00 40 01 00 00 00 	00000000000@0000
  0xa550	40 92 00 40 01 00 00 00 00 00 00 00 00 00 00 00 	@00@000000000000
  0xa560	40 81 00 40 01 00 00 00 10 10 00 40 01 00 00 00 	@00@0000000@0000
  0xa570	50 10 00 40 01 00 00 00 70 10 00 40 01 00 00 00 	P00@0000p00@0000
  0xa580	90 10 00 40 01 00 00 00 d0 10 00 40 01 00 00 00 	000@0000000@0000
  0xa590	30 11 00 40 01 00 00 00 c0 11 00 40 01 00 00 00 	000@0000000@0000
  0xa5a0	00 12 00 40 01 00 00 00 00 00 00 00 00 00 00 00 	000@000000000000
  0xa5b0	00 00 00 00 00 00 00 00 70 80 00 40 01 00 00 00 	00000000p00@0000
  0xa5c0	20 81 00 40 01 00 00 00 d0 7f 00 40 01 00 00 00 	 00@0000000@0000
  0xa5d0	00 80 00 40 01 00 00 00 40 80 00 40 01 00 00 00 	000@0000@00@0000
  0xa5e0	00 00 00 00 00 00 00 00 00 00 00 00 00 00 00 00 	0000000000000000
  0xa5f0	00 00 00 00 00 00 00 00 00 00 00 00 00 00 00 00 	0000000000000000
  0xa600	00 00 00 00 00 00 00 00 1e 24 00 00 12 26 00 00 	000000000$000&00
  0xa610	19 26 00 00 1f 26 00 00 33 26 00 00 f0 43 00 00 	0&000&003&000C00
  0xa620	8e 82 00 00 d9 86 00 00 10 10 00 00 50 10 00 00 	000000000000P000
  0xa630	70 10 00 00 90 10 00 00 d0 10 00 00 30 11 00 00 	p000000000000000
  0xa640	c0 11 00 00 00 12 00 00 f0 12 00 00 10 13 00 00 	0000000000000000
  0xa650	20 19 00 00 a0 1a 00 00 f0 1a 00 00 10 1b 00 00 	 000000000000000
  0xa660	00 22 00 00 c0 22 00 00 40 24 00 00 60 24 00 00 	0"000"00@$00`$00
  0xa670	a0 25 00 00 c0 2d 00 00 60 38 00 00 c0 39 00 00 	0%000-00`8000900
  0xa680	40 3a 00 00 c0 3a 00 00 40 70 00 00 70 70 00 00 	@:000:00@p00pp00
  0xa690	a0 70 00 00 00 71 00 00 f0 72 00 00 30 73 00 00 	0p000q000r000s00
  0xa6a0	90 73 00 00 60 7c 00 00 c0 7c 00 00 40 7d 00 00 	0s00`|000|00@}00
  0xa6b0	80 7d 00 00 c0 7d 00 00 f0 7d 00 00 00 7e 00 00 	0}000}000}000~00
  0xa6c0	d0 7f 00 00 00 80 00 00 40 80 00 00 70 80 00 00 	00000000@000p000
  0xa6d0	20 81 00 00 40 81 00 00 f0 82 00 00 b0 83 00 00 	 000@00000000000
  0xa6e0	d0 87 00 00 00 89 00 00 30 8b 00 00 c0 8b 00 00 	0000000000000000
  0xa6f0	e0 8e 00 00 30 96 00 00 60 96 00 00 e0 96 00 00 	00000000`0000000
  0xa700	55 6e 6b 6e 6f 77 6e 20 65 78 63 65 70 74 69 6f 	Unknown exceptio
  0xa710	6e 00 00 00 00 00 00 00 45 78 63 65 70 74 69 6f 	n0000000Exceptio
  0xa720	6e 00 00 00 00 00 00 00 52 65 74 75 72 6e 48 72 	n0000000ReturnHr
  0xa730	00 00 00 00 4c 6f 67 48 72 00 00 00 00 00 00 00 	0000LogHr0000000
  0xa740	46 61 69 6c 46 61 73 74 00 00 00 00 00 00 00 00 	FailFast00000000
  0xa750	25 00 68 00 73 00 28 00 25 00 75 00 29 00 5c 00 	%0h0s0(0%0u0)000
  0xa760	25 00 68 00 73 00 21 00 25 00 70 00 3a 00 20 00 	%0h0s0!0%0p0:0 0
  0xa770	00 00 00 00 00 00 00 00 25 00 68 00 73 00 21 00 	00000000%0h0s0!0
  0xa780	25 00 70 00 3a 00 20 00 00 00 00 00 00 00 00 00 	%0p0:0 000000000
  0xa790	28 00 63 00 61 00 6c 00 6c 00 65 00 72 00 3a 00 	(0c0a0l0l0e0r0:0
  0xa7a0	20 00 25 00 70 00 29 00 20 00 00 00 00 00 00 00 	 0%0p0)0 0000000
  0xa7b0	25 00 68 00 73 00 28 00 25 00 64 00 29 00 20 00 	%0h0s0(0%0d0)0 0
  0xa7c0	74 00 69 00 64 00 28 00 25 00 78 00 29 00 20 00 	t0i0d0(0%0x0)0 0
  0xa7d0	25 00 30 00 38 00 58 00 20 00 25 00 77 00 73 00 	%00080X0 0%0w0s0
  0xa7e0	00 00 00 00 00 00 00 00 20 00 20 00 20 00 20 00 	00000000 0 0 0 0
  0xa7f0	00 00 00 00 00 00 00 00 4d 00 73 00 67 00 3a 00 	00000000M0s0g0:0
  0xa800	5b 00 25 00 77 00 73 00 5d 00 20 00 00 00 00 00 	[0%0w0s0]0 00000
  0xa810	43 00 61 00 6c 00 6c 00 43 00 6f 00 6e 00 74 00 	C0a0l0l0C0o0n0t0
  0xa820	65 00 78 00 74 00 3a 00 5b 00 25 00 68 00 73 00 	e0x0t0:0[0%0h0s0
  0xa830	5d 00 20 00 00 00 00 00 5b 00 25 00 68 00 73 00 	]0 00000[0%0h0s0
  0xa840	28 00 25 00 68 00 73 00 29 00 5d 00 0a 00 00 00 	(0%0h0s0)0]00000
  0xa850	5b 00 25 00 68 00 73 00 5d 00 0a 00 00 00 00 00 	[0%0h0s0]0000000
  0xa860	0a 00 00 00 00 00 00 00 6b 00 65 00 72 00 6e 00 	00000000k0e0r0n0
  0xa870	65 00 6c 00 62 00 61 00 73 00 65 00 2e 00 64 00 	e0l0b0a0s0e0.0d0
  0xa880	6c 00 6c 00 00 00 00 00 52 61 69 73 65 46 61 69 	l0l00000RaiseFai
  0xa890	6c 46 61 73 74 45 78 63 65 70 74 69 6f 6e 00 00 	lFastException00
  0xa8a0	25 77 73 00 77 69 6c 00 73 00 74 00 64 00 3a 00 	%ws0wil0s0t0d0:0
  0xa8b0	3a 00 65 00 78 00 63 00 65 00 70 00 74 00 69 00 	:0e0x0c0e0p0t0i0
  0xa8c0	6f 00 6e 00 3a 00 20 00 25 00 68 00 73 00 00 00 	o0n0:0 0%0h0s000
  0xa8d0	6f 6e 65 63 6f 72 65 5c 69 6e 74 65 72 6e 61 6c 	onecore0internal
  0xa8e0	5c 73 64 6b 5c 69 6e 63 5c 77 69 6c 5c 6f 70 65 	0sdk0inc0wil0ope
  0xa8f0	6e 73 6f 75 72 63 65 5c 77 69 6c 5c 72 65 73 6f 	nsource0wil0reso
  0xa900	75 72 63 65 2e 68 00 00 5f 00 70 00 30 00 00 00 	urce.h00_0p00000
  0xa910	68 00 00 00 00 00 00 00 57 69 6c 45 72 72 6f 72 	h0000000WilError
  0xa920	5f 30 33 00 00 00 00 00 6e 00 74 00 64 00 6c 00 	_0300000n0t0d0l0
  0xa930	6c 00 2e 00 64 00 6c 00 6c 00 00 00 00 00 00 00 	l0.0d0l0l0000000
  0xa940	52 74 6c 4e 74 53 74 61 74 75 73 54 6f 44 6f 73 	RtlNtStatusToDos
  0xa950	45 72 72 6f 72 4e 6f 54 65 62 00 00 00 00 00 00 	ErrorNoTeb000000
  0xa960	52 74 6c 44 6c 6c 53 68 75 74 64 6f 77 6e 49 6e 	RtlDllShutdownIn
  0xa970	50 72 6f 67 72 65 73 73 00 00 00 00 00 00 00 00 	Progress00000000
  0xa980	52 74 6c 44 69 73 6f 77 6e 4d 6f 64 75 6c 65 48 	RtlDisownModuleH
  0xa990	65 61 70 41 6c 6c 6f 63 61 74 69 6f 6e 00 00 00 	eapAllocation000
  0xa9a0	4c 00 6f 00 63 00 61 00 6c 00 5c 00 53 00 4d 00 	L0o0c0a0l000S0M0
  0xa9b0	30 00 3a 00 25 00 64 00 3a 00 25 00 64 00 3a 00 	00:0%0d0:0%0d0:0
  0xa9c0	25 00 68 00 73 00 00 00 be 13 5a 61 1d 24 b1 48 	%0h0s00000Za0$0H
  0xa9d0	89 b0 8e 1d 40 ff d2 87 73 1d a1 91 34 fc 5c 45 	0000@000s000400E
  0xa9e0	86 1f 0a 37 1e 4b 56 ae 6f 6e 65 63 6f 72 65 5c 	00070KV0onecore0
  0xa9f0	69 6e 74 65 72 6e 61 6c 5c 73 64 6b 5c 69 6e 63 	internal0sdk0inc
  0xaa00	5c 77 69 6c 5c 6f 70 65 6e 73 6f 75 72 63 65 5c 	0wil0opensource0
  0xaa10	77 69 6c 5c 72 65 73 75 6c 74 5f 6d 61 63 72 6f 	wil0result_macro
  0xaa20	73 2e 68 00 00 00 00 00 52 74 6c 52 65 67 69 73 	s.h00000RtlRegis
  0xaa30	74 65 72 46 65 61 74 75 72 65 43 6f 6e 66 69 67 	terFeatureConfig
  0xaa40	75 72 61 74 69 6f 6e 43 68 61 6e 67 65 4e 6f 74 	urationChangeNot
  0xaa50	69 66 69 63 61 74 69 6f 6e 00 00 00 00 00 00 00 	ification0000000
  0xaa60	52 74 6c 55 6e 72 65 67 69 73 74 65 72 46 65 61 	RtlUnregisterFea
  0xaa70	74 75 72 65 43 6f 6e 66 69 67 75 72 61 74 69 6f 	tureConfiguratio
  0xaa80	6e 43 68 61 6e 67 65 4e 6f 74 69 66 69 63 61 74 	nChangeNotificat
  0xaa90	69 6f 6e 00 00 00 00 00 52 74 6c 4e 6f 74 69 66 	ion00000RtlNotif
  0xaaa0	79 46 65 61 74 75 72 65 55 73 61 67 65 00 00 00 	yFeatureUsage000
  0xaab0	4e 74 51 75 65 72 79 57 6e 66 53 74 61 74 65 44 	NtQueryWnfStateD
  0xaac0	61 74 61 00 00 00 00 00 4e 74 55 70 64 61 74 65 	ata00000NtUpdate
  0xaad0	57 6e 66 53 74 61 74 65 44 61 74 61 00 00 00 00 	WnfStateData0000
  0xaae0	52 74 6c 53 75 62 73 63 72 69 62 65 57 6e 66 53 	RtlSubscribeWnfS
  0xaaf0	74 61 74 65 43 68 61 6e 67 65 4e 6f 74 69 66 69 	tateChangeNotifi
  0xab00	63 61 74 69 6f 6e 00 00 52 74 6c 55 6e 73 75 62 	cation00RtlUnsub
  0xab10	73 63 72 69 62 65 57 6e 66 4e 6f 74 69 66 69 63 	scribeWnfNotific
  0xab20	61 74 69 6f 6e 57 61 69 74 46 6f 72 43 6f 6d 70 	ationWaitForComp
  0xab30	6c 65 74 69 6f 6e 00 00 6f 6e 65 63 6f 72 65 5c 	letion00onecore0
  0xab40	69 6e 74 65 72 6e 61 6c 5c 73 64 6b 5c 69 6e 63 	internal0sdk0inc
  0xab50	5c 77 69 6c 5c 53 74 61 67 69 6e 67 2e 68 00 00 	0wil0Staging.h00
  0xab60	57 69 6c 53 74 61 67 69 6e 67 5f 30 32 00 00 00 	WilStaging_02000
  0xab70	6f 6e 65 63 6f 72 65 5c 76 6d 5c 77 73 6c 5c 6c 	onecore0vm0wsl0l
  0xab80	78 73 73 5c 77 73 6c 75 74 69 6c 5c 77 73 6c 75 	xss0wslutil0wslu
  0xab90	74 69 6c 2e 63 70 70 00 25 00 6c 00 73 00 00 00 	til.cpp0%0l0s000
  0xaba0	45 00 72 00 72 00 6f 00 72 00 3a 00 20 00 30 00 	E0r0r0o0r0:0 000
  0xabb0	78 00 25 00 78 00 0a 00 00 00 00 00 00 00 00 00 	x0%0x00000000000
  0xabc0	35 98 bc a3 3a 07 8a 41 75 74 bc a3 3a 07 8a 41 	5000:00Aut00:00A
  0xabd0	75 6c bc a3 3a 07 8a 41 75 64 bc a3 3a 07 8a 41 	ul00:00Aud00:00A
  0xabe0	75 5c bc a3 3a 07 8a 41 75 54 bc a3 3a 07 8a 41 	u000:00AuT00:00A
  0xabf0	75 4c bc a3 3a 07 8a 41 75 44 bc a3 3a 07 8a 41 	uL00:00AuD00:00A
  0xac00	75 3c bc a3 3a 07 8a 41 75 34 bc a3 3a 07 8a 41 	u<00:00Au400:00A
  0xac10	75 2c bc a3 3a 07 8a 41 75 24 bc a3 3a 07 8a 41 	u,00:00Au$00:00A
  0xac20	75 1c bc a3 3a 07 8a 41 f5 90 bc a3 3a 07 8a 41 	u000:00A0000:00A
  0xac30	f5 88 bc a3 3a 07 8a 41 75 80 bc a3 3a 07 8a 41 	0000:00Au000:00A
  0xac40	75 7c bc a3 3a 07 8a 41 00 00 00 00 00 00 00 00 	u|00:00A00000000
  0xac50	00 00 00 00 8c 00 c5 08 00 00 00 00 02 00 00 00 	0000000000000000
  0xac60	21 00 00 00 10 af 00 00 10 9b 00 00 00 00 00 00 	!000000000000000
  0xac70	8c 00 c5 08 00 00 00 00 0d 00 00 00 44 03 00 00 	000000000000D000
  0xac80	34 af 00 00 34 9b 00 00 00 00 00 00 8c 00 c5 08 	4000400000000000
  0xac90	00 00 00 00 10 00 00 00 24 00 00 00 78 b2 00 00 	00000000$000x000
  0xaca0	78 9e 00 00 00 00 00 00 01 00 00 00 00 00 00 00 	x000000000000000
  0xacb0	00 00 00 00 30 d1 00 00 d0 ac 00 00 a8 ac 00 00 	0000000000000000
  0xacc0	00 00 00 00 00 00 00 00 00 00 00 00 00 00 00 00 	0000000000000000
  0xacd0	00 00 00 00 00 00 00 00 01 00 00 00 e8 ac 00 00 	0000000000000000
  0xace0	00 00 00 00 00 00 00 00 f8 ac 00 00 00 00 00 00 	0000000000000000
  0xacf0	00 00 00 00 00 00 00 00 30 d1 00 00 00 00 00 00 	0000000000000000
  0xad00	00 00 00 00 ff ff ff ff 00 00 00 00 40 00 00 00 	000000000000@000
  0xad10	d0 ac 00 00 00 00 00 00 00 00 00 00 00 00 00 00 	0000000000000000
  0xad20	01 00 00 00 00 00 00 00 00 00 00 00 a8 d1 00 00 	0000000000000000
  0xad30	d8 ad 00 00 20 ad 00 00 00 00 00 00 00 00 00 00 	0000 00000000000
  0xad40	00 00 00 00 00 00 00 00 00 00 00 00 00 00 00 00 	0000000000000000
  0xad50	02 00 00 00 b0 ad 00 00 00 00 00 00 00 00 00 00 	0000000000000000
  0xad60	a8 d1 00 00 00 00 00 00 00 00 00 00 ff ff ff ff 	0000000000000000
  0xad70	00 00 00 00 40 00 00 00 d8 ad 00 00 00 00 00 00 	0000@00000000000
  0xad80	00 00 00 00 00 00 00 00 78 d1 00 00 01 00 00 00 	00000000x0000000
  0xad90	00 00 00 00 ff ff ff ff 00 00 00 00 40 00 00 00 	000000000000@000
  0xada0	48 ad 00 00 00 00 00 00 00 00 00 00 00 00 00 00 	H000000000000000
  0xadb0	88 ad 00 00 60 ad 00 00 00 00 00 00 00 00 00 00 	0000`00000000000
  0xadc0	00 00 00 00 00 00 00 00 60 ad 00 00 00 00 00 00 	00000000`0000000
  0xadd0	00 00 00 00 00 00 00 00 00 00 00 00 00 00 00 00 	0000000000000000
  0xade0	01 00 00 00 c8 ad 00 00 00 00 00 00 00 00 00 00 	0000000000000000
  0xadf0	01 00 00 00 00 00 00 00 00 00 00 00 78 d1 00 00 	000000000000x000
  0xae00	48 ad 00 00 f0 ad 00 00 00 00 00 00 00 00 00 00 	H000000000000000
  0xae10	00 00 00 00 00 00 00 00 40 ae 00 00 68 ae 00 00 	00000000@000h000
  0xae20	00 00 00 00 00 00 00 00 00 00 00 00 00 00 00 00 	0000000000000000
  0xae30	68 ae 00 00 00 00 00 00 00 00 00 00 00 00 00 00 	h000000000000000
  0xae40	d0 d1 00 00 01 00 00 00 00 00 00 00 ff ff ff ff 	0000000000000000
  0xae50	00 00 00 00 40 00 00 00 90 ae 00 00 00 00 00 00 	0000@00000000000
  0xae60	00 00 00 00 00 00 00 00 40 d2 00 00 00 00 00 00 	00000000@0000000
  0xae70	00 00 00 00 ff ff ff ff 00 00 00 00 40 00 00 00 	000000000000@000
  0xae80	a8 ae 00 00 00 00 00 00 00 00 00 00 00 00 00 00 	0000000000000000
  0xae90	00 00 00 00 00 00 00 00 02 00 00 00 18 ae 00 00 	0000000000000000
  0xaea0	00 00 00 00 00 00 00 00 00 00 00 00 00 00 00 00 	0000000000000000
  0xaeb0	01 00 00 00 30 ae 00 00 00 00 00 00 00 00 00 00 	0000000000000000
  0xaec0	01 00 00 00 00 00 00 00 00 00 00 00 d0 d1 00 00 	0000000000000000
  0xaed0	90 ae 00 00 c0 ae 00 00 00 00 00 00 00 00 00 00 	0000000000000000
  0xaee0	00 00 00 00 00 00 00 00 01 00 00 00 00 00 00 00 	0000000000000000
  0xaef0	00 00 00 00 40 d2 00 00 a8 ae 00 00 e8 ae 00 00 	0000@00000000000
  0xaf00	00 00 00 00 00 00 00 00 00 00 00 00 00 00 00 00 	0000000000000000
  0xaf10	52 53 44 53 69 9b 2f af c5 72 44 25 49 fe d9 45 	RSDSi0/00rD%I00E
  0xaf20	73 35 b4 e3 01 00 00 00 62 61 73 68 2e 70 64 62 	s5000000bash.pdb
  0xaf30	00 00 00 00 47 43 54 4c 00 10 00 00 10 02 00 00 	0000GCTL00000000
  0xaf40	2e 74 65 78 74 24 64 69 00 00 00 00 10 12 00 00 	.text$di00000000
  0xaf50	20 80 00 00 2e 74 65 78 74 24 6d 6e 00 00 00 00 	 000.text$mn0000
  0xaf60	30 92 00 00 12 00 00 00 2e 74 65 78 74 24 6d 6e 	00000000.text$mn
  0xaf70	24 30 30 00 42 92 00 00 ee 03 00 00 2e 74 65 78 	$000B0000000.tex
  0xaf80	74 24 78 00 30 96 00 00 03 01 00 00 2e 74 65 78 	t$x000000000.tex
  0xaf90	74 24 79 64 00 00 00 00 00 a0 00 00 c8 01 00 00 	t$yd000000000000
  0xafa0	2e 72 64 61 74 61 24 62 72 63 00 00 c8 a1 00 00 	.rdata$brc000000
  0xafb0	80 03 00 00 2e 69 64 61 74 61 24 35 00 00 00 00 	0000.idata$50000
  0xafc0	48 a5 00 00 10 00 00 00 2e 30 30 63 66 67 00 00 	H0000000.00cfg00
  0xafd0	58 a5 00 00 08 00 00 00 2e 43 52 54 24 58 43 41 	X0000000.CRT$XCA
  0xafe0	00 00 00 00 60 a5 00 00 08 00 00 00 2e 43 52 54 	0000`0000000.CRT
  0xaff0	24 58 43 41 41 00 00 00 68 a5 00 00 40 00 00 00 	$XCAA000h000@000
  0xb000	2e 43 52 54 24 58 43 55 00 00 00 00 a8 a5 00 00 	.CRT$XCU00000000
  0xb010	08 00 00 00 2e 43 52 54 24 58 43 5a 00 00 00 00 	0000.CRT$XCZ0000
  0xb020	b0 a5 00 00 08 00 00 00 2e 43 52 54 24 58 49 41 	00000000.CRT$XIA
  0xb030	00 00 00 00 b8 a5 00 00 08 00 00 00 2e 43 52 54 	000000000000.CRT
  0xb040	24 58 49 41 41 00 00 00 c0 a5 00 00 08 00 00 00 	$XIAA00000000000
  0xb050	2e 43 52 54 24 58 49 41 43 00 00 00 c8 a5 00 00 	.CRT$XIAC0000000
  0xb060	18 00 00 00 2e 43 52 54 24 58 49 43 00 00 00 00 	0000.CRT$XIC0000
  0xb070	e0 a5 00 00 08 00 00 00 2e 43 52 54 24 58 49 5a 	00000000.CRT$XIZ
  0xb080	00 00 00 00 e8 a5 00 00 08 00 00 00 2e 43 52 54 	000000000000.CRT
  0xb090	24 58 50 41 00 00 00 00 f0 a5 00 00 08 00 00 00 	$XPA000000000000
  0xb0a0	2e 43 52 54 24 58 50 5a 00 00 00 00 f8 a5 00 00 	.CRT$XPZ00000000
  0xb0b0	08 00 00 00 2e 43 52 54 24 58 54 41 00 00 00 00 	0000.CRT$XTA0000
  0xb0c0	00 a6 00 00 08 00 00 00 2e 43 52 54 24 58 54 5a 	00000000.CRT$XTZ
  0xb0d0	00 00 00 00 08 a6 00 00 20 00 00 00 2e 67 65 68 	00000000 000.geh
  0xb0e0	63 6f 6e 74 00 00 00 00 28 a6 00 00 d8 00 00 00 	cont0000(0000000
  0xb0f0	2e 67 66 69 64 73 00 00 00 a7 00 00 a8 05 00 00 	.gfids0000000000
  0xb100	2e 72 64 61 74 61 00 00 a8 ac 00 00 68 02 00 00 	.rdata000000h000
  0xb110	2e 72 64 61 74 61 24 72 00 00 00 00 10 af 00 00 	.rdata$r00000000
  0xb120	90 03 00 00 2e 72 64 61 74 61 24 7a 7a 7a 64 62 	0000.rdata$zzzdb
  0xb130	67 00 00 00 a0 b2 00 00 08 00 00 00 2e 72 74 63 	g00000000000.rtc
  0xb140	24 49 41 41 00 00 00 00 a8 b2 00 00 08 00 00 00 	$IAA000000000000
  0xb150	2e 72 74 63 24 49 5a 5a 00 00 00 00 b0 b2 00 00 	.rtc$IZZ00000000
  0xb160	08 00 00 00 2e 72 74 63 24 54 41 41 00 00 00 00 	0000.rtc$TAA0000
  0xb170	b8 b2 00 00 08 00 00 00 2e 72 74 63 24 54 5a 5a 	00000000.rtc$TZZ
  0xb180	00 00 00 00 c0 b2 00 00 70 09 00 00 2e 78 64 61 	00000000p000.xda
  0xb190	74 61 00 00 30 bc 00 00 84 00 00 00 2e 78 64 61 	ta0000000000.xda
  0xb1a0	74 61 24 78 00 00 00 00 b4 bc 00 00 90 01 00 00 	ta$x000000000000
  0xb1b0	2e 69 64 61 74 61 24 32 00 00 00 00 44 be 00 00 	.idata$20000D000
  0xb1c0	14 00 00 00 2e 69 64 61 74 61 24 33 00 00 00 00 	0000.idata$30000
  0xb1d0	58 be 00 00 80 03 00 00 2e 69 64 61 74 61 24 34 	X0000000.idata$4
  0xb1e0	00 00 00 00 d8 c1 00 00 7a 0a 00 00 2e 69 64 61 	00000000z000.ida
  0xb1f0	74 61 24 36 00 00 00 00 00 d0 00 00 30 01 00 00 	ta$6000000000000
  0xb200	2e 64 61 74 61 24 62 72 63 00 00 00 30 d1 00 00 	.data$brc0000000
  0xb210	60 01 00 00 2e 64 61 74 61 24 72 24 62 72 63 00 	`000.data$r$brc0
  0xb220	90 d2 00 00 30 00 00 00 2e 64 61 74 61 00 00 00 	00000000.data000
  0xb230	c0 d2 00 00 a0 08 00 00 2e 62 73 73 00 00 00 00 	00000000.bss0000
  0xb240	00 e0 00 00 10 08 00 00 2e 70 64 61 74 61 00 00 	00000000.pdata00
  0xb250	00 f0 00 00 b0 00 00 00 2e 72 73 72 63 24 30 31 	00000000.rsrc$01
  0xb260	00 00 00 00 b0 f0 00 00 60 04 00 00 2e 72 73 72 	00000000`000.rsr
  0xb270	63 24 30 32 00 00 00 00 20 00 00 00 69 9b 2f af 	c$020000 000i0/0
  0xb280	c5 72 44 25 49 fe d9 45 73 35 b4 e3 be b9 9d 99 	0rD%I00Es5000000
  0xb290	58 ab ce 50 9a 4d 78 c9 8c 00 c5 08 00 00 00 00 	X00P0Mx000000000
  0xb2a0	00 00 00 00 00 00 00 00 00 00 00 00 00 00 00 00 	0000000000000000
  0xb2b0	00 00 00 00 00 00 00 00 00 00 00 00 00 00 00 00 	0000000000000000
  0xb2c0	01 0f 06 00 0f 64 07 00 0f 34 06 00 0f 32 0b 70 	00000d000400020p
  0xb2d0	01 06 02 00 06 32 02 30 01 0a 04 00 0a 34 06 00 	0000020000000400
  0xb2e0	0a 32 06 70 19 21 05 00 12 62 0e 70 0d 60 0c 50 	020p0!000b0p0`0P
  0xb2f0	0b 30 00 00 94 90 00 00 28 00 00 00 19 25 09 00 	00000000(0000%00
  0xb300	13 34 53 00 13 01 4a 00 0c f0 0a e0 08 70 07 60 	04S000J000000p0`
  0xb310	06 50 00 00 94 90 00 00 40 02 00 00 01 19 0a 00 	0P000000@0000000
  0xb320	19 74 09 00 19 64 08 00 19 54 07 00 19 34 06 00 	0t000d000T000400
  0xb330	19 32 15 e0 01 04 01 00 04 42 00 00 19 21 07 00 	020000000B000!00
  0xb340	0f 34 31 00 0f 01 2a 00 08 70 07 60 06 50 00 00 	041000*00p0`0P00
  0xb350	94 90 00 00 40 01 00 00 01 04 01 00 04 82 00 00 	0000@00000000000
  0xb360	19 21 04 00 12 72 0e 70 0d 60 0c 30 94 90 00 00 	0!000r0p0`000000
  0xb370	38 00 00 00 01 1c 0c 00 1c 64 0d 00 1c 54 0c 00 	800000000d000T00
  0xb380	1c 34 0b 00 1c 32 18 f0 16 e0 14 d0 12 c0 10 70 	040002000000000p
  0xb390	19 21 03 00 0f 01 86 02 02 30 00 00 94 90 00 00 	0!00000000000000
  0xb3a0	20 14 00 00 19 0f 02 00 0f 52 0b 30 e6 8d 00 00 	 00000000R000000
  0xb3b0	b4 b3 00 00 38 c1 b3 00 00 c4 b3 00 00 e0 b3 00 	0000800000000000
  0xb3c0	00 04 08 10 02 00 00 02 cc b3 00 00 04 17 10 a8 	0000000000000000
  0xb3d0	d1 00 00 40 48 92 00 00 5c 11 80 ae 92 00 00 5c 	000@H00000000000
  0xb3e0	04 32 00 48 02 00 00 00 01 0b 03 00 0b 42 07 50 	020H000000000B0P
  0xb3f0	06 30 00 00 01 0a 02 00 0a 32 06 50 01 07 02 00 	00000000020P0000
  0xb400	07 01 1f 00 19 0d 06 00 0d 34 13 00 0d b2 09 e0 	0000000004000000
  0xb410	07 70 06 60 e6 8d 00 00 1c b4 00 00 38 29 b4 00 	0p0`000000008)00
  0xb420	00 2e b4 00 00 8b b4 00 00 08 08 10 18 20 04 00 	0.00000000000 00
  0xb430	00 02 3d b4 00 00 04 04 06 5e b4 00 00 06 17 12 	00=000000^000000
  0xb440	78 d1 00 00 70 d2 92 00 00 f2 17 12 50 d1 00 00 	x000p0000000P000
  0xb450	90 2a 93 00 00 e4 21 80 81 93 00 00 f2 fe 08 17 	0*0000!000000000
  0xb460	12 78 d1 00 00 80 c5 93 00 00 f2 17 12 50 d1 00 	0x00000000000P00
  0xb470	00 a0 1d 94 00 00 e4 17 10 a8 d1 00 00 b0 74 94 	00000000000000t0
  0xb480	00 00 4d 02 11 80 ae 92 00 00 fe 08 80 00 60 02 	00M00000000000`0
  0xb490	68 06 14 00 01 11 09 00 11 c2 0d f0 0b e0 09 d0 	h000000000000000
  0xb4a0	07 c0 05 70 04 60 03 50 02 30 00 00 01 09 03 00 	000p0`0P00000000
  0xb4b0	09 01 18 00 02 30 00 00 19 2c 0a 00 1a 01 a5 02 	000000000,000000
  0xb4c0	0d f0 0b e0 09 d0 07 c0 05 70 04 60 03 50 02 30 	000000000p0`0P00
  0xb4d0	94 90 00 00 10 15 00 00 01 04 01 00 04 a2 00 00 	0000000000000000
  0xb4e0	01 14 08 00 14 64 0e 00 14 54 0d 00 14 34 0c 00 	00000d000T000400
  0xb4f0	14 92 10 70 19 04 01 00 04 42 00 00 e6 8d 00 00 	000p00000B000000
  0xb500	04 b5 00 00 60 09 b5 00 00 00 00 00 01 0f 06 00 	0000`00000000000
  0xb510	0f 64 08 00 0f 34 07 00 0f 32 0b 70 19 2b 0b 00 	0d000400020p0+00
  0xb520	19 54 52 00 19 34 51 00 19 01 4a 00 12 f0 10 e0 	0TR004Q000J00000
  0xb530	0e c0 0c 70 0b 60 00 00 94 90 00 00 40 02 00 00 	000p0`000000@000
  0xb540	19 19 04 00 0a 64 0a 00 0a 52 06 70 94 90 00 00 	00000d000R0p0000
  0xb550	28 00 00 00 01 1c 0c 00 1c 64 0c 00 1c 54 0b 00 	(00000000d000T00
  0xb560	1c 34 0a 00 1c 32 18 f0 16 e0 14 d0 12 c0 10 70 	040002000000000p
  0xb570	01 12 08 00 12 54 0a 00 12 34 09 00 12 32 0e e0 	00000T0004000200
  0xb580	0c 70 0b 60 01 14 0a 00 14 34 0e 00 14 32 10 f0 	0p0`000004000200
  0xb590	0e e0 0c d0 0a c0 08 70 07 60 06 50 01 14 08 00 	0000000p0`0P0000
  0xb5a0	14 64 08 00 14 54 07 00 14 34 06 00 14 32 10 70 	0d000T000400020p
  0xb5b0	19 2c 09 00 1b 34 58 00 1b 01 50 00 0c f0 0a e0 	0,0004X000P00000
  0xb5c0	08 70 07 60 06 50 00 00 1c 91 00 00 d4 b5 00 00 	0p0`0P0000000000
  0xb5d0	72 02 00 00 28 dd b5 00 00 ea b5 00 00 04 0a 48 	r000(0000000000H
  0xb5e0	40 00 00 90 32 f0 2d 00 00 a0 04 95 05 00 d2 04 	@00020-000000000
  0xb5f0	19 27 0a 00 18 64 0f 00 18 54 0e 00 18 34 0d 00 	0'000d000T000400
  0xb600	18 72 14 f0 12 e0 10 70 94 90 00 00 38 00 00 00 	0r00000p00008000
  0xb610	19 32 0b 00 21 64 52 00 21 34 50 00 21 01 4a 00 	0200!dR0!4P0!0J0
  0xb620	12 f0 10 e0 0e c0 0c 70 0b 50 00 00 94 90 00 00 	0000000p0P000000
  0xb630	40 02 00 00 19 19 04 00 0a 34 10 00 0a d2 06 70 	@00000000400000p
  0xb640	1c 91 00 00 4c b6 00 00 6b 00 00 00 38 59 b6 00 	0000L000k0008Y00
  0xb650	00 68 b6 00 00 79 b6 00 00 08 08 0a 20 46 00 00 	0h000y000000 F00
  0xb660	a0 32 a8 44 00 00 b0 70 02 00 04 06 70 b6 00 00 	020D000p0000p000
  0xb670	02 11 80 13 95 00 00 c1 03 0e 4d 02 04 5c 06 32 	0000000000M00002
  0xb680	04 70 00 ca 02 2a 04 2a 00 00 00 00 01 0a 02 00 	0p000*0*00000000
  0xb690	0a 92 06 50 11 0a 02 00 0a 72 06 30 e6 8d 00 00 	000P00000r000000
  0xb6a0	a4 b6 00 00 28 ad b6 00 00 b3 b6 00 00 02 0e 3f 	0000(0000000000?
  0xb6b0	95 00 00 02 cc 02 00 00 01 06 02 00 06 32 02 50 	000000000000020P
  0xb6c0	19 13 01 00 04 62 00 00 94 90 00 00 28 00 00 00 	00000b000000(000
  0xb6d0	01 0a 04 00 0a 34 0a 00 0a 72 06 70 01 0f 06 00 	000004000r0p0000
  0xb6e0	0f 64 0b 00 0f 34 0a 00 0f 72 0b 70 19 25 0a 00 	0d0004000r0p0%00
  0xb6f0	17 34 16 00 17 b2 10 f0 0e e0 0c d0 0a c0 08 70 	040000000000000p
  0xb700	07 60 06 50 94 90 00 00 50 00 00 00 19 3d 0d 00 	0`0P0000P0000=00
  0xb710	2c 74 14 02 2c 64 13 02 2c 34 12 02 2c 01 0c 02 	,t00,d00,400,000
  0xb720	18 f0 16 e0 14 d0 12 c0 10 50 00 00 94 90 00 00 	000000000P000000
  0xb730	50 10 00 00 19 3d 0d 00 2c d4 13 02 2c 74 12 02 	P0000=00,000,t00
  0xb740	2c 64 11 02 2c 34 10 02 2c 01 0c 02 18 f0 16 e0 	,d00,400,0000000
  0xb750	14 50 00 00 94 90 00 00 50 10 00 00 01 19 0a 00 	0P000000P0000000
  0xb760	19 74 0b 00 19 64 0a 00 19 34 09 00 19 32 15 f0 	0t000d0004000200
  0xb770	13 e0 11 c0 19 1f 08 00 10 34 0e 00 10 52 0c f0 	0000000004000R00
  0xb780	0a e0 08 70 07 60 06 50 94 90 00 00 28 00 00 00 	000p0`0P0000(000
  0xb790	01 0c 06 00 0c 34 0e 00 0c 72 08 70 07 60 06 50 	000004000r0p0`0P
  0xb7a0	01 18 0a 00 18 64 0a 00 18 54 09 00 18 34 08 00 	00000d000T000400
  0xb7b0	18 32 14 f0 12 e0 10 70 19 20 09 00 11 c2 0d f0 	0200000p0 000000
  0xb7c0	0b e0 09 d0 07 c0 05 70 04 60 03 50 02 30 00 00 	0000000p0`0P0000
  0xb7d0	1c 91 00 00 dc b7 00 00 52 00 00 00 28 e5 b7 00 	00000000R000(000
  0xb7e0	00 ec b7 00 00 02 0a d8 5d 00 00 60 04 19 02 02 	00000000]00`0000
  0xb7f0	b9 02 00 00 19 20 08 00 11 34 13 00 11 92 0d f0 	00000 0004000000
  0xb800	0b e0 09 c0 07 70 06 60 94 90 00 00 48 00 00 00 	00000p0`0000H000
  0xb810	19 22 09 00 14 e2 0d f0 0b e0 09 d0 07 c0 05 70 	0"0000000000000p
  0xb820	04 60 03 30 02 50 00 00 94 90 00 00 68 00 00 00 	0`000P000000h000
  0xb830	19 2a 0b 00 1c 34 1f 00 1c 01 16 00 10 f0 0e e0 	0*00040000000000
  0xb840	0c d0 0a c0 08 70 07 60 06 50 00 00 94 90 00 00 	00000p0`0P000000
  0xb850	a0 00 00 00 19 36 0b 00 25 34 41 02 25 01 38 02 	00000600%4A0%080
  0xb860	10 f0 0e e0 0c d0 0a c0 08 70 07 60 06 50 00 00 	000000000p0`0P00
  0xb870	1c 91 00 00 7c b8 00 00 b2 11 00 00 28 85 b8 00 	0000|0000000(000
  0xb880	00 98 b8 00 00 06 0a 00 62 00 00 41 05 3c 34 7c 	00000000b00A0<4|
  0xb890	00 00 e0 6e f2 8d 00 00 0e 3a 00 25 03 02 21 06 	000n00000:0%00!0
  0xb8a0	04 60 06 46 02 d2 00 b5 02 04 00 00 19 1b 04 00 	0`0F000000000000
  0xb8b0	0d 34 0f 00 0d b2 06 50 94 90 00 00 50 00 00 00 	0400000P0000P000
  0xb8c0	01 0a 04 00 0a 34 08 00 0a 52 06 70 01 0c 04 00 	000004000R0p0000
  0xb8d0	0c 32 08 70 07 60 06 30 01 10 08 00 10 34 0e 00 	020p0`0000000400
  0xb8e0	10 52 0c f0 0a e0 08 70 07 60 06 50 19 1b 03 00 	0R00000p0`0P0000
  0xb8f0	09 01 1e 00 02 30 00 00 1c 91 00 00 04 b9 00 00 	0000000000000000
  0xb900	e2 00 00 00 28 0d b9 00 00 14 b9 00 00 02 0a b8 	0000(00000000000
  0xb910	67 00 00 40 04 ec 02 36 00 00 00 00 19 1b 03 00 	g00@000600000000
  0xb920	09 01 1e 00 02 30 00 00 1c 91 00 00 34 b9 00 00 	0000000000004000
  0xb930	e2 00 00 00 28 0d b9 00 00 3d b9 00 00 04 51 02 	0000(0000=0000Q0
  0xb940	02 36 00 00 01 0b 06 00 0b 32 07 e0 05 70 04 60 	0600000002000p0`
  0xb950	03 50 02 30 19 1c 07 00 0d 82 09 f0 07 e0 05 70 	0P0000000000000p
  0xb960	04 60 03 50 02 30 00 00 1c 91 00 00 74 b9 00 00 	0`0P00000000t000
  0xb970	3a 00 00 00 28 7d b9 00 00 84 b9 00 00 02 0a 0c 	:000(}0000000000
  0xb980	7f 00 00 60 04 19 03 02 9e 00 00 00 19 1e 08 00 	000`000000000000
  0xb990	0f 52 0b f0 09 e0 07 c0 05 70 04 60 03 50 02 30 	0R0000000p0`0P00
  0xb9a0	1c 91 00 00 ac b9 00 00 2a 00 00 00 28 b5 b9 00 	00000000*000(000
  0xb9b0	00 bc b9 00 00 02 0a 0c 7f 00 00 40 04 4d 02 02 	00000000000@0M00
  0xb9c0	78 00 00 00 19 1c 07 00 0d 82 09 f0 07 e0 05 70 	x00000000000000p
  0xb9d0	04 60 03 50 02 30 00 00 94 90 00 00 30 00 00 00 	0`0P000000000000
  0xb9e0	01 10 06 00 10 64 0a 00 10 34 09 00 10 52 0c 70 	00000d0004000R0p
  0xb9f0	19 23 08 00 14 64 0b 00 14 54 0a 00 14 34 09 00 	0#000d000T000400
  0xba00	14 52 10 70 94 90 00 00 28 00 00 00 19 21 08 00 	0R0p0000(0000!00
  0xba10	12 34 17 00 12 d2 0e f0 0c e0 0a 70 09 60 08 50 	04000000000p0`0P
  0xba20	94 90 00 00 60 00 00 00 11 04 01 00 04 42 00 00 	0000`00000000B00
  0xba30	e6 8d 00 00 38 ba 00 00 28 41 ba 00 00 47 ba 00 	00008000(A000G00
  0xba40	00 02 0e f2 8d 00 00 04 32 02 68 00 19 22 07 00 	0000000020h00"00
  0xba50	14 34 37 00 14 01 30 00 08 70 07 60 06 50 00 00 	047000000p0`0P00
  0xba60	94 90 00 00 70 01 00 00 01 04 01 00 04 62 00 00 	0000p00000000b00
  0xba70	01 13 08 00 13 54 13 00 13 34 12 00 13 b2 0f e0 	00000T0004000000
  0xba80	0d 70 0c 60 19 16 01 00 07 a2 00 00 94 90 00 00 	0p0`000000000000
  0xba90	40 00 00 00 19 2c 09 00 1b 34 58 00 1b 01 50 00 	@0000,0004X000P0
  0xbaa0	0c f0 0a e0 08 70 07 60 06 50 00 00 1c 91 00 00 	00000p0`0P000000
  0xbab0	b8 ba 00 00 72 02 00 00 28 c1 ba 00 00 ce ba 00 	0000r000(0000000
  0xbac0	00 04 0a 48 40 00 00 70 32 f0 2d 00 00 a0 04 95 	000H@00p20-00000
  0xbad0	05 00 d6 04 19 27 0a 00 18 64 0d 00 18 54 0c 00 	00000'000d000T00
  0xbae0	18 34 0b 00 18 52 14 f0 12 e0 10 70 1c 91 00 00 	04000R00000p0000
  0xbaf0	f8 ba 00 00 2a 00 00 00 28 41 ba 00 00 01 bb 00 	0000*000(A000000
  0xbb00	00 06 86 00 4d 02 02 fd 02 00 00 00 19 04 01 00 	0000M00000000000
  0xbb10	04 42 00 00 e6 8d 00 00 1c bb 00 00 60 21 bb 00 	0B0000000000`!00
  0xbb20	00 02 28 00 01 0f 06 00 0f 64 08 00 0f 34 06 00 	00(000000d000400
  0xbb30	0f 32 0b 70 01 06 02 00 06 52 02 30 09 0f 06 00 	020p00000R000000
  0xbb40	0f 64 09 00 0f 34 08 00 0f 52 0b 70 4c 8f 00 00 	0d0004000R0pL000
  0xbb50	02 00 00 00 89 81 00 00 8e 82 00 00 ea 95 00 00 	0000000000000000
  0xbb60	8e 82 00 00 c2 82 00 00 d4 82 00 00 ea 95 00 00 	0000000000000000
  0xbb70	8e 82 00 00 00 00 00 00 01 00 00 00 01 09 01 00 	0000000000000000
  0xbb80	09 62 00 00 01 08 04 00 08 72 04 70 03 60 02 30 	0b0000000r0p0`00
  0xbb90	09 04 01 00 04 22 00 00 4c 8f 00 00 01 00 00 00 	00000"00L0000000
  0xbba0	4f 86 00 00 d9 86 00 00 0e 96 00 00 d9 86 00 00 	O000000000000000
  0xbbb0	01 02 01 00 02 50 00 00 01 0d 04 00 0d 34 09 00 	00000P0000000400
  0xbbc0	0d 32 06 50 01 15 05 00 15 34 ba 00 15 01 b8 00 	020P000004000000
  0xbbd0	06 50 00 00 01 0f 06 00 0f 64 06 00 0f 34 05 00 	0P0000000d000400
  0xbbe0	0f 12 0b 70 00 00 00 00 01 00 00 00 01 16 04 00 	000p000000000000
  0xbbf0	16 52 12 70 11 60 10 30 01 14 08 00 14 64 0a 00 	0R0p0`0000000d00
  0xbc00	14 54 09 00 14 34 08 00 14 52 10 70 01 14 08 00 	0T0004000R0p0000
  0xbc10	14 64 0c 00 14 54 0b 00 14 34 0a 00 14 72 10 70 	0d000T0004000r0p
  0xbc20	01 02 01 00 02 30 00 00 01 04 01 00 04 12 00 00 	0000000000000000
  0xbc30	02 00 00 00 48 bc 00 00 70 bc 00 00 00 00 00 00 	0000H000p0000000
  0xbc40	00 00 00 00 00 00 00 00 00 00 00 00 78 d1 00 00 	000000000000x000
  0xbc50	00 00 00 00 ff ff ff ff 00 00 00 00 c8 00 00 00 	0000000000000000
  0xbc60	8c 24 00 00 00 00 00 00 00 00 00 00 00 00 00 00 	0$00000000000000
  0xbc70	00 00 00 00 a8 d1 00 00 00 00 00 00 ff ff ff ff 	0000000000000000
  0xbc80	00 00 00 00 18 00 00 00 b4 12 00 00 00 00 00 00 	0000000000000000
  0xbc90	00 00 00 00 00 00 00 00 00 00 00 00 fc 22 00 00 	0000000000000"00
  0xbca0	00 00 00 00 30 bc 00 00 00 00 00 00 00 00 00 00 	0000000000000000
  0xbcb0	00 00 00 00 a0 c1 00 00 00 00 00 00 00 00 00 00 	0000000000000000
  0xbcc0	2a c2 00 00 10 a5 00 00 80 c0 00 00 00 00 00 00 	*000000000000000
  0xbcd0	00 00 00 00 04 c5 00 00 f0 a3 00 00 c8 c1 00 00 	0000000000000000
  0xbce0	00 00 00 00 00 00 00 00 26 c5 00 00 38 a5 00 00 	00000000&0008000
  0xbcf0	18 bf 00 00 00 00 00 00 00 00 00 00 48 c8 00 00 	000000000000H000
  0xbd00	88 a2 00 00 c8 bf 00 00 00 00 00 00 00 00 00 00 	0000000000000000
  0xbd10	72 c8 00 00 38 a3 00 00 d8 be 00 00 00 00 00 00 	r000800000000000
  0xbd20	00 00 00 00 94 c8 00 00 48 a2 00 00 a0 be 00 00 	00000000H0000000
  0xbd30	00 00 00 00 00 00 00 00 b4 c8 00 00 10 a2 00 00 	0000000000000000
  0xbd40	60 bf 00 00 00 00 00 00 00 00 00 00 de c8 00 00 	`000000000000000
  0xbd50	d0 a2 00 00 40 bf 00 00 00 00 00 00 00 00 00 00 	0000@00000000000
  0xbd60	08 c9 00 00 b0 a2 00 00 80 be 00 00 00 00 00 00 	0000000000000000
  0xbd70	00 00 00 00 30 c9 00 00 f0 a1 00 00 c8 be 00 00 	0000000000000000
  0xbd80	00 00 00 00 00 00 00 00 52 c9 00 00 38 a2 00 00 	00000000R0008000
  0xbd90	58 be 00 00 00 00 00 00 00 00 00 00 74 c9 00 00 	X00000000000t000
  0xbda0	c8 a1 00 00 50 bf 00 00 00 00 00 00 00 00 00 00 	0000P00000000000
  0xbdb0	94 c9 00 00 c0 a2 00 00 a8 bf 00 00 00 00 00 00 	0000000000000000
  0xbdc0	00 00 00 00 c2 c9 00 00 18 a3 00 00 88 bf 00 00 	0000000000000000
  0xbdd0	00 00 00 00 00 00 00 00 e8 c9 00 00 f8 a2 00 00 	0000000000000000
  0xbde0	98 bf 00 00 00 00 00 00 00 00 00 00 12 ca 00 00 	0000000000000000
  0xbdf0	08 a3 00 00 48 c0 00 00 00 00 00 00 00 00 00 00 	0000H00000000000
  0xbe00	36 ca 00 00 b8 a3 00 00 08 bf 00 00 00 00 00 00 	6000000000000000
  0xbe10	00 00 00 00 5a ca 00 00 78 a2 00 00 58 c0 00 00 	0000Z000x000X000
  0xbe20	00 00 00 00 00 00 00 00 ee cb 00 00 c8 a3 00 00 	0000000000000000
  0xbe30	f8 be 00 00 00 00 00 00 00 00 00 00 14 cc 00 00 	0000000000000000
  0xbe40	68 a2 00 00 00 00 00 00 00 00 00 00 00 00 00 00 	h000000000000000
  0xbe50	00 00 00 00 00 00 00 00 2a c7 00 00 00 00 00 00 	00000000*0000000
  0xbe60	06 c7 00 00 00 00 00 00 f4 c6 00 00 00 00 00 00 	0000000000000000
  0xbe70	90 cb 00 00 00 00 00 00 00 00 00 00 00 00 00 00 	0000000000000000
  0xbe80	18 c6 00 00 00 00 00 00 e0 c6 00 00 00 00 00 00 	0000000000000000
  0xbe90	d2 c6 00 00 00 00 00 00 00 00 00 00 00 00 00 00 	0000000000000000
  0xbea0	08 c6 00 00 00 00 00 00 80 c5 00 00 00 00 00 00 	0000000000000000
  0xbeb0	80 c7 00 00 00 00 00 00 9c c7 00 00 00 00 00 00 	0000000000000000
  0xbec0	00 00 00 00 00 00 00 00 58 c6 00 00 00 00 00 00 	00000000X0000000
  0xbed0	00 00 00 00 00 00 00 00 66 c6 00 00 00 00 00 00 	00000000f0000000
  0xbee0	74 c5 00 00 00 00 00 00 ac c6 00 00 00 00 00 00 	t000000000000000
  0xbef0	00 00 00 00 00 00 00 00 a8 cb 00 00 00 00 00 00 	0000000000000000
  0xbf00	00 00 00 00 00 00 00 00 32 c8 00 00 00 00 00 00 	0000000020000000
  0xbf10	00 00 00 00 00 00 00 00 be c6 00 00 00 00 00 00 	0000000000000000
  0xbf20	48 c5 00 00 00 00 00 00 a4 c5 00 00 00 00 00 00 	H000000000000000
  0xbf30	72 c6 00 00 00 00 00 00 00 00 00 00 00 00 00 00 	r000000000000000
  0xbf40	f6 c5 00 00 00 00 00 00 00 00 00 00 00 00 00 00 	0000000000000000
  0xbf50	18 c7 00 00 00 00 00 00 00 00 00 00 00 00 00 00 	0000000000000000
  0xbf60	96 c6 00 00 00 00 00 00 ba c7 00 00 00 00 00 00 	0000000000000000
  0xbf70	d0 c5 00 00 00 00 00 00 ce c7 00 00 00 00 00 00 	0000000000000000
  0xbf80	00 00 00 00 00 00 00 00 e2 c7 00 00 00 00 00 00 	0000000000000000
  0xbf90	00 00 00 00 00 00 00 00 fe c7 00 00 00 00 00 00 	0000000000000000
  0xbfa0	00 00 00 00 00 00 00 00 3e c7 00 00 00 00 00 00 	00000000>0000000
  0xbfb0	6c c7 00 00 00 00 00 00 52 c7 00 00 00 00 00 00 	l0000000R0000000
  0xbfc0	00 00 00 00 00 00 00 00 84 c6 00 00 00 00 00 00 	0000000000000000
  0xbfd0	cc ca 00 00 00 00 00 00 e4 ca 00 00 00 00 00 00 	0000000000000000
  0xbfe0	5e c5 00 00 00 00 00 00 b2 ca 00 00 00 00 00 00 	^000000000000000
  0xbff0	98 ca 00 00 00 00 00 00 2e c6 00 00 00 00 00 00 	00000000.0000000
  0xc000	90 c5 00 00 00 00 00 00 2a cb 00 00 00 00 00 00 	00000000*0000000
  0xc010	42 cb 00 00 00 00 00 00 e6 c5 00 00 00 00 00 00 	B000000000000000
  0xc020	5a cb 00 00 00 00 00 00 ba c5 00 00 00 00 00 00 	Z000000000000000
  0xc030	72 cb 00 00 00 00 00 00 46 c6 00 00 00 00 00 00 	r0000000F0000000
  0xc040	00 00 00 00 00 00 00 00 18 c8 00 00 00 00 00 00 	0000000000000000
  0xc050	00 00 00 00 00 00 00 00 d6 cb 00 00 00 00 00 00 	0000000000000000
  0xc060	12 cb 00 00 00 00 00 00 fc ca 00 00 00 00 00 00 	0000000000000000
  0xc070	b4 cb 00 00 00 00 00 00 00 00 00 00 00 00 00 00 	0000000000000000
  0xc080	52 c3 00 00 00 00 00 00 5e c3 00 00 00 00 00 00 	R0000000^0000000
  0xc090	78 c3 00 00 00 00 00 00 92 c3 00 00 00 00 00 00 	x000000000000000
  0xc0a0	a4 c3 00 00 00 00 00 00 b0 c3 00 00 00 00 00 00 	0000000000000000
  0xc0b0	bc c3 00 00 00 00 00 00 e0 c3 00 00 00 00 00 00 	0000000000000000
  0xc0c0	fe c3 00 00 00 00 00 00 20 c4 00 00 00 00 00 00 	00000000 0000000
  0xc0d0	40 c4 00 00 00 00 00 00 50 c4 00 00 00 00 00 00 	@0000000P0000000
  0xc0e0	70 c4 00 00 00 00 00 00 86 c4 00 00 00 00 00 00 	p000000000000000
  0xc0f0	9a c4 00 00 00 00 00 00 aa c4 00 00 00 00 00 00 	0000000000000000
  0xc100	48 cc 00 00 00 00 00 00 be c4 00 00 00 00 00 00 	H000000000000000
  0xc110	c8 c4 00 00 00 00 00 00 d2 c4 00 00 00 00 00 00 	0000000000000000
  0xc120	e2 c4 00 00 00 00 00 00 34 c3 00 00 00 00 00 00 	0000000040000000
  0xc130	14 c3 00 00 00 00 00 00 f6 c2 00 00 00 00 00 00 	0000000000000000
  0xc140	d8 c2 00 00 00 00 00 00 be c2 00 00 00 00 00 00 	0000000000000000
  0xc150	ac c2 00 00 00 00 00 00 9a c2 00 00 00 00 00 00 	0000000000000000
  0xc160	8a c2 00 00 00 00 00 00 82 ca 00 00 00 00 00 00 	0000000000000000
  0xc170	74 c2 00 00 00 00 00 00 62 c2 00 00 00 00 00 00 	t0000000b0000000
  0xc180	4c c2 00 00 00 00 00 00 34 cc 00 00 00 00 00 00 	L000000040000000
  0xc190	3e cc 00 00 00 00 00 00 00 00 00 00 00 00 00 00 	>000000000000000
  0xc1a0	e4 c1 00 00 00 00 00 00 f2 c1 00 00 00 00 00 00 	0000000000000000
  0xc1b0	d8 c1 00 00 00 00 00 00 fc c1 00 00 00 00 00 00 	0000000000000000
  0xc1c0	00 00 00 00 00 00 00 00 fa c4 00 00 00 00 00 00 	0000000000000000
  0xc1d0	00 00 00 00 00 00 00 00 36 00 5f 69 6e 69 74 74 	0000000060_initt
  0xc1e0	65 72 6d 00 37 00 5f 69 6e 69 74 74 65 72 6d 5f 	erm070_initterm_
  0xc1f0	65 00 15 00 5f 63 5f 65 78 69 74 00 3d 00 5f 72 	e000_c_exit0=0_r
  0xc200	65 67 69 73 74 65 72 5f 74 68 72 65 61 64 5f 6c 	egister_thread_l
  0xc210	6f 63 61 6c 5f 65 78 65 5f 61 74 65 78 69 74 5f 	ocal_exe_atexit_
  0xc220	63 61 6c 6c 62 61 63 6b 00 00 61 70 69 2d 6d 73 	callback00api-ms
  0xc230	2d 77 69 6e 2d 63 72 74 2d 72 75 6e 74 69 6d 65 	-win-crt-runtime
  0xc240	2d 6c 31 2d 31 2d 30 2e 64 6c 6c 00 13 00 5f 5f 	-l1-1-0.dll000__
  0xc250	43 78 78 46 72 61 6d 65 48 61 6e 64 6c 65 72 34 	CxxFrameHandler4
  0xc260	00 00 2a 00 5f 5f 73 74 64 5f 74 65 72 6d 69 6e 	00*0__std_termin
  0xc270	61 74 65 00 43 00 5f 6f 5f 5f 5f 61 63 72 74 5f 	ate0C0_o___acrt_
  0xc280	69 6f 62 5f 66 75 6e 63 00 00 4f 00 5f 6f 5f 5f 	iob_func00O0_o__
  0xc290	5f 70 5f 5f 5f 61 72 67 63 00 51 00 5f 6f 5f 5f 	_p___argc0Q0_o__
  0xc2a0	5f 70 5f 5f 5f 77 61 72 67 76 00 00 53 00 5f 6f 	_p___wargv00S0_o
  0xc2b0	5f 5f 5f 70 5f 5f 63 6f 6d 6d 6f 64 65 00 5e 00 	___p__commode0^0
  0xc2c0	5f 6f 5f 5f 5f 73 74 64 5f 65 78 63 65 70 74 69 	_o___std_excepti
  0xc2d0	6f 6e 5f 63 6f 70 79 00 5f 00 5f 6f 5f 5f 5f 73 	on_copy0_0_o___s
  0xc2e0	74 64 5f 65 78 63 65 70 74 69 6f 6e 5f 64 65 73 	td_exception_des
  0xc2f0	74 72 6f 79 00 00 66 00 5f 6f 5f 5f 5f 73 74 64 	troy00f0_o___std
  0xc300	69 6f 5f 63 6f 6d 6d 6f 6e 5f 76 66 77 70 72 69 	io_common_vfwpri
  0xc310	6e 74 66 00 6a 00 5f 6f 5f 5f 5f 73 74 64 69 6f 	ntf0j0_o___stdio
  0xc320	5f 63 6f 6d 6d 6f 6e 5f 76 73 6e 70 72 69 6e 74 	_common_vsnprint
  0xc330	66 5f 73 00 70 00 5f 6f 5f 5f 5f 73 74 64 69 6f 	f_s0p0_o___stdio
  0xc340	5f 63 6f 6d 6d 6f 6e 5f 76 73 77 70 72 69 6e 74 	_common_vswprint
  0xc350	66 00 93 00 5f 6f 5f 5f 63 65 78 69 74 00 9f 00 	f000_o__cexit000
  0xc360	5f 6f 5f 5f 63 6f 6e 66 69 67 74 68 72 65 61 64 	_o__configthread
  0xc370	6c 6f 63 61 6c 65 00 00 a1 00 5f 6f 5f 5f 63 6f 	locale0000_o__co
  0xc380	6e 66 69 67 75 72 65 5f 77 69 64 65 5f 61 72 67 	nfigure_wide_arg
  0xc390	76 00 a7 00 5f 6f 5f 5f 63 72 74 5f 61 74 65 78 	v000_o__crt_atex
  0xc3a0	69 74 00 00 c0 00 5f 6f 5f 5f 65 72 72 6e 6f 00 	it0000_o__errno0
  0xc3b0	c7 00 5f 6f 5f 5f 65 78 69 74 00 00 0f 01 5f 6f 	00_o__exit0000_o
  0xc3c0	5f 5f 67 65 74 5f 69 6e 69 74 69 61 6c 5f 77 69 	__get_initial_wi
  0xc3d0	64 65 5f 65 6e 76 69 72 6f 6e 6d 65 6e 74 00 00 	de_environment00
  0xc3e0	3d 01 5f 6f 5f 5f 69 6e 69 74 69 61 6c 69 7a 65 	=0_o__initialize
  0xc3f0	5f 6f 6e 65 78 69 74 5f 74 61 62 6c 65 00 3e 01 	_onexit_table0>0
  0xc400	5f 6f 5f 5f 69 6e 69 74 69 61 6c 69 7a 65 5f 77 	_o__initialize_w
  0xc410	69 64 65 5f 65 6e 76 69 72 6f 6e 6d 65 6e 74 00 	ide_environment0
  0xc420	3f 01 5f 6f 5f 5f 69 6e 76 61 6c 69 64 5f 70 61 	?0_o__invalid_pa
  0xc430	72 61 6d 65 74 65 72 5f 6e 6f 69 6e 66 6f 00 00 	rameter_noinfo00
  0xc440	43 02 5f 6f 5f 5f 70 75 72 65 63 61 6c 6c 00 00 	C0_o__purecall00
  0xc450	51 02 5f 6f 5f 5f 72 65 67 69 73 74 65 72 5f 6f 	Q0_o__register_o
  0xc460	6e 65 78 69 74 5f 66 75 6e 63 74 69 6f 6e 00 00 	nexit_function00
  0xc470	5a 02 5f 6f 5f 5f 73 65 68 5f 66 69 6c 74 65 72 	Z0_o__seh_filter
  0xc480	5f 65 78 65 00 00 5c 02 5f 6f 5f 5f 73 65 74 5f 	_exe0000_o__set_
  0xc490	61 70 70 5f 74 79 70 65 00 00 5f 02 5f 6f 5f 5f 	app_type00_0_o__
  0xc4a0	73 65 74 5f 66 6d 6f 64 65 00 62 02 5f 6f 5f 5f 	set_fmode0b0_o__
  0xc4b0	73 65 74 5f 6e 65 77 5f 6d 6f 64 65 00 00 6d 03 	set_new_mode00m0
  0xc4c0	5f 6f 5f 65 78 69 74 00 8c 03 5f 6f 5f 66 72 65 	_o_exit000_o_fre
  0xc4d0	65 00 35 04 5f 6f 5f 74 65 72 6d 69 6e 61 74 65 	e050_o_terminate
  0xc4e0	00 00 0c 00 5f 5f 43 5f 73 70 65 63 69 66 69 63 	0000__C_specific
  0xc4f0	5f 68 61 6e 64 6c 65 72 00 00 83 00 6d 65 6d 73 	_handler0000mems
  0xc500	65 74 00 00 61 70 69 2d 6d 73 2d 77 69 6e 2d 63 	et00api-ms-win-c
  0xc510	72 74 2d 70 72 69 76 61 74 65 2d 6c 31 2d 31 2d 	rt-private-l1-1-
  0xc520	30 2e 64 6c 6c 00 61 70 69 2d 6d 73 2d 77 69 6e 	0.dll0api-ms-win
  0xc530	2d 63 72 74 2d 73 74 72 69 6e 67 2d 6c 31 2d 31 	-crt-string-l1-1
  0xc540	2d 30 2e 64 6c 6c 00 00 0f 00 47 65 74 4d 6f 64 	-0.dll0000GetMod
  0xc550	75 6c 65 46 69 6c 65 4e 61 6d 65 41 00 00 0b 00 	uleFileNameA0000
  0xc560	43 72 65 61 74 65 53 65 6d 61 70 68 6f 72 65 45 	CreateSemaphoreE
  0xc570	78 57 00 00 06 00 48 65 61 70 46 72 65 65 00 00 	xW0000HeapFree00
  0xc580	0d 00 53 65 74 4c 61 73 74 45 72 72 6f 72 00 00 	00SetLastError00
  0xc590	26 00 52 65 6c 65 61 73 65 53 65 6d 61 70 68 6f 	&0ReleaseSemapho
  0xc5a0	72 65 00 00 13 00 47 65 74 4d 6f 64 75 6c 65 48 	re0000GetModuleH
  0xc5b0	61 6e 64 6c 65 45 78 57 00 00 36 00 57 61 69 74 	andleExW0060Wait
  0xc5c0	46 6f 72 53 69 6e 67 6c 65 4f 62 6a 65 63 74 00 	ForSingleObject0
  0xc5d0	11 00 47 65 74 43 75 72 72 65 6e 74 54 68 72 65 	00GetCurrentThre
  0xc5e0	61 64 49 64 00 00 23 00 52 65 6c 65 61 73 65 4d 	adId00#0ReleaseM
  0xc5f0	75 74 65 78 00 00 09 00 46 6f 72 6d 61 74 4d 65 	utex0000FormatMe
  0xc600	73 73 61 67 65 57 00 00 05 00 47 65 74 4c 61 73 	ssageW0000GetLas
  0xc610	74 45 72 72 6f 72 00 00 07 00 4f 75 74 70 75 74 	tError0000Output
  0xc620	44 65 62 75 67 53 74 72 69 6e 67 57 00 00 37 00 	DebugStringW0070
  0xc630	57 61 69 74 46 6f 72 53 69 6e 67 6c 65 4f 62 6a 	WaitForSingleObj
  0xc640	65 63 74 45 78 00 21 00 4f 70 65 6e 53 65 6d 61 	ectEx0!0OpenSema
  0xc650	70 68 6f 72 65 57 00 00 00 00 43 6c 6f 73 65 48 	phoreW0000CloseH
  0xc660	61 6e 64 6c 65 00 02 00 48 65 61 70 41 6c 6c 6f 	andle000HeapAllo
  0xc670	63 00 15 00 47 65 74 50 72 6f 63 41 64 64 72 65 	c000GetProcAddre
  0xc680	73 73 00 00 09 00 43 72 65 61 74 65 4d 75 74 65 	ss0000CreateMute
  0xc690	78 45 78 57 00 00 0d 00 47 65 74 43 75 72 72 65 	xExW0000GetCurre
  0xc6a0	6e 74 50 72 6f 63 65 73 73 49 64 00 00 00 47 65 	ntProcessId000Ge
  0xc6b0	74 50 72 6f 63 65 73 73 48 65 61 70 00 00 14 00 	tProcessHeap0000
  0xc6c0	47 65 74 4d 6f 64 75 6c 65 48 61 6e 64 6c 65 57 	GetModuleHandleW
  0xc6d0	00 00 04 00 44 65 62 75 67 42 72 65 61 6b 00 00 	0000DebugBreak00
  0xc6e0	05 00 49 73 44 65 62 75 67 67 65 72 50 72 65 73 	00IsDebuggerPres
  0xc6f0	65 6e 74 00 46 00 43 6f 55 6e 69 6e 69 74 69 61 	ent0F0CoUninitia
  0xc700	6c 69 7a 65 00 00 28 00 43 6f 49 6e 69 74 69 61 	lize00(0CoInitia
  0xc710	6c 69 7a 65 45 78 00 00 05 00 47 65 74 43 6f 6d 	lizeEx0000GetCom
  0xc720	6d 61 6e 64 4c 69 6e 65 57 00 09 00 43 6f 43 72 	mandLineW000CoCr
  0xc730	65 61 74 65 49 6e 73 74 61 6e 63 65 00 00 02 00 	eateInstance0000
  0xc740	52 74 6c 43 61 70 74 75 72 65 43 6f 6e 74 65 78 	RtlCaptureContex
  0xc750	74 00 0a 00 52 74 6c 4c 6f 6f 6b 75 70 46 75 6e 	t000RtlLookupFun
  0xc760	63 74 69 6f 6e 45 6e 74 72 79 00 00 10 00 52 74 	ctionEntry0000Rt
  0xc770	6c 56 69 72 74 75 61 6c 55 6e 77 69 6e 64 00 00 	lVirtualUnwind00
  0xc780	11 00 55 6e 68 61 6e 64 6c 65 64 45 78 63 65 70 	00UnhandledExcep
  0xc790	74 69 6f 6e 46 69 6c 74 65 72 00 00 0f 00 53 65 	tionFilter0000Se
  0xc7a0	74 55 6e 68 61 6e 64 6c 65 64 45 78 63 65 70 74 	tUnhandledExcept
  0xc7b0	69 6f 6e 46 69 6c 74 65 72 00 0c 00 47 65 74 43 	ionFilter000GetC
  0xc7c0	75 72 72 65 6e 74 50 72 6f 63 65 73 73 00 4f 00 	urrentProcess0O0
  0xc7d0	54 65 72 6d 69 6e 61 74 65 50 72 6f 63 65 73 73 	TerminateProcess
  0xc7e0	00 00 2f 00 49 73 50 72 6f 63 65 73 73 6f 72 46 	00/0IsProcessorF
  0xc7f0	65 61 74 75 72 65 50 72 65 73 65 6e 74 00 00 00 	eaturePresent000
  0xc800	51 75 65 72 79 50 65 72 66 6f 72 6d 61 6e 63 65 	QueryPerformance
  0xc810	43 6f 75 6e 74 65 72 00 16 00 47 65 74 53 79 73 	Counter000GetSys
  0xc820	74 65 6d 54 69 6d 65 41 73 46 69 6c 65 54 69 6d 	temTimeAsFileTim
  0xc830	65 00 00 00 49 6e 69 74 69 61 6c 69 7a 65 53 4c 	e000InitializeSL
  0xc840	69 73 74 48 65 61 64 00 61 70 69 2d 6d 73 2d 77 	istHead0api-ms-w
  0xc850	69 6e 2d 63 6f 72 65 2d 6c 69 62 72 61 72 79 6c 	in-core-libraryl
  0xc860	6f 61 64 65 72 2d 6c 31 2d 32 2d 30 2e 64 6c 6c 	oader-l1-2-0.dll
  0xc870	00 00 61 70 69 2d 6d 73 2d 77 69 6e 2d 63 6f 72 	00api-ms-win-cor
  0xc880	65 2d 73 79 6e 63 68 2d 6c 31 2d 31 2d 30 2e 64 	e-synch-l1-1-0.d
  0xc890	6c 6c 00 00 61 70 69 2d 6d 73 2d 77 69 6e 2d 63 	ll00api-ms-win-c
  0xc8a0	6f 72 65 2d 68 65 61 70 2d 6c 31 2d 31 2d 30 2e 	ore-heap-l1-1-0.
  0xc8b0	64 6c 6c 00 61 70 69 2d 6d 73 2d 77 69 6e 2d 63 	dll0api-ms-win-c
  0xc8c0	6f 72 65 2d 65 72 72 6f 72 68 61 6e 64 6c 69 6e 	ore-errorhandlin
  0xc8d0	67 2d 6c 31 2d 31 2d 30 2e 64 6c 6c 00 00 61 70 	g-l1-1-0.dll00ap
  0xc8e0	69 2d 6d 73 2d 77 69 6e 2d 63 6f 72 65 2d 70 72 	i-ms-win-core-pr
  0xc8f0	6f 63 65 73 73 74 68 72 65 61 64 73 2d 6c 31 2d 	ocessthreads-l1-
  0xc900	31 2d 30 2e 64 6c 6c 00 61 70 69 2d 6d 73 2d 77 	1-0.dll0api-ms-w
  0xc910	69 6e 2d 63 6f 72 65 2d 6c 6f 63 61 6c 69 7a 61 	in-core-localiza
  0xc920	74 69 6f 6e 2d 6c 31 2d 32 2d 30 2e 64 6c 6c 00 	tion-l1-2-0.dll0
  0xc930	61 70 69 2d 6d 73 2d 77 69 6e 2d 63 6f 72 65 2d 	api-ms-win-core-
  0xc940	64 65 62 75 67 2d 6c 31 2d 31 2d 30 2e 64 6c 6c 	debug-l1-1-0.dll
  0xc950	00 00 61 70 69 2d 6d 73 2d 77 69 6e 2d 63 6f 72 	00api-ms-win-cor
  0xc960	65 2d 68 61 6e 64 6c 65 2d 6c 31 2d 31 2d 30 2e 	e-handle-l1-1-0.
  0xc970	64 6c 6c 00 61 70 69 2d 6d 73 2d 77 69 6e 2d 63 	dll0api-ms-win-c
  0xc980	6f 72 65 2d 63 6f 6d 2d 6c 31 2d 31 2d 30 2e 64 	ore-com-l1-1-0.d
  0xc990	6c 6c 00 00 61 70 69 2d 6d 73 2d 77 69 6e 2d 63 	ll00api-ms-win-c
  0xc9a0	6f 72 65 2d 70 72 6f 63 65 73 73 65 6e 76 69 72 	ore-processenvir
  0xc9b0	6f 6e 6d 65 6e 74 2d 6c 31 2d 31 2d 30 2e 64 6c 	onment-l1-1-0.dl
  0xc9c0	6c 00 61 70 69 2d 6d 73 2d 77 69 6e 2d 63 6f 72 	l0api-ms-win-cor
  0xc9d0	65 2d 72 74 6c 73 75 70 70 6f 72 74 2d 6c 31 2d 	e-rtlsupport-l1-
  0xc9e0	31 2d 30 2e 64 6c 6c 00 61 70 69 2d 6d 73 2d 77 	1-0.dll0api-ms-w
  0xc9f0	69 6e 2d 63 6f 72 65 2d 70 72 6f 63 65 73 73 74 	in-core-processt
  0xca00	68 72 65 61 64 73 2d 6c 31 2d 31 2d 31 2e 64 6c 	hreads-l1-1-1.dl
  0xca10	6c 00 61 70 69 2d 6d 73 2d 77 69 6e 2d 63 6f 72 	l0api-ms-win-cor
  0xca20	65 2d 70 72 6f 66 69 6c 65 2d 6c 31 2d 31 2d 30 	e-profile-l1-1-0
  0xca30	2e 64 6c 6c 00 00 61 70 69 2d 6d 73 2d 77 69 6e 	.dll00api-ms-win
  0xca40	2d 63 6f 72 65 2d 73 79 73 69 6e 66 6f 2d 6c 31 	-core-sysinfo-l1
  0xca50	2d 31 2d 30 2e 64 6c 6c 00 00 61 70 69 2d 6d 73 	-1-0.dll00api-ms
  0xca60	2d 77 69 6e 2d 63 6f 72 65 2d 69 6e 74 65 72 6c 	-win-core-interl
  0xca70	6f 63 6b 65 64 2d 6c 31 2d 31 2d 30 2e 64 6c 6c 	ocked-l1-1-0.dll
  0xca80	00 00 01 00 5f 43 78 78 54 68 72 6f 77 45 78 63 	0000_CxxThrowExc
  0xca90	65 70 74 69 6f 6e 00 00 00 00 41 63 71 75 69 72 	eption0000Acquir
  0xcaa0	65 53 52 57 4c 6f 63 6b 45 78 63 6c 75 73 69 76 	eSRWLockExclusiv
  0xcab0	65 00 24 00 52 65 6c 65 61 73 65 53 52 57 4c 6f 	e0$0ReleaseSRWLo
  0xcac0	63 6b 45 78 63 6c 75 73 69 76 65 00 01 00 41 63 	ckExclusive000Ac
  0xcad0	71 75 69 72 65 53 52 57 4c 6f 63 6b 53 68 61 72 	quireSRWLockShar
  0xcae0	65 64 00 00 25 00 52 65 6c 65 61 73 65 53 52 57 	ed00%0ReleaseSRW
  0xcaf0	4c 6f 63 6b 53 68 61 72 65 64 00 00 1a 00 53 65 	LockShared0000Se
  0xcb00	74 54 68 72 65 61 64 70 6f 6f 6c 54 69 6d 65 72 	tThreadpoolTimer
  0xcb10	00 00 0c 00 43 72 65 61 74 65 54 68 72 65 61 64 	0000CreateThread
  0xcb20	70 6f 6f 6c 54 69 6d 65 72 00 1d 00 4c 65 61 76 	poolTimer000Leav
  0xcb30	65 43 72 69 74 69 63 61 6c 53 65 63 74 69 6f 6e 	eCriticalSection
  0xcb40	00 00 11 00 45 6e 74 65 72 43 72 69 74 69 63 61 	0000EnterCritica
  0xcb50	6c 53 65 63 74 69 6f 6e 00 00 0f 00 44 65 6c 65 	lSection0000Dele
  0xcb60	74 65 43 72 69 74 69 63 61 6c 53 65 63 74 69 6f 	teCriticalSectio
  0xcb70	6e 00 1a 00 49 6e 69 74 69 61 6c 69 7a 65 43 72 	n000InitializeCr
  0xcb80	69 74 69 63 61 6c 53 65 63 74 69 6f 6e 45 78 00 	iticalSectionEx0
  0xcb90	29 00 43 6f 49 6e 69 74 69 61 6c 69 7a 65 53 65 	)0CoInitializeSe
  0xcba0	63 75 72 69 74 79 00 00 0a 00 4c 6f 63 61 6c 46 	curity0000LocalF
  0xcbb0	72 65 65 00 22 00 57 61 69 74 46 6f 72 54 68 72 	ree0"0WaitForThr
  0xcbc0	65 61 64 70 6f 6f 6c 54 69 6d 65 72 43 61 6c 6c 	eadpoolTimerCall
  0xcbd0	62 61 63 6b 73 00 06 00 43 6c 6f 73 65 54 68 72 	backs000CloseThr
  0xcbe0	65 61 64 70 6f 6f 6c 54 69 6d 65 72 00 00 61 70 	eadpoolTimer00ap
  0xcbf0	69 2d 6d 73 2d 77 69 6e 2d 63 6f 72 65 2d 74 68 	i-ms-win-core-th
  0xcc00	72 65 61 64 70 6f 6f 6c 2d 6c 31 2d 32 2d 30 2e 	readpool-l1-2-0.
  0xcc10	64 6c 6c 00 61 70 69 2d 6d 73 2d 77 69 6e 2d 63 	dll0api-ms-win-c
  0xcc20	6f 72 65 2d 68 65 61 70 2d 6c 32 2d 31 2d 30 2e 	ore-heap-l2-1-0.
  0xcc30	64 6c 6c 00 61 04 6d 65 6d 63 6d 70 00 00 62 04 	dll0a0memcmp00b0
  0xcc40	6d 65 6d 63 70 79 00 00 63 04 6d 65 6d 6d 6f 76 	memcpy00c0memmov
  0xcc50	65 00 00 00 00 00 00 00 00 00 00 00 00 00 00 00 	e000000000000000
  0xcc60	00 00 00 00 00 00 00 00 00 00 00 00 00 00 00 00 	0000000000000000
  0xcc70	00 00 00 00 00 00 00 00 00 00 00 00 00 00 00 00 	0000000000000000
  0xcc80	00 00 00 00 00 00 00 00 00 00 00 00 00 00 00 00 	0000000000000000
  0xcc90	00 00 00 00 00 00 00 00 00 00 00 00 00 00 00 00 	0000000000000000
  0xcca0	00 00 00 00 00 00 00 00 00 00 00 00 00 00 00 00 	0000000000000000
  0xccb0	00 00 00 00 00 00 00 00 00 00 00 00 00 00 00 00 	0000000000000000
  0xccc0	00 00 00 00 00 00 00 00 00 00 00 00 00 00 00 00 	0000000000000000
  0xccd0	00 00 00 00 00 00 00 00 00 00 00 00 00 00 00 00 	0000000000000000
  0xcce0	00 00 00 00 00 00 00 00 00 00 00 00 00 00 00 00 	0000000000000000
  0xccf0	00 00 00 00 00 00 00 00 00 00 00 00 00 00 00 00 	0000000000000000
  0xcd00	00 00 00 00 00 00 00 00 00 00 00 00 00 00 00 00 	0000000000000000
  0xcd10	00 00 00 00 00 00 00 00 00 00 00 00 00 00 00 00 	0000000000000000
  0xcd20	00 00 00 00 00 00 00 00 00 00 00 00 00 00 00 00 	0000000000000000
  0xcd30	00 00 00 00 00 00 00 00 00 00 00 00 00 00 00 00 	0000000000000000
  0xcd40	00 00 00 00 00 00 00 00 00 00 00 00 00 00 00 00 	0000000000000000
  0xcd50	00 00 00 00 00 00 00 00 00 00 00 00 00 00 00 00 	0000000000000000
  0xcd60	00 00 00 00 00 00 00 00 00 00 00 00 00 00 00 00 	0000000000000000
  0xcd70	00 00 00 00 00 00 00 00 00 00 00 00 00 00 00 00 	0000000000000000
  0xcd80	00 00 00 00 00 00 00 00 00 00 00 00 00 00 00 00 	0000000000000000
  0xcd90	00 00 00 00 00 00 00 00 00 00 00 00 00 00 00 00 	0000000000000000
  0xcda0	00 00 00 00 00 00 00 00 00 00 00 00 00 00 00 00 	0000000000000000
  0xcdb0	00 00 00 00 00 00 00 00 00 00 00 00 00 00 00 00 	0000000000000000
  0xcdc0	00 00 00 00 00 00 00 00 00 00 00 00 00 00 00 00 	0000000000000000
  0xcdd0	00 00 00 00 00 00 00 00 00 00 00 00 00 00 00 00 	0000000000000000
  0xcde0	00 00 00 00 00 00 00 00 00 00 00 00 00 00 00 00 	0000000000000000
  0xcdf0	00 00 00 00 00 00 00 00 00 00 00 00 00 00 00 00 	0000000000000000
=== DATA BLOCK END ===

=== DATA BLOCK ADDRESS 0xd000 ===
  0xd000	18 a9 00 40 01 00 00 00 00 00 00 00 00 00 00 00 	000@000000000000
  0xd010	00 00 00 00 00 00 00 00 60 ab 00 40 01 00 00 00 	00000000`00@0000
  0xd020	00 00 00 00 00 00 00 00 00 00 00 00 00 00 00 00 	0000000000000000
  0xd030	00 00 00 00 00 00 00 00 00 00 00 00 00 00 00 00 	0000000000000000
  0xd040	00 00 00 00 00 00 00 00 00 00 00 00 00 00 00 00 	0000000000000000
  0xd050	00 00 00 00 00 00 00 00 00 00 00 00 00 00 00 00 	0000000000000000
  0xd060	00 00 00 00 00 00 00 00 00 00 00 00 00 00 00 00 	0000000000000000
  0xd070	00 00 00 00 00 00 00 00 00 00 00 00 00 00 00 00 	0000000000000000
  0xd080	00 00 00 00 00 00 00 00 00 00 00 00 00 00 00 00 	0000000000000000
  0xd090	00 00 00 00 00 00 00 00 00 00 00 00 00 00 00 00 	0000000000000000
  0xd0a0	00 00 00 00 00 00 00 00 00 00 00 00 00 00 00 00 	0000000000000000
  0xd0b0	00 00 00 00 00 00 00 00 00 00 00 00 00 00 00 00 	0000000000000000
  0xd0c0	00 00 00 00 00 00 00 00 00 00 00 00 00 00 00 00 	0000000000000000
  0xd0d0	00 00 00 00 00 00 00 00 00 00 00 00 00 00 00 00 	0000000000000000
  0xd0e0	00 00 00 00 00 00 00 00 00 00 00 00 00 00 00 00 	0000000000000000
  0xd0f0	00 00 00 00 00 00 00 00 00 00 00 00 00 00 00 00 	0000000000000000
  0xd100	00 00 00 00 00 00 00 00 00 00 00 00 00 00 00 00 	0000000000000000
  0xd110	00 00 00 00 00 00 00 00 00 00 00 00 00 00 00 00 	0000000000000000
  0xd120	00 00 00 00 00 00 00 00 00 00 00 00 00 00 00 00 	0000000000000000
  0xd130	18 a0 00 40 01 00 00 00 00 00 00 00 00 00 00 00 	000@000000000000
  0xd140	2e 3f 41 56 74 79 70 65 5f 69 6e 66 6f 40 40 00 	.?AVtype_info@@0
  0xd150	18 a0 00 40 01 00 00 00 00 00 00 00 00 00 00 00 	000@000000000000
  0xd160	2e 3f 41 56 62 61 64 5f 61 6c 6c 6f 63 40 73 74 	.?AVbad_alloc@st
  0xd170	64 40 40 00 00 00 00 00 18 a0 00 40 01 00 00 00 	d@@00000000@0000
  0xd180	00 00 00 00 00 00 00 00 2e 3f 41 56 52 65 73 75 	00000000.?AVResu
  0xd190	6c 74 45 78 63 65 70 74 69 6f 6e 40 77 69 6c 40 	ltException@wil@
  0xd1a0	40 00 00 00 00 00 00 00 18 a0 00 40 01 00 00 00 	@0000000000@0000
  0xd1b0	00 00 00 00 00 00 00 00 2e 3f 41 56 65 78 63 65 	00000000.?AVexce
  0xd1c0	70 74 69 6f 6e 40 73 74 64 40 40 00 00 00 00 00 	ption@std@@00000
  0xd1d0	18 a0 00 40 01 00 00 00 00 00 00 00 00 00 00 00 	000@000000000000
  0xd1e0	2e 3f 41 56 3f 24 5f 5f 66 75 6e 63 40 56 3c 6c 	.?AV?$__func@V<l
  0xd1f0	61 6d 62 64 61 5f 38 64 62 30 63 65 38 36 32 38 	ambda_8db0ce8628
  0xd200	32 34 35 34 31 66 34 30 64 66 62 37 36 37 31 31 	24541f40dfb76711
  0xd210	33 66 31 65 32 38 3e 40 40 24 24 41 36 41 5f 4e 	3f1e28>@@$$A6A_N
  0xd220	50 45 41 58 5f 4b 30 31 49 40 5a 40 5f 5f 66 75 	PEAX_K01I@Z@__fu
  0xd230	6e 63 74 69 6f 6e 40 77 69 73 74 64 40 40 00 00 	nction@wistd@@00
  0xd240	18 a0 00 40 01 00 00 00 00 00 00 00 00 00 00 00 	000@000000000000
  0xd250	2e 3f 41 56 3f 24 5f 5f 62 61 73 65 40 24 24 41 	.?AV?$__base@$$A
  0xd260	36 41 5f 4e 50 45 41 58 5f 4b 30 31 49 40 5a 40 	6A_NPEAX_K01I@Z@
  0xd270	5f 5f 66 75 6e 63 74 69 6f 6e 40 77 69 73 74 64 	__function@wistd
  0xd280	40 40 00 00 00 00 00 00 00 00 00 00 00 00 00 00 	@@00000000000000
  0xd290	32 a2 df 2d 99 2b 00 00 cd 5d 20 d2 66 d4 ff ff 	200-0+000] 0f000
  0xd2a0	01 00 00 00 02 00 00 00 2f 20 00 00 00 00 00 00 	00000000/ 000000
  0xd2b0	01 00 00 00 01 00 00 00 01 01 01 01 01 00 00 00 	0000000000000000
  0xd2c0	00 00 00 00 00 00 00 00 00 00 00 00 00 00 00 00 	0000000000000000
  0xd2d0	00 00 00 00 00 00 00 00 00 00 00 00 00 00 00 00 	0000000000000000
  0xd2e0	00 00 00 00 00 00 00 00 00 00 00 00 00 00 00 00 	0000000000000000
  0xd2f0	00 00 00 00 00 00 00 00 00 00 00 00 00 00 00 00 	0000000000000000
  0xd300	00 00 00 00 00 00 00 00 00 00 00 00 00 00 00 00 	0000000000000000
  0xd310	00 00 00 00 00 00 00 00 00 00 00 00 00 00 00 00 	0000000000000000
  0xd320	00 00 00 00 00 00 00 00 00 00 00 00 00 00 00 00 	0000000000000000
  0xd330	00 00 00 00 00 00 00 00 00 00 00 00 00 00 00 00 	0000000000000000
  0xd340	00 00 00 00 00 00 00 00 00 00 00 00 00 00 00 00 	0000000000000000
  0xd350	00 00 00 00 00 00 00 00 00 00 00 00 00 00 00 00 	0000000000000000
  0xd360	00 00 00 00 00 00 00 00 00 00 00 00 00 00 00 00 	0000000000000000
  0xd370	00 00 00 00 00 00 00 00 00 00 00 00 00 00 00 00 	0000000000000000
  0xd380	00 00 00 00 00 00 00 00 00 00 00 00 00 00 00 00 	0000000000000000
  0xd390	00 00 00 00 00 00 00 00 00 00 00 00 00 00 00 00 	0000000000000000
  0xd3a0	00 00 00 00 00 00 00 00 00 00 00 00 00 00 00 00 	0000000000000000
  0xd3b0	00 00 00 00 00 00 00 00 00 00 00 00 00 00 00 00 	0000000000000000
  0xd3c0	00 00 00 00 00 00 00 00 00 00 00 00 00 00 00 00 	0000000000000000
  0xd3d0	00 00 00 00 00 00 00 00 00 00 00 00 00 00 00 00 	0000000000000000
  0xd3e0	00 00 00 00 00 00 00 00 00 00 00 00 00 00 00 00 	0000000000000000
  0xd3f0	00 00 00 00 00 00 00 00 00 00 00 00 00 00 00 00 	0000000000000000
=== DATA BLOCK END ===

=== DATA BLOCK ADDRESS 0xe000 ===
  0xe000	30 11 00 00 b7 11 00 00 34 b3 00 00 18 12 00 00 	0000000040000000
  0xe010	ae 12 00 00 c0 b2 00 00 b4 12 00 00 e7 12 00 00 	0000000000000000
  0xe020	d0 b2 00 00 10 13 00 00 53 13 00 00 d8 b2 00 00 	00000000S0000000
  0xe030	fc 13 00 00 8f 14 00 00 e4 b2 00 00 98 14 00 00 	0000000000000000
  0xe040	35 15 00 00 e4 b2 00 00 3c 15 00 00 a0 17 00 00 	50000000<0000000
  0xe050	fc b2 00 00 a8 17 00 00 ba 18 00 00 1c b3 00 00 	0000000000000000
  0xe060	34 19 00 00 59 19 00 00 34 b3 00 00 60 19 00 00 	4000Y0004000`000
  0xe070	9a 1a 00 00 3c b3 00 00 a0 1a 00 00 dd 1a 00 00 	0000<00000000000
  0xe080	34 b3 00 00 10 1b 00 00 76 1b 00 00 c0 b2 00 00 	40000000v0000000
  0xe090	7c 1b 00 00 d9 1b 00 00 58 b3 00 00 e0 1b 00 00 	|0000000X0000000
  0xe0a0	76 1c 00 00 60 b3 00 00 7c 1c 00 00 9d 21 00 00 	v000`000|0000!00
  0xe0b0	74 b3 00 00 a4 21 00 00 f1 21 00 00 d0 b2 00 00 	t0000!000!000000
  0xe0c0	00 22 00 00 b1 22 00 00 90 b3 00 00 c0 22 00 00 	0"000"0000000"00
  0xe0d0	f5 22 00 00 d8 b2 00 00 fc 22 00 00 c4 23 00 00 	0"0000000"000#00
  0xe0e0	d8 b2 00 00 cc 23 00 00 e8 23 00 00 34 b3 00 00 	00000#000#004000
  0xe0f0	f0 23 00 00 34 24 00 00 a4 b3 00 00 40 24 00 00 	0#004$000000@$00
  0xe100	4e 24 00 00 34 b3 00 00 60 24 00 00 86 24 00 00 	N$004000`$000$00
  0xe110	fc b3 00 00 8c 24 00 00 90 25 00 00 d8 b2 00 00 	00000$000%000000
  0xe120	a0 25 00 00 4f 26 00 00 04 b4 00 00 58 26 00 00 	0%00O&000000X&00
  0xe130	0c 29 00 00 94 b4 00 00 14 29 00 00 a8 29 00 00 	0)0000000)000)00
  0xe140	ac b4 00 00 b0 29 00 00 f5 2a 00 00 b8 b4 00 00 	00000)000*000000
  0xe150	fc 2a 00 00 3b 2b 00 00 d8 b4 00 00 44 2b 00 00 	0*00;+000000D+00
  0xe160	fc 2b 00 00 e0 b4 00 00 04 2c 00 00 ba 2c 00 00 	0+0000000,000,00
  0xe170	e0 b4 00 00 c0 2c 00 00 f6 2c 00 00 58 b3 00 00 	00000,000,00X000
  0xe180	fc 2c 00 00 15 2d 00 00 58 b3 00 00 1c 2d 00 00 	0,000-00X0000-00
  0xe190	35 2d 00 00 58 b3 00 00 3c 2d 00 00 7a 2d 00 00 	5-00X000<-00z-00
  0xe1a0	58 b3 00 00 90 2d 00 00 ba 2d 00 00 34 b3 00 00 	X0000-000-004000
  0xe1b0	c0 2d 00 00 ea 2d 00 00 34 b3 00 00 f0 2d 00 00 	0-000-0040000-00
  0xe1c0	08 2e 00 00 f4 b4 00 00 10 2e 00 00 95 2e 00 00 	0.0000000.000.00
  0xe1d0	0c b5 00 00 9c 2e 00 00 9e 30 00 00 1c b5 00 00 	00000.0000000000
  0xe1e0	a4 30 00 00 32 32 00 00 40 b5 00 00 38 32 00 00 	00002200@0008200
  0xe1f0	8d 34 00 00 54 b5 00 00 94 34 00 00 3f 35 00 00 	0400T0000400?500
  0xe200	70 b5 00 00 48 35 00 00 8f 36 00 00 84 b5 00 00 	p000H50006000000
  0xe210	98 36 00 00 5d 37 00 00 d8 b2 00 00 64 37 00 00 	0600]7000000d700
  0xe220	59 38 00 00 9c b5 00 00 60 38 00 00 b7 39 00 00 	Y8000000`8000900
  0xe230	1c b3 00 00 c0 39 00 00 3a 3a 00 00 d8 b2 00 00 	00000900::000000
  0xe240	40 3a 00 00 ad 3a 00 00 d0 b2 00 00 c0 3a 00 00 	@:000:0000000:00
  0xe250	4c 3b 00 00 c0 b2 00 00 54 3b 00 00 62 3e 00 00 	L;000000T;00b>00
  0xe260	b0 b5 00 00 68 3e 00 00 40 40 00 00 f0 b5 00 00 	0000h>00@@000000
  0xe270	48 40 00 00 60 40 00 00 f4 b4 00 00 68 40 00 00 	H@00`@000000h@00
  0xe280	e9 40 00 00 9c b5 00 00 f0 40 00 00 fa 42 00 00 	0@0000000@000B00
  0xe290	10 b6 00 00 00 43 00 00 a2 44 00 00 34 b6 00 00 	00000C000D004000
  0xe2a0	a8 44 00 00 c7 44 00 00 34 b3 00 00 d0 44 00 00 	0D000D0040000D00
  0xe2b0	3c 45 00 00 94 b6 00 00 44 45 00 00 7f 45 00 00 	<E000000DE000E00
  0xe2c0	58 b3 00 00 88 45 00 00 e3 45 00 00 c0 b6 00 00 	X0000E000E000000
  0xe2d0	ec 45 00 00 18 46 00 00 58 b3 00 00 20 46 00 00 	0E000F00X000 F00
  0xe2e0	3f 46 00 00 34 b3 00 00 48 46 00 00 ea 46 00 00 	?F004000HF000F00
  0xe2f0	d0 b6 00 00 f0 46 00 00 a5 47 00 00 dc b6 00 00 	00000F000G000000
  0xe300	ac 47 00 00 b5 4a 00 00 ec b6 00 00 bc 4a 00 00 	0G000J0000000J00
  0xe310	65 4c 00 00 0c b7 00 00 6c 4c 00 00 6e 4d 00 00 	eL000000lL00nM00
  0xe320	1c b3 00 00 74 4d 00 00 00 4e 00 00 c0 b2 00 00 	0000tM000N000000
  0xe330	08 4e 00 00 f0 4f 00 00 34 b7 00 00 f8 4f 00 00 	0N000O0040000O00
  0xe340	65 50 00 00 d0 b2 00 00 6c 50 00 00 d9 50 00 00 	eP000000lP000P00
  0xe350	d0 b2 00 00 e0 50 00 00 d3 51 00 00 5c b7 00 00 	00000P000Q000000
  0xe360	dc 51 00 00 cf 52 00 00 74 b7 00 00 d8 52 00 00 	0Q000R00t0000R00
  0xe370	b6 53 00 00 90 b7 00 00 bc 53 00 00 e4 54 00 00 	0S0000000S000T00
  0xe380	a0 b7 00 00 ec 54 00 00 5f 56 00 00 b8 b7 00 00 	00000T00_V000000
  0xe390	68 56 00 00 62 57 00 00 f4 b7 00 00 68 57 00 00 	hV00bW000000hW00
  0xe3a0	b9 59 00 00 10 b8 00 00 c0 59 00 00 cf 5d 00 00 	0Y0000000Y000]00
  0xe3b0	30 b8 00 00 d8 5d 00 00 13 5e 00 00 d0 b2 00 00 	00000]000^000000
  0xe3c0	1c 5e 00 00 f9 61 00 00 54 b8 00 00 00 62 00 00 	0^000a00T0000b00
  0xe3d0	3b 62 00 00 d0 b2 00 00 04 63 00 00 0b 64 00 00 	;b0000000c000d00
  0xe3e0	ac b8 00 00 14 64 00 00 a6 64 00 00 c0 b8 00 00 	00000d000d000000
  0xe3f0	ac 64 00 00 30 65 00 00 cc b8 00 00 38 65 00 00 	0d000e0000008e00
  0xe400	44 66 00 00 d8 b8 00 00 4c 66 00 00 ec 66 00 00 	Df000000Lf000f00
  0xe410	ec b8 00 00 f4 66 00 00 b2 67 00 00 1c b9 00 00 	00000f000g000000
  0xe420	b8 67 00 00 61 68 00 00 d8 b2 00 00 68 68 00 00 	0g00ah000000hh00
  0xe430	94 69 00 00 44 b9 00 00 9c 69 00 00 e0 6a 00 00 	0i00D0000i000j00
  0xe440	54 b9 00 00 e8 6a 00 00 e8 6b 00 00 8c b9 00 00 	T0000j000k000000
  0xe450	f0 6b 00 00 4f 6d 00 00 c4 b9 00 00 58 6d 00 00 	0k00Om000000Xm00
  0xe460	02 6e 00 00 e0 b9 00 00 08 6e 00 00 e6 6e 00 00 	0n0000000n000n00
  0xe470	f0 b9 00 00 ec 6e 00 00 2b 70 00 00 0c ba 00 00 	00000n00+p000000
  0xe480	40 70 00 00 5f 70 00 00 34 b3 00 00 70 70 00 00 	@p00_p004000pp00
  0xe490	8c 70 00 00 34 b3 00 00 a0 70 00 00 bf 70 00 00 	0p0040000p000p00
  0xe4a0	34 b3 00 00 c8 70 00 00 f2 70 00 00 34 b3 00 00 	40000p000p004000
  0xe4b0	00 71 00 00 e1 72 00 00 4c ba 00 00 30 73 00 00 	0q000r00L0000s00
  0xe4c0	82 73 00 00 34 b3 00 00 90 73 00 00 bf 73 00 00 	0s0040000s000s00
  0xe4d0	68 ba 00 00 c8 73 00 00 7c 74 00 00 70 ba 00 00 	h0000s00|t00p000
  0xe4e0	84 74 00 00 d0 74 00 00 84 ba 00 00 d8 74 00 00 	0t000t0000000t00
  0xe4f0	28 75 00 00 84 ba 00 00 30 75 00 00 58 78 00 00 	(u0000000u00Xx00
  0xe500	94 ba 00 00 60 78 00 00 2c 7a 00 00 d4 ba 00 00 	0000`x00,z000000
  0xe510	34 7a 00 00 df 7b 00 00 0c b5 00 00 e8 7b 00 00 	4z000{0000000{00
  0xe520	2d 7c 00 00 d0 b2 00 00 34 7c 00 00 55 7c 00 00 	-|0000004|00U|00
  0xe530	0c bb 00 00 60 7c 00 00 b7 7c 00 00 d8 b2 00 00 	0000`|000|000000
  0xe540	c0 7c 00 00 36 7d 00 00 24 bb 00 00 40 7d 00 00 	0|006}00$000@}00
  0xe550	6c 7d 00 00 d0 b2 00 00 80 7d 00 00 ac 7d 00 00 	l}0000000}000}00
  0xe560	d0 b2 00 00 00 7e 00 00 60 7e 00 00 34 bb 00 00 	00000~00`~004000
  0xe570	68 7e 00 00 c2 7e 00 00 d0 b2 00 00 c8 7e 00 00 	h~000~0000000~00
  0xe580	06 7f 00 00 58 b3 00 00 0c 7f 00 00 2b 7f 00 00 	0000X0000000+000
  0xe590	f4 b4 00 00 34 7f 00 00 c3 7f 00 00 c0 b2 00 00 	0000400000000000
  0xe5a0	d0 7f 00 00 e4 7f 00 00 34 b3 00 00 00 80 00 00 	0000000040000000
  0xe5b0	1d 80 00 00 34 b3 00 00 40 80 00 00 5d 80 00 00 	00004000@000]000
  0xe5c0	34 b3 00 00 70 80 00 00 11 81 00 00 d0 b2 00 00 	4000p00000000000
  0xe5d0	20 81 00 00 30 81 00 00 34 b3 00 00 40 81 00 00 	 00000004000@000
  0xe5e0	59 81 00 00 34 b3 00 00 60 81 00 00 dc 82 00 00 	Y0004000`0000000
  0xe5f0	3c bb 00 00 f0 82 00 00 02 83 00 00 34 b3 00 00 	<000000000004000
  0xe600	20 83 00 00 41 83 00 00 78 bb 00 00 48 83 00 00 	 000A000x000H000
  0xe610	a5 83 00 00 d0 b2 00 00 b0 83 00 00 82 84 00 00 	0000000000000000
  0xe620	7c bb 00 00 88 84 00 00 f9 84 00 00 84 bb 00 00 	|000000000000000
  0xe630	00 85 00 00 39 85 00 00 34 b3 00 00 40 85 00 00 	000090004000@000
  0xe640	89 85 00 00 d0 b2 00 00 90 85 00 00 40 86 00 00 	000000000000@000
  0xe650	d0 b2 00 00 48 86 00 00 e0 86 00 00 90 bb 00 00 	0000H00000000000
  0xe660	e8 86 00 00 0c 87 00 00 d0 b2 00 00 14 87 00 00 	0000000000000000
  0xe670	3d 87 00 00 d0 b2 00 00 44 87 00 00 93 87 00 00 	=0000000D0000000
  0xe680	d0 b2 00 00 9c 87 00 00 b3 87 00 00 34 b3 00 00 	0000000000004000
  0xe690	d0 87 00 00 f6 87 00 00 d0 b2 00 00 fc 87 00 00 	0000000000000000
  0xe6a0	a8 88 00 00 b8 bb 00 00 0c 89 00 00 27 89 00 00 	000000000000'000
  0xe6b0	34 b3 00 00 60 89 00 00 ab 8a 00 00 c4 bb 00 00 	4000`00000000000
  0xe6c0	c0 8a 00 00 12 8b 00 00 34 b3 00 00 30 8b 00 00 	0000000040000000
  0xe6d0	68 8b 00 00 34 b3 00 00 70 8b 00 00 ac 8b 00 00 	h0004000p0000000
  0xe6e0	d8 b2 00 00 c0 8b 00 00 fc 8b 00 00 d8 b2 00 00 	0000000000000000
  0xe6f0	04 8c 00 00 7f 8d 00 00 d4 bb 00 00 64 8f 00 00 	000000000000d000
  0xe700	a7 8f 00 00 ec bb 00 00 b0 8f 00 00 12 90 00 00 	0000000000000000
  0xe710	f8 bb 00 00 18 90 00 00 80 90 00 00 0c bc 00 00 	0000000000000000
  0xe720	94 90 00 00 b1 90 00 00 34 b3 00 00 b8 90 00 00 	0000000040000000
  0xe730	13 91 00 00 20 bc 00 00 1c 91 00 00 9b 91 00 00 	0000 00000000000
  0xe740	1c b3 00 00 b0 91 00 00 01 92 00 00 28 bc 00 00 	000000000000(000
  0xe750	40 92 00 00 42 92 00 00 e8 bb 00 00 48 92 00 00 	@000B0000000H000
  0xe760	a8 92 00 00 e8 b3 00 00 ae 92 00 00 cc 92 00 00 	0000000000000000
  0xe770	f4 b3 00 00 d2 92 00 00 24 93 00 00 e8 b3 00 00 	00000000$0000000
  0xe780	2a 93 00 00 7b 93 00 00 e8 b3 00 00 81 93 00 00 	*000{00000000000
  0xe790	bf 93 00 00 f4 b3 00 00 c5 93 00 00 17 94 00 00 	0000000000000000
  0xe7a0	e8 b3 00 00 1d 94 00 00 6e 94 00 00 e8 b3 00 00 	00000000n0000000
  0xe7b0	74 94 00 00 c5 94 00 00 e8 b3 00 00 13 95 00 00 	t000000000000000
  0xe7c0	39 95 00 00 8c b6 00 00 3f 95 00 00 66 95 00 00 	90000000?000f000
  0xe7d0	b8 b6 00 00 ea 95 00 00 08 96 00 00 b8 b6 00 00 	0000000000000000
  0xe7e0	0e 96 00 00 26 96 00 00 b0 bb 00 00 30 96 00 00 	0000&00000000000
  0xe7f0	4b 96 00 00 34 b3 00 00 60 96 00 00 cb 96 00 00 	K0004000`0000000
  0xe800	c0 b2 00 00 e0 96 00 00 33 97 00 00 28 ba 00 00 	000000003000(000
  0xe810	00 00 00 00 00 00 00 00 00 00 00 00 00 00 00 00 	0000000000000000
  0xe820	00 00 00 00 00 00 00 00 00 00 00 00 00 00 00 00 	0000000000000000
  0xe830	00 00 00 00 00 00 00 00 00 00 00 00 00 00 00 00 	0000000000000000
  0xe840	00 00 00 00 00 00 00 00 00 00 00 00 00 00 00 00 	0000000000000000
  0xe850	00 00 00 00 00 00 00 00 00 00 00 00 00 00 00 00 	0000000000000000
  0xe860	00 00 00 00 00 00 00 00 00 00 00 00 00 00 00 00 	0000000000000000
  0xe870	00 00 00 00 00 00 00 00 00 00 00 00 00 00 00 00 	0000000000000000
  0xe880	00 00 00 00 00 00 00 00 00 00 00 00 00 00 00 00 	0000000000000000
  0xe890	00 00 00 00 00 00 00 00 00 00 00 00 00 00 00 00 	0000000000000000
  0xe8a0	00 00 00 00 00 00 00 00 00 00 00 00 00 00 00 00 	0000000000000000
  0xe8b0	00 00 00 00 00 00 00 00 00 00 00 00 00 00 00 00 	0000000000000000
  0xe8c0	00 00 00 00 00 00 00 00 00 00 00 00 00 00 00 00 	0000000000000000
  0xe8d0	00 00 00 00 00 00 00 00 00 00 00 00 00 00 00 00 	0000000000000000
  0xe8e0	00 00 00 00 00 00 00 00 00 00 00 00 00 00 00 00 	0000000000000000
  0xe8f0	00 00 00 00 00 00 00 00 00 00 00 00 00 00 00 00 	0000000000000000
  0xe900	00 00 00 00 00 00 00 00 00 00 00 00 00 00 00 00 	0000000000000000
  0xe910	00 00 00 00 00 00 00 00 00 00 00 00 00 00 00 00 	0000000000000000
  0xe920	00 00 00 00 00 00 00 00 00 00 00 00 00 00 00 00 	0000000000000000
  0xe930	00 00 00 00 00 00 00 00 00 00 00 00 00 00 00 00 	0000000000000000
  0xe940	00 00 00 00 00 00 00 00 00 00 00 00 00 00 00 00 	0000000000000000
  0xe950	00 00 00 00 00 00 00 00 00 00 00 00 00 00 00 00 	0000000000000000
  0xe960	00 00 00 00 00 00 00 00 00 00 00 00 00 00 00 00 	0000000000000000
  0xe970	00 00 00 00 00 00 00 00 00 00 00 00 00 00 00 00 	0000000000000000
  0xe980	00 00 00 00 00 00 00 00 00 00 00 00 00 00 00 00 	0000000000000000
  0xe990	00 00 00 00 00 00 00 00 00 00 00 00 00 00 00 00 	0000000000000000
  0xe9a0	00 00 00 00 00 00 00 00 00 00 00 00 00 00 00 00 	0000000000000000
  0xe9b0	00 00 00 00 00 00 00 00 00 00 00 00 00 00 00 00 	0000000000000000
  0xe9c0	00 00 00 00 00 00 00 00 00 00 00 00 00 00 00 00 	0000000000000000
  0xe9d0	00 00 00 00 00 00 00 00 00 00 00 00 00 00 00 00 	0000000000000000
  0xe9e0	00 00 00 00 00 00 00 00 00 00 00 00 00 00 00 00 	0000000000000000
  0xe9f0	00 00 00 00 00 00 00 00 00 00 00 00 00 00 00 00 	0000000000000000
=== DATA BLOCK END ===
