===== Assembly blocks =====

=== CODE BLOCK ADDRESS 0x1000 ===
=== CODE BLOCK END ===

=== DATA BLOCK ADDRESS 0x7000 ===
  0x7000	90 a6 00 40 01 00 00 00 30 a7 00 40 01 00 00 00 	000@0000000@0000
  0x7010	18 01 00 00 00 00 00 00 00 00 00 00 00 00 00 00 	0000000000000000
  0x7020	00 00 00 00 00 00 00 00 00 00 00 00 00 00 00 00 	0000000000000000
  0x7030	00 00 00 00 00 00 00 00 00 00 00 00 00 00 00 00 	0000000000000000
  0x7040	00 00 00 00 00 00 00 00 00 00 00 00 00 00 00 00 	0000000000000000
  0x7050	00 00 00 00 00 00 00 00 00 00 00 00 00 00 00 00 	0000000000000000
  0x7060	00 00 00 00 00 00 00 00 e8 a5 00 40 01 00 00 00 	00000000000@0000
  0x7070	00 00 00 00 00 00 00 00 00 00 00 00 00 00 00 00 	0000000000000000
  0x7080	68 75 00 40 01 00 00 00 70 75 00 40 01 00 00 00 	hu0@0000pu0@0000
  0x7090	bc 75 00 40 01 00 00 00 24 00 00 00 00 00 00 00 	0u0@0000$0000000
  0x70a0	00 75 41 00 00 00 00 00 00 00 00 00 00 00 00 00 	0uA0000000000000
  0x70b0	00 00 00 00 00 00 00 00 00 00 00 00 00 00 00 00 	0000000000000000
  0x70c0	00 00 00 00 00 00 00 00 00 00 00 00 00 00 00 00 	0000000000000000
  0x70d0	00 00 00 00 00 00 00 00 00 00 00 00 00 00 00 00 	0000000000000000
  0x70e0	00 00 00 00 00 00 00 00 00 00 00 00 00 00 00 00 	0000000000000000
  0x70f0	00 00 00 00 00 00 00 00 00 00 00 00 00 00 00 00 	0000000000000000
  0x7100	00 00 00 00 00 00 00 00 00 00 00 00 00 00 00 00 	0000000000000000
  0x7110	00 00 00 00 00 00 00 00 b0 75 00 40 01 00 00 00 	000000000u0@0000
  0x7120	03 00 00 00 00 00 00 00 b0 94 00 00 00 00 00 00 	0000000000000000
  0x7130	c0 94 00 00 00 00 00 00 dc 94 00 00 00 00 00 00 	0000000000000000
  0x7140	ec 94 00 00 00 00 00 00 fc 94 00 00 00 00 00 00 	0000000000000000
  0x7150	0c 95 00 00 00 00 00 00 1a 95 00 00 00 00 00 00 	0000000000000000
  0x7160	34 95 00 00 00 00 00 00 46 95 00 00 00 00 00 00 	40000000F0000000
  0x7170	56 95 00 00 00 00 00 00 62 95 00 00 00 00 00 00 	V0000000b0000000
  0x7180	74 95 00 00 00 00 00 00 86 95 00 00 00 00 00 00 	t000000000000000
  0x7190	9c 95 00 00 00 00 00 00 b0 95 00 00 00 00 00 00 	0000000000000000
  0x71a0	c0 95 00 00 00 00 00 00 e0 95 00 00 00 00 00 00 	0000000000000000
  0x71b0	f6 95 00 00 00 00 00 00 00 00 00 00 00 00 00 00 	0000000000000000
  0x71c0	26 96 00 00 00 00 00 00 32 96 00 00 00 00 00 00 	&000000020000000
  0x71d0	40 96 00 00 00 00 00 00 56 96 00 00 00 00 00 00 	@0000000V0000000
  0x71e0	66 96 00 00 00 00 00 00 7a 96 00 00 00 00 00 00 	f0000000z0000000
  0x71f0	8e 96 00 00 00 00 00 00 9a 96 00 00 00 00 00 00 	0000000000000000
  0x7200	a6 96 00 00 00 00 00 00 b6 96 00 00 00 00 00 00 	0000000000000000
  0x7210	c6 96 00 00 00 00 00 00 d8 96 00 00 00 00 00 00 	0000000000000000
  0x7220	ee 96 00 00 00 00 00 00 00 97 00 00 00 00 00 00 	0000000000000000
  0x7230	12 97 00 00 00 00 00 00 00 00 00 00 00 00 00 00 	0000000000000000
  0x7240	20 99 00 00 00 00 00 00 36 99 00 00 00 00 00 00 	 000000060000000
  0x7250	64 99 00 00 00 00 00 00 e2 98 00 00 00 00 00 00 	d000000000000000
  0x7260	00 00 00 00 00 00 00 00 29 00 00 00 00 00 00 80 	00000000)0000000
  0x7270	32 00 00 00 00 00 00 80 1b 00 00 00 00 00 00 80 	2000000000000000
  0x7280	1a 00 00 00 00 00 00 80 d3 00 00 00 00 00 00 80 	0000000000000000
  0x7290	1e 00 00 00 00 00 00 80 22 00 00 00 00 00 00 80 	00000000"0000000
  0x72a0	9c 00 00 00 00 00 00 80 92 00 00 00 00 00 00 80 	0000000000000000
  0x72b0	0d 00 00 00 00 00 00 80 aa 00 00 00 00 00 00 80 	0000000000000000
  0x72c0	49 00 00 00 00 00 00 80 00 00 00 00 00 00 00 00 	I000000000000000
  0x72d0	ae 9a 00 00 00 00 00 00 00 00 00 00 00 00 00 00 	0000000000000000
  0x72e0	d0 99 00 00 00 00 00 00 ec 99 00 00 00 00 00 00 	0000000000000000
  0x72f0	00 00 00 00 00 00 00 00 c4 9a 00 00 00 00 00 00 	0000000000000000
  0x7300	00 00 00 00 00 00 00 00 e6 9a 00 00 00 00 00 00 	0000000000000000
  0x7310	a2 9a 00 00 00 00 00 00 f2 9a 00 00 00 00 00 00 	0000000000000000
  0x7320	00 00 00 00 00 00 00 00 56 99 00 00 00 00 00 00 	00000000V0000000
  0x7330	00 00 00 00 00 00 00 00 d0 9a 00 00 00 00 00 00 	0000000000000000
  0x7340	00 00 00 00 00 00 00 00 0a 9a 00 00 00 00 00 00 	0000000000000000
  0x7350	1e 9a 00 00 00 00 00 00 4c 9a 00 00 00 00 00 00 	00000000L0000000
  0x7360	62 9a 00 00 00 00 00 00 00 00 00 00 00 00 00 00 	b000000000000000
  0x7370	32 9a 00 00 00 00 00 00 00 00 00 00 00 00 00 00 	2000000000000000
  0x7380	a2 99 00 00 00 00 00 00 bc 99 00 00 00 00 00 00 	0000000000000000
  0x7390	8e 99 00 00 00 00 00 00 00 00 00 00 00 00 00 00 	0000000000000000
  0x73a0	04 9b 00 00 00 00 00 00 00 00 00 00 00 00 00 00 	0000000000000000
  0x73b0	86 99 00 00 00 00 00 00 00 00 00 00 00 00 00 00 	0000000000000000
  0x73c0	92 9a 00 00 00 00 00 00 78 9a 00 00 00 00 00 00 	00000000x0000000
  0x73d0	00 00 00 00 00 00 00 00 d2 98 00 00 00 00 00 00 	0000000000000000
  0x73e0	00 00 00 00 00 00 00 00 98 9d 00 00 00 00 00 00 	0000000000000000
  0x73f0	ce 97 00 00 00 00 00 00 fe 97 00 00 00 00 00 00 	0000000000000000
  0x7400	c4 97 00 00 00 00 00 00 12 98 00 00 00 00 00 00 	0000000000000000
  0x7410	be 98 00 00 00 00 00 00 20 98 00 00 00 00 00 00 	00000000 0000000
  0x7420	a6 98 00 00 00 00 00 00 9c 98 00 00 00 00 00 00 	0000000000000000
  0x7430	d8 97 00 00 00 00 00 00 b2 97 00 00 00 00 00 00 	0000000000000000
  0x7440	9e 97 00 00 00 00 00 00 90 97 00 00 00 00 00 00 	0000000000000000
  0x7450	86 97 00 00 00 00 00 00 7c 97 00 00 00 00 00 00 	00000000|0000000
  0x7460	72 97 00 00 00 00 00 00 68 97 00 00 00 00 00 00 	r0000000h0000000
  0x7470	5e 97 00 00 00 00 00 00 52 97 00 00 00 00 00 00 	^0000000R0000000
  0x7480	46 97 00 00 00 00 00 00 84 98 00 00 00 00 00 00 	F000000000000000
  0x7490	08 98 00 00 00 00 00 00 3c 97 00 00 00 00 00 00 	00000000<0000000
  0x74a0	8c 9d 00 00 00 00 00 00 7e 9d 00 00 00 00 00 00 	00000000~0000000
  0x74b0	78 98 00 00 00 00 00 00 ba 97 00 00 00 00 00 00 	x000000000000000
  0x74c0	e2 97 00 00 00 00 00 00 64 98 00 00 00 00 00 00 	00000000d0000000
  0x74d0	a6 97 00 00 00 00 00 00 5a 98 00 00 00 00 00 00 	00000000Z0000000
  0x74e0	52 98 00 00 00 00 00 00 40 98 00 00 00 00 00 00 	R0000000@0000000
  0x74f0	2e 98 00 00 00 00 00 00 f2 97 00 00 00 00 00 00 	.000000000000000
  0x7500	70 9d 00 00 00 00 00 00 62 9d 00 00 00 00 00 00 	p0000000b0000000
  0x7510	30 97 00 00 00 00 00 00 a2 9d 00 00 00 00 00 00 	0000000000000000
  0x7520	00 00 00 00 00 00 00 00 0c 99 00 00 00 00 00 00 	0000000000000000
  0x7530	00 00 00 00 00 00 00 00 16 9d 00 00 00 00 00 00 	0000000000000000
  0x7540	2e 9d 00 00 00 00 00 00 48 9d 00 00 00 00 00 00 	.0000000H0000000
  0x7550	00 00 00 00 00 00 00 00 f8 98 00 00 00 00 00 00 	0000000000000000
  0x7560	00 00 00 00 00 00 00 00 50 63 00 40 01 00 00 00 	00000000Pc0@0000
  0x7570	40 64 00 40 01 00 00 00 00 00 00 00 00 00 00 00 	@d0@000000000000
  0x7580	10 5b 00 40 01 00 00 00 00 00 00 00 00 00 00 00 	0[0@000000000000
  0x7590	00 00 00 00 00 00 00 00 30 5a 00 40 01 00 00 00 	000000000Z0@0000
  0x75a0	80 60 00 40 01 00 00 00 00 00 00 00 00 00 00 00 	0`0@000000000000
  0x75b0	db 5c 00 00 f2 60 00 00 00 62 00 00 f0 15 00 00 	00000`000b000000
  0x75c0	80 18 00 00 a0 1b 00 00 00 1f 00 00 70 21 00 00 	000000000000p!00
  0x75d0	30 28 00 00 c0 2a 00 00 00 2c 00 00 50 2c 00 00 	0(000*000,00P,00
  0x75e0	10 2d 00 00 20 2e 00 00 e0 2e 00 00 10 2f 00 00 	0-00 .000.000/00
  0x75f0	a0 2f 00 00 c0 30 00 00 00 34 00 00 60 34 00 00 	0/0000000400`400
  0x7600	c0 34 00 00 20 35 00 00 50 37 00 00 d0 37 00 00 	0400 500P7000700
  0x7610	d0 38 00 00 f0 38 00 00 00 44 00 00 b0 4c 00 00 	080008000D000L00
  0x7620	10 4e 00 00 20 4f 00 00 e0 50 00 00 30 5a 00 00 	0N00 O000P000Z00
  0x7630	10 5b 00 00 30 5d 00 00 c0 5d 00 00 40 60 00 00 	0[000]000]00@`00
  0x7640	80 60 00 00 60 61 00 00 50 63 00 00 00 00 00 00 	0`00`a00Pc000000
  0x7650	5c 00 00 00 00 00 00 00 09 25 68 73 20 3d 20 25 	000000000%hs = %
  0x7660	77 73 0a 00 00 00 00 00 00 00 00 00 00 00 00 00 	ws00000000000000
  0x7670	53 00 79 00 73 00 74 00 65 00 6d 00 5c 00 43 00 	S0y0s0t0e0m000C0
  0x7680	75 00 72 00 72 00 65 00 6e 00 74 00 43 00 6f 00 	u0r0r0e0n0t0C0o0
  0x7690	6e 00 74 00 72 00 6f 00 6c 00 53 00 65 00 74 00 	n0t0r0o0l0S0e0t0
  0x76a0	5c 00 43 00 6f 00 6e 00 74 00 72 00 6f 00 6c 00 	00C0o0n0t0r0o0l0
  0x76b0	5c 00 4c 00 73 00 61 00 5c 00 4b 00 65 00 72 00 	00L0s0a000K0e0r0
  0x76c0	62 00 65 00 72 00 6f 00 73 00 5c 00 44 00 6f 00 	b0e0r0o0s000D0o0
  0x76d0	6d 00 61 00 69 00 6e 00 73 00 00 00 25 77 73 3a 	m0a0i0n0s000%ws:
  0x76e0	0a 00 00 00 00 00 00 00 4b 00 64 00 63 00 4e 00 	00000000K0d0c0N0
  0x76f0	61 00 6d 00 65 00 73 00 00 00 00 00 6b 64 63 00 	a0m0e0s00000kdc0
  0x7700	41 00 6c 00 74 00 65 00 72 00 6e 00 61 00 74 00 	A0l0t0e0r0n0a0t0
  0x7710	65 00 44 00 6f 00 6d 00 61 00 69 00 6e 00 4e 00 	e0D0o0m0a0i0n0N0
  0x7720	61 00 6d 00 65 00 73 00 00 00 00 00 00 00 00 00 	a0m0e0s000000000
  0x7730	41 6c 74 65 72 6e 61 74 65 52 65 61 6c 6d 4e 61 	AlternateRealmNa
  0x7740	6d 65 00 00 00 00 00 00 4b 00 70 00 61 00 73 00 	me000000K0p0a0s0
  0x7750	73 00 77 00 64 00 4e 00 61 00 6d 00 65 00 73 00 	s0w0d0N0a0m0e0s0
  0x7760	00 00 00 00 00 00 00 00 6b 70 61 73 73 77 64 00 	00000000kpasswd0
  0x7770	0a 00 00 00 00 00 00 00 55 00 73 00 65 00 72 00 	00000000U0s0e0r0
  0x7780	4c 00 69 00 73 00 74 00 00 00 00 00 2a 00 00 00 	L0i0s0t00000*000
  0x7790	64 00 65 00 66 00 61 00 75 00 6c 00 74 00 20 00 	d0e0f0a0u0l0t0 0
  0x77a0	44 00 43 00 00 00 00 00 68 00 6f 00 73 00 74 00 	D0C00000h0o0s0t0
  0x77b0	2f 00 00 00 00 00 00 00 4e 6f 20 54 47 54 20 77 	/0000000No TGT w
  0x77c0	61 73 20 63 61 63 68 65 64 2e 2e 2e 61 74 74 65 	as cached...atte
  0x77d0	6d 70 74 69 6e 67 20 74 6f 20 72 65 66 72 65 73 	mpting to refres
  0x77e0	68 2e 0a 00 00 00 00 00 00 00 00 00 00 00 00 00 	h.00000000000000
  0x77f0	41 74 74 65 6d 70 74 69 6e 67 20 74 6f 20 67 65 	Attempting to ge
  0x7800	74 20 73 65 72 76 69 63 65 20 74 69 63 6b 65 74 	t service ticket
  0x7810	20 66 6f 72 20 25 77 73 20 72 65 74 75 72 6e 65 	 for %ws returne
  0x7820	64 20 30 78 25 78 2e 20 20 43 6f 6e 74 69 6e 75 	d 0x%x.  Continu
  0x7830	69 6e 67 20 61 6e 79 77 61 79 2e 0a 00 00 00 00 	ing anyway.00000
  0x7840	74 00 68 00 69 00 73 00 20 00 63 00 6f 00 6d 00 	t0h0i0s0 0c0o0m0
  0x7850	70 00 75 00 74 00 65 00 72 00 00 00 00 00 00 00 	p0u0t0e0r0000000
  0x7860	57 00 4f 00 52 00 4b 00 47 00 52 00 4f 00 55 00 	W0O0R0K0G0R0O0U0
  0x7870	50 00 00 00 2e 00 00 00 48 00 6f 00 73 00 74 00 	P000.000H0o0s0t0
  0x7880	54 00 6f 00 52 00 65 00 61 00 6c 00 6d 00 00 00 	T0o0R0e0a0l0m000
  0x7890	53 00 70 00 6e 00 4d 00 61 00 70 00 70 00 69 00 	S0p0n0M0a0p0p0i0
  0x78a0	6e 00 67 00 73 00 00 00 45 72 72 6f 72 20 69 6e 	n0g0s000Error in
  0x78b0	69 74 69 61 6c 69 7a 69 6e 67 20 6c 6f 63 61 6c 	itializing local
  0x78c0	69 7a 65 64 20 6f 75 74 70 75 74 3a 20 30 78 25 	ized output: 0x%
  0x78d0	30 38 78 0a 00 00 00 00 28 26 20 25 68 73 20 28 	08x00000(& %hs (
  0x78e0	73 61 6d 41 63 63 6f 75 6e 74 4e 61 6d 65 3d 25 	samAccountName=%
  0x78f0	77 73 29 29 00 00 00 00 28 26 20 25 68 73 20 28 	ws))0000(& %hs (
  0x7900	25 68 73 3d 25 68 73 25 77 73 29 29 00 00 00 00 	%hs=%hs%ws))0000
  0x7910	25 68 73 25 77 73 00 00 73 65 74 00 64 65 6c 65 	%hs%ws00set0dele
  0x7920	74 65 00 00 00 00 00 00 46 61 69 6c 65 64 20 74 	te000000Failed t
  0x7930	6f 20 25 68 73 20 25 68 73 20 6f 6e 20 25 68 73 	o %hs %hs on %hs
  0x7940	3b 20 65 72 72 6f 72 20 30 78 25 78 2e 0a 00 00 	; error 0x%x.000
  0x7950	6e 00 65 00 77 00 20 00 63 00 6f 00 6d 00 70 00 	n0e0w0 0c0o0m0p0
  0x7960	75 00 74 00 65 00 72 00 00 00 00 00 00 00 00 00 	u0t0e0r000000000
  0x7970	24 00 4d 00 41 00 43 00 48 00 49 00 4e 00 45 00 	$0M0A0C0H0I0N0E0
  0x7980	2e 00 41 00 43 00 43 00 00 00 00 00 00 00 00 00 	.0A0C0C000000000
  0x7990	2f 00 53 00 65 00 74 00 44 00 6f 00 6d 00 61 00 	/0S0e0t0D0o0m0a0
  0x79a0	69 00 6e 00 00 00 00 00 2f 00 53 00 65 00 74 00 	i0n00000/0S0e0t0
  0x79b0	52 00 65 00 61 00 6c 00 6d 00 00 00 00 00 00 00 	R0e0a0l0m0000000
  0x79c0	3c 44 6e 73 44 6f 6d 61 69 6e 4e 61 6d 65 3e 00 	<DnsDomainName>0
  0x79d0	2f 00 4d 00 61 00 70 00 55 00 73 00 65 00 72 00 	/0M0a0p0U0s0e0r0
  0x79e0	00 00 00 00 00 00 00 00 3c 50 72 69 6e 63 69 70 	00000000<Princip
  0x79f0	61 6c 3e 20 5b 41 63 63 6f 75 6e 74 5d 00 00 00 	al> [Account]000
  0x7a00	2f 00 41 00 64 00 64 00 4b 00 64 00 63 00 00 00 	/0A0d0d0K0d0c000
  0x7a10	3c 52 65 61 6c 6d 4e 61 6d 65 3e 20 5b 4b 64 63 	<RealmName> [Kdc
  0x7a20	4e 61 6d 65 5d 00 00 00 2f 00 44 00 65 00 6c 00 	Name]000/0D0e0l0
  0x7a30	4b 00 64 00 63 00 00 00 2f 00 41 00 64 00 64 00 	K0d0c000/0A0d0d0
  0x7a40	4b 00 70 00 61 00 73 00 73 00 77 00 64 00 00 00 	K0p0a0s0s0w0d000
  0x7a50	3c 52 65 61 6c 6d 6e 61 6d 65 3e 20 3c 4b 70 61 	<Realmname> <Kpa
  0x7a60	73 73 77 64 4e 61 6d 65 3e 00 00 00 00 00 00 00 	sswdName>0000000
  0x7a70	2f 00 44 00 65 00 6c 00 4b 00 70 00 61 00 73 00 	/0D0e0l0K0p0a0s0
  0x7a80	73 00 77 00 64 00 00 00 2f 00 53 00 65 00 72 00 	s0w0d000/0S0e0r0
  0x7a90	76 00 65 00 72 00 00 00 3c 53 65 72 76 65 72 6e 	v0e0r000<Servern
  0x7aa0	61 6d 65 3e 00 00 00 00 2f 00 53 00 65 00 74 00 	ame>0000/0S0e0t0
  0x7ab0	4d 00 61 00 63 00 68 00 50 00 61 00 73 00 73 00 	M0a0c0h0P0a0s0s0
  0x7ac0	77 00 6f 00 72 00 64 00 00 00 00 00 00 00 00 00 	w0o0r0d000000000
  0x7ad0	2f 00 53 00 65 00 74 00 43 00 6f 00 6d 00 70 00 	/0S0e0t0C0o0m0p0
  0x7ae0	75 00 74 00 65 00 72 00 50 00 61 00 73 00 73 00 	u0t0e0r0P0a0s0s0
  0x7af0	77 00 6f 00 72 00 64 00 00 00 00 00 00 00 00 00 	w0o0r0d000000000
  0x7b00	3c 50 61 73 73 77 6f 72 64 3e 00 00 00 00 00 00 	<Password>000000
  0x7b10	2f 00 52 00 65 00 6d 00 6f 00 76 00 65 00 52 00 	/0R0e0m0o0v0e0R0
  0x7b20	65 00 61 00 6c 00 6d 00 00 00 00 00 00 00 00 00 	e0a0l0m000000000
  0x7b30	3c 52 65 61 6c 6d 4e 61 6d 65 3e 00 00 00 00 00 	<RealmName>00000
  0x7b40	2f 00 44 00 6f 00 6d 00 61 00 69 00 6e 00 00 00 	/0D0o0m0a0i0n000
  0x7b50	5b 44 6f 6d 61 69 6e 4e 61 6d 65 5d 00 00 00 00 	[DomainName]0000
  0x7b60	2f 00 43 00 68 00 61 00 6e 00 67 00 65 00 50 00 	/0C0h0a0n0g0e0P0
  0x7b70	61 00 73 00 73 00 77 00 6f 00 72 00 64 00 00 00 	a0s0s0w0o0r0d000
  0x7b80	3c 4f 6c 64 50 61 73 73 77 64 3e 20 3c 4e 65 77 	<OldPasswd> <New
  0x7b90	50 61 73 73 77 64 3e 00 2f 00 4c 00 69 00 73 00 	Passwd>0/0L0i0s0
  0x7ba0	74 00 52 00 65 00 61 00 6c 00 6d 00 46 00 6c 00 	t0R0e0a0l0m0F0l0
  0x7bb0	61 00 67 00 73 00 00 00 28 6e 6f 20 61 72 67 73 	a0g0s000(no args
  0x7bc0	29 00 00 00 00 00 00 00 2f 00 53 00 65 00 74 00 	)0000000/0S0e0t0
  0x7bd0	52 00 65 00 61 00 6c 00 6d 00 46 00 6c 00 61 00 	R0e0a0l0m0F0l0a0
  0x7be0	67 00 73 00 00 00 00 00 3c 72 65 61 6c 6d 3e 20 	g0s00000<realm> 
  0x7bf0	3c 66 6c 61 67 3e 20 5b 66 6c 61 67 5d 20 5b 66 	<flag> [flag] [f
  0x7c00	6c 61 67 5d 20 5b 2e 2e 2e 5d 00 00 00 00 00 00 	lag] [...]000000
  0x7c10	2f 00 41 00 64 00 64 00 52 00 65 00 61 00 6c 00 	/0A0d0d0R0e0a0l0
  0x7c20	6d 00 46 00 6c 00 61 00 67 00 73 00 00 00 00 00 	m0F0l0a0g0s00000
  0x7c30	2f 00 44 00 65 00 6c 00 52 00 65 00 61 00 6c 00 	/0D0e0l0R0e0a0l0
  0x7c40	6d 00 46 00 6c 00 61 00 67 00 73 00 00 00 00 00 	m0F0l0a0g0s00000
  0x7c50	2f 00 44 00 75 00 6d 00 70 00 53 00 74 00 61 00 	/0D0u0m0p0S0t0a0
  0x7c60	74 00 65 00 00 00 00 00 2f 00 41 00 64 00 64 00 	t0e00000/0A0d0d0
  0x7c70	48 00 6f 00 73 00 74 00 54 00 6f 00 52 00 65 00 	H0o0s0t0T0o0R0e0
  0x7c80	61 00 6c 00 6d 00 4d 00 61 00 70 00 00 00 00 00 	a0l0m0M0a0p00000
  0x7c90	3c 68 6f 73 74 3e 20 3c 72 65 61 6c 6d 3e 00 00 	<host> <realm>00
  0x7ca0	2f 00 44 00 65 00 6c 00 48 00 6f 00 73 00 74 00 	/0D0e0l0H0o0s0t0
  0x7cb0	54 00 6f 00 52 00 65 00 61 00 6c 00 6d 00 4d 00 	T0o0R0e0a0l0m0M0
  0x7cc0	61 00 70 00 00 00 00 00 2f 00 53 00 65 00 74 00 	a0p00000/0S0e0t0
  0x7cd0	45 00 6e 00 63 00 54 00 79 00 70 00 65 00 41 00 	E0n0c0T0y0p0e0A0
  0x7ce0	74 00 74 00 72 00 00 00 3c 64 6f 6d 61 69 6e 6e 	t0t0r000<domainn
  0x7cf0	61 6d 65 3e 20 3c 65 6e 63 74 79 70 65 73 3e 00 	ame> <enctypes>0
  0x7d00	2f 00 47 00 65 00 74 00 45 00 6e 00 63 00 54 00 	/0G0e0t0E0n0c0T0
  0x7d10	79 00 70 00 65 00 41 00 74 00 74 00 72 00 00 00 	y0p0e0A0t0t0r000
  0x7d20	3c 64 6f 6d 61 69 6e 6e 61 6d 65 3e 00 00 00 00 	<domainname>0000
  0x7d30	2f 00 41 00 64 00 64 00 45 00 6e 00 63 00 54 00 	/0A0d0d0E0n0c0T0
  0x7d40	79 00 70 00 65 00 41 00 74 00 74 00 72 00 00 00 	y0p0e0A0t0t0r000
  0x7d50	2f 00 44 00 65 00 6c 00 45 00 6e 00 63 00 54 00 	/0D0e0l0E0n0c0T0
  0x7d60	79 00 70 00 65 00 41 00 74 00 74 00 72 00 00 00 	y0p0e0A0t0t0r000
  0x7d70	2f 00 3f 00 00 00 00 00 2f 00 68 00 65 00 6c 00 	/0?00000/0h0e0l0
  0x7d80	70 00 00 00 00 00 00 00 25 77 73 20 25 68 73 0a 	p0000000%ws %hs0
  0x7d90	00 00 00 00 09 25 77 73 0a 00 00 00 00 00 00 00 	00000%ws00000000
  0x7da0	4e 00 6f 00 6e 00 65 00 00 00 00 00 00 00 00 00 	N0o0n0e000000000
  0x7db0	53 00 65 00 6e 00 64 00 41 00 64 00 64 00 72 00 	S0e0n0d0A0d0d0r0
  0x7dc0	65 00 73 00 73 00 00 00 54 00 63 00 70 00 53 00 	e0s0s000T0c0p0S0
  0x7dd0	75 00 70 00 70 00 6f 00 72 00 74 00 65 00 64 00 	u0p0p0o0r0t0e0d0
  0x7de0	00 00 00 00 00 00 00 00 44 00 65 00 6c 00 65 00 	00000000D0e0l0e0
  0x7df0	67 00 61 00 74 00 65 00 00 00 00 00 00 00 00 00 	g0a0t0e000000000
  0x7e00	4e 00 63 00 53 00 75 00 70 00 70 00 6f 00 72 00 	N0c0S0u0p0p0o0r0
  0x7e10	74 00 65 00 64 00 00 00 46 00 41 00 53 00 54 00 	t0e0d000F0A0S0T0
  0x7e20	00 00 00 00 00 00 00 00 52 00 43 00 34 00 00 00 	00000000R0C04000
  0x7e30	20 25 77 73 00 00 00 00 30 78 25 30 32 78 20 25 	 %ws00000x%02x %
  0x7e40	2d 31 32 77 73 20 25 77 73 0a 00 00 00 00 00 00 	-12ws %ws0000000
  0x7e50	20 5b 75 6e 6b 6e 6f 77 6e 00 00 00 3a 20 30 78 	 [unknown000: 0x
  0x7e60	25 78 00 00 5d 00 00 00 52 00 65 00 61 00 6c 00 	%x00]000R0e0a0l0
  0x7e70	6d 00 46 00 6c 00 61 00 67 00 73 00 00 00 00 00 	m0F0l0a0g0s00000
  0x7e80	43 61 6e 6e 6f 74 20 61 64 64 20 73 74 72 69 6e 	Cannot add strin
  0x7e90	67 20 25 6c 64 20 28 25 77 73 29 2e 20 20 4e 6f 	g %ld (%ws).  No
  0x7ea0	74 20 65 6e 6f 75 67 68 20 6d 65 6d 6f 72 79 2e 	t enough memory.
  0x7eb0	0a 00 00 00 00 00 00 00 4e 6f 20 6d 61 74 63 68 	00000000No match
  0x7ec0	20 66 6f 72 20 25 77 73 2e 0a 00 00 00 00 00 00 	 for %ws.0000000
  0x7ed0	46 61 69 6c 65 64 20 74 6f 20 71 75 65 72 79 20 	Failed to query 
  0x7ee0	76 61 6c 75 65 20 25 77 73 3a 20 30 78 25 78 0a 	value %ws: 0x%x0
  0x7ef0	00 00 00 00 00 00 00 00 46 61 69 6c 65 64 20 74 	00000000Failed t
  0x7f00	6f 20 61 6c 6c 6f 63 61 74 65 20 62 75 66 66 65 	o allocate buffe
  0x7f10	72 20 6f 66 20 73 69 7a 65 20 28 30 78 25 78 29 	r of size (0x%x)
  0x7f20	0a 00 00 00 00 00 00 00 46 61 69 6c 65 64 20 74 	00000000Failed t
  0x7f30	6f 20 71 75 65 72 79 20 25 77 73 3a 20 30 78 25 	o query %ws: 0x%
  0x7f40	78 0a 00 00 00 00 00 00 46 61 69 6c 65 64 20 74 	x0000000Failed t
  0x7f50	6f 20 61 6c 6c 6f 63 61 74 65 20 73 74 72 69 6e 	o allocate strin
  0x7f60	67 20 62 6c 6f 62 20 74 6f 20 77 72 69 74 65 20 	g blob to write 
  0x7f70	25 77 73 2e 0a 00 00 00 46 61 69 6c 65 64 20 74 	%ws.0000Failed t
  0x7f80	6f 20 77 72 69 74 65 20 25 77 73 20 76 61 6c 75 	o write %ws valu
  0x7f90	65 20 74 6f 20 72 65 67 69 73 74 72 79 3a 20 30 	e to registry: 0
  0x7fa0	78 25 78 2e 0a 00 00 00 45 6e 74 65 72 20 70 61 	x%x.0000Enter pa
  0x7fb0	73 73 77 6f 72 64 20 66 6f 72 20 25 77 73 3a 20 	ssword for %ws: 
  0x7fc0	00 00 00 00 00 00 00 00 45 6e 74 65 72 20 25 77 	00000000Enter %w
  0x7fd0	73 20 70 61 73 73 77 6f 72 64 3a 20 00 00 00 00 	s password: 0000
  0x7fe0	45 4f 46 20 6f 6e 20 69 6e 70 75 74 2e 20 20 41 	EOF on input.  A
  0x7ff0	62 6f 72 74 65 64 2e 0a 00 00 00 00 00 00 00 00 	borted.000000000
  0x8000	0a 4e 6f 77 20 72 65 2d 65 6e 74 65 72 20 70 61 	0Now re-enter pa
  0x8010	73 73 77 6f 72 64 20 74 6f 20 63 6f 6e 66 69 72 	ssword to confir
  0x8020	6d 3a 20 00 00 00 00 00 50 61 73 73 77 6f 72 64 	m: 00000Password
  0x8030	73 20 64 6f 20 6e 6f 74 20 6d 61 74 63 68 2e 0a 	s do not match.0
  0x8040	00 00 00 00 00 00 00 00 46 61 69 6c 65 64 20 74 	00000000Failed t
  0x8050	6f 20 64 69 73 61 62 6c 65 20 6c 69 6e 65 20 65 	o disable line e
  0x8060	63 68 6f 20 66 6f 72 20 70 61 73 73 77 6f 72 64 	cho for password
  0x8070	20 65 6e 74 72 79 20 6f 66 20 25 77 73 3a 20 30 	 entry of %ws: 0
  0x8080	78 25 78 2e 0a 00 00 00 46 61 69 6c 65 64 20 74 	x%x.0000Failed t
  0x8090	6f 20 72 65 74 72 69 65 76 65 20 63 75 72 72 65 	o retrieve curre
  0x80a0	6e 74 20 63 6f 6e 73 6f 6c 65 20 73 65 74 74 69 	nt console setti
  0x80b0	6e 67 73 3a 20 30 78 25 78 0a 00 00 00 00 00 00 	ngs: 0x%x0000000
  0x80c0	46 61 69 6c 65 64 20 74 6f 20 6f 62 74 61 69 6e 	Failed to obtain
  0x80d0	20 63 6f 6e 73 6f 6c 65 20 68 61 6e 64 6c 65 20 	 console handle 
  0x80e0	73 6f 20 77 65 20 63 6f 75 6c 64 20 64 69 73 61 	so we could disa
  0x80f0	62 6c 65 20 6c 69 6e 65 20 69 6e 70 75 74 20 65 	ble line input e
  0x8100	63 68 6f 3a 20 30 78 25 78 0a 00 00 00 00 00 00 	cho: 0x%x0000000
  0x8110	46 61 69 6c 65 64 20 74 6f 20 61 6c 6c 6f 63 61 	Failed to alloca
  0x8120	74 65 20 6d 65 6d 6f 72 79 20 66 6f 72 20 25 77 	te memory for %w
  0x8130	73 20 70 61 73 73 77 6f 72 64 2e 0a 00 00 00 00 	s password.00000
  0x8140	4b 65 72 62 65 72 6f 73 00 00 00 00 00 00 00 00 	Kerberos00000000
  0x8150	43 61 6e 27 74 20 63 68 61 6e 67 65 20 70 61 73 	Can't change pas
  0x8160	73 77 6f 72 64 20 77 69 74 68 6f 75 74 20 2f 64 	sword without /d
  0x8170	6f 6d 61 69 6e 2e 0a 00 79 00 6f 00 75 00 72 00 	omain.00y0o0u0r0
  0x8180	20 00 6f 00 6c 00 64 00 00 00 00 00 00 00 00 00 	 0o0l0d000000000
  0x8190	79 00 6f 00 75 00 72 00 20 00 6e 00 65 00 77 00 	y0o0u0r0 0n0e0w0
  0x81a0	00 00 00 00 00 00 00 00 46 61 69 6c 65 64 20 74 	00000000Failed t
  0x81b0	6f 20 76 61 6c 69 64 61 74 65 20 70 61 73 73 77 	o validate passw
  0x81c0	6f 72 64 73 20 66 6f 72 20 70 61 73 73 77 6f 72 	ords for passwor
  0x81d0	64 20 63 68 61 6e 67 65 2e 0a 00 00 00 00 00 00 	d change.0000000
  0x81e0	50 61 73 73 77 6f 72 64 20 63 68 61 6e 67 65 64 	Password changed
  0x81f0	2e 0a 00 00 00 00 00 00 46 61 69 6c 65 64 20 74 	.0000000Failed t
  0x8200	6f 20 63 68 61 6e 67 65 20 70 61 73 73 77 6f 72 	o change passwor
  0x8210	64 3a 20 30 78 25 78 0a 00 00 00 00 00 00 00 00 	d: 0x%x000000000
  0x8220	46 61 69 6c 65 64 20 74 6f 20 61 6c 6c 6f 63 61 	Failed to alloca
  0x8230	74 65 20 25 6c 64 2d 62 79 74 65 20 70 61 73 73 	te %ld-byte pass
  0x8240	77 6f 72 64 20 63 68 61 6e 67 65 20 72 65 71 75 	word change requ
  0x8250	65 73 74 2e 0a 00 00 00 46 61 69 6c 65 64 20 74 	est.0000Failed t
  0x8260	6f 20 63 6f 6e 6e 65 63 74 20 74 6f 20 72 65 67 	o connect to reg
  0x8270	69 73 74 72 79 3a 20 25 64 20 28 30 78 25 78 29 	istry: %d (0x%x)
  0x8280	20 0a 00 00 00 00 00 00 00 00 00 00 00 00 00 00 	 000000000000000
  0x8290	53 00 79 00 73 00 74 00 65 00 6d 00 5c 00 43 00 	S0y0s0t0e0m000C0
  0x82a0	75 00 72 00 72 00 65 00 6e 00 74 00 43 00 6f 00 	u0r0r0e0n0t0C0o0
  0x82b0	6e 00 74 00 72 00 6f 00 6c 00 53 00 65 00 74 00 	n0t0r0o0l0S0e0t0
  0x82c0	5c 00 43 00 6f 00 6e 00 74 00 72 00 6f 00 6c 00 	00C0o0n0t0r0o0l0
  0x82d0	5c 00 4c 00 73 00 61 00 5c 00 4b 00 65 00 72 00 	00L0s0a000K0e0r0
  0x82e0	62 00 65 00 72 00 6f 00 73 00 00 00 00 00 00 00 	b0e0r0o0s0000000
  0x82f0	46 61 69 6c 65 64 20 74 6f 20 63 72 65 61 74 65 	Failed to create
  0x8300	20 4b 65 72 62 65 72 6f 73 20 6b 65 79 3a 20 25 	 Kerberos key: %
  0x8310	64 20 28 30 78 25 78 29 0a 00 00 00 00 00 00 00 	d (0x%x)00000000
  0x8320	44 00 6f 00 6d 00 61 00 69 00 6e 00 73 00 00 00 	D0o0m0a0i0n0s000
  0x8330	46 61 69 6c 65 64 20 74 6f 20 63 72 65 61 74 65 	Failed to create
  0x8340	20 25 77 73 20 6b 65 79 3a 20 30 78 25 78 0a 00 	 %ws key: 0x%x00
  0x8350	46 61 69 6c 65 64 20 74 6f 20 63 72 65 61 74 65 	Failed to create
  0x8360	20 6b 65 79 20 25 77 73 3a 20 30 78 25 78 0a 00 	 key %ws: 0x%x00
  0x8370	46 61 69 6c 65 64 20 74 6f 20 6f 70 65 6e 20 4b 	Failed to open K
  0x8380	65 72 62 65 72 6f 73 20 4b 65 79 3a 20 30 78 25 	erberos Key: 0x%
  0x8390	78 0a 00 00 00 00 00 00 45 72 72 6f 72 20 67 65 	x0000000Error ge
  0x83a0	74 74 69 6e 67 20 73 79 73 74 65 6d 20 70 61 74 	tting system pat
  0x83b0	68 20 30 78 25 78 00 00 6e 00 74 00 64 00 6c 00 	h 0x%x00n0t0d0l0
  0x83c0	6c 00 2e 00 64 00 6c 00 6c 00 00 00 00 00 00 00 	l0.0d0l0l0000000
  0x83d0	25 00 23 00 78 00 2f 00 25 00 64 00 20 00 2d 00 	%0#0x0/0%0d0 0-0
  0x83e0	3e 00 20 00 25 00 73 00 00 00 00 00 00 00 00 00 	>0 0%0s000000000
  0x83f0	25 00 23 00 78 00 2f 00 25 00 64 00 00 00 00 00 	%0#0x0/0%0d00000
  0x8400	4c 73 61 4f 70 65 6e 50 6f 6c 69 63 79 20 6f 6e 	LsaOpenPolicy on
  0x8410	20 66 61 69 6c 65 64 20 77 69 74 68 20 25 77 73 	 failed with %ws
  0x8420	0a 00 00 00 00 00 00 00 4c 73 61 51 75 65 72 79 	00000000LsaQuery
  0x8430	54 72 75 73 74 65 64 44 6f 6d 61 69 6e 49 6e 66 	TrustedDomainInf
  0x8440	6f 42 79 4e 61 6d 65 20 6f 6e 20 25 77 5a 20 66 	oByName on %wZ f
  0x8450	61 69 6c 65 64 20 77 69 74 68 20 25 77 73 0a 00 	ailed with %ws00
  0x8460	44 00 45 00 53 00 2d 00 43 00 42 00 43 00 2d 00 	D0E0S0-0C0B0C0-0
  0x8470	43 00 52 00 43 00 00 00 44 00 45 00 53 00 2d 00 	C0R0C000D0E0S0-0
  0x8480	43 00 42 00 43 00 2d 00 4d 00 44 00 35 00 00 00 	C0B0C0-0M0D05000
  0x8490	52 00 43 00 34 00 2d 00 48 00 4d 00 41 00 43 00 	R0C040-0H0M0A0C0
  0x84a0	2d 00 4d 00 44 00 35 00 00 00 00 00 00 00 00 00 	-0M0D05000000000
  0x84b0	41 00 45 00 53 00 31 00 32 00 38 00 2d 00 43 00 	A0E0S0102080-0C0
  0x84c0	54 00 53 00 2d 00 48 00 4d 00 41 00 43 00 2d 00 	T0S0-0H0M0A0C0-0
  0x84d0	53 00 48 00 41 00 31 00 2d 00 39 00 36 00 00 00 	S0H0A010-0906000
  0x84e0	41 00 45 00 53 00 32 00 35 00 36 00 2d 00 43 00 	A0E0S0205060-0C0
  0x84f0	54 00 53 00 2d 00 48 00 4d 00 41 00 43 00 2d 00 	T0S0-0H0M0A0C0-0
  0x8500	53 00 48 00 41 00 31 00 2d 00 39 00 36 00 00 00 	S0H0A010-0906000
  0x8510	25 53 20 00 00 00 00 00 2e 00 25 00 64 00 00 00 	%S 00000.0%0d000
  0x8520	45 00 72 00 72 00 6f 00 72 00 28 00 25 00 23 00 	E0r0r0o0r0(0%0#0
  0x8530	78 00 29 00 3a 00 20 00 66 00 61 00 69 00 6c 00 	x0)0:0 0f0a0i0l0
  0x8540	65 00 64 00 20 00 74 00 6f 00 20 00 63 00 6f 00 	e0d0 0t0o0 0c0o0
  0x8550	6e 00 73 00 74 00 72 00 75 00 63 00 74 00 20 00 	n0s0t0r0u0c0t0 0
  0x8560	6f 00 75 00 74 00 70 00 75 00 74 00 20 00 63 00 	o0u0t0p0u0t0 0c0
  0x8570	6f 00 64 00 65 00 20 00 70 00 61 00 67 00 65 00 	o0d0e0 0p0a0g0e0
  0x8580	2e 00 0a 00 00 00 00 00 00 00 00 00 00 00 00 00 	.000000000000000
  0x8590	45 00 72 00 72 00 6f 00 72 00 28 00 25 00 23 00 	E0r0r0o0r0(0%0#0
  0x85a0	78 00 29 00 3a 00 20 00 73 00 74 00 61 00 72 00 	x0)0:0 0s0t0a0r0
  0x85b0	74 00 20 00 6f 00 66 00 20 00 63 00 6f 00 6e 00 	t0 0o0f0 0c0o0n0
  0x85c0	76 00 65 00 72 00 73 00 69 00 6f 00 6e 00 20 00 	v0e0r0s0i0o0n0 0
  0x85d0	74 00 6f 00 20 00 6d 00 75 00 6c 00 74 00 69 00 	t0o0 0m0u0l0t0i0
  0x85e0	62 00 79 00 74 00 65 00 20 00 73 00 74 00 72 00 	b0y0t0e0 0s0t0r0
  0x85f0	69 00 6e 00 67 00 20 00 66 00 61 00 69 00 6c 00 	i0n0g0 0f0a0i0l0
  0x8600	65 00 64 00 2e 00 0a 00 00 00 00 00 00 00 00 00 	e0d0.00000000000
  0x8610	45 00 72 00 72 00 6f 00 72 00 28 00 25 00 23 00 	E0r0r0o0r0(0%0#0
  0x8620	78 00 29 00 3a 00 20 00 6d 00 65 00 6d 00 6f 00 	x0)0:0 0m0e0m0o0
  0x8630	72 00 79 00 20 00 61 00 6c 00 6c 00 6f 00 63 00 	r0y0 0a0l0l0o0c0
  0x8640	61 00 74 00 69 00 6f 00 6e 00 20 00 28 00 25 00 	a0t0i0o0n0 0(0%0
  0x8650	6c 00 64 00 20 00 62 00 79 00 74 00 65 00 73 00 	l0d0 0b0y0t0e0s0
  0x8660	29 00 20 00 66 00 61 00 69 00 6c 00 65 00 64 00 	)0 0f0a0i0l0e0d0
  0x8670	2e 00 0a 00 00 00 00 00 00 00 00 00 00 00 00 00 	.000000000000000
  0x8680	45 00 72 00 72 00 6f 00 72 00 28 00 25 00 23 00 	E0r0r0o0r0(0%0#0
  0x8690	78 00 29 00 3a 00 20 00 73 00 74 00 72 00 69 00 	x0)0:0 0s0t0r0i0
  0x86a0	6e 00 67 00 20 00 63 00 6f 00 6d 00 70 00 6f 00 	n0g0 0c0o0m0p0o0
  0x86b0	73 00 69 00 74 00 69 00 6f 00 6e 00 20 00 66 00 	s0i0t0i0o0n0 0f0
  0x86c0	61 00 69 00 6c 00 65 00 64 00 2e 00 0a 00 00 00 	a0i0l0e0d0.00000
  0x86d0	45 00 72 00 72 00 6f 00 72 00 20 00 6c 00 6f 00 	E0r0r0o0r0 0l0o0
  0x86e0	61 00 64 00 69 00 6e 00 67 00 20 00 72 00 65 00 	a0d0i0n0g0 0r0e0
  0x86f0	73 00 6f 00 75 00 72 00 63 00 65 00 3a 00 20 00 	s0o0u0r0c0e0:0 0
  0x8700	30 00 78 00 25 00 30 00 38 00 78 00 0a 00 00 00 	00x0%00080x00000
  0x8710	6f 62 6a 65 63 74 43 6c 61 73 73 3d 2a 00 00 00 	objectClass=*000
  0x8720	25 00 32 00 6c 00 64 00 2e 00 20 00 25 00 68 00 	%020l0d0.0 0%0h0
  0x8730	73 00 0a 00 00 00 00 00 00 00 00 00 00 00 00 00 	s000000000000000
  0x8740	00 00 00 00 7d 79 49 b7 00 00 00 00 02 00 00 00 	0000}yI000000000
  0x8750	23 00 00 00 94 87 00 00 94 71 00 00 00 00 00 00 	#00000000q000000
  0x8760	7d 79 49 b7 00 00 00 00 0d 00 00 00 18 02 00 00 	}yI0000000000000
  0x8770	b8 87 00 00 b8 71 00 00 00 00 00 00 7d 79 49 b7 	00000q000000}yI0
  0x8780	00 00 00 00 10 00 00 00 24 00 00 00 d0 89 00 00 	00000000$0000000
  0x8790	d0 73 00 00 52 53 44 53 d2 1f 69 08 71 55 4c 2b 	0s00RSDS00i0qUL+
  0x87a0	4c 59 ae f2 34 6c 9e 8a 01 00 00 00 6b 73 65 74 	LY004l000000kset
  0x87b0	75 70 2e 70 64 62 00 00 47 43 54 4c 00 10 00 00 	up.pdb00GCTL0000
  0x87c0	30 54 00 00 2e 74 65 78 74 24 6d 6e 00 00 00 00 	0T00.text$mn0000
  0x87d0	30 64 00 00 20 00 00 00 2e 74 65 78 74 24 6d 6e 	0d00 000.text$mn
  0x87e0	24 30 30 00 50 64 00 00 50 00 00 00 2e 74 65 78 	$000Pd00P000.tex
  0x87f0	74 24 78 00 00 70 00 00 28 01 00 00 2e 72 64 61 	t$x00p00(000.rda
  0x8800	74 61 24 62 72 63 00 00 28 71 00 00 40 04 00 00 	ta$brc00(q00@000
  0x8810	2e 69 64 61 74 61 24 35 00 00 00 00 68 75 00 00 	.idata$50000hu00
  0x8820	10 00 00 00 2e 30 30 63 66 67 00 00 78 75 00 00 	0000.00cfg00xu00
  0x8830	08 00 00 00 2e 43 52 54 24 58 43 41 00 00 00 00 	0000.CRT$XCA0000
  0x8840	80 75 00 00 08 00 00 00 2e 43 52 54 24 58 43 41 	0u000000.CRT$XCA
  0x8850	41 00 00 00 88 75 00 00 08 00 00 00 2e 43 52 54 	A0000u000000.CRT
  0x8860	24 58 43 5a 00 00 00 00 90 75 00 00 08 00 00 00 	$XCZ00000u000000
  0x8870	2e 43 52 54 24 58 49 41 00 00 00 00 98 75 00 00 	.CRT$XIA00000u00
  0x8880	08 00 00 00 2e 43 52 54 24 58 49 41 41 00 00 00 	0000.CRT$XIAA000
  0x8890	a0 75 00 00 08 00 00 00 2e 43 52 54 24 58 49 59 	0u000000.CRT$XIY
  0x88a0	00 00 00 00 a8 75 00 00 08 00 00 00 2e 43 52 54 	00000u000000.CRT
  0x88b0	24 58 49 5a 00 00 00 00 b0 75 00 00 0c 00 00 00 	$XIZ00000u000000
  0x88c0	2e 67 65 68 63 6f 6e 74 00 00 00 00 bc 75 00 00 	.gehcont00000u00
  0x88d0	94 00 00 00 2e 67 66 69 64 73 00 00 50 76 00 00 	0000.gfids00Pv00
  0x88e0	44 11 00 00 2e 72 64 61 74 61 00 00 94 87 00 00 	D000.rdata000000
  0x88f0	64 02 00 00 2e 72 64 61 74 61 24 7a 7a 7a 64 62 	d000.rdata$zzzdb
  0x8900	67 00 00 00 f8 89 00 00 bc 04 00 00 2e 78 64 61 	g00000000000.xda
  0x8910	74 61 00 00 b4 8e 00 00 a4 01 00 00 2e 69 64 61 	ta0000000000.ida
  0x8920	74 61 24 32 00 00 00 00 58 90 00 00 18 00 00 00 	ta$20000X0000000
  0x8930	2e 69 64 61 74 61 24 33 00 00 00 00 70 90 00 00 	.idata$30000p000
  0x8940	40 04 00 00 2e 69 64 61 74 61 24 34 00 00 00 00 	@000.idata$40000
  0x8950	b0 94 00 00 fc 08 00 00 2e 69 64 61 74 61 24 36 	00000000.idata$6
  0x8960	00 00 00 00 00 a0 00 00 e0 05 00 00 2e 64 61 74 	000000000000.dat
  0x8970	61 24 62 72 63 00 00 00 e0 a5 00 00 80 00 00 00 	a$brc00000000000
  0x8980	2e 64 61 74 61 00 00 00 60 a6 00 00 10 11 00 00 	.data000`0000000
  0x8990	2e 62 73 73 00 00 00 00 00 c0 00 00 08 04 00 00 	.bss000000000000
  0x89a0	2e 70 64 61 74 61 00 00 00 d0 00 00 b0 00 00 00 	.pdata0000000000
  0x89b0	2e 72 73 72 63 24 30 31 00 00 00 00 b0 d0 00 00 	.rsrc$0100000000
  0x89c0	60 04 00 00 2e 72 73 72 63 24 30 32 00 00 00 00 	`000.rsrc$020000
  0x89d0	20 00 00 00 d2 1f 69 08 71 55 4c 2b 4c 59 ae f2 	 00000i0qUL+LY00
  0x89e0	34 6c 9e 8a 10 d1 c8 e8 b8 85 c6 2d 0c ce ea 89 	4l000000000-0000
  0x89f0	7d 79 49 b7 00 00 00 00 01 10 06 00 10 64 09 00 	}yI0000000000d00
  0x8a00	10 34 08 00 10 52 0c 70 19 25 07 00 17 74 31 00 	04000R0p0%000t10
  0x8a10	17 34 30 00 17 01 2e 00 0b 50 00 00 98 63 00 00 	040000.00P000c00
  0x8a20	60 01 00 00 19 2f 09 00 1e c4 12 01 1e 74 11 01 	`0000/0000000t00
  0x8a30	1e 34 10 01 1e 01 0e 01 10 50 00 00 98 63 00 00 	040000000P000c00
  0x8a40	60 08 00 00 01 0a 04 00 0a 34 06 00 0a 32 06 70 	`00000000400020p
  0x8a50	01 14 08 00 14 64 0b 00 14 54 0a 00 14 34 09 00 	00000d000T000400
  0x8a60	14 52 10 70 01 19 0a 00 19 74 09 00 19 64 08 00 	0R0p00000t000d00
  0x8a70	19 54 07 00 19 34 06 00 19 32 15 e0 19 28 08 00 	0T00040002000(00
  0x8a80	1a 74 15 00 1a 64 14 00 1a 34 13 00 1a f2 10 50 	0t000d000400000P
  0x8a90	98 63 00 00 78 00 00 00 01 06 02 00 06 32 02 30 	0c00x00000000200
  0x8aa0	19 2d 0b 00 1f c4 1b 00 1f 74 1a 00 1f 34 19 00 	0-0000000t000400
  0x8ab0	1f 01 14 00 14 f0 12 e0 10 50 00 00 98 63 00 00 	000000000P000c00
  0x8ac0	90 00 00 00 01 0f 06 00 0f 64 07 00 0f 34 06 00 	000000000d000400
  0x8ad0	0f 32 0b 70 01 11 06 00 11 f2 07 e0 05 70 04 60 	020p000000000p0`
  0x8ae0	03 30 02 50 01 0e 06 00 0e b2 07 e0 05 70 04 60 	000P000000000p0`
  0x8af0	03 30 02 50 19 30 0b 00 1f 34 1c 01 1f 01 12 01 	000P000004000000
  0x8b00	10 f0 0e e0 0c d0 0a c0 08 70 07 60 06 50 00 00 	000000000p0`0P00
  0x8b10	98 63 00 00 80 08 00 00 01 11 04 00 11 32 0d 70 	0c0000000000020p
  0x8b20	0c 60 0b 30 19 30 0b 00 1f 34 4c 00 1f 01 42 00 	0`00000004L000B0
  0x8b30	10 f0 0e e0 0c d0 0a c0 08 70 07 60 06 50 00 00 	000000000p0`0P00
  0x8b40	98 63 00 00 00 02 00 00 01 0e 06 00 0e 34 10 00 	0c00000000000400
  0x8b50	0e b2 0a 70 09 60 08 50 01 06 02 00 06 72 02 30 	000p0`0P00000r00
  0x8b60	19 1f 05 00 0d 34 0b 01 0d 01 08 01 06 70 00 00 	0000040000000p00
  0x8b70	98 63 00 00 30 08 00 00 19 1f 05 00 0d 34 0a 01 	0c00000000000400
  0x8b80	0d 01 08 01 06 70 00 00 98 63 00 00 30 08 00 00 	00000p000c000000
  0x8b90	01 04 01 00 04 42 00 00 19 1f 05 00 0d 34 0c 01 	00000B0000000400
  0x8ba0	0d 01 08 01 06 70 00 00 98 63 00 00 30 08 00 00 	00000p000c000000
  0x8bb0	01 10 05 00 10 82 09 70 08 60 07 30 06 50 00 00 	0000000p0`000P00
  0x8bc0	01 13 04 00 13 d2 0c 70 0b 30 0a 50 01 0f 06 00 	0000000p000P0000
  0x8bd0	0f 64 09 00 0f 34 07 00 0f 32 0b 70 01 0a 04 00 	0d000400020p0000
  0x8be0	0a 34 07 00 0a 32 06 70 01 0c 04 00 0c 34 08 00 	0400020p00000400
  0x8bf0	0c 32 08 70 01 15 08 00 15 64 0a 00 15 54 09 00 	020p00000d000T00
  0x8c00	15 34 08 00 15 52 11 e0 01 15 08 00 15 64 0b 00 	04000R0000000d00
  0x8c10	15 54 09 00 15 34 08 00 15 52 11 e0 01 0a 04 00 	0T0004000R000000
  0x8c20	0a 34 0a 00 0a 52 06 70 01 14 08 00 14 64 08 00 	04000R0p00000d00
  0x8c30	14 54 07 00 14 34 06 00 14 32 10 70 01 1d 0c 00 	0T000400020p0000
  0x8c40	1d 74 0b 00 1d 64 0a 00 1d 54 09 00 1d 34 08 00 	0t000d000T000400
  0x8c50	1d 32 19 f0 17 e0 15 c0 01 18 0a 00 18 64 0e 00 	0200000000000d00
  0x8c60	18 54 0d 00 18 34 0c 00 18 72 14 f0 12 e0 10 70 	0T0004000r00000p
  0x8c70	01 20 0c 00 20 64 0f 00 20 54 0e 00 20 34 0c 00 	0 00 d00 T00 400
  0x8c80	20 52 1c f0 1a e0 18 d0 16 c0 14 70 01 16 01 00 	 R000000000p0000
  0x8c90	16 42 00 00 19 24 09 00 12 01 48 00 0b f0 09 e0 	0B000$0000H00000
  0x8ca0	07 c0 05 70 04 60 03 50 02 30 00 00 98 63 00 00 	000p0`0P00000c00
  0x8cb0	30 02 00 00 01 1f 0c 00 1f 64 0d 00 1f 54 0c 00 	000000000d000T00
  0x8cc0	1f 34 0a 00 1f 32 1b f0 19 e0 17 d0 15 c0 13 70 	040002000000000p
  0x8cd0	01 19 0a 00 19 74 0f 00 19 64 0e 00 19 54 0d 00 	00000t000d000T00
  0x8ce0	19 34 0c 00 19 92 15 e0 01 17 0a 00 17 34 0e 00 	0400000000000400
  0x8cf0	17 52 10 f0 0e e0 0c d0 0a c0 08 70 07 60 06 50 	0R000000000p0`0P
  0x8d00	01 0a 04 00 0a 34 0c 00 0a 92 06 70 01 0f 06 00 	00000400000p0000
  0x8d10	0f 34 10 00 0f b2 08 70 07 60 06 50 19 25 07 00 	0400000p0`0P0%00
  0x8d20	13 64 54 01 13 34 53 01 13 01 50 01 0c 70 00 00 	0dT004S000P00p00
  0x8d30	98 63 00 00 70 0a 00 00 01 10 06 00 10 64 0f 00 	0c00p00000000d00
  0x8d40	10 34 0e 00 10 b2 0c 70 19 24 07 00 12 64 22 00 	0400000p0$000d"0
  0x8d50	12 34 21 00 12 01 1e 00 0b 70 00 00 98 63 00 00 	04!000000p000c00
  0x8d60	e0 00 00 00 01 10 06 00 10 64 0a 00 10 34 09 00 	000000000d000400
  0x8d70	10 52 0c 70 01 0f 06 00 0f 34 0c 00 0f 52 08 70 	0R0p000004000R0p
  0x8d80	07 60 06 50 19 1b 03 00 09 01 1c 00 02 30 00 00 	0`0P000000000000
  0x8d90	98 63 00 00 d0 00 00 00 01 12 05 00 12 42 0e 70 	0c00000000000B0p
  0x8da0	0d 60 0c 50 0b 30 00 00 19 1b 03 00 09 01 16 00 	0`0P000000000000
  0x8db0	02 30 00 00 98 63 00 00 a0 00 00 00 01 1b 08 00 	00000c0000000000
  0x8dc0	1b 54 0e 00 1b 34 0c 00 1b 72 17 e0 15 70 14 60 	0T0004000r000p0`
  0x8dd0	01 19 06 00 19 52 15 e0 13 70 12 60 11 50 10 30 	00000R000p0`0P00
  0x8de0	01 0e 01 00 0e 62 00 00 01 1e 0a 00 1e 64 12 00 	00000b0000000d00
  0x8df0	1e 34 11 00 1e 92 17 f0 15 e0 13 c0 11 70 10 50 	0400000000000p0P
  0x8e00	01 04 01 00 04 62 00 00 09 15 08 00 15 74 0a 00 	00000b0000000t00
  0x8e10	15 64 09 00 15 34 08 00 15 52 11 f0 3a 63 00 00 	0d0004000R00:c00
  0x8e20	01 00 00 00 75 5b 00 00 db 5c 00 00 50 64 00 00 	0000u[000000Pd00
  0x8e30	db 5c 00 00 01 06 02 00 06 32 02 50 00 00 00 00 	00000000020P0000
  0x8e40	01 00 00 00 01 04 01 00 04 e2 00 00 01 0c 02 00 	0000000000000000
  0x8e50	0c 01 11 00 09 04 01 00 04 22 00 00 3a 63 00 00 	000000000"00:c00
  0x8e60	01 00 00 00 bc 60 00 00 f2 60 00 00 01 00 00 00 	00000`000`000000
  0x8e70	f2 60 00 00 09 0a 04 00 0a 34 06 00 0a 32 06 70 	0`0000000400020p
  0x8e80	3a 63 00 00 01 00 00 00 cd 61 00 00 00 62 00 00 	:c0000000a000b00
  0x8e90	80 64 00 00 00 62 00 00 01 0d 04 00 0d 34 09 00 	0d000b0000000400
  0x8ea0	0d 32 06 50 00 00 00 00 01 00 00 00 01 02 01 00 	020P000000000000
  0x8eb0	02 30 00 00 70 90 00 00 00 00 00 00 00 00 00 00 	0000p00000000000
  0x8ec0	18 96 00 00 28 71 00 00 08 91 00 00 00 00 00 00 	0000(q0000000000
  0x8ed0	00 00 00 00 22 97 00 00 c0 71 00 00 30 93 00 00 	0000"0000q000000
  0x8ee0	00 00 00 00 00 00 00 00 b2 98 00 00 e8 73 00 00 	0000000000000s00
  0x8ef0	b0 91 00 00 00 00 00 00 00 00 00 00 1a 9b 00 00 	0000000000000000
  0x8f00	68 72 00 00 20 93 00 00 00 00 00 00 00 00 00 00 	hr00 00000000000
  0x8f10	26 9b 00 00 d8 73 00 00 88 91 00 00 00 00 00 00 	&0000s0000000000
  0x8f20	00 00 00 00 34 9b 00 00 40 72 00 00 a0 94 00 00 	00004000@r000000
  0x8f30	00 00 00 00 00 00 00 00 40 9b 00 00 58 75 00 00 	00000000@000Xu00
  0x8f40	70 94 00 00 00 00 00 00 00 00 00 00 4c 9b 00 00 	p00000000000L000
  0x8f50	28 75 00 00 70 92 00 00 00 00 00 00 00 00 00 00 	(u00p00000000000
  0x8f60	5a 9b 00 00 28 73 00 00 f8 92 00 00 00 00 00 00 	Z000(s0000000000
  0x8f70	00 00 00 00 84 9b 00 00 b0 73 00 00 c8 92 00 00 	000000000s000000
  0x8f80	00 00 00 00 00 00 00 00 a6 9b 00 00 80 73 00 00 	0000000000000s00
  0x8f90	28 92 00 00 00 00 00 00 00 00 00 00 cc 9b 00 00 	(000000000000000
  0x8fa0	e0 72 00 00 90 92 00 00 00 00 00 00 00 00 00 00 	0r00000000000000
  0x8fb0	f6 9b 00 00 48 73 00 00 b8 92 00 00 00 00 00 00 	0000Hs0000000000
  0x8fc0	00 00 00 00 20 9c 00 00 70 73 00 00 08 93 00 00 	0000 000ps000000
  0x8fd0	00 00 00 00 00 00 00 00 44 9c 00 00 c0 73 00 00 	00000000D0000s00
  0x8fe0	50 92 00 00 00 00 00 00 00 00 00 00 68 9c 00 00 	P00000000000h000
  0x8ff0	08 73 00 00 18 92 00 00 00 00 00 00 00 00 00 00 	0s00000000000000
  0x9000	88 9c 00 00 d0 72 00 00 40 92 00 00 00 00 00 00 	00000r00@0000000
  0x9010	00 00 00 00 ac 9c 00 00 f8 72 00 00 80 92 00 00 	000000000r000000
  0x9020	00 00 00 00 00 00 00 00 cc 9c 00 00 38 73 00 00 	0000000000008s00
  0x9030	e8 92 00 00 00 00 00 00 00 00 00 00 f4 9c 00 00 	0000000000000000
  0x9040	a0 73 00 00 80 94 00 00 00 00 00 00 00 00 00 00 	0s00000000000000
  0x9050	58 9d 00 00 38 75 00 00 00 00 00 00 00 00 00 00 	X0008u0000000000
  0x9060	00 00 00 00 00 00 00 00 00 00 00 00 00 00 00 00 	0000000000000000
  0x9070	b0 94 00 00 00 00 00 00 c0 94 00 00 00 00 00 00 	0000000000000000
  0x9080	dc 94 00 00 00 00 00 00 ec 94 00 00 00 00 00 00 	0000000000000000
  0x9090	fc 94 00 00 00 00 00 00 0c 95 00 00 00 00 00 00 	0000000000000000
  0x90a0	1a 95 00 00 00 00 00 00 34 95 00 00 00 00 00 00 	0000000040000000
  0x90b0	46 95 00 00 00 00 00 00 56 95 00 00 00 00 00 00 	F0000000V0000000
  0x90c0	62 95 00 00 00 00 00 00 74 95 00 00 00 00 00 00 	b0000000t0000000
  0x90d0	86 95 00 00 00 00 00 00 9c 95 00 00 00 00 00 00 	0000000000000000
  0x90e0	b0 95 00 00 00 00 00 00 c0 95 00 00 00 00 00 00 	0000000000000000
  0x90f0	e0 95 00 00 00 00 00 00 f6 95 00 00 00 00 00 00 	0000000000000000
  0x9100	00 00 00 00 00 00 00 00 26 96 00 00 00 00 00 00 	00000000&0000000
  0x9110	32 96 00 00 00 00 00 00 40 96 00 00 00 00 00 00 	20000000@0000000
  0x9120	56 96 00 00 00 00 00 00 66 96 00 00 00 00 00 00 	V0000000f0000000
  0x9130	7a 96 00 00 00 00 00 00 8e 96 00 00 00 00 00 00 	z000000000000000
  0x9140	9a 96 00 00 00 00 00 00 a6 96 00 00 00 00 00 00 	0000000000000000
  0x9150	b6 96 00 00 00 00 00 00 c6 96 00 00 00 00 00 00 	0000000000000000
  0x9160	d8 96 00 00 00 00 00 00 ee 96 00 00 00 00 00 00 	0000000000000000
  0x9170	00 97 00 00 00 00 00 00 12 97 00 00 00 00 00 00 	0000000000000000
  0x9180	00 00 00 00 00 00 00 00 20 99 00 00 00 00 00 00 	00000000 0000000
  0x9190	36 99 00 00 00 00 00 00 64 99 00 00 00 00 00 00 	60000000d0000000
  0x91a0	e2 98 00 00 00 00 00 00 00 00 00 00 00 00 00 00 	0000000000000000
  0x91b0	29 00 00 00 00 00 00 80 32 00 00 00 00 00 00 80 	)000000020000000
  0x91c0	1b 00 00 00 00 00 00 80 1a 00 00 00 00 00 00 80 	0000000000000000
  0x91d0	d3 00 00 00 00 00 00 80 1e 00 00 00 00 00 00 80 	0000000000000000
  0x91e0	22 00 00 00 00 00 00 80 9c 00 00 00 00 00 00 80 	"000000000000000
  0x91f0	92 00 00 00 00 00 00 80 0d 00 00 00 00 00 00 80 	0000000000000000
  0x9200	aa 00 00 00 00 00 00 80 49 00 00 00 00 00 00 80 	00000000I0000000
  0x9210	00 00 00 00 00 00 00 00 ae 9a 00 00 00 00 00 00 	0000000000000000
  0x9220	00 00 00 00 00 00 00 00 d0 99 00 00 00 00 00 00 	0000000000000000
  0x9230	ec 99 00 00 00 00 00 00 00 00 00 00 00 00 00 00 	0000000000000000
  0x9240	c4 9a 00 00 00 00 00 00 00 00 00 00 00 00 00 00 	0000000000000000
  0x9250	e6 9a 00 00 00 00 00 00 a2 9a 00 00 00 00 00 00 	0000000000000000
  0x9260	f2 9a 00 00 00 00 00 00 00 00 00 00 00 00 00 00 	0000000000000000
  0x9270	56 99 00 00 00 00 00 00 00 00 00 00 00 00 00 00 	V000000000000000
  0x9280	d0 9a 00 00 00 00 00 00 00 00 00 00 00 00 00 00 	0000000000000000
  0x9290	0a 9a 00 00 00 00 00 00 1e 9a 00 00 00 00 00 00 	0000000000000000
  0x92a0	4c 9a 00 00 00 00 00 00 62 9a 00 00 00 00 00 00 	L0000000b0000000
  0x92b0	00 00 00 00 00 00 00 00 32 9a 00 00 00 00 00 00 	0000000020000000
  0x92c0	00 00 00 00 00 00 00 00 a2 99 00 00 00 00 00 00 	0000000000000000
  0x92d0	bc 99 00 00 00 00 00 00 8e 99 00 00 00 00 00 00 	0000000000000000
  0x92e0	00 00 00 00 00 00 00 00 04 9b 00 00 00 00 00 00 	0000000000000000
  0x92f0	00 00 00 00 00 00 00 00 86 99 00 00 00 00 00 00 	0000000000000000
  0x9300	00 00 00 00 00 00 00 00 92 9a 00 00 00 00 00 00 	0000000000000000
  0x9310	78 9a 00 00 00 00 00 00 00 00 00 00 00 00 00 00 	x000000000000000
  0x9320	d2 98 00 00 00 00 00 00 00 00 00 00 00 00 00 00 	0000000000000000
  0x9330	98 9d 00 00 00 00 00 00 ce 97 00 00 00 00 00 00 	0000000000000000
  0x9340	fe 97 00 00 00 00 00 00 c4 97 00 00 00 00 00 00 	0000000000000000
  0x9350	12 98 00 00 00 00 00 00 be 98 00 00 00 00 00 00 	0000000000000000
  0x9360	20 98 00 00 00 00 00 00 a6 98 00 00 00 00 00 00 	 000000000000000
  0x9370	9c 98 00 00 00 00 00 00 d8 97 00 00 00 00 00 00 	0000000000000000
  0x9380	b2 97 00 00 00 00 00 00 9e 97 00 00 00 00 00 00 	0000000000000000
  0x9390	90 97 00 00 00 00 00 00 86 97 00 00 00 00 00 00 	0000000000000000
  0x93a0	7c 97 00 00 00 00 00 00 72 97 00 00 00 00 00 00 	|0000000r0000000
  0x93b0	68 97 00 00 00 00 00 00 5e 97 00 00 00 00 00 00 	h0000000^0000000
  0x93c0	52 97 00 00 00 00 00 00 46 97 00 00 00 00 00 00 	R0000000F0000000
  0x93d0	84 98 00 00 00 00 00 00 08 98 00 00 00 00 00 00 	0000000000000000
  0x93e0	3c 97 00 00 00 00 00 00 8c 9d 00 00 00 00 00 00 	<000000000000000
  0x93f0	7e 9d 00 00 00 00 00 00 78 98 00 00 00 00 00 00 	~0000000x0000000
  0x9400	ba 97 00 00 00 00 00 00 e2 97 00 00 00 00 00 00 	0000000000000000
  0x9410	64 98 00 00 00 00 00 00 a6 97 00 00 00 00 00 00 	d000000000000000
  0x9420	5a 98 00 00 00 00 00 00 52 98 00 00 00 00 00 00 	Z0000000R0000000
  0x9430	40 98 00 00 00 00 00 00 2e 98 00 00 00 00 00 00 	@0000000.0000000
  0x9440	f2 97 00 00 00 00 00 00 70 9d 00 00 00 00 00 00 	00000000p0000000
  0x9450	62 9d 00 00 00 00 00 00 30 97 00 00 00 00 00 00 	b000000000000000
  0x9460	a2 9d 00 00 00 00 00 00 00 00 00 00 00 00 00 00 	0000000000000000
  0x9470	0c 99 00 00 00 00 00 00 00 00 00 00 00 00 00 00 	0000000000000000
  0x9480	16 9d 00 00 00 00 00 00 2e 9d 00 00 00 00 00 00 	00000000.0000000
  0x9490	48 9d 00 00 00 00 00 00 00 00 00 00 00 00 00 00 	H000000000000000
  0x94a0	f8 98 00 00 00 00 00 00 00 00 00 00 00 00 00 00 	0000000000000000
  0x94b0	80 02 52 65 67 45 6e 75 6d 56 61 6c 75 65 57 00 	00RegEnumValueW0
  0x94c0	e2 01 4c 73 61 51 75 65 72 79 49 6e 66 6f 72 6d 	00LsaQueryInform
  0x94d0	61 74 69 6f 6e 50 6f 6c 69 63 79 00 8f 02 52 65 	ationPolicy000Re
  0x94e0	67 4f 70 65 6e 4b 65 79 45 78 57 00 7d 02 52 65 	gOpenKeyExW0}0Re
  0x94f0	67 45 6e 75 6d 4b 65 79 45 78 57 00 c3 01 4c 73 	gEnumKeyExW000Ls
  0x9500	61 46 72 65 65 4d 65 6d 6f 72 79 00 5e 02 52 65 	aFreeMemory0^0Re
  0x9510	67 43 6c 6f 73 65 4b 65 79 00 ee 01 4c 73 61 53 	gCloseKey000LsaS
  0x9520	65 74 49 6e 66 6f 72 6d 61 74 69 6f 6e 50 6f 6c 	etInformationPol
  0x9530	69 63 79 00 67 02 52 65 67 43 72 65 61 74 65 4b 	icy0g0RegCreateK
  0x9540	65 79 45 78 57 00 72 02 52 65 67 44 65 6c 65 74 	eyExW0r0RegDelet
  0x9550	65 4b 65 79 57 00 b5 01 4c 73 61 43 6c 6f 73 65 	eKeyW000LsaClose
  0x9560	00 00 76 02 52 65 67 44 65 6c 65 74 65 56 61 6c 	00v0RegDeleteVal
  0x9570	75 65 57 00 ac 02 52 65 67 53 65 74 56 61 6c 75 	ueW000RegSetValu
  0x9580	65 45 78 57 00 00 f6 01 4c 73 61 53 74 6f 72 65 	eExW0000LsaStore
  0x9590	50 72 69 76 61 74 65 44 61 74 61 00 9c 02 52 65 	PrivateData000Re
  0x95a0	67 51 75 65 72 79 56 61 6c 75 65 45 78 57 00 00 	gQueryValueExW00
  0x95b0	d8 01 4c 73 61 4f 70 65 6e 50 6f 6c 69 63 79 00 	00LsaOpenPolicy0
  0x95c0	f4 01 4c 73 61 53 65 74 54 72 75 73 74 65 64 44 	00LsaSetTrustedD
  0x95d0	6f 6d 61 69 6e 49 6e 66 6f 42 79 4e 61 6d 65 00 	omainInfoByName0
  0x95e0	62 02 52 65 67 43 6f 6e 6e 65 63 74 52 65 67 69 	b0RegConnectRegi
  0x95f0	73 74 72 79 57 00 e6 01 4c 73 61 51 75 65 72 79 	stryW000LsaQuery
  0x9600	54 72 75 73 74 65 64 44 6f 6d 61 69 6e 49 6e 66 	TrustedDomainInf
  0x9610	6f 42 79 4e 61 6d 65 00 41 44 56 41 50 49 33 32 	oByName0ADVAPI32
  0x9620	2e 64 6c 6c 00 00 d6 03 4c 6f 63 61 6c 46 72 65 	.dll0000LocalFre
  0x9630	65 00 d1 03 4c 6f 63 61 6c 41 6c 6c 6f 63 00 00 	e000LocalAlloc00
  0x9640	f5 04 53 65 74 43 6f 6d 70 75 74 65 72 4e 61 6d 	00SetComputerNam
  0x9650	65 45 78 57 00 00 6a 02 47 65 74 4c 61 73 74 45 	eExW00j0GetLastE
  0x9660	72 72 6f 72 00 00 e8 01 47 65 74 43 6f 6d 70 75 	rror0000GetCompu
  0x9670	74 65 72 4e 61 6d 65 57 00 00 81 02 47 65 74 4d 	terNameW0000GetM
  0x9680	6f 64 75 6c 65 48 61 6e 64 6c 65 57 00 00 4a 06 	oduleHandleW00J0
  0x9690	6c 73 74 72 63 6d 70 69 57 00 47 06 6c 73 74 72 	lstrcmpiW0G0lstr
  0x96a0	63 6d 70 57 00 00 41 05 53 65 74 4c 61 73 74 45 	cmpW00A0SetLastE
  0x96b0	72 72 6f 72 00 00 dc 02 47 65 74 53 74 64 48 61 	rror0000GetStdHa
  0x96c0	6e 64 6c 65 00 00 09 05 53 65 74 43 6f 6e 73 6f 	ndle0000SetConso
  0x96d0	6c 65 4d 6f 64 65 00 00 ea 02 47 65 74 53 79 73 	leMode0000GetSys
  0x96e0	74 65 6d 44 69 72 65 63 74 6f 72 79 57 00 05 02 	temDirectoryW000
  0x96f0	47 65 74 43 6f 6e 73 6f 6c 65 4d 6f 64 65 00 00 	GetConsoleMode00
  0x9700	b0 01 46 6f 72 6d 61 74 4d 65 73 73 61 67 65 57 	00FormatMessageW
  0x9710	00 00 cb 03 4c 6f 61 64 4c 69 62 72 61 72 79 57 	0000LoadLibraryW
  0x9720	00 00 4b 45 52 4e 45 4c 33 32 2e 64 6c 6c 00 00 	00KERNEL32.dll00
  0x9730	8a 03 5f 77 63 73 69 63 6d 70 00 00 9d 04 70 72 	00_wcsicmp0000pr
  0x9740	69 6e 74 66 00 00 79 04 69 73 77 75 70 70 65 72 	intf00y0iswupper
  0x9750	00 00 6f 04 69 73 77 61 6c 70 68 61 00 00 5b 04 	00o0iswalpha00[0
  0x9760	67 65 74 63 68 61 72 00 6c 04 69 73 73 70 61 63 	getchar0l0isspac
  0x9770	65 00 86 04 6d 61 6c 6c 6f 63 00 00 14 05 77 63 	e000malloc0000wc
  0x9780	73 73 74 72 00 00 45 04 66 70 72 69 6e 74 66 00 	sstr00E0fprintf0
  0x9790	63 03 5f 76 73 6e 70 72 69 6e 74 66 00 00 4c 04 	c0_vsnprintf00L0
  0x97a0	66 72 65 65 00 00 05 05 77 63 73 63 70 79 5f 73 	free0000wcscpy_s
  0x97b0	00 00 32 04 65 78 69 74 00 00 1b 05 77 63 73 74 	0020exit0000wcst
  0x97c0	6f 75 6c 00 85 03 5f 77 63 73 64 75 70 00 a9 04 	oul000_wcsdup000
  0x97d0	72 65 61 6c 6c 6f 63 00 01 05 77 63 73 63 68 72 	realloc000wcschr
  0x97e0	00 00 d7 02 5f 73 6e 77 70 72 69 6e 74 66 5f 73 	0000_snwprintf_s
  0x97f0	00 00 0a 05 77 63 73 6e 63 61 74 5f 73 00 3e 04 	0000wcsncat_s0>0
  0x9800	66 67 65 74 77 73 00 00 0b 05 77 63 73 6e 63 6d 	fgetws0000wcsncm
  0x9810	70 00 55 00 5f 58 63 70 74 46 69 6c 74 65 72 00 	p0U0_XcptFilter0
  0x9820	ae 00 5f 61 6d 73 67 5f 65 78 69 74 00 00 9d 00 	00_amsg_exit0000
  0x9830	5f 5f 77 67 65 74 6d 61 69 6e 61 72 67 73 00 00 	__wgetmainargs00
  0x9840	8e 00 5f 5f 73 65 74 5f 61 70 70 5f 74 79 70 65 	00__set_app_type
  0x9850	00 00 0e 01 5f 65 78 69 74 00 c1 00 5f 63 65 78 	0000_exit000_cex
  0x9860	69 74 00 00 90 00 5f 5f 73 65 74 75 73 65 72 6d 	it0000__setuserm
  0x9870	61 74 68 65 72 72 00 00 7d 01 5f 69 6e 69 74 74 	atherr00}0_initt
  0x9880	65 72 6d 00 57 00 5f 5f 43 5f 73 70 65 63 69 66 	erm0W0__C_specif
  0x9890	69 63 5f 68 61 6e 64 6c 65 72 00 00 27 01 5f 66 	ic_handler00'0_f
  0x98a0	6d 6f 64 65 00 00 d2 00 5f 63 6f 6d 6d 6f 64 65 	mode0000_commode
  0x98b0	00 00 6d 73 76 63 72 74 2e 64 6c 6c 00 00 2f 00 	00msvcrt.dll00/0
  0x98c0	3f 74 65 72 6d 69 6e 61 74 65 40 40 59 41 58 58 	?terminate@@YAXX
  0x98d0	5a 00 12 00 44 73 47 65 74 44 63 4e 61 6d 65 57 	Z000DsGetDcNameW
  0x98e0	00 00 26 00 4c 73 61 46 72 65 65 52 65 74 75 72 	00&0LsaFreeRetur
  0x98f0	6e 42 75 66 66 65 72 00 24 00 4e 65 74 53 65 72 	nBuffer0$0NetSer
  0x9900	76 65 72 47 65 74 49 6e 66 6f 00 00 01 00 4e 65 	verGetInfo0000Ne
  0x9910	74 41 70 69 42 75 66 66 65 72 46 72 65 65 00 00 	tApiBufferFree00
  0x9920	23 00 4c 73 61 43 6f 6e 6e 65 63 74 55 6e 74 72 	#0LsaConnectUntr
  0x9930	75 73 74 65 64 00 22 00 4c 73 61 43 61 6c 6c 41 	usted0"0LsaCallA
  0x9940	75 74 68 65 6e 74 69 63 61 74 69 6f 6e 50 61 63 	uthenticationPac
  0x9950	6b 61 67 65 00 00 1c 00 4c 6f 61 64 53 74 72 69 	kage0000LoadStri
  0x9960	6e 67 57 00 29 00 4c 73 61 4c 6f 6f 6b 75 70 41 	ngW0)0LsaLookupA
  0x9970	75 74 68 65 6e 74 69 63 61 74 69 6f 6e 50 61 63 	uthenticationPac
  0x9980	6b 61 67 65 00 00 2d 00 53 6c 65 65 70 00 02 00 	kage00-0Sleep000
  0x9990	52 74 6c 43 61 70 74 75 72 65 43 6f 6e 74 65 78 	RtlCaptureContex
  0x99a0	74 00 0a 00 52 74 6c 4c 6f 6f 6b 75 70 46 75 6e 	t000RtlLookupFun
  0x99b0	63 74 69 6f 6e 45 6e 74 72 79 00 00 10 00 52 74 	ctionEntry0000Rt
  0x99c0	6c 56 69 72 74 75 61 6c 55 6e 77 69 6e 64 00 00 	lVirtualUnwind00
  0x99d0	11 00 55 6e 68 61 6e 64 6c 65 64 45 78 63 65 70 	00UnhandledExcep
  0x99e0	74 69 6f 6e 46 69 6c 74 65 72 00 00 0f 00 53 65 	tionFilter0000Se
  0x99f0	74 55 6e 68 61 6e 64 6c 65 64 45 78 63 65 70 74 	tUnhandledExcept
  0x9a00	69 6f 6e 46 69 6c 74 65 72 00 0c 00 47 65 74 43 	ionFilter000GetC
  0x9a10	75 72 72 65 6e 74 50 72 6f 63 65 73 73 00 4f 00 	urrentProcess0O0
  0x9a20	54 65 72 6d 69 6e 61 74 65 50 72 6f 63 65 73 73 	TerminateProcess
  0x9a30	00 00 00 00 51 75 65 72 79 50 65 72 66 6f 72 6d 	0000QueryPerform
  0x9a40	61 6e 63 65 43 6f 75 6e 74 65 72 00 0d 00 47 65 	anceCounter000Ge
  0x9a50	74 43 75 72 72 65 6e 74 50 72 6f 63 65 73 73 49 	tCurrentProcessI
  0x9a60	64 00 11 00 47 65 74 43 75 72 72 65 6e 74 54 68 	d000GetCurrentTh
  0x9a70	72 65 61 64 49 64 00 00 16 00 47 65 74 53 79 73 	readId0000GetSys
  0x9a80	74 65 6d 54 69 6d 65 41 73 46 69 6c 65 54 69 6d 	temTimeAsFileTim
  0x9a90	65 00 1a 00 47 65 74 54 69 63 6b 43 6f 75 6e 74 	e000GetTickCount
  0x9aa0	00 00 06 00 48 65 61 70 46 72 65 65 00 00 07 00 	0000HeapFree0000
  0x9ab0	47 65 74 43 6f 6e 73 6f 6c 65 4f 75 74 70 75 74 	GetConsoleOutput
  0x9ac0	43 50 00 00 5b 00 57 72 69 74 65 46 69 6c 65 00 	CP00[0WriteFile0
  0x9ad0	3f 00 53 65 74 54 68 72 65 61 64 55 49 4c 61 6e 	?0SetThreadUILan
  0x9ae0	67 75 61 67 65 00 02 00 48 65 61 70 41 6c 6c 6f 	guage000HeapAllo
  0x9af0	63 00 00 00 47 65 74 50 72 6f 63 65 73 73 48 65 	c000GetProcessHe
  0x9b00	61 70 00 00 07 00 57 69 64 65 43 68 61 72 54 6f 	ap0000WideCharTo
  0x9b10	4d 75 6c 74 69 42 79 74 65 00 57 4c 44 41 50 33 	MultiByte0WLDAP3
  0x9b20	32 2e 64 6c 6c 00 6c 6f 67 6f 6e 63 6c 69 2e 64 	2.dll0logoncli.d
  0x9b30	6c 6c 00 00 53 73 70 69 43 6c 69 2e 64 6c 6c 00 	ll00SspiCli.dll0
  0x9b40	73 72 76 63 6c 69 2e 64 6c 6c 00 00 6e 65 74 75 	srvcli.dll00netu
  0x9b50	74 69 6c 73 2e 64 6c 6c 00 00 61 70 69 2d 6d 73 	tils.dll00api-ms
  0x9b60	2d 77 69 6e 2d 63 6f 72 65 2d 6c 69 62 72 61 72 	-win-core-librar
  0x9b70	79 6c 6f 61 64 65 72 2d 6c 31 2d 32 2d 30 2e 64 	yloader-l1-2-0.d
  0x9b80	6c 6c 00 00 61 70 69 2d 6d 73 2d 77 69 6e 2d 63 	ll00api-ms-win-c
  0x9b90	6f 72 65 2d 73 79 6e 63 68 2d 6c 31 2d 32 2d 30 	ore-synch-l1-2-0
  0x9ba0	2e 64 6c 6c 00 00 61 70 69 2d 6d 73 2d 77 69 6e 	.dll00api-ms-win
  0x9bb0	2d 63 6f 72 65 2d 72 74 6c 73 75 70 70 6f 72 74 	-core-rtlsupport
  0x9bc0	2d 6c 31 2d 31 2d 30 2e 64 6c 6c 00 61 70 69 2d 	-l1-1-0.dll0api-
  0x9bd0	6d 73 2d 77 69 6e 2d 63 6f 72 65 2d 65 72 72 6f 	ms-win-core-erro
  0x9be0	72 68 61 6e 64 6c 69 6e 67 2d 6c 31 2d 31 2d 30 	rhandling-l1-1-0
  0x9bf0	2e 64 6c 6c 00 00 61 70 69 2d 6d 73 2d 77 69 6e 	.dll00api-ms-win
  0x9c00	2d 63 6f 72 65 2d 70 72 6f 63 65 73 73 74 68 72 	-core-processthr
  0x9c10	65 61 64 73 2d 6c 31 2d 31 2d 30 2e 64 6c 6c 00 	eads-l1-1-0.dll0
  0x9c20	61 70 69 2d 6d 73 2d 77 69 6e 2d 63 6f 72 65 2d 	api-ms-win-core-
  0x9c30	70 72 6f 66 69 6c 65 2d 6c 31 2d 31 2d 30 2e 64 	profile-l1-1-0.d
  0x9c40	6c 6c 00 00 61 70 69 2d 6d 73 2d 77 69 6e 2d 63 	ll00api-ms-win-c
  0x9c50	6f 72 65 2d 73 79 73 69 6e 66 6f 2d 6c 31 2d 31 	ore-sysinfo-l1-1
  0x9c60	2d 30 2e 64 6c 6c 00 00 61 70 69 2d 6d 73 2d 77 	-0.dll00api-ms-w
  0x9c70	69 6e 2d 63 6f 72 65 2d 68 65 61 70 2d 6c 31 2d 	in-core-heap-l1-
  0x9c80	31 2d 30 2e 64 6c 6c 00 61 70 69 2d 6d 73 2d 77 	1-0.dll0api-ms-w
  0x9c90	69 6e 2d 63 6f 72 65 2d 63 6f 6e 73 6f 6c 65 2d 	in-core-console-
  0x9ca0	6c 31 2d 31 2d 30 2e 64 6c 6c 00 00 61 70 69 2d 	l1-1-0.dll00api-
  0x9cb0	6d 73 2d 77 69 6e 2d 63 6f 72 65 2d 66 69 6c 65 	ms-win-core-file
  0x9cc0	2d 6c 31 2d 31 2d 30 2e 64 6c 6c 00 61 70 69 2d 	-l1-1-0.dll0api-
  0x9cd0	6d 73 2d 77 69 6e 2d 63 6f 72 65 2d 6c 6f 63 61 	ms-win-core-loca
  0x9ce0	6c 69 7a 61 74 69 6f 6e 2d 6c 31 2d 32 2d 30 2e 	lization-l1-2-0.
  0x9cf0	64 6c 6c 00 61 70 69 2d 6d 73 2d 77 69 6e 2d 63 	dll0api-ms-win-c
  0x9d00	6f 72 65 2d 73 74 72 69 6e 67 2d 6c 31 2d 31 2d 	ore-string-l1-1-
  0x9d10	30 2e 64 6c 6c 00 70 04 52 74 6c 49 6e 69 74 55 	0.dll0p0RtlInitU
  0x9d20	6e 69 63 6f 64 65 53 74 72 69 6e 67 00 00 13 03 	nicodeString0000
  0x9d30	52 74 6c 43 6f 6d 70 61 72 65 55 6e 69 63 6f 64 	RtlCompareUnicod
  0x9d40	65 53 74 72 69 6e 67 00 6b 04 52 74 6c 49 6e 69 	eString0k0RtlIni
  0x9d50	74 53 74 72 69 6e 67 00 6e 74 64 6c 6c 2e 64 6c 	tString0ntdll.dl
  0x9d60	6c 00 81 00 5f 5f 69 6f 62 5f 66 75 6e 63 00 00 	l000__iob_func00
  0x9d70	69 03 5f 76 73 6e 77 70 72 69 6e 74 66 00 ea 03 	i0_vsnwprintf000
  0x9d80	5f 77 73 65 74 6c 6f 63 61 6c 65 00 55 04 66 77 	_wsetlocale0U0fw
  0x9d90	70 72 69 6e 74 66 00 00 92 04 6d 65 6d 63 70 79 	printf0000memcpy
  0x9da0	00 00 96 04 6d 65 6d 73 65 74 00 00 00 00 00 00 	0000memset000000
  0x9db0	00 00 00 00 00 00 00 00 00 00 00 00 00 00 00 00 	0000000000000000
  0x9dc0	00 00 00 00 00 00 00 00 00 00 00 00 00 00 00 00 	0000000000000000
  0x9dd0	00 00 00 00 00 00 00 00 00 00 00 00 00 00 00 00 	0000000000000000
  0x9de0	00 00 00 00 00 00 00 00 00 00 00 00 00 00 00 00 	0000000000000000
  0x9df0	00 00 00 00 00 00 00 00 00 00 00 00 00 00 00 00 	0000000000000000
=== DATA BLOCK END ===

=== DATA BLOCK ADDRESS 0xa000 ===
  0xa000	90 79 00 40 01 00 00 00 01 00 00 00 00 00 00 00 	0y0@000000000000
  0xa010	a0 1b 00 40 01 00 00 00 00 00 00 00 00 00 00 00 	000@000000000000
  0xa020	00 00 00 00 00 00 00 00 54 27 00 00 00 00 00 00 	00000000T'000000
  0xa030	a8 79 00 40 01 00 00 00 01 00 00 00 00 00 00 00 	0y0@000000000000
  0xa040	a0 1b 00 40 01 00 00 00 c0 79 00 40 01 00 00 00 	000@00000y0@0000
  0xa050	01 00 00 00 56 27 00 00 54 27 00 00 00 00 00 00 	0000V'00T'000000
  0xa060	d0 79 00 40 01 00 00 00 02 00 00 00 00 00 00 00 	0y0@000000000000
  0xa070	00 2c 00 40 01 00 00 00 e8 79 00 40 01 00 00 00 	0,0@00000y0@0000
  0xa080	01 00 00 00 57 27 00 00 00 00 00 00 00 00 00 00 	0000W'0000000000
  0xa090	00 7a 00 40 01 00 00 00 01 00 00 00 00 00 00 00 	0z0@000000000000
  0xa0a0	50 37 00 40 01 00 00 00 10 7a 00 40 01 00 00 00 	P70@00000z0@0000
  0xa0b0	08 00 00 00 58 27 00 00 00 00 00 00 00 00 00 00 	0000X'0000000000
  0xa0c0	28 7a 00 40 01 00 00 00 01 00 00 00 00 00 00 00 	(z0@000000000000
  0xa0d0	d0 37 00 40 01 00 00 00 10 7a 00 40 01 00 00 00 	070@00000z0@0000
  0xa0e0	08 00 00 00 59 27 00 00 55 27 00 00 00 00 00 00 	0000Y'00U'000000
  0xa0f0	38 7a 00 40 01 00 00 00 02 00 00 00 00 00 00 00 	8z0@000000000000
  0xa100	d0 38 00 40 01 00 00 00 50 7a 00 40 01 00 00 00 	080@0000Pz0@0000
  0xa110	00 00 00 00 5a 27 00 00 00 00 00 00 00 00 00 00 	0000Z'0000000000
  0xa120	70 7a 00 40 01 00 00 00 02 00 00 00 00 00 00 00 	pz0@000000000000
  0xa130	f0 38 00 40 01 00 00 00 50 7a 00 40 01 00 00 00 	080@0000Pz0@0000
  0xa140	00 00 00 00 5b 27 00 00 55 27 00 00 00 00 00 00 	0000['00U'000000
  0xa150	88 7a 00 40 01 00 00 00 01 00 00 00 00 00 00 00 	0z0@000000000000
  0xa160	10 2d 00 40 01 00 00 00 98 7a 00 40 01 00 00 00 	0-0@00000z0@0000
  0xa170	04 00 00 00 5c 27 00 00 00 00 00 00 00 00 00 00 	00000'0000000000
  0xa180	a8 7a 00 40 01 00 00 00 01 00 00 00 00 00 00 00 	0z0@000000000000
  0xa190	50 2c 00 40 01 00 00 00 00 00 00 00 00 00 00 00 	P,0@000000000000
  0xa1a0	00 00 00 00 00 00 00 00 54 27 00 00 00 00 00 00 	00000000T'000000
  0xa1b0	d0 7a 00 40 01 00 00 00 01 00 00 00 00 00 00 00 	0z0@000000000000
  0xa1c0	50 2c 00 40 01 00 00 00 00 7b 00 40 01 00 00 00 	P,0@00000{0@0000
  0xa1d0	00 00 00 00 5d 27 00 00 54 27 00 00 00 00 00 00 	0000]'00T'000000
  0xa1e0	10 7b 00 40 01 00 00 00 01 00 00 00 00 00 00 00 	0{0@000000000000
  0xa1f0	20 35 00 40 01 00 00 00 30 7b 00 40 01 00 00 00 	 50@00000{0@0000
  0xa200	00 00 00 00 5e 27 00 00 55 27 00 00 00 00 00 00 	0000^'00U'000000
  0xa210	40 7b 00 40 01 00 00 00 01 00 00 00 00 00 00 00 	@{0@000000000000
  0xa220	80 18 00 40 01 00 00 00 50 7b 00 40 01 00 00 00 	000@0000P{0@0000
  0xa230	05 00 00 00 5f 27 00 00 00 00 00 00 00 00 00 00 	0000_'0000000000
  0xa240	60 7b 00 40 01 00 00 00 02 00 00 00 00 00 00 00 	`{0@000000000000
  0xa250	00 44 00 40 01 00 00 00 80 7b 00 40 01 00 00 00 	0D0@00000{0@0000
  0xa260	04 00 00 00 60 27 00 00 00 00 00 00 00 00 00 00 	0000`'0000000000
  0xa270	98 7b 00 40 01 00 00 00 00 00 00 00 00 00 00 00 	0{0@000000000000
  0xa280	c0 30 00 40 01 00 00 00 b8 7b 00 40 01 00 00 00 	000@00000{0@0000
  0xa290	04 00 00 00 61 27 00 00 00 00 00 00 00 00 00 00 	0000a'0000000000
  0xa2a0	c8 7b 00 40 01 00 00 00 02 00 00 00 00 00 00 00 	0{0@000000000000
  0xa2b0	00 34 00 40 01 00 00 00 e8 7b 00 40 01 00 00 00 	040@00000{0@0000
  0xa2c0	08 00 00 00 62 27 00 00 00 00 00 00 00 00 00 00 	0000b'0000000000
  0xa2d0	10 7c 00 40 01 00 00 00 02 00 00 00 00 00 00 00 	0|0@000000000000
  0xa2e0	60 34 00 40 01 00 00 00 e8 7b 00 40 01 00 00 00 	`40@00000{0@0000
  0xa2f0	08 00 00 00 63 27 00 00 00 00 00 00 00 00 00 00 	0000c'0000000000
  0xa300	30 7c 00 40 01 00 00 00 02 00 00 00 00 00 00 00 	0|0@000000000000
  0xa310	c0 34 00 40 01 00 00 00 e8 7b 00 40 01 00 00 00 	040@00000{0@0000
  0xa320	08 00 00 00 64 27 00 00 00 00 00 00 00 00 00 00 	0000d'0000000000
  0xa330	50 7c 00 40 01 00 00 00 00 00 00 00 00 00 00 00 	P|0@000000000000
  0xa340	f0 15 00 40 01 00 00 00 b8 7b 00 40 01 00 00 00 	000@00000{0@0000
  0xa350	00 00 00 00 65 27 00 00 00 00 00 00 00 00 00 00 	0000e'0000000000
  0xa360	68 7c 00 40 01 00 00 00 02 00 00 00 00 00 00 00 	h|0@000000000000
  0xa370	00 1f 00 40 01 00 00 00 90 7c 00 40 01 00 00 00 	000@00000|0@0000
  0xa380	00 00 00 00 66 27 00 00 00 00 00 00 00 00 00 00 	0000f'0000000000
  0xa390	a0 7c 00 40 01 00 00 00 02 00 00 00 00 00 00 00 	0|0@000000000000
  0xa3a0	70 21 00 40 01 00 00 00 90 7c 00 40 01 00 00 00 	p!0@00000|0@0000
  0xa3b0	00 00 00 00 67 27 00 00 00 00 00 00 00 00 00 00 	0000g'0000000000
  0xa3c0	c8 7c 00 40 01 00 00 00 02 00 00 00 00 00 00 00 	0|0@000000000000
  0xa3d0	b0 4c 00 40 01 00 00 00 e8 7c 00 40 01 00 00 00 	0L0@00000|0@0000
  0xa3e0	08 00 00 00 68 27 00 00 00 00 00 00 00 00 00 00 	0000h'0000000000
  0xa3f0	00 7d 00 40 01 00 00 00 01 00 00 00 00 00 00 00 	0}0@000000000000
  0xa400	10 4e 00 40 01 00 00 00 20 7d 00 40 01 00 00 00 	0N0@0000 }0@0000
  0xa410	00 00 00 00 69 27 00 00 00 00 00 00 00 00 00 00 	0000i'0000000000
  0xa420	30 7d 00 40 01 00 00 00 02 00 00 00 00 00 00 00 	0}0@000000000000
  0xa430	20 4f 00 40 01 00 00 00 e8 7c 00 40 01 00 00 00 	 O0@00000|0@0000
  0xa440	08 00 00 00 6a 27 00 00 00 00 00 00 00 00 00 00 	0000j'0000000000
  0xa450	50 7d 00 40 01 00 00 00 01 00 00 00 00 00 00 00 	P}0@000000000000
  0xa460	e0 50 00 40 01 00 00 00 20 7d 00 40 01 00 00 00 	0P0@0000 }0@0000
  0xa470	00 00 00 00 6b 27 00 00 00 00 00 00 00 00 00 00 	0000k'0000000000
  0xa480	70 7d 00 40 01 00 00 00 00 00 00 00 00 00 00 00 	p}0@000000000000
  0xa490	20 2e 00 40 01 00 00 00 00 00 00 00 00 00 00 00 	 .0@000000000000
  0xa4a0	00 00 00 00 00 00 00 00 00 00 00 00 00 00 00 00 	0000000000000000
  0xa4b0	78 7d 00 40 01 00 00 00 00 00 00 00 00 00 00 00 	x}0@000000000000
  0xa4c0	20 2e 00 40 01 00 00 00 00 00 00 00 00 00 00 00 	 .0@000000000000
  0xa4d0	00 00 00 00 00 00 00 00 00 00 00 00 00 00 00 00 	0000000000000000
  0xa4e0	00 00 00 00 00 00 00 00 a0 7d 00 40 01 00 00 00 	000000000}0@0000
  0xa4f0	4c 27 00 00 00 00 00 00 01 00 00 00 00 00 00 00 	L'00000000000000
  0xa500	b0 7d 00 40 01 00 00 00 4d 27 00 00 00 00 00 00 	0}0@0000M'000000
  0xa510	02 00 00 00 00 00 00 00 c8 7d 00 40 01 00 00 00 	000000000}0@0000
  0xa520	4e 27 00 00 00 00 00 00 04 00 00 00 00 00 00 00 	N'00000000000000
  0xa530	e8 7d 00 40 01 00 00 00 4f 27 00 00 00 00 00 00 	0}0@0000O'000000
  0xa540	08 00 00 00 00 00 00 00 00 7e 00 40 01 00 00 00 	000000000~0@0000
  0xa550	50 27 00 00 00 00 00 00 10 00 00 00 00 00 00 00 	P'00000000000000
  0xa560	18 7e 00 40 01 00 00 00 74 27 00 00 00 00 00 00 	0~0@0000t'000000
  0xa570	80 00 00 00 00 00 00 00 28 7e 00 40 01 00 00 00 	00000000(~0@0000
  0xa580	51 27 00 00 00 00 00 00 00 00 00 00 00 00 00 00 	Q'00000000000000
  0xa590	60 84 00 40 01 00 00 00 01 00 00 00 00 00 00 00 	`00@000000000000
  0xa5a0	78 84 00 40 01 00 00 00 02 00 00 00 00 00 00 00 	x00@000000000000
  0xa5b0	90 84 00 40 01 00 00 00 04 00 00 00 00 00 00 00 	000@000000000000
  0xa5c0	b0 84 00 40 01 00 00 00 08 00 00 00 00 00 00 00 	000@000000000000
  0xa5d0	e0 84 00 40 01 00 00 00 10 00 00 00 00 00 00 00 	000@000000000000
  0xa5e0	01 00 00 00 00 00 00 00 32 a2 df 2d 99 2b 00 00 	00000000200-0+00
  0xa5f0	cd 5d 20 d2 66 d4 ff ff 00 00 00 00 00 00 00 00 	0] 0f00000000000
  0xa600	41 6c 74 53 65 63 75 72 69 74 79 49 64 65 6e 74 	AltSecurityIdent
  0xa610	69 74 69 65 73 00 00 00 28 6f 62 6a 65 63 74 43 	ities000(objectC
  0xa620	6c 61 73 73 3d 75 73 65 72 29 00 00 00 00 00 00 	lass=user)000000
  0xa630	4b 45 52 42 45 52 4f 53 3a 00 00 00 00 00 00 00 	KERBEROS:0000000
  0xa640	64 65 66 61 75 6c 74 4e 61 6d 69 6e 67 43 6f 6e 	defaultNamingCon
  0xa650	74 65 78 74 00 00 00 00 00 00 00 00 00 00 00 00 	text000000000000
  0xa660	00 00 00 00 00 00 00 00 00 00 00 00 00 00 00 00 	0000000000000000
  0xa670	00 00 00 00 00 00 00 00 00 00 00 00 00 00 00 00 	0000000000000000
  0xa680	00 00 00 00 00 00 00 00 00 00 00 00 00 00 00 00 	0000000000000000
  0xa690	00 00 00 00 00 00 00 00 00 00 00 00 00 00 00 00 	0000000000000000
  0xa6a0	00 00 00 00 00 00 00 00 00 00 00 00 00 00 00 00 	0000000000000000
  0xa6b0	00 00 00 00 00 00 00 00 00 00 00 00 00 00 00 00 	0000000000000000
  0xa6c0	00 00 00 00 00 00 00 00 00 00 00 00 00 00 00 00 	0000000000000000
  0xa6d0	00 00 00 00 00 00 00 00 00 00 00 00 00 00 00 00 	0000000000000000
  0xa6e0	00 00 00 00 00 00 00 00 00 00 00 00 00 00 00 00 	0000000000000000
  0xa6f0	00 00 00 00 00 00 00 00 00 00 00 00 00 00 00 00 	0000000000000000
  0xa700	00 00 00 00 00 00 00 00 00 00 00 00 00 00 00 00 	0000000000000000
  0xa710	00 00 00 00 00 00 00 00 00 00 00 00 00 00 00 00 	0000000000000000
  0xa720	00 00 00 00 00 00 00 00 00 00 00 00 00 00 00 00 	0000000000000000
  0xa730	00 00 00 00 00 00 00 00 00 00 00 00 00 00 00 00 	0000000000000000
  0xa740	00 00 00 00 00 00 00 00 00 00 00 00 00 00 00 00 	0000000000000000
  0xa750	00 00 00 00 00 00 00 00 00 00 00 00 00 00 00 00 	0000000000000000
  0xa760	00 00 00 00 00 00 00 00 00 00 00 00 00 00 00 00 	0000000000000000
  0xa770	00 00 00 00 00 00 00 00 00 00 00 00 00 00 00 00 	0000000000000000
  0xa780	00 00 00 00 00 00 00 00 00 00 00 00 00 00 00 00 	0000000000000000
  0xa790	00 00 00 00 00 00 00 00 00 00 00 00 00 00 00 00 	0000000000000000
  0xa7a0	00 00 00 00 00 00 00 00 00 00 00 00 00 00 00 00 	0000000000000000
  0xa7b0	00 00 00 00 00 00 00 00 00 00 00 00 00 00 00 00 	0000000000000000
  0xa7c0	00 00 00 00 00 00 00 00 00 00 00 00 00 00 00 00 	0000000000000000
  0xa7d0	00 00 00 00 00 00 00 00 00 00 00 00 00 00 00 00 	0000000000000000
  0xa7e0	00 00 00 00 00 00 00 00 00 00 00 00 00 00 00 00 	0000000000000000
  0xa7f0	00 00 00 00 00 00 00 00 00 00 00 00 00 00 00 00 	0000000000000000
=== DATA BLOCK END ===

=== DATA BLOCK ADDRESS 0xc000 ===
  0xc000	08 10 00 00 9d 10 00 00 f8 89 00 00 a4 10 00 00 	0000000000000000
  0xc010	34 13 00 00 08 8a 00 00 3c 13 00 00 e0 15 00 00 	40000000<0000000
  0xc020	24 8a 00 00 f0 15 00 00 a4 16 00 00 44 8a 00 00 	$00000000000D000
  0xc030	ac 16 00 00 f3 17 00 00 50 8a 00 00 fc 17 00 00 	00000000P0000000
  0xc040	79 18 00 00 64 8a 00 00 80 18 00 00 15 1b 00 00 	y000d00000000000
  0xc050	7c 8a 00 00 1c 1b 00 00 8b 1b 00 00 98 8a 00 00 	|000000000000000
  0xc060	a0 1b 00 00 19 1e 00 00 a0 8a 00 00 20 1e 00 00 	000000000000 000
  0xc070	98 1e 00 00 c4 8a 00 00 a0 1e 00 00 eb 1e 00 00 	0000000000000000
  0xc080	98 8a 00 00 00 1f 00 00 62 21 00 00 d4 8a 00 00 	00000000b!000000
  0xc090	70 21 00 00 62 23 00 00 e4 8a 00 00 68 23 00 00 	p!00b#000000h#00
  0xc0a0	23 24 00 00 44 8a 00 00 2c 24 00 00 a1 27 00 00 	#$00D000,$000'00
  0xc0b0	f4 8a 00 00 a8 27 00 00 22 28 00 00 18 8b 00 00 	00000'00"(000000
  0xc0c0	30 28 00 00 b6 2a 00 00 24 8b 00 00 c0 2a 00 00 	0(000*00$0000*00
  0xc0d0	fa 2b 00 00 48 8b 00 00 50 2c 00 00 fb 2c 00 00 	0+00H000P,000,00
  0xc0e0	58 8b 00 00 10 2d 00 00 54 2d 00 00 98 8a 00 00 	X0000-00T-000000
  0xc0f0	5c 2d 00 00 12 2e 00 00 60 8b 00 00 20 2e 00 00 	0-000.00`000 .00
  0xc100	d8 2e 00 00 78 8b 00 00 e0 2e 00 00 03 2f 00 00 	0.00x0000.000/00
  0xc110	90 8b 00 00 10 2f 00 00 91 2f 00 00 44 8a 00 00 	00000/000/00D000
  0xc120	a0 2f 00 00 3c 30 00 00 98 8b 00 00 44 30 00 00 	0/00<0000000D000
  0xc130	b8 30 00 00 64 8a 00 00 c0 30 00 00 09 31 00 00 	0000d00000000100
  0xc140	90 8b 00 00 10 31 00 00 e3 31 00 00 b0 8b 00 00 	0000010001000000
  0xc150	ec 31 00 00 5f 33 00 00 c0 8b 00 00 68 33 00 00 	0100_3000000h300
  0xc160	f9 33 00 00 cc 8b 00 00 00 34 00 00 55 34 00 00 	030000000400U400
  0xc170	dc 8b 00 00 60 34 00 00 b0 34 00 00 dc 8b 00 00 	0000`40004000000
  0xc180	c0 34 00 00 1a 35 00 00 e8 8b 00 00 20 35 00 00 	040005000000 500
  0xc190	98 35 00 00 dc 8b 00 00 a0 35 00 00 78 36 00 00 	050000000500x600
  0xc1a0	f4 8b 00 00 80 36 00 00 3d 37 00 00 08 8c 00 00 	00000600=7000000
  0xc1b0	50 37 00 00 bd 37 00 00 98 8a 00 00 d0 37 00 00 	P700070000000700
  0xc1c0	c6 38 00 00 1c 8c 00 00 08 39 00 00 67 39 00 00 	080000000900g900
  0xc1d0	44 8a 00 00 70 39 00 00 2c 3a 00 00 28 8c 00 00 	D000p900,:00(000
  0xc1e0	34 3a 00 00 1d 3b 00 00 3c 8c 00 00 24 3b 00 00 	4:000;00<000$;00
  0xc1f0	8b 3c 00 00 58 8c 00 00 94 3c 00 00 cb 3d 00 00 	0<00X0000<000=00
  0xc200	70 8c 00 00 d4 3d 00 00 39 3e 00 00 c4 8a 00 00 	p0000=009>000000
  0xc210	40 3e 00 00 74 3e 00 00 8c 8c 00 00 7c 3e 00 00 	@>00t>000000|>00
  0xc220	64 41 00 00 94 8c 00 00 6c 41 00 00 82 42 00 00 	dA000000lA000B00
  0xc230	b4 8c 00 00 88 42 00 00 91 43 00 00 d0 8c 00 00 	00000B000C000000
  0xc240	98 43 00 00 f5 43 00 00 c4 8a 00 00 00 44 00 00 	0C000C0000000D00
  0xc250	68 46 00 00 e8 8c 00 00 70 46 00 00 33 47 00 00 	hF000000pF003G00
  0xc260	00 8d 00 00 3c 47 00 00 9b 48 00 00 0c 8d 00 00 	0000<G000H000000
  0xc270	a4 48 00 00 cc 4a 00 00 1c 8d 00 00 d4 4a 00 00 	0H000J0000000J00
  0xc280	ea 4b 00 00 38 8d 00 00 f0 4b 00 00 a5 4c 00 00 	0K0080000K000L00
  0xc290	3c 8c 00 00 b0 4c 00 00 02 4e 00 00 48 8d 00 00 	<0000L000N00H000
  0xc2a0	10 4e 00 00 12 4f 00 00 64 8d 00 00 20 4f 00 00 	0N000O00d000 O00
  0xc2b0	d2 50 00 00 74 8d 00 00 e0 50 00 00 aa 51 00 00 	0P00t0000P000Q00
  0xc2c0	84 8d 00 00 b0 51 00 00 2e 52 00 00 98 8d 00 00 	00000Q00.R000000
  0xc2d0	34 52 00 00 f3 52 00 00 a8 8d 00 00 fc 52 00 00 	4R000R0000000R00
  0xc2e0	91 54 00 00 bc 8d 00 00 98 54 00 00 5c 55 00 00 	0T0000000T000U00
  0xc2f0	d0 8d 00 00 64 55 00 00 c2 56 00 00 3c 8c 00 00 	0000dU000V00<000
  0xc300	c8 56 00 00 e6 56 00 00 e0 8d 00 00 ec 56 00 00 	0V000V0000000V00
  0xc310	22 5a 00 00 e8 8d 00 00 30 5a 00 00 03 5b 00 00 	"Z0000000Z000[00
  0xc320	90 8b 00 00 10 5b 00 00 59 5b 00 00 00 8e 00 00 	00000[00Y[000000
  0xc330	60 5b 00 00 1e 5d 00 00 08 8e 00 00 30 5d 00 00 	`[000]0000000]00
  0xc340	42 5d 00 00 90 8b 00 00 60 5d 00 00 7e 5d 00 00 	B]000000`]00~]00
  0xc350	40 8e 00 00 84 5d 00 00 b8 5d 00 00 98 8a 00 00 	@0000]000]000000
  0xc360	c0 5d 00 00 31 5f 00 00 4c 8e 00 00 38 5f 00 00 	0]001_00L0008_00
  0xc370	2f 60 00 00 44 8e 00 00 40 60 00 00 79 60 00 00 	/`00D000@`00y`00
  0xc380	90 8b 00 00 80 60 00 00 98 60 00 00 90 8b 00 00 	00000`000`000000
  0xc390	ac 60 00 00 00 61 00 00 54 8e 00 00 08 61 00 00 	0`000a00T0000a00
  0xc3a0	4d 61 00 00 98 8a 00 00 c0 61 00 00 0d 62 00 00 	Ma0000000a000b00
  0xc3b0	74 8e 00 00 54 62 00 00 28 63 00 00 98 8e 00 00 	t000Tb00(c000000
  0xc3c0	68 63 00 00 86 63 00 00 98 8a 00 00 98 63 00 00 	hc000c0000000c00
  0xc3d0	b5 63 00 00 90 8b 00 00 bc 63 00 00 17 64 00 00 	0c0000000c000d00
  0xc3e0	ac 8e 00 00 40 64 00 00 42 64 00 00 a8 8e 00 00 	0000@d00Bd000000
  0xc3f0	50 64 00 00 6e 64 00 00 34 8e 00 00 80 64 00 00 	Pd00nd0040000d00
  0xc400	a0 64 00 00 34 8e 00 00 00 00 00 00 00 00 00 00 	0d00400000000000
  0xc410	00 00 00 00 00 00 00 00 00 00 00 00 00 00 00 00 	0000000000000000
  0xc420	00 00 00 00 00 00 00 00 00 00 00 00 00 00 00 00 	0000000000000000
  0xc430	00 00 00 00 00 00 00 00 00 00 00 00 00 00 00 00 	0000000000000000
  0xc440	00 00 00 00 00 00 00 00 00 00 00 00 00 00 00 00 	0000000000000000
  0xc450	00 00 00 00 00 00 00 00 00 00 00 00 00 00 00 00 	0000000000000000
  0xc460	00 00 00 00 00 00 00 00 00 00 00 00 00 00 00 00 	0000000000000000
  0xc470	00 00 00 00 00 00 00 00 00 00 00 00 00 00 00 00 	0000000000000000
  0xc480	00 00 00 00 00 00 00 00 00 00 00 00 00 00 00 00 	0000000000000000
  0xc490	00 00 00 00 00 00 00 00 00 00 00 00 00 00 00 00 	0000000000000000
  0xc4a0	00 00 00 00 00 00 00 00 00 00 00 00 00 00 00 00 	0000000000000000
  0xc4b0	00 00 00 00 00 00 00 00 00 00 00 00 00 00 00 00 	0000000000000000
  0xc4c0	00 00 00 00 00 00 00 00 00 00 00 00 00 00 00 00 	0000000000000000
  0xc4d0	00 00 00 00 00 00 00 00 00 00 00 00 00 00 00 00 	0000000000000000
  0xc4e0	00 00 00 00 00 00 00 00 00 00 00 00 00 00 00 00 	0000000000000000
  0xc4f0	00 00 00 00 00 00 00 00 00 00 00 00 00 00 00 00 	0000000000000000
  0xc500	00 00 00 00 00 00 00 00 00 00 00 00 00 00 00 00 	0000000000000000
  0xc510	00 00 00 00 00 00 00 00 00 00 00 00 00 00 00 00 	0000000000000000
  0xc520	00 00 00 00 00 00 00 00 00 00 00 00 00 00 00 00 	0000000000000000
  0xc530	00 00 00 00 00 00 00 00 00 00 00 00 00 00 00 00 	0000000000000000
  0xc540	00 00 00 00 00 00 00 00 00 00 00 00 00 00 00 00 	0000000000000000
  0xc550	00 00 00 00 00 00 00 00 00 00 00 00 00 00 00 00 	0000000000000000
  0xc560	00 00 00 00 00 00 00 00 00 00 00 00 00 00 00 00 	0000000000000000
  0xc570	00 00 00 00 00 00 00 00 00 00 00 00 00 00 00 00 	0000000000000000
  0xc580	00 00 00 00 00 00 00 00 00 00 00 00 00 00 00 00 	0000000000000000
  0xc590	00 00 00 00 00 00 00 00 00 00 00 00 00 00 00 00 	0000000000000000
  0xc5a0	00 00 00 00 00 00 00 00 00 00 00 00 00 00 00 00 	0000000000000000
  0xc5b0	00 00 00 00 00 00 00 00 00 00 00 00 00 00 00 00 	0000000000000000
  0xc5c0	00 00 00 00 00 00 00 00 00 00 00 00 00 00 00 00 	0000000000000000
  0xc5d0	00 00 00 00 00 00 00 00 00 00 00 00 00 00 00 00 	0000000000000000
  0xc5e0	00 00 00 00 00 00 00 00 00 00 00 00 00 00 00 00 	0000000000000000
  0xc5f0	00 00 00 00 00 00 00 00 00 00 00 00 00 00 00 00 	0000000000000000
=== DATA BLOCK END ===
