===== Assembly blocks =====

=== CODE BLOCK ADDRESS 0x1000 ===
=== CODE BLOCK END ===

=== DATA BLOCK ADDRESS 0x9000 ===
  0x9000	70 c0 00 40 01 00 00 00 10 c1 00 40 01 00 00 00 	p00@0000000@0000
  0x9010	18 01 00 00 00 00 00 00 00 00 00 00 00 00 00 00 	0000000000000000
  0x9020	00 00 00 00 00 00 00 00 00 00 00 00 00 00 00 00 	0000000000000000
  0x9030	00 00 00 00 00 00 00 00 00 00 00 00 00 00 00 00 	0000000000000000
  0x9040	00 00 00 00 00 00 00 00 00 00 00 00 00 00 00 00 	0000000000000000
  0x9050	00 00 00 00 00 00 00 00 00 00 00 00 00 00 00 00 	0000000000000000
  0x9060	00 00 00 00 00 00 00 00 08 c0 00 40 01 00 00 00 	00000000000@0000
  0x9070	00 00 00 00 00 00 00 00 00 00 00 00 00 00 00 00 	0000000000000000
  0x9080	50 96 00 40 01 00 00 00 58 96 00 40 01 00 00 00 	P00@0000X00@0000
  0x9090	98 96 00 40 01 00 00 00 15 00 00 00 00 00 00 00 	000@000000000000
  0x90a0	00 75 01 00 00 00 00 00 00 00 00 00 00 00 00 00 	0u00000000000000
  0x90b0	ec 96 00 40 01 00 00 00 01 00 00 00 00 00 00 00 	000@000000000000
  0x90c0	00 00 00 00 00 00 00 00 00 00 00 00 00 00 00 00 	0000000000000000
  0x90d0	00 00 00 00 00 00 00 00 00 00 00 00 00 00 00 00 	0000000000000000
  0x90e0	00 00 00 00 00 00 00 00 00 00 00 00 00 00 00 00 	0000000000000000
  0x90f0	00 00 00 00 00 00 00 00 00 00 00 00 00 00 00 00 	0000000000000000
  0x9100	00 00 00 00 00 00 00 00 00 00 00 00 00 00 00 00 	0000000000000000
  0x9110	00 00 00 00 00 00 00 00 00 00 00 00 00 00 00 00 	0000000000000000
  0x9120	00 00 00 00 00 00 00 00 58 ac 00 00 00 00 00 00 	00000000X0000000
  0x9130	68 ac 00 00 00 00 00 00 7e ac 00 00 00 00 00 00 	h0000000~0000000
  0x9140	92 ac 00 00 00 00 00 00 a6 ac 00 00 00 00 00 00 	0000000000000000
  0x9150	c6 ac 00 00 00 00 00 00 d6 ac 00 00 00 00 00 00 	0000000000000000
  0x9160	f2 ac 00 00 00 00 00 00 0c ad 00 00 00 00 00 00 	0000000000000000
  0x9170	28 ad 00 00 00 00 00 00 42 ad 00 00 00 00 00 00 	(0000000B0000000
  0x9180	68 ad 00 00 00 00 00 00 80 ad 00 00 00 00 00 00 	h000000000000000
  0x9190	90 ad 00 00 00 00 00 00 b4 ad 00 00 00 00 00 00 	0000000000000000
  0x91a0	c0 ad 00 00 00 00 00 00 d8 ad 00 00 00 00 00 00 	0000000000000000
  0x91b0	e6 ad 00 00 00 00 00 00 02 ae 00 00 00 00 00 00 	0000000000000000
  0x91c0	1e ae 00 00 00 00 00 00 2e ae 00 00 00 00 00 00 	00000000.0000000
  0x91d0	40 ae 00 00 00 00 00 00 00 00 00 00 00 00 00 00 	@000000000000000
  0x91e0	70 b4 00 00 00 00 00 00 8a b4 00 00 00 00 00 00 	p000000000000000
  0x91f0	a8 b4 00 00 00 00 00 00 cc b4 00 00 00 00 00 00 	0000000000000000
  0x9200	ea b4 00 00 00 00 00 00 fe b4 00 00 00 00 00 00 	0000000000000000
  0x9210	10 b5 00 00 00 00 00 00 28 b5 00 00 00 00 00 00 	00000000(0000000
  0x9220	46 b5 00 00 00 00 00 00 56 b5 00 00 00 00 00 00 	F0000000V0000000
  0x9230	6e b5 00 00 00 00 00 00 58 b4 00 00 00 00 00 00 	n0000000X0000000
  0x9240	00 00 00 00 00 00 00 00 48 b7 00 00 00 00 00 00 	00000000H0000000
  0x9250	34 b7 00 00 00 00 00 00 00 00 00 00 00 00 00 00 	4000000000000000
  0x9260	9a b6 00 00 00 00 00 00 74 b6 00 00 00 00 00 00 	00000000t0000000
  0x9270	50 b6 00 00 00 00 00 00 00 00 00 00 00 00 00 00 	P000000000000000
  0x9280	ec b6 00 00 00 00 00 00 08 b7 00 00 00 00 00 00 	0000000000000000
  0x9290	c8 b6 00 00 00 00 00 00 00 00 00 00 00 00 00 00 	0000000000000000
  0x92a0	f2 af 00 00 00 00 00 00 06 b0 00 00 00 00 00 00 	0000000000000000
  0x92b0	18 b0 00 00 00 00 00 00 2a b0 00 00 00 00 00 00 	00000000*0000000
  0x92c0	3a b0 00 00 00 00 00 00 4e b0 00 00 00 00 00 00 	:0000000N0000000
  0x92d0	5e b0 00 00 00 00 00 00 70 b0 00 00 00 00 00 00 	^0000000p0000000
  0x92e0	02 af 00 00 00 00 00 00 8c b0 00 00 00 00 00 00 	0000000000000000
  0x92f0	a2 b0 00 00 00 00 00 00 b0 b0 00 00 00 00 00 00 	0000000000000000
  0x9300	c6 b0 00 00 00 00 00 00 ea b0 00 00 00 00 00 00 	0000000000000000
  0x9310	00 b1 00 00 00 00 00 00 10 b1 00 00 00 00 00 00 	0000000000000000
  0x9320	1e b1 00 00 00 00 00 00 34 b1 00 00 00 00 00 00 	0000000040000000
  0x9330	4c b1 00 00 00 00 00 00 8a af 00 00 00 00 00 00 	L000000000000000
  0x9340	ce af 00 00 00 00 00 00 8e b1 00 00 00 00 00 00 	0000000000000000
  0x9350	a0 b1 00 00 00 00 00 00 b6 b1 00 00 00 00 00 00 	0000000000000000
  0x9360	ca b1 00 00 00 00 00 00 dc b1 00 00 00 00 00 00 	0000000000000000
  0x9370	e8 b1 00 00 00 00 00 00 f8 b1 00 00 00 00 00 00 	0000000000000000
  0x9380	42 b8 00 00 00 00 00 00 28 b8 00 00 00 00 00 00 	B0000000(0000000
  0x9390	12 b8 00 00 00 00 00 00 fc b7 00 00 00 00 00 00 	0000000000000000
  0x93a0	e2 b7 00 00 00 00 00 00 52 b8 00 00 00 00 00 00 	00000000R0000000
  0x93b0	ce b7 00 00 00 00 00 00 ba b7 00 00 00 00 00 00 	0000000000000000
  0x93c0	9c b7 00 00 00 00 00 00 80 b7 00 00 00 00 00 00 	0000000000000000
  0x93d0	78 b7 00 00 00 00 00 00 72 af 00 00 00 00 00 00 	x0000000r0000000
  0x93e0	60 af 00 00 00 00 00 00 4c af 00 00 00 00 00 00 	`0000000L0000000
  0x93f0	e2 af 00 00 00 00 00 00 c0 af 00 00 00 00 00 00 	0000000000000000
  0x9400	b0 af 00 00 00 00 00 00 7a b1 00 00 00 00 00 00 	00000000z0000000
  0x9410	9c af 00 00 00 00 00 00 3e af 00 00 00 00 00 00 	00000000>0000000
  0x9420	28 af 00 00 00 00 00 00 64 b1 00 00 00 00 00 00 	(0000000d0000000
  0x9430	14 af 00 00 00 00 00 00 f6 ae 00 00 00 00 00 00 	0000000000000000
  0x9440	e4 ae 00 00 00 00 00 00 d4 ae 00 00 00 00 00 00 	0000000000000000
  0x9450	c8 ae 00 00 00 00 00 00 b8 ae 00 00 00 00 00 00 	0000000000000000
  0x9460	a6 ae 00 00 00 00 00 00 94 ae 00 00 00 00 00 00 	0000000000000000
  0x9470	88 ae 00 00 00 00 00 00 78 ae 00 00 00 00 00 00 	00000000x0000000
  0x9480	6a b8 00 00 00 00 00 00 6c ae 00 00 00 00 00 00 	j0000000l0000000
  0x9490	60 ae 00 00 00 00 00 00 80 b0 00 00 00 00 00 00 	`000000000000000
  0x94a0	00 00 00 00 00 00 00 00 38 b4 00 00 00 00 00 00 	0000000080000000
  0x94b0	2c b4 00 00 00 00 00 00 12 b4 00 00 00 00 00 00 	,000000000000000
  0x94c0	22 b4 00 00 00 00 00 00 00 00 00 00 00 00 00 00 	"000000000000000
  0x94d0	bc b3 00 00 00 00 00 00 de b3 00 00 00 00 00 00 	0000000000000000
  0x94e0	cc b3 00 00 00 00 00 00 00 00 00 00 00 00 00 00 	0000000000000000
  0x94f0	f8 b3 00 00 00 00 00 00 00 00 00 00 00 00 00 00 	0000000000000000
  0x9500	26 b6 00 00 00 00 00 00 06 b6 00 00 00 00 00 00 	&000000000000000
  0x9510	f4 b5 00 00 00 00 00 00 d6 b5 00 00 00 00 00 00 	0000000000000000
  0x9520	c2 b5 00 00 00 00 00 00 ae b5 00 00 00 00 00 00 	0000000000000000
  0x9530	9e b5 00 00 00 00 00 00 00 00 00 00 00 00 00 00 	0000000000000000
  0x9540	2c b3 00 00 00 00 00 00 a4 b8 00 00 00 00 00 00 	,000000000000000
  0x9550	9a b8 00 00 00 00 00 00 90 b8 00 00 00 00 00 00 	0000000000000000
  0x9560	44 b3 00 00 00 00 00 00 22 b3 00 00 00 00 00 00 	D0000000"0000000
  0x9570	0a b3 00 00 00 00 00 00 fe b2 00 00 00 00 00 00 	0000000000000000
  0x9580	ea b2 00 00 00 00 00 00 e0 b2 00 00 00 00 00 00 	0000000000000000
  0x9590	d8 b2 00 00 00 00 00 00 d0 b2 00 00 00 00 00 00 	0000000000000000
  0x95a0	be b2 00 00 00 00 00 00 ac b2 00 00 00 00 00 00 	0000000000000000
  0x95b0	9e b2 00 00 00 00 00 00 90 b2 00 00 00 00 00 00 	0000000000000000
  0x95c0	84 b2 00 00 00 00 00 00 78 b2 00 00 00 00 00 00 	00000000x0000000
  0x95d0	6e b2 00 00 00 00 00 00 64 b2 00 00 00 00 00 00 	n0000000d0000000
  0x95e0	5a b2 00 00 00 00 00 00 46 b2 00 00 00 00 00 00 	Z0000000F0000000
  0x95f0	3a b2 00 00 00 00 00 00 28 b2 00 00 00 00 00 00 	:0000000(0000000
  0x9600	1a b2 00 00 00 00 00 00 82 b8 00 00 00 00 00 00 	0000000000000000
  0x9610	50 b2 00 00 00 00 00 00 ae b8 00 00 00 00 00 00 	P000000000000000
  0x9620	00 00 00 00 00 00 00 00 70 b3 00 00 00 00 00 00 	00000000p0000000
  0x9630	58 b3 00 00 00 00 00 00 84 b3 00 00 00 00 00 00 	X000000000000000
  0x9640	9e b3 00 00 00 00 00 00 00 00 00 00 00 00 00 00 	0000000000000000
  0x9650	30 8c 00 40 01 00 00 00 80 8e 00 40 01 00 00 00 	000@0000000@0000
  0x9660	00 00 00 00 00 00 00 00 f0 83 00 40 01 00 00 00 	00000000000@0000
  0x9670	00 00 00 00 00 00 00 00 00 00 00 00 00 00 00 00 	0000000000000000
  0x9680	10 83 00 40 01 00 00 00 60 89 00 40 01 00 00 00 	000@0000`00@0000
  0x9690	00 00 00 00 00 00 00 00 80 22 00 00 f0 22 00 00 	000000000"000"00
  0x96a0	10 25 00 00 c0 2a 00 00 90 2b 00 00 10 2c 00 00 	0%000*000+000,00
  0x96b0	90 2c 00 00 20 2d 00 00 50 2e 00 00 80 2f 00 00 	0,00 -00P.000/00
  0x96c0	b0 30 00 00 e0 31 00 00 c0 82 00 00 10 83 00 00 	0000010000000000
  0x96d0	f0 83 00 00 10 86 00 00 a0 86 00 00 20 89 00 00 	000000000000 000
  0x96e0	60 89 00 00 40 8a 00 00 30 8c 00 00 80 94 00 00 	`000@00000000000
  0x96f0	53 48 45 4c 4c 33 32 2e 64 6c 6c 00 00 00 00 00 	SHELL32.dll00000
  0x9700	65 64 70 75 74 69 6c 2e 64 6c 6c 00 00 00 00 00 	edputil.dll00000
  0x9710	6b 00 65 00 72 00 6e 00 65 00 6c 00 33 00 32 00 	k0e0r0n0e0l03020
  0x9720	2e 00 64 00 6c 00 6c 00 00 00 00 00 00 00 00 00 	.0d0l0l000000000
  0x9730	53 65 74 54 68 72 65 61 64 55 49 4c 61 6e 67 75 	SetThreadUILangu
  0x9740	61 67 65 00 3a 00 20 00 00 00 00 00 00 00 00 00 	age0:0 000000000
  0x9750	25 00 73 00 25 00 73 00 25 00 73 00 00 00 00 00 	%0s0%0s0%0s00000
  0x9760	5c 00 6e 00 74 00 6c 00 64 00 72 00 00 00 00 00 	00n0t0l0d0r00000
  0x9770	5c 00 62 00 6f 00 6f 00 74 00 6d 00 67 00 72 00 	00b0o0o0t0m0g0r0
  0x9780	00 00 00 00 00 00 00 00 25 00 49 00 36 00 34 00 	00000000%0I06040
  0x9790	75 00 00 00 5c 00 00 00 00 00 00 00 00 00 00 00 	u000000000000000
  0x97a0	41 00 45 00 53 00 00 00 44 00 45 00 53 00 58 00 	A0E0S000D0E0S0X0
  0x97b0	00 00 00 00 00 00 00 00 33 00 44 00 45 00 53 00 	0000000030D0E0S0
  0x97c0	00 00 00 00 00 00 00 00 44 00 45 00 53 00 00 00 	00000000D0E0S000
  0x97d0	55 00 4e 00 4b 00 4e 00 4f 00 57 00 4e 00 00 00 	U0N0K0N0O0W0N000
  0x97e0	41 00 64 00 64 00 72 00 65 00 73 00 73 00 42 00 	A0d0d0r0e0s0s0B0
  0x97f0	6f 00 6f 00 6b 00 00 00 25 00 73 00 5c 00 25 00 	o0o0k000%0s000%0
  0x9800	73 00 00 00 00 00 00 00 25 00 73 00 20 00 5b 00 	s0000000%0s0 0[0
  0x9810	25 00 73 00 5d 00 00 00 0a 00 00 00 2e 00 00 00 	%0s0]0000000.000
  0x9820	2e 00 2e 00 00 00 00 00 2a 00 00 00 00 00 00 00 	.0.00000*0000000
  0x9830	53 00 6f 00 66 00 74 00 77 00 61 00 72 00 65 00 	S0o0f0t0w0a0r0e0
  0x9840	5c 00 4d 00 69 00 63 00 72 00 6f 00 73 00 6f 00 	00M0i0c0r0o0s0o0
  0x9850	66 00 74 00 5c 00 57 00 69 00 6e 00 64 00 6f 00 	f0t000W0i0n0d0o0
  0x9860	77 00 73 00 20 00 4e 00 54 00 5c 00 43 00 75 00 	w0s0 0N0T000C0u0
  0x9870	72 00 72 00 65 00 6e 00 74 00 56 00 65 00 72 00 	r0r0e0n0t0V0e0r0
  0x9880	73 00 69 00 6f 00 6e 00 5c 00 45 00 46 00 53 00 	s0i0o0n000E0F0S0
  0x9890	5c 00 43 00 75 00 72 00 72 00 65 00 6e 00 74 00 	00C0u0r0r0e0n0t0
  0x98a0	4b 00 65 00 79 00 73 00 00 00 00 00 00 00 00 00 	K0e0y0s000000000
  0x98b0	43 00 65 00 72 00 74 00 69 00 66 00 69 00 63 00 	C0e0r0t0i0f0i0c0
  0x98c0	61 00 74 00 65 00 48 00 61 00 73 00 68 00 00 00 	a0t0e0H0a0s0h000
  0x98d0	41 00 3a 00 5c 00 00 00 4e 00 54 00 46 00 53 00 	A0:00000N0T0F0S0
  0x98e0	00 00 00 00 00 00 00 00 00 00 00 00 00 00 00 00 	0000000000000000
  0x98f0	4d 00 69 00 63 00 72 00 6f 00 73 00 6f 00 66 00 	M0i0c0r0o0s0o0f0
  0x9900	74 00 20 00 53 00 6f 00 66 00 74 00 77 00 61 00 	t0 0S0o0f0t0w0a0
  0x9910	72 00 65 00 20 00 4b 00 65 00 79 00 20 00 53 00 	r0e0 0K0e0y0 0S0
  0x9920	74 00 6f 00 72 00 61 00 67 00 65 00 20 00 50 00 	t0o0r0a0g0e0 0P0
  0x9930	72 00 6f 00 76 00 69 00 64 00 65 00 72 00 00 00 	r0o0v0i0d0e0r000
  0x9940	4d 00 69 00 63 00 72 00 6f 00 73 00 6f 00 66 00 	M0i0c0r0o0s0o0f0
  0x9950	74 00 20 00 45 00 6e 00 68 00 61 00 6e 00 63 00 	t0 0E0n0h0a0n0c0
  0x9960	65 00 64 00 20 00 43 00 72 00 79 00 70 00 74 00 	e0d0 0C0r0y0p0t0
  0x9970	6f 00 67 00 72 00 61 00 70 00 68 00 69 00 63 00 	o0g0r0a0p0h0i0c0
  0x9980	20 00 50 00 72 00 6f 00 76 00 69 00 64 00 65 00 	 0P0r0o0v0i0d0e0
  0x9990	72 00 20 00 76 00 31 00 2e 00 30 00 00 00 00 00 	r0 0v010.0000000
  0x99a0	0a 00 00 00 00 00 00 00 25 00 73 00 2e 00 50 00 	00000000%0s0.0P0
  0x99b0	46 00 58 00 00 00 00 00 25 00 73 00 2e 00 43 00 	F0X00000%0s0.0C0
  0x99c0	45 00 52 00 00 00 00 00 4f 00 62 00 6a 00 65 00 	E0R00000O0b0j0e0
  0x99d0	63 00 74 00 4c 00 65 00 6e 00 67 00 74 00 68 00 	c0t0L0e0n0g0t0h0
  0x99e0	00 00 00 00 00 00 00 00 42 00 6c 00 6f 00 63 00 	00000000B0l0o0c0
  0x99f0	6b 00 4c 00 65 00 6e 00 67 00 74 00 68 00 00 00 	k0L0e0n0g0t0h000
  0x9a00	25 00 6c 00 64 00 00 00 2e 00 45 00 00 00 00 00 	%0l0d000.0E00000
  0x9a10	2e 00 00 00 00 00 00 00 45 00 46 00 53 00 54 00 	.0000000E0F0S0T0
  0x9a20	4d 00 50 00 57 00 50 00 5c 00 00 00 00 00 00 00 	M0P0W0P000000000
  0x9a30	25 00 73 00 25 00 73 00 00 00 00 00 00 00 00 00 	%0s0%0s000000000
  0x9a40	66 00 69 00 6c 00 00 00 31 2e 33 2e 36 2e 31 2e 	f0i0l0001.3.6.1.
  0x9a50	34 2e 31 2e 33 31 31 2e 31 30 2e 33 2e 34 00 00 	4.1.311.10.3.400
  0x9a60	6c 00 64 00 61 00 70 00 3a 00 2f 00 2f 00 2f 00 	l0d0a0p0:0/0/0/0
  0x9a70	25 00 73 00 3f 00 75 00 73 00 65 00 72 00 43 00 	%0s0?0u0s0e0r0C0
  0x9a80	65 00 72 00 74 00 69 00 66 00 69 00 63 00 61 00 	e0r0t0i0f0i0c0a0
  0x9a90	74 00 65 00 00 00 00 00 4d 00 59 00 00 00 00 00 	t0e00000M0Y00000
  0x9aa0	54 00 52 00 55 00 53 00 54 00 45 00 44 00 50 00 	T0R0U0S0T0E0D0P0
  0x9ab0	45 00 4f 00 50 00 4c 00 45 00 00 00 00 00 00 00 	E0O0P0L0E0000000
  0x9ac0	41 00 44 00 44 00 52 00 45 00 53 00 53 00 42 00 	A0D0D0R0E0S0S0B0
  0x9ad0	4f 00 4f 00 4b 00 00 00 4d 00 79 00 00 00 00 00 	O0O0K000M0y00000
  0x9ae0	2e 00 50 00 46 00 58 00 00 00 00 00 2f 00 65 00 	.0P0F0X00000/0e0
  0x9af0	00 00 00 00 2f 00 64 00 00 00 00 00 2f 00 61 00 	0000/0d00000/0a0
  0x9b00	00 00 00 00 2f 00 42 00 00 00 00 00 2f 00 69 00 	0000/0B00000/0i0
  0x9b10	00 00 00 00 2f 00 71 00 00 00 00 00 2f 00 6b 00 	0000/0q00000/0k0
  0x9b20	00 00 00 00 00 00 00 00 2f 00 45 00 43 00 43 00 	00000000/0E0C0C0
  0x9b30	00 00 00 00 2f 00 75 00 00 00 00 00 2f 00 6e 00 	0000/0u00000/0n0
  0x9b40	00 00 00 00 2f 00 68 00 00 00 00 00 00 00 00 00 	0000/0h000000000
  0x9b50	2f 00 53 00 4d 00 41 00 52 00 54 00 43 00 41 00 	/0S0M0A0R0T0C0A0
  0x9b60	52 00 44 00 00 00 00 00 2f 00 73 00 00 00 00 00 	R0D00000/0s00000
  0x9b70	2f 00 66 00 00 00 00 00 2f 00 79 00 00 00 00 00 	/0f00000/0y00000
  0x9b80	2f 00 63 00 00 00 00 00 2f 00 43 00 45 00 52 00 	/0c00000/0C0E0R0
  0x9b90	54 00 48 00 41 00 53 00 48 00 00 00 00 00 00 00 	T0H0A0S0H0000000
  0x9ba0	2f 00 43 00 45 00 52 00 54 00 46 00 49 00 4c 00 	/0C0E0R0T0F0I0L0
  0x9bb0	45 00 00 00 00 00 00 00 2f 00 55 00 53 00 45 00 	E0000000/0U0S0E0
  0x9bc0	52 00 00 00 00 00 00 00 2f 00 41 00 44 00 44 00 	R0000000/0A0D0D0
  0x9bd0	55 00 53 00 45 00 52 00 00 00 00 00 00 00 00 00 	U0S0E0R000000000
  0x9be0	2f 00 52 00 45 00 4b 00 45 00 59 00 00 00 00 00 	/0R0E0K0E0Y00000
  0x9bf0	2f 00 52 00 45 00 4d 00 4f 00 56 00 45 00 55 00 	/0R0E0M0O0V0E0U0
  0x9c00	53 00 45 00 52 00 00 00 2f 00 46 00 4c 00 55 00 	S0E0R000/0F0L0U0
  0x9c10	53 00 48 00 43 00 41 00 43 00 48 00 45 00 00 00 	S0H0C0A0C0H0E000
  0x9c20	2f 00 53 00 45 00 52 00 56 00 45 00 52 00 00 00 	/0S0E0R0V0E0R000
  0x9c30	2f 00 78 00 00 00 00 00 2f 00 72 00 00 00 00 00 	/0x00000/0r00000
  0x9c40	2f 00 70 00 00 00 00 00 2f 00 77 00 00 00 00 00 	/0p00000/0w00000
  0x9c50	32 00 35 00 36 00 00 00 45 00 43 00 44 00 48 00 	20506000E0C0D0H0
  0x9c60	5f 00 50 00 32 00 35 00 36 00 00 00 00 00 00 00 	_0P0205060000000
  0x9c70	33 00 38 00 34 00 00 00 45 00 43 00 44 00 48 00 	30804000E0C0D0H0
  0x9c80	5f 00 50 00 33 00 38 00 34 00 00 00 00 00 00 00 	_0P0308040000000
  0x9c90	35 00 32 00 31 00 00 00 45 00 43 00 44 00 48 00 	50201000E0C0D0H0
  0x9ca0	5f 00 50 00 35 00 32 00 31 00 00 00 00 00 00 00 	_0P0502010000000
  0x9cb0	00 00 00 00 00 00 00 00 00 00 00 00 00 00 00 00 	0000000000000000
  0x9cc0	00 00 00 00 ad 5f 8d 14 00 00 00 00 02 00 00 00 	00000_0000000000
  0x9cd0	23 00 00 00 14 9d 00 00 14 91 00 00 00 00 00 00 	#000000000000000
  0x9ce0	ad 5f 8d 14 00 00 00 00 0d 00 00 00 78 02 00 00 	0_0000000000x000
  0x9cf0	38 9d 00 00 38 91 00 00 00 00 00 00 ad 5f 8d 14 	8000800000000_00
  0x9d00	00 00 00 00 10 00 00 00 24 00 00 00 b0 9f 00 00 	00000000$0000000
  0x9d10	b0 93 00 00 52 53 44 53 6e 44 ec 03 57 61 c3 7b 	0000RSDSnD00Wa0{
  0x9d20	cf 92 bb ef 12 2c 5a e7 01 00 00 00 63 69 70 68 	00000,Z00000ciph
  0x9d30	65 72 2e 70 64 62 00 00 47 43 54 4c 00 10 00 00 	er.pdb00GCTL0000
  0x9d40	70 7e 00 00 2e 74 65 78 74 24 6d 6e 00 00 00 00 	p~00.text$mn0000
  0x9d50	70 8e 00 00 20 00 00 00 2e 74 65 78 74 24 6d 6e 	p000 000.text$mn
  0x9d60	24 30 30 00 90 8e 00 00 50 00 00 00 2e 74 65 78 	$0000000P000.tex
  0x9d70	74 24 78 00 00 90 00 00 28 01 00 00 2e 72 64 61 	t$x00000(000.rda
  0x9d80	74 61 24 62 72 63 00 00 28 91 00 00 28 05 00 00 	ta$brc00(000(000
  0x9d90	2e 69 64 61 74 61 24 35 00 00 00 00 50 96 00 00 	.idata$50000P000
  0x9da0	10 00 00 00 2e 30 30 63 66 67 00 00 60 96 00 00 	0000.00cfg00`000
  0x9db0	08 00 00 00 2e 43 52 54 24 58 43 41 00 00 00 00 	0000.CRT$XCA0000
  0x9dc0	68 96 00 00 08 00 00 00 2e 43 52 54 24 58 43 41 	h0000000.CRT$XCA
  0x9dd0	41 00 00 00 70 96 00 00 08 00 00 00 2e 43 52 54 	A000p0000000.CRT
  0x9de0	24 58 43 5a 00 00 00 00 78 96 00 00 08 00 00 00 	$XCZ0000x0000000
  0x9df0	2e 43 52 54 24 58 49 41 00 00 00 00 80 96 00 00 	.CRT$XIA00000000
  0x9e00	08 00 00 00 2e 43 52 54 24 58 49 41 41 00 00 00 	0000.CRT$XIAA000
  0x9e10	88 96 00 00 08 00 00 00 2e 43 52 54 24 58 49 59 	00000000.CRT$XIY
  0x9e20	00 00 00 00 90 96 00 00 08 00 00 00 2e 43 52 54 	000000000000.CRT
  0x9e30	24 58 49 5a 00 00 00 00 98 96 00 00 54 00 00 00 	$XIZ00000000T000
  0x9e40	2e 67 66 69 64 73 00 00 ec 96 00 00 04 00 00 00 	.gfids0000000000
  0x9e50	2e 67 69 61 74 73 00 00 f0 96 00 00 24 06 00 00 	.giats000000$000
  0x9e60	2e 72 64 61 74 61 00 00 14 9d 00 00 c4 02 00 00 	.rdata0000000000
  0x9e70	2e 72 64 61 74 61 24 7a 7a 7a 64 62 67 00 00 00 	.rdata$zzzdbg000
  0x9e80	d8 9f 00 00 4c 05 00 00 2e 78 64 61 74 61 00 00 	0000L000.xdata00
  0x9e90	24 a5 00 00 40 00 00 00 2e 64 69 64 61 74 24 32 	$000@000.didat$2
  0x9ea0	00 00 00 00 64 a5 00 00 24 00 00 00 2e 64 69 64 	0000d000$000.did
  0x9eb0	61 74 24 33 00 00 00 00 88 a5 00 00 30 00 00 00 	at$3000000000000
  0x9ec0	2e 64 69 64 61 74 24 34 00 00 00 00 b8 a5 00 00 	.didat$400000000
  0x9ed0	40 00 00 00 2e 64 69 64 61 74 24 36 00 00 00 00 	@000.didat$60000
  0x9ee0	f8 a5 00 00 30 00 00 00 2e 64 69 64 61 74 24 37 	00000000.didat$7
  0x9ef0	00 00 00 00 28 a6 00 00 f0 00 00 00 2e 69 64 61 	0000(0000000.ida
  0x9f00	74 61 24 32 00 00 00 00 18 a7 00 00 18 00 00 00 	ta$2000000000000
  0x9f10	2e 69 64 61 74 61 24 33 00 00 00 00 30 a7 00 00 	.idata$300000000
  0x9f20	28 05 00 00 2e 69 64 61 74 61 24 34 00 00 00 00 	(000.idata$40000
  0x9f30	58 ac 00 00 60 0c 00 00 2e 69 64 61 74 61 24 36 	X000`000.idata$6
  0x9f40	00 00 00 00 00 c0 00 00 40 00 00 00 2e 64 61 74 	00000000@000.dat
  0x9f50	61 00 00 00 40 c0 00 00 20 2b 00 00 2e 62 73 73 	a000@000 +00.bss
  0x9f60	00 00 00 00 00 f0 00 00 14 04 00 00 2e 70 64 61 	000000000000.pda
  0x9f70	74 61 00 00 00 00 01 00 30 00 00 00 2e 64 69 64 	ta0000000000.did
  0x9f80	61 74 24 35 00 00 00 00 00 10 01 00 f0 00 00 00 	at$5000000000000
  0x9f90	2e 72 73 72 63 24 30 31 00 00 00 00 f0 10 01 00 	.rsrc$0100000000
  0x9fa0	10 07 00 00 2e 72 73 72 63 24 30 32 00 00 00 00 	0000.rsrc$020000
  0x9fb0	20 00 00 00 6e 44 ec 03 57 61 c3 7b cf 92 bb ef 	 000nD00Wa0{0000
  0x9fc0	12 2c 5a e7 25 91 72 b4 82 b0 f1 c5 3c 07 bb 41 	0,Z0%0r00000<00A
  0x9fd0	ad 5f 8d 14 00 00 00 00 01 05 02 00 05 34 01 00 	0_00000000000400
  0x9fe0	01 12 05 00 12 42 0e 70 0d 60 0c 50 0b 30 00 00 	00000B0p0`0P0000
  0x9ff0	01 06 02 00 06 32 02 30 01 0a 04 00 0a 34 06 00 	0000020000000400
  0xa000	0a 32 06 70 01 14 08 00 14 64 0d 00 14 54 0b 00 	020p00000d000T00
  0xa010	14 34 0a 00 14 72 10 70 01 16 01 00 16 a2 00 00 	04000r0p00000000
  0xa020	01 1d 07 00 1d c2 16 f0 14 e0 12 70 11 60 10 30 	00000000000p0`00
  0xa030	0f 50 00 00 01 14 03 00 14 a2 10 70 0f 30 00 00 	0P000000000p0000
  0xa040	01 14 08 00 14 64 08 00 14 54 07 00 14 34 06 00 	00000d000T000400
  0xa050	14 32 10 70 01 0a 02 00 0a 32 06 30 01 12 08 00 	020p000002000000
  0xa060	12 34 0e 00 12 72 0e f0 0c e0 0a 70 09 60 08 50 	04000r00000p0`0P
  0xa070	01 1a 0a 00 1a 34 0f 00 1a 52 16 f0 14 e0 12 d0 	000004000R000000
  0xa080	10 c0 0e 70 0d 60 0c 50 01 0f 06 00 0f 34 0a 00 	000p0`0P00000400
  0xa090	0f 52 08 70 07 60 06 50 01 12 08 00 12 b2 0b f0 	0R0p0`0P00000000
  0xa0a0	09 e0 07 c0 05 70 04 60 03 30 02 50 01 04 01 00 	00000p0`000P0000
  0xa0b0	04 42 00 00 19 20 07 00 0e 01 48 00 07 e0 05 70 	0B000 0000H0000p
  0xa0c0	04 60 03 50 02 30 00 00 b4 8d 00 00 30 02 00 00 	0`0P000000000000
  0xa0d0	19 30 0b 00 1f 34 5d 00 1f 01 54 00 10 f0 0e e0 	000004]000T00000
  0xa0e0	0c d0 0a c0 08 70 07 60 06 50 00 00 b4 8d 00 00 	00000p0`0P000000
  0xa0f0	90 02 00 00 19 1f 05 00 0d 34 19 00 0d 01 16 00 	0000000004000000
  0xa100	06 70 00 00 b4 8d 00 00 a0 00 00 00 19 1b 03 00 	0p00000000000000
  0xa110	09 01 16 00 02 30 00 00 b4 8d 00 00 a0 00 00 00 	0000000000000000
  0xa120	19 19 02 00 07 01 17 00 b4 8d 00 00 a0 00 00 00 	0000000000000000
  0xa130	01 0f 06 00 0f 64 07 00 0f 34 06 00 0f 32 0b 70 	00000d000400020p
  0xa140	01 17 0a 00 17 74 06 00 17 64 05 00 17 54 04 00 	00000t000d000T00
  0xa150	17 34 03 00 17 e0 15 d0 01 15 08 00 15 64 0d 00 	0400000000000d00
  0xa160	15 34 0c 00 15 72 0e e0 0c 70 0b 50 19 25 08 00 	04000r000p0P0%00
  0xa170	17 74 12 00 17 64 11 00 17 34 10 00 17 d2 10 50 	0t000d000400000P
  0xa180	b4 8d 00 00 68 00 00 00 19 2d 0b 00 1b 64 4f 00 	0000h0000-000dO0
  0xa190	1b 54 4e 00 1b 34 4d 00 1b 01 48 00 14 e0 12 c0 	0TN004M000H00000
  0xa1a0	10 70 00 00 b4 8d 00 00 30 02 00 00 19 2b 09 00 	0p00000000000+00
  0xa1b0	1a 01 92 00 0b f0 09 e0 07 c0 05 70 04 60 03 30 	00000000000p0`00
  0xa1c0	02 50 00 00 b4 8d 00 00 80 04 00 00 19 37 0d 00 	0P00000000000700
  0xa1d0	26 74 8a 00 26 64 89 00 26 34 88 00 26 01 82 00 	&t00&d00&400&000
  0xa1e0	18 f0 16 e0 14 d0 12 c0 10 50 00 00 b4 8d 00 00 	000000000P000000
  0xa1f0	00 04 00 00 19 27 0a 00 19 01 1b 00 0d f0 0b e0 	00000'0000000000
  0xa200	09 d0 07 c0 05 70 04 60 03 30 02 50 b4 8d 00 00 	00000p0`000P0000
  0xa210	c8 00 00 00 01 0e 06 00 0e 52 0a e0 08 70 07 60 	000000000R000p0`
  0xa220	06 50 05 30 01 1c 0c 00 1c 64 0d 00 1c 54 0c 00 	0P0000000d000T00
  0xa230	1c 34 0b 00 1c 32 18 f0 16 e0 14 d0 12 c0 10 70 	040002000000000p
  0xa240	01 0a 04 00 0a 34 0a 00 0a 72 06 70 01 1b 0a 00 	000004000r0p0000
  0xa250	1b 54 15 00 1b 34 14 00 1b b2 17 f0 15 e0 13 d0 	0T00040000000000
  0xa260	11 70 10 60 01 23 0a 00 23 34 18 00 23 d2 1c f0 	0p0`0#00#400#000
  0xa270	1a e0 18 d0 16 c0 14 70 13 60 12 50 19 28 09 00 	0000000p0`0P0(00
  0xa280	1a 64 17 00 1a 34 16 00 1a 01 12 00 0e e0 0c 70 	0d0004000000000p
  0xa290	0b 50 00 00 b4 8d 00 00 80 00 00 00 19 2b 0b 00 	0P00000000000+00
  0xa2a0	19 54 58 00 19 34 57 00 19 01 50 00 12 f0 10 e0 	0TX004W000P00000
  0xa2b0	0e d0 0c 70 0b 60 00 00 b4 8d 00 00 70 02 00 00 	000p0`000000p000
  0xa2c0	19 29 0b 00 17 34 22 00 17 01 18 00 10 f0 0e e0 	0)0004"000000000
  0xa2d0	0c d0 0a c0 08 70 07 60 06 50 00 00 b4 8d 00 00 	00000p0`0P000000
  0xa2e0	b0 00 00 00 19 30 0b 00 1f 34 42 00 1f 01 38 00 	0000000004B00080
  0xa2f0	10 f0 0e e0 0c d0 0a c0 08 70 07 60 06 50 00 00 	000000000p0`0P00
  0xa300	b4 8d 00 00 b0 01 00 00 19 37 0d 00 26 74 5c 00 	000000000700&t00
  0xa310	26 64 5b 00 26 34 5a 00 26 01 54 00 18 f0 16 e0 	&d[0&4Z0&0T00000
  0xa320	14 d0 12 c0 10 50 00 00 b4 8d 00 00 90 02 00 00 	00000P0000000000
  0xa330	19 1b 03 00 09 01 2a 00 02 30 00 00 b4 8d 00 00 	000000*000000000
  0xa340	40 01 00 00 01 1a 08 00 1a 54 0d 00 1a 34 0b 00 	@00000000T000400
  0xa350	1a 52 16 e0 14 70 13 60 01 14 08 00 14 64 0c 00 	0R000p0`00000d00
  0xa360	14 54 0b 00 14 34 0a 00 14 72 10 70 01 1c 0c 00 	0T0004000r0p0000
  0xa370	1c 64 11 00 1c 54 0f 00 1c 34 0e 00 1c 72 18 f0 	0d000T0004000r00
  0xa380	16 e0 14 d0 12 c0 10 70 01 14 08 00 14 64 0a 00 	0000000p00000d00
  0xa390	14 54 09 00 14 34 08 00 14 52 10 70 01 15 08 00 	0T0004000R0p0000
  0xa3a0	15 74 08 00 15 64 07 00 15 34 06 00 15 32 11 e0 	0t000d0004000200
  0xa3b0	01 0c 04 00 0c 34 0c 00 0c 92 08 70 01 15 08 00 	00000400000p0000
  0xa3c0	15 74 09 00 15 64 08 00 15 34 07 00 15 32 11 e0 	0t000d0004000200
  0xa3d0	01 19 0a 00 19 64 0f 00 19 34 0e 00 19 72 12 f0 	00000d0004000r00
  0xa3e0	10 e0 0e c0 0c 70 0b 50 19 27 09 00 19 34 1c 00 	00000p0P0'000400
  0xa3f0	19 01 14 00 0e f0 0c e0 0a 70 09 60 08 50 00 00 	000000000p0`0P00
  0xa400	b4 8d 00 00 90 00 00 00 01 20 09 00 20 01 12 00 	000000000 00 000
  0xa410	14 f0 12 e0 10 d0 0e 70 0d 60 0c 30 0b 50 00 00 	0000000p0`000P00
  0xa420	01 1c 0c 00 1c 64 0c 00 1c 54 0b 00 1c 34 0a 00 	00000d000T000400
  0xa430	1c 32 18 f0 16 e0 14 d0 12 c0 10 70 19 37 0d 00 	02000000000p0700
  0xa440	26 74 ad 00 26 64 ac 00 26 34 aa 00 26 01 a4 00 	&t00&d00&400&000
  0xa450	18 f0 16 e0 14 d0 12 c0 10 50 00 00 b4 8d 00 00 	000000000P000000
  0xa460	10 05 00 00 01 04 01 00 04 62 00 00 09 15 08 00 	000000000b000000
  0xa470	15 74 0a 00 15 64 09 00 15 34 08 00 15 52 11 f0 	0t000d0004000R00
  0xa480	1a 8c 00 00 01 00 00 00 55 84 00 00 bb 85 00 00 	00000000U0000000
  0xa490	90 8e 00 00 bb 85 00 00 01 06 02 00 06 32 02 50 	000000000000020P
  0xa4a0	01 00 00 00 01 04 01 00 04 e2 00 00 01 0c 02 00 	0000000000000000
  0xa4b0	0c 01 11 00 09 04 01 00 04 22 00 00 1a 8c 00 00 	000000000"000000
  0xa4c0	01 00 00 00 9c 89 00 00 d2 89 00 00 01 00 00 00 	0000000000000000
  0xa4d0	d2 89 00 00 09 0a 04 00 0a 34 06 00 0a 32 06 70 	000000000400020p
  0xa4e0	1a 8c 00 00 01 00 00 00 ad 8a 00 00 e0 8a 00 00 	0000000000000000
  0xa4f0	c0 8e 00 00 e0 8a 00 00 01 0d 04 00 0d 34 09 00 	0000000000000400
  0xa500	0d 32 06 50 00 00 00 00 01 00 00 00 01 18 01 00 	020P000000000000
  0xa510	18 c2 00 00 01 18 01 00 18 c2 00 00 01 02 01 00 	0000000000000000
  0xa520	02 30 00 00 01 00 00 00 f0 96 00 00 f0 c5 00 00 	0000000000000000
  0xa530	00 00 01 00 88 a5 00 00 f8 a5 00 00 00 00 00 00 	0000000000000000
  0xa540	00 00 00 00 01 00 00 00 00 97 00 00 f8 c5 00 00 	0000000000000000
  0xa550	20 00 01 00 a8 a5 00 00 18 a6 00 00 00 00 00 00 	 000000000000000
  0xa560	00 00 00 00 00 00 00 00 00 00 00 00 00 00 00 00 	0000000000000000
  0xa570	00 00 00 00 00 00 00 00 00 00 00 00 00 00 00 00 	0000000000000000
  0xa580	00 00 00 00 00 00 00 00 be 00 00 00 00 00 00 80 	0000000000000000
  0xa590	b8 a5 00 00 00 00 00 00 9b 00 00 00 00 00 00 80 	0000000000000000
  0xa5a0	00 00 00 00 00 00 00 00 d6 a5 00 00 00 00 00 00 	0000000000000000
  0xa5b0	00 00 00 00 00 00 00 00 90 00 53 48 43 68 61 6e 	0000000000SHChan
  0xa5c0	67 65 4e 6f 74 69 66 79 53 75 73 70 65 6e 64 52 	geNotifySuspendR
  0xa5d0	65 73 75 6d 65 00 08 00 45 64 70 43 6f 6e 76 65 	esume000EdpConve
  0xa5e0	72 74 50 72 6f 74 65 63 74 6f 72 54 6f 45 78 74 	rtProtectorToExt
  0xa5f0	65 72 6e 61 6c 49 64 00 00 00 00 00 00 00 00 00 	ernalId000000000
  0xa600	00 00 00 00 00 00 00 00 00 00 00 00 00 00 00 00 	0000000000000000
  0xa610	00 00 00 00 00 00 00 00 00 00 00 00 00 00 00 00 	0000000000000000
  0xa620	00 00 00 00 00 00 00 00 30 a7 00 00 00 00 00 00 	0000000000000000
  0xa630	00 00 00 00 52 ae 00 00 28 91 00 00 a8 a8 00 00 	0000R000(0000000
  0xa640	00 00 00 00 00 00 00 00 0c b2 00 00 a0 92 00 00 	0000000000000000
  0xa650	48 ab 00 00 00 00 00 00 00 00 00 00 38 b3 00 00 	H000000000008000
  0xa660	40 95 00 00 30 ac 00 00 00 00 00 00 00 00 00 00 	@000000000000000
  0xa670	b2 b3 00 00 28 96 00 00 d8 aa 00 00 00 00 00 00 	0000(00000000000
  0xa680	00 00 00 00 ec b3 00 00 d0 94 00 00 f8 aa 00 00 	0000000000000000
  0xa690	00 00 00 00 00 00 00 00 06 b4 00 00 f0 94 00 00 	0000000000000000
  0xa6a0	b0 aa 00 00 00 00 00 00 00 00 00 00 4c b4 00 00 	000000000000L000
  0xa6b0	a8 94 00 00 e8 a7 00 00 00 00 00 00 00 00 00 00 	0000000000000000
  0xa6c0	92 b5 00 00 e0 91 00 00 08 ab 00 00 00 00 00 00 	0000000000000000
  0xa6d0	00 00 00 00 44 b6 00 00 00 95 00 00 68 a8 00 00 	0000D0000000h000
  0xa6e0	00 00 00 00 00 00 00 00 bc b6 00 00 60 92 00 00 	000000000000`000
  0xa6f0	88 a8 00 00 00 00 00 00 00 00 00 00 26 b7 00 00 	000000000000&000
  0xa700	80 92 00 00 50 a8 00 00 00 00 00 00 00 00 00 00 	0000P00000000000
  0xa710	6c b7 00 00 48 92 00 00 00 00 00 00 00 00 00 00 	l000H00000000000
  0xa720	00 00 00 00 00 00 00 00 00 00 00 00 00 00 00 00 	0000000000000000
  0xa730	58 ac 00 00 00 00 00 00 68 ac 00 00 00 00 00 00 	X0000000h0000000
  0xa740	7e ac 00 00 00 00 00 00 92 ac 00 00 00 00 00 00 	~000000000000000
  0xa750	a6 ac 00 00 00 00 00 00 c6 ac 00 00 00 00 00 00 	0000000000000000
  0xa760	d6 ac 00 00 00 00 00 00 f2 ac 00 00 00 00 00 00 	0000000000000000
  0xa770	0c ad 00 00 00 00 00 00 28 ad 00 00 00 00 00 00 	00000000(0000000
  0xa780	42 ad 00 00 00 00 00 00 68 ad 00 00 00 00 00 00 	B0000000h0000000
  0xa790	80 ad 00 00 00 00 00 00 90 ad 00 00 00 00 00 00 	0000000000000000
  0xa7a0	b4 ad 00 00 00 00 00 00 c0 ad 00 00 00 00 00 00 	0000000000000000
  0xa7b0	d8 ad 00 00 00 00 00 00 e6 ad 00 00 00 00 00 00 	0000000000000000
  0xa7c0	02 ae 00 00 00 00 00 00 1e ae 00 00 00 00 00 00 	0000000000000000
  0xa7d0	2e ae 00 00 00 00 00 00 40 ae 00 00 00 00 00 00 	.0000000@0000000
  0xa7e0	00 00 00 00 00 00 00 00 70 b4 00 00 00 00 00 00 	00000000p0000000
  0xa7f0	8a b4 00 00 00 00 00 00 a8 b4 00 00 00 00 00 00 	0000000000000000
  0xa800	cc b4 00 00 00 00 00 00 ea b4 00 00 00 00 00 00 	0000000000000000
  0xa810	fe b4 00 00 00 00 00 00 10 b5 00 00 00 00 00 00 	0000000000000000
  0xa820	28 b5 00 00 00 00 00 00 46 b5 00 00 00 00 00 00 	(0000000F0000000
  0xa830	56 b5 00 00 00 00 00 00 6e b5 00 00 00 00 00 00 	V0000000n0000000
  0xa840	58 b4 00 00 00 00 00 00 00 00 00 00 00 00 00 00 	X000000000000000
  0xa850	48 b7 00 00 00 00 00 00 34 b7 00 00 00 00 00 00 	H000000040000000
  0xa860	00 00 00 00 00 00 00 00 9a b6 00 00 00 00 00 00 	0000000000000000
  0xa870	74 b6 00 00 00 00 00 00 50 b6 00 00 00 00 00 00 	t0000000P0000000
  0xa880	00 00 00 00 00 00 00 00 ec b6 00 00 00 00 00 00 	0000000000000000
  0xa890	08 b7 00 00 00 00 00 00 c8 b6 00 00 00 00 00 00 	0000000000000000
  0xa8a0	00 00 00 00 00 00 00 00 f2 af 00 00 00 00 00 00 	0000000000000000
  0xa8b0	06 b0 00 00 00 00 00 00 18 b0 00 00 00 00 00 00 	0000000000000000
  0xa8c0	2a b0 00 00 00 00 00 00 3a b0 00 00 00 00 00 00 	*0000000:0000000
  0xa8d0	4e b0 00 00 00 00 00 00 5e b0 00 00 00 00 00 00 	N0000000^0000000
  0xa8e0	70 b0 00 00 00 00 00 00 02 af 00 00 00 00 00 00 	p000000000000000
  0xa8f0	8c b0 00 00 00 00 00 00 a2 b0 00 00 00 00 00 00 	0000000000000000
  0xa900	b0 b0 00 00 00 00 00 00 c6 b0 00 00 00 00 00 00 	0000000000000000
  0xa910	ea b0 00 00 00 00 00 00 00 b1 00 00 00 00 00 00 	0000000000000000
  0xa920	10 b1 00 00 00 00 00 00 1e b1 00 00 00 00 00 00 	0000000000000000
  0xa930	34 b1 00 00 00 00 00 00 4c b1 00 00 00 00 00 00 	40000000L0000000
  0xa940	8a af 00 00 00 00 00 00 ce af 00 00 00 00 00 00 	0000000000000000
  0xa950	8e b1 00 00 00 00 00 00 a0 b1 00 00 00 00 00 00 	0000000000000000
  0xa960	b6 b1 00 00 00 00 00 00 ca b1 00 00 00 00 00 00 	0000000000000000
  0xa970	dc b1 00 00 00 00 00 00 e8 b1 00 00 00 00 00 00 	0000000000000000
  0xa980	f8 b1 00 00 00 00 00 00 42 b8 00 00 00 00 00 00 	00000000B0000000
  0xa990	28 b8 00 00 00 00 00 00 12 b8 00 00 00 00 00 00 	(000000000000000
  0xa9a0	fc b7 00 00 00 00 00 00 e2 b7 00 00 00 00 00 00 	0000000000000000
  0xa9b0	52 b8 00 00 00 00 00 00 ce b7 00 00 00 00 00 00 	R000000000000000
  0xa9c0	ba b7 00 00 00 00 00 00 9c b7 00 00 00 00 00 00 	0000000000000000
  0xa9d0	80 b7 00 00 00 00 00 00 78 b7 00 00 00 00 00 00 	00000000x0000000
  0xa9e0	72 af 00 00 00 00 00 00 60 af 00 00 00 00 00 00 	r0000000`0000000
  0xa9f0	4c af 00 00 00 00 00 00 e2 af 00 00 00 00 00 00 	L000000000000000
  0xaa00	c0 af 00 00 00 00 00 00 b0 af 00 00 00 00 00 00 	0000000000000000
  0xaa10	7a b1 00 00 00 00 00 00 9c af 00 00 00 00 00 00 	z000000000000000
  0xaa20	3e af 00 00 00 00 00 00 28 af 00 00 00 00 00 00 	>0000000(0000000
  0xaa30	64 b1 00 00 00 00 00 00 14 af 00 00 00 00 00 00 	d000000000000000
  0xaa40	f6 ae 00 00 00 00 00 00 e4 ae 00 00 00 00 00 00 	0000000000000000
  0xaa50	d4 ae 00 00 00 00 00 00 c8 ae 00 00 00 00 00 00 	0000000000000000
  0xaa60	b8 ae 00 00 00 00 00 00 a6 ae 00 00 00 00 00 00 	0000000000000000
  0xaa70	94 ae 00 00 00 00 00 00 88 ae 00 00 00 00 00 00 	0000000000000000
  0xaa80	78 ae 00 00 00 00 00 00 6a b8 00 00 00 00 00 00 	x0000000j0000000
  0xaa90	6c ae 00 00 00 00 00 00 60 ae 00 00 00 00 00 00 	l0000000`0000000
  0xaaa0	80 b0 00 00 00 00 00 00 00 00 00 00 00 00 00 00 	0000000000000000
  0xaab0	38 b4 00 00 00 00 00 00 2c b4 00 00 00 00 00 00 	80000000,0000000
  0xaac0	12 b4 00 00 00 00 00 00 22 b4 00 00 00 00 00 00 	00000000"0000000
  0xaad0	00 00 00 00 00 00 00 00 bc b3 00 00 00 00 00 00 	0000000000000000
  0xaae0	de b3 00 00 00 00 00 00 cc b3 00 00 00 00 00 00 	0000000000000000
  0xaaf0	00 00 00 00 00 00 00 00 f8 b3 00 00 00 00 00 00 	0000000000000000
  0xab00	00 00 00 00 00 00 00 00 26 b6 00 00 00 00 00 00 	00000000&0000000
  0xab10	06 b6 00 00 00 00 00 00 f4 b5 00 00 00 00 00 00 	0000000000000000
  0xab20	d6 b5 00 00 00 00 00 00 c2 b5 00 00 00 00 00 00 	0000000000000000
  0xab30	ae b5 00 00 00 00 00 00 9e b5 00 00 00 00 00 00 	0000000000000000
  0xab40	00 00 00 00 00 00 00 00 2c b3 00 00 00 00 00 00 	00000000,0000000
  0xab50	a4 b8 00 00 00 00 00 00 9a b8 00 00 00 00 00 00 	0000000000000000
  0xab60	90 b8 00 00 00 00 00 00 44 b3 00 00 00 00 00 00 	00000000D0000000
  0xab70	22 b3 00 00 00 00 00 00 0a b3 00 00 00 00 00 00 	"000000000000000
  0xab80	fe b2 00 00 00 00 00 00 ea b2 00 00 00 00 00 00 	0000000000000000
  0xab90	e0 b2 00 00 00 00 00 00 d8 b2 00 00 00 00 00 00 	0000000000000000
  0xaba0	d0 b2 00 00 00 00 00 00 be b2 00 00 00 00 00 00 	0000000000000000
  0xabb0	ac b2 00 00 00 00 00 00 9e b2 00 00 00 00 00 00 	0000000000000000
  0xabc0	90 b2 00 00 00 00 00 00 84 b2 00 00 00 00 00 00 	0000000000000000
  0xabd0	78 b2 00 00 00 00 00 00 6e b2 00 00 00 00 00 00 	x0000000n0000000
  0xabe0	64 b2 00 00 00 00 00 00 5a b2 00 00 00 00 00 00 	d0000000Z0000000
  0xabf0	46 b2 00 00 00 00 00 00 3a b2 00 00 00 00 00 00 	F0000000:0000000
  0xac00	28 b2 00 00 00 00 00 00 1a b2 00 00 00 00 00 00 	(000000000000000
  0xac10	82 b8 00 00 00 00 00 00 50 b2 00 00 00 00 00 00 	00000000P0000000
  0xac20	ae b8 00 00 00 00 00 00 00 00 00 00 00 00 00 00 	0000000000000000
  0xac30	70 b3 00 00 00 00 00 00 58 b3 00 00 00 00 00 00 	p0000000X0000000
  0xac40	84 b3 00 00 00 00 00 00 9e b3 00 00 00 00 00 00 	0000000000000000
  0xac50	00 00 00 00 00 00 00 00 0b 01 45 6e 63 72 79 70 	0000000000Encryp
  0xac60	74 46 69 6c 65 57 00 00 dc 00 43 72 79 70 74 52 	tFileW0000CryptR
  0xac70	65 6c 65 61 73 65 43 6f 6e 74 65 78 74 00 99 02 	eleaseContext000
  0xac80	52 65 67 51 75 65 72 79 56 61 6c 75 65 45 78 57 	RegQueryValueExW
  0xac90	00 00 a9 01 4c 6f 6f 6b 75 70 41 63 63 6f 75 6e 	0000LookupAccoun
  0xaca0	74 53 69 64 57 00 be 02 52 65 6d 6f 76 65 55 73 	tSidW000RemoveUs
  0xacb0	65 72 73 46 72 6f 6d 45 6e 63 72 79 70 74 65 64 	ersFromEncrypted
  0xacc0	46 69 6c 65 00 00 8c 02 52 65 67 4f 70 65 6e 4b 	File0000RegOpenK
  0xacd0	65 79 45 78 57 00 57 02 51 75 65 72 79 55 73 65 	eyExW0W0QueryUse
  0xace0	72 73 4f 6e 45 6e 63 72 79 70 74 65 64 46 69 6c 	rsOnEncryptedFil
  0xacf0	65 00 1c 00 41 64 64 55 73 65 72 73 54 6f 45 6e 	e000AddUsersToEn
  0xad00	63 72 79 70 74 65 64 46 69 6c 65 00 1d 00 41 64 	cryptedFile000Ad
  0xad10	64 55 73 65 72 73 54 6f 45 6e 63 72 79 70 74 65 	dUsersToEncrypte
  0xad20	64 46 69 6c 65 45 78 00 83 00 43 6f 6e 76 65 72 	dFileEx000Conver
  0xad30	74 53 74 72 69 6e 67 53 69 64 54 6f 53 69 64 57 	tStringSidToSidW
  0xad40	00 00 46 02 51 75 65 72 79 52 65 63 6f 76 65 72 	00F0QueryRecover
  0xad50	79 41 67 65 6e 74 73 4f 6e 45 6e 63 72 79 70 74 	yAgentsOnEncrypt
  0xad60	65 64 46 69 6c 65 00 00 0c 01 45 6e 63 72 79 70 	edFile0000Encryp
  0xad70	74 65 64 46 69 6c 65 4b 65 79 49 6e 66 6f 00 00 	tedFileKeyInfo00
  0xad80	2d 01 46 6c 75 73 68 45 66 73 43 61 63 68 65 00 	-0FlushEfsCache0
  0xad90	32 01 46 72 65 65 45 6e 63 72 79 70 74 69 6f 6e 	20FreeEncryption
  0xada0	43 65 72 74 69 66 69 63 61 74 65 48 61 73 68 4c 	CertificateHashL
  0xadb0	69 73 74 00 1a 01 45 71 75 61 6c 53 69 64 00 00 	ist000EqualSid00
  0xadc0	c2 00 43 72 79 70 74 41 63 71 75 69 72 65 43 6f 	00CryptAcquireCo
  0xadd0	6e 74 65 78 74 57 00 00 5b 02 52 65 67 43 6c 6f 	ntextW00[0RegClo
  0xade0	73 65 4b 65 79 00 f6 02 53 65 74 55 73 65 72 46 	seKey000SetUserF
  0xadf0	69 6c 65 45 6e 63 72 79 70 74 69 6f 6e 4b 65 79 	ileEncryptionKey
  0xae00	00 00 30 01 46 72 65 65 45 6e 63 72 79 70 74 65 	0000FreeEncrypte
  0xae10	64 46 69 6c 65 4b 65 79 49 6e 66 6f 00 00 ea 00 	dFileKeyInfo0000
  0xae20	44 65 63 72 79 70 74 46 69 6c 65 57 00 00 d8 00 	DecryptFileW0000
  0xae30	43 72 79 70 74 47 65 74 55 73 65 72 4b 65 79 00 	CryptGetUserKey0
  0xae40	c8 00 43 72 79 70 74 44 65 73 74 72 6f 79 4b 65 	00CryptDestroyKe
  0xae50	79 00 41 44 56 41 50 49 33 32 2e 64 6c 6c 00 00 	y0ADVAPI32.dll00
  0xae60	54 03 48 65 61 70 46 72 65 65 00 00 51 06 6c 73 	T0HeapFree00Q0ls
  0xae70	74 72 6c 65 6e 57 00 00 db 02 47 65 74 53 74 64 	trlenW0000GetStd
  0xae80	48 61 6e 64 6c 65 00 00 23 06 57 72 69 74 65 46 	Handle00#0WriteF
  0xae90	69 6c 65 00 04 02 47 65 74 43 6f 6e 73 6f 6c 65 	ile000GetConsole
  0xaea0	4d 6f 64 65 00 00 af 01 46 6f 72 6d 61 74 4d 65 	Mode0000FormatMe
  0xaeb0	73 73 61 67 65 57 00 00 69 02 47 65 74 4c 61 73 	ssageW00i0GetLas
  0xaec0	74 45 72 72 6f 72 00 00 50 03 48 65 61 70 41 6c 	tError00P0HeapAl
  0xaed0	6c 6f 63 00 22 06 57 72 69 74 65 43 6f 6e 73 6f 	loc0"0WriteConso
  0xaee0	6c 65 57 00 b7 02 47 65 74 50 72 6f 63 41 64 64 	leW000GetProcAdd
  0xaef0	72 65 73 73 00 00 d5 03 4c 6f 63 61 6c 46 72 65 	ress0000LocalFre
  0xaf00	65 00 bd 02 47 65 74 50 72 6f 63 65 73 73 48 65 	e000GetProcessHe
  0xaf10	61 70 00 00 80 02 47 65 74 4d 6f 64 75 6c 65 48 	ap0000GetModuleH
  0xaf20	61 6e 64 6c 65 57 00 00 0f 06 57 69 64 65 43 68 	andleW0000WideCh
  0xaf30	61 72 54 6f 4d 75 6c 74 69 42 79 74 65 00 57 02 	arToMultiByte0W0
  0xaf40	47 65 74 46 69 6c 65 54 79 70 65 00 bc 00 43 72 	GetFileType000Cr
  0xaf50	65 61 74 65 44 69 72 65 63 74 6f 72 79 57 00 00 	eateDirectoryW00
  0xaf60	49 04 51 75 65 72 79 44 6f 73 44 65 76 69 63 65 	I0QueryDosDevice
  0xaf70	57 00 29 03 47 65 74 56 6f 6c 75 6d 65 49 6e 66 	W0)0GetVolumeInf
  0xaf80	6f 72 6d 61 74 69 6f 6e 57 00 88 01 46 69 6e 64 	ormationW000Find
  0xaf90	46 69 72 73 74 46 69 6c 65 57 00 00 8e 01 46 69 	FirstFileW0000Fi
  0xafa0	6e 64 46 69 72 73 74 56 6f 6c 75 6d 65 57 00 00 	ndFirstVolumeW00
  0xafb0	40 05 53 65 74 4c 61 73 74 45 72 72 6f 72 00 00 	@0SetLastError00
  0xafc0	da 05 56 69 72 74 75 61 6c 46 72 65 65 00 62 02 	00VirtualFree0b0
  0xafd0	47 65 74 46 75 6c 6c 50 61 74 68 4e 61 6d 65 57 	GetFullPathNameW
  0xafe0	00 00 94 01 46 69 6e 64 4e 65 78 74 46 69 6c 65 	0000FindNextFile
  0xaff0	57 00 32 02 47 65 74 44 69 73 6b 46 72 65 65 53 	W020GetDiskFreeS
  0xb000	70 61 63 65 57 00 08 05 53 65 74 43 6f 6e 73 6f 	paceW000SetConso
  0xb010	6c 65 4d 6f 64 65 00 00 23 01 44 65 76 69 63 65 	leMode00#0Device
  0xb020	49 6f 43 6f 6e 74 72 6f 6c 00 d7 05 56 69 72 74 	IoControl000Virt
  0xb030	75 61 6c 41 6c 6c 6f 63 00 00 be 04 52 65 6d 6f 	ualAlloc0000Remo
  0xb040	76 65 44 69 72 65 63 74 6f 72 79 57 00 00 24 05 	veDirectoryW00$0
  0xb050	53 65 74 45 72 72 6f 72 4d 6f 64 65 00 00 31 05 	SetErrorMode0010
  0xb060	53 65 74 46 69 6c 65 50 6f 69 6e 74 65 72 00 00 	SetFilePointer00
  0xb070	1f 05 53 65 74 45 6e 64 4f 66 46 69 6c 65 00 00 	00SetEndOfFile00
  0xb080	7d 01 46 69 6e 64 43 6c 6f 73 65 00 2d 03 47 65 	}0FindClose0-0Ge
  0xb090	74 56 6f 6c 75 6d 65 50 61 74 68 4e 61 6d 65 57 	tVolumePathNameW
  0xb0a0	00 00 cd 00 43 72 65 61 74 65 46 69 6c 65 57 00 	0000CreateFileW0
  0xb0b0	4e 02 47 65 74 46 69 6c 65 41 74 74 72 69 62 75 	N0GetFileAttribu
  0xb0c0	74 65 73 57 00 00 2b 03 47 65 74 56 6f 6c 75 6d 	tesW00+0GetVolum
  0xb0d0	65 4e 61 6d 65 46 6f 72 56 6f 6c 75 6d 65 4d 6f 	eNameForVolumeMo
  0xb0e0	75 6e 74 50 6f 69 6e 74 57 00 31 02 47 65 74 44 	untPointW010GetD
  0xb0f0	69 73 6b 46 72 65 65 53 70 61 63 65 45 78 57 00 	iskFreeSpaceExW0
  0xb100	75 04 52 65 61 64 43 6f 6e 73 6f 6c 65 57 00 00 	u0ReadConsoleW00
  0xb110	88 00 43 6c 6f 73 65 48 61 6e 64 6c 65 00 58 03 	00CloseHandle0X0
  0xb120	48 65 61 70 53 65 74 49 6e 66 6f 72 6d 61 74 69 	HeapSetInformati
  0xb130	6f 6e 00 00 19 02 47 65 74 43 75 72 72 65 6e 74 	on0000GetCurrent
  0xb140	44 69 72 65 63 74 6f 72 79 57 00 00 18 05 53 65 	DirectoryW0000Se
  0xb150	74 43 75 72 72 65 6e 74 44 69 72 65 63 74 6f 72 	tCurrentDirector
  0xb160	79 57 00 00 d2 05 56 65 72 53 65 74 43 6f 6e 64 	yW0000VerSetCond
  0xb170	69 74 69 6f 6e 4d 61 73 6b 00 e7 01 47 65 74 43 	itionMask000GetC
  0xb180	6f 6d 70 75 74 65 72 4e 61 6d 65 57 00 00 a0 01 	omputerNameW0000
  0xb190	46 69 6e 64 56 6f 6c 75 6d 65 43 6c 6f 73 65 00 	FindVolumeClose0
  0xb1a0	d6 05 56 65 72 69 66 79 56 65 72 73 69 6f 6e 49 	00VerifyVersionI
  0xb1b0	6e 66 6f 57 00 00 fd 02 47 65 74 54 65 6d 70 46 	nfoW0000GetTempF
  0xb1c0	69 6c 65 4e 61 6d 65 57 00 00 99 01 46 69 6e 64 	ileNameW0000Find
  0xb1d0	4e 65 78 74 56 6f 6c 75 6d 65 57 00 45 06 6c 73 	NextVolumeW0E0ls
  0xb1e0	74 72 63 6d 70 57 00 00 38 02 47 65 74 44 72 69 	trcmpW0080GetDri
  0xb1f0	76 65 54 79 70 65 57 00 a7 01 46 6c 75 73 68 46 	veTypeW000FlushF
  0xb200	69 6c 65 42 75 66 66 65 72 73 00 00 4b 45 52 4e 	ileBuffers00KERN
  0xb210	45 4c 33 32 2e 64 6c 6c 00 00 69 03 5f 76 73 6e 	EL32.dll00i0_vsn
  0xb220	77 70 72 69 6e 74 66 00 55 01 5f 67 65 74 5f 6f 	wprintf0U0_get_o
  0xb230	73 66 68 61 6e 64 6c 65 00 00 8a 03 5f 77 63 73 	sfhandle0000_wcs
  0xb240	69 63 6d 70 00 00 01 05 77 63 73 63 68 72 00 00 	icmp0000wcschr00
  0xb250	3e 04 66 67 65 74 77 73 00 00 9d 04 70 72 69 6e 	>0fgetws0000prin
  0xb260	74 66 00 00 5b 04 67 65 74 63 68 61 72 00 a4 02 	tf00[0getchar000
  0xb270	5f 70 75 74 77 73 00 00 94 03 5f 77 63 73 6e 69 	_putws0000_wcsni
  0xb280	63 6d 70 00 ec 04 74 6f 77 75 70 70 65 72 00 00 	cmp000towupper00
  0xb290	55 00 5f 58 63 70 74 46 69 6c 74 65 72 00 ae 00 	U0_XcptFilter000
  0xb2a0	5f 61 6d 73 67 5f 65 78 69 74 00 00 9d 00 5f 5f 	_amsg_exit0000__
  0xb2b0	77 67 65 74 6d 61 69 6e 61 72 67 73 00 00 8e 00 	wgetmainargs0000
  0xb2c0	5f 5f 73 65 74 5f 61 70 70 5f 74 79 70 65 00 00 	__set_app_type00
  0xb2d0	32 04 65 78 69 74 00 00 0e 01 5f 65 78 69 74 00 	20exit0000_exit0
  0xb2e0	c1 00 5f 63 65 78 69 74 00 00 90 00 5f 5f 73 65 	00_cexit0000__se
  0xb2f0	74 75 73 65 72 6d 61 74 68 65 72 72 00 00 7d 01 	tusermatherr00}0
  0xb300	5f 69 6e 69 74 74 65 72 6d 00 57 00 5f 5f 43 5f 	_initterm0W0__C_
  0xb310	73 70 65 63 69 66 69 63 5f 68 61 6e 64 6c 65 72 	specific_handler
  0xb320	00 00 27 01 5f 66 6d 6f 64 65 00 00 d2 00 5f 63 	00'0_fmode0000_c
  0xb330	6f 6d 6d 6f 64 65 00 00 6d 73 76 63 72 74 2e 64 	ommode00msvcrt.d
  0xb340	6c 6c 00 00 2f 00 3f 74 65 72 6d 69 6e 61 74 65 	ll00/0?terminate
  0xb350	40 40 59 41 58 58 5a 00 fd 04 52 74 6c 4e 74 53 	@@YAXXZ000RtlNtS
  0xb360	74 61 74 75 73 54 6f 44 6f 73 45 72 72 6f 72 00 	tatusToDosError0
  0xb370	f2 02 52 74 6c 43 61 70 74 75 72 65 43 6f 6e 74 	00RtlCaptureCont
  0xb380	65 78 74 00 e8 04 52 74 6c 4c 6f 6f 6b 75 70 46 	ext000RtlLookupF
  0xb390	75 6e 63 74 69 6f 6e 45 6e 74 72 79 00 00 27 06 	unctionEntry00'0
  0xb3a0	52 74 6c 56 69 72 74 75 61 6c 55 6e 77 69 6e 64 	RtlVirtualUnwind
  0xb3b0	00 00 6e 74 64 6c 6c 2e 64 6c 6c 00 26 02 55 75 	00ntdll.dll0&0Uu
  0xb3c0	69 64 54 6f 53 74 72 69 6e 67 57 00 14 02 52 70 	idToStringW000Rp
  0xb3d0	63 53 74 72 69 6e 67 46 72 65 65 57 00 00 1d 02 	cStringFreeW0000
  0xb3e0	55 75 69 64 43 72 65 61 74 65 00 00 52 50 43 52 	UuidCreate00RPCR
  0xb3f0	54 34 2e 64 6c 6c 00 00 8c 02 4d 65 73 73 61 67 	T4.dll0000Messag
  0xb400	65 42 6f 78 57 00 55 53 45 52 33 32 2e 64 6c 6c 	eBoxW0USER32.dll
  0xb410	00 00 14 00 44 73 43 72 61 63 6b 4e 61 6d 65 73 	0000DsCrackNames
  0xb420	57 00 08 00 44 73 42 69 6e 64 57 00 74 00 44 73 	W000DsBindW0t0Ds
  0xb430	55 6e 42 69 6e 64 57 00 24 00 44 73 46 72 65 65 	UnBindW0$0DsFree
  0xb440	4e 61 6d 65 52 65 73 75 6c 74 57 00 4e 54 44 53 	NameResultW0NTDS
  0xb450	41 50 49 2e 64 6c 6c 00 7d 00 43 72 79 70 74 42 	API.dll0}0CryptB
  0xb460	69 6e 61 72 79 54 6f 53 74 72 69 6e 67 57 00 00 	inaryToStringW00
  0xb470	47 00 43 65 72 74 47 65 74 45 6e 68 61 6e 63 65 	G0CertGetEnhance
  0xb480	64 4b 65 79 55 73 61 67 65 00 40 00 43 65 72 74 	dKeyUsage0@0Cert
  0xb490	46 72 65 65 43 65 72 74 69 66 69 63 61 74 65 43 	FreeCertificateC
  0xb4a0	6f 6e 74 65 78 74 00 00 04 00 43 65 72 74 41 64 	ontext0000CertAd
  0xb4b0	64 43 65 72 74 69 66 69 63 61 74 65 43 6f 6e 74 	dCertificateCont
  0xb4c0	65 78 74 54 6f 53 74 6f 72 65 00 00 2c 00 43 65 	extToStore00,0Ce
  0xb4d0	72 74 45 6e 75 6d 43 65 72 74 69 66 69 63 61 74 	rtEnumCertificat
  0xb4e0	65 73 49 6e 53 74 6f 72 65 00 c5 00 43 72 79 70 	esInStore000Cryp
  0xb4f0	74 51 75 65 72 79 4f 62 6a 65 63 74 00 00 12 00 	tQueryObject0000
  0xb500	43 65 72 74 43 6c 6f 73 65 53 74 6f 72 65 00 00 	CertCloseStore00
  0xb510	23 01 50 46 58 45 78 70 6f 72 74 43 65 72 74 53 	#0PFXExportCertS
  0xb520	74 6f 72 65 45 78 00 00 35 00 43 65 72 74 46 69 	toreEx0050CertFi
  0xb530	6e 64 43 65 72 74 69 66 69 63 61 74 65 49 6e 53 	ndCertificateInS
  0xb540	74 6f 72 65 00 00 59 00 43 65 72 74 4f 70 65 6e 	tore00Y0CertOpen
  0xb550	53 74 6f 72 65 00 df 00 43 72 79 70 74 53 74 72 	Store000CryptStr
  0xb560	69 6e 67 54 6f 42 69 6e 61 72 79 57 00 00 46 00 	ingToBinaryW00F0
  0xb570	43 65 72 74 47 65 74 43 65 72 74 69 66 69 63 61 	CertGetCertifica
  0xb580	74 65 43 6f 6e 74 65 78 74 50 72 6f 70 65 72 74 	teContextPropert
  0xb590	79 00 43 52 59 50 54 33 32 2e 64 6c 6c 00 12 00 	y0CRYPT32.dll000
  0xb5a0	42 43 72 79 70 74 45 6e 63 72 79 70 74 00 0e 00 	BCryptEncrypt000
  0xb5b0	42 43 72 79 70 74 44 65 73 74 72 6f 79 4b 65 79 	BCryptDestroyKey
  0xb5c0	00 00 21 00 42 43 72 79 70 74 47 65 74 50 72 6f 	00!0BCryptGetPro
  0xb5d0	70 65 72 74 79 00 27 00 42 43 72 79 70 74 4f 70 	perty0'0BCryptOp
  0xb5e0	65 6e 41 6c 67 6f 72 69 74 68 6d 50 72 6f 76 69 	enAlgorithmProvi
  0xb5f0	64 65 72 00 1d 00 42 43 72 79 70 74 47 65 6e 52 	der000BCryptGenR
  0xb600	61 6e 64 6f 6d 00 02 00 42 43 72 79 70 74 43 6c 	andom000BCryptCl
  0xb610	6f 73 65 41 6c 67 6f 72 69 74 68 6d 50 72 6f 76 	oseAlgorithmProv
  0xb620	69 64 65 72 00 00 1f 00 42 43 72 79 70 74 47 65 	ider0000BCryptGe
  0xb630	6e 65 72 61 74 65 53 79 6d 6d 65 74 72 69 63 4b 	nerateSymmetricK
  0xb640	65 79 00 00 62 63 72 79 70 74 2e 64 6c 6c 00 00 	ey00bcrypt.dll00
  0xb650	09 00 45 66 73 55 74 69 6c 47 65 74 43 75 72 72 	00EfsUtilGetCurr
  0xb660	65 6e 74 55 73 65 72 49 6e 66 6f 72 6d 61 74 69 	entUserInformati
  0xb670	6f 6e 00 00 02 00 45 66 73 55 74 69 6c 43 72 65 	on0000EfsUtilCre
  0xb680	61 74 65 53 65 6c 66 53 69 67 6e 65 64 43 65 72 	ateSelfSignedCer
  0xb690	74 69 66 69 63 61 74 65 00 00 0c 00 45 66 73 55 	tificate0000EfsU
  0xb6a0	74 69 6c 47 65 74 53 6d 61 72 74 63 61 72 64 50 	tilGetSmartcardP
  0xb6b0	72 6f 76 69 64 65 72 4e 61 6d 65 00 45 46 53 55 	roviderName0EFSU
  0xb6c0	54 49 4c 2e 64 6c 6c 00 25 00 45 66 73 43 6c 69 	TIL.dll0%0EfsCli
  0xb6d0	65 6e 74 47 65 74 45 6e 63 72 79 70 74 65 64 46 	entGetEncryptedF
  0xb6e0	69 6c 65 56 65 72 73 69 6f 6e 00 00 28 00 45 66 	ileVersion00(0Ef
  0xb6f0	73 43 6c 69 65 6e 74 51 75 65 72 79 50 72 6f 74 	sClientQueryProt
  0xb700	65 63 74 6f 72 73 00 00 24 00 45 66 73 43 6c 69 	ectors00$0EfsCli
  0xb710	65 6e 74 46 72 65 65 50 72 6f 74 65 63 74 6f 72 	entFreeProtector
  0xb720	4c 69 73 74 00 00 46 65 43 6c 69 65 6e 74 2e 64 	List00FeClient.d
  0xb730	6c 6c 00 00 00 00 44 73 52 6f 6c 65 46 72 65 65 	ll0000DsRoleFree
  0xb740	4d 65 6d 6f 72 79 00 00 01 00 44 73 52 6f 6c 65 	Memory0000DsRole
  0xb750	47 65 74 50 72 69 6d 61 72 79 44 6f 6d 61 69 6e 	GetPrimaryDomain
  0xb760	49 6e 66 6f 72 6d 61 74 69 6f 6e 00 44 53 52 4f 	Information0DSRO
  0xb770	4c 45 2e 64 6c 6c 00 00 8d 05 53 6c 65 65 70 00 	LE.dll0000Sleep0
  0xb780	be 05 55 6e 68 61 6e 64 6c 65 64 45 78 63 65 70 	00UnhandledExcep
  0xb790	74 69 6f 6e 46 69 6c 74 65 72 00 00 7d 05 53 65 	tionFilter00}0Se
  0xb7a0	74 55 6e 68 61 6e 64 6c 65 64 45 78 63 65 70 74 	tUnhandledExcept
  0xb7b0	69 6f 6e 46 69 6c 74 65 72 00 1f 02 47 65 74 43 	ionFilter000GetC
  0xb7c0	75 72 72 65 6e 74 50 72 6f 63 65 73 73 00 9c 05 	urrentProcess000
  0xb7d0	54 65 72 6d 69 6e 61 74 65 50 72 6f 63 65 73 73 	TerminateProcess
  0xb7e0	00 00 51 04 51 75 65 72 79 50 65 72 66 6f 72 6d 	00Q0QueryPerform
  0xb7f0	61 6e 63 65 43 6f 75 6e 74 65 72 00 20 02 47 65 	anceCounter0 0Ge
  0xb800	74 43 75 72 72 65 6e 74 50 72 6f 63 65 73 73 49 	tCurrentProcessI
  0xb810	64 00 24 02 47 65 74 43 75 72 72 65 6e 74 54 68 	d0$0GetCurrentTh
  0xb820	72 65 61 64 49 64 00 00 f2 02 47 65 74 53 79 73 	readId0000GetSys
  0xb830	74 65 6d 54 69 6d 65 41 73 46 69 6c 65 54 69 6d 	temTimeAsFileTim
  0xb840	65 00 10 03 47 65 74 54 69 63 6b 43 6f 75 6e 74 	e000GetTickCount
  0xb850	00 00 ce 04 52 65 73 6f 6c 76 65 44 65 6c 61 79 	0000ResolveDelay
  0xb860	4c 6f 61 64 65 64 41 50 49 00 10 01 44 65 6c 61 	LoadedAPI000Dela
  0xb870	79 4c 6f 61 64 46 61 69 6c 75 72 65 48 6f 6f 6b 	yLoadFailureHook
  0xb880	00 00 81 00 5f 5f 69 6f 62 5f 66 75 6e 63 00 00 	0000__iob_func00
  0xb890	92 04 6d 65 6d 63 70 79 00 00 96 04 6d 65 6d 73 	00memcpy0000mems
  0xb8a0	65 74 00 00 c2 04 73 74 72 63 6d 70 00 00 02 05 	et0000strcmp0000
  0xb8b0	77 63 73 63 6d 70 00 00 00 00 00 00 00 00 00 00 	wcscmp0000000000
  0xb8c0	00 00 00 00 00 00 00 00 00 00 00 00 00 00 00 00 	0000000000000000
  0xb8d0	00 00 00 00 00 00 00 00 00 00 00 00 00 00 00 00 	0000000000000000
  0xb8e0	00 00 00 00 00 00 00 00 00 00 00 00 00 00 00 00 	0000000000000000
  0xb8f0	00 00 00 00 00 00 00 00 00 00 00 00 00 00 00 00 	0000000000000000
  0xb900	00 00 00 00 00 00 00 00 00 00 00 00 00 00 00 00 	0000000000000000
  0xb910	00 00 00 00 00 00 00 00 00 00 00 00 00 00 00 00 	0000000000000000
  0xb920	00 00 00 00 00 00 00 00 00 00 00 00 00 00 00 00 	0000000000000000
  0xb930	00 00 00 00 00 00 00 00 00 00 00 00 00 00 00 00 	0000000000000000
  0xb940	00 00 00 00 00 00 00 00 00 00 00 00 00 00 00 00 	0000000000000000
  0xb950	00 00 00 00 00 00 00 00 00 00 00 00 00 00 00 00 	0000000000000000
  0xb960	00 00 00 00 00 00 00 00 00 00 00 00 00 00 00 00 	0000000000000000
  0xb970	00 00 00 00 00 00 00 00 00 00 00 00 00 00 00 00 	0000000000000000
  0xb980	00 00 00 00 00 00 00 00 00 00 00 00 00 00 00 00 	0000000000000000
  0xb990	00 00 00 00 00 00 00 00 00 00 00 00 00 00 00 00 	0000000000000000
  0xb9a0	00 00 00 00 00 00 00 00 00 00 00 00 00 00 00 00 	0000000000000000
  0xb9b0	00 00 00 00 00 00 00 00 00 00 00 00 00 00 00 00 	0000000000000000
  0xb9c0	00 00 00 00 00 00 00 00 00 00 00 00 00 00 00 00 	0000000000000000
  0xb9d0	00 00 00 00 00 00 00 00 00 00 00 00 00 00 00 00 	0000000000000000
  0xb9e0	00 00 00 00 00 00 00 00 00 00 00 00 00 00 00 00 	0000000000000000
  0xb9f0	00 00 00 00 00 00 00 00 00 00 00 00 00 00 00 00 	0000000000000000
=== DATA BLOCK END ===

=== DATA BLOCK ADDRESS 0xc000 ===
  0xc000	01 00 00 00 00 00 00 00 32 a2 df 2d 99 2b 00 00 	00000000200-0+00
  0xc010	cd 5d 20 d2 66 d4 ff ff 00 00 00 00 00 00 00 00 	0] 0f00000000000
  0xc020	01 00 00 00 00 00 00 00 00 00 00 00 00 00 00 00 	0000000000000000
  0xc030	00 00 00 00 00 00 00 00 00 00 00 00 00 00 00 00 	0000000000000000
  0xc040	00 00 00 00 00 00 00 00 00 00 00 00 00 00 00 00 	0000000000000000
  0xc050	00 00 00 00 00 00 00 00 00 00 00 00 00 00 00 00 	0000000000000000
  0xc060	00 00 00 00 00 00 00 00 00 00 00 00 00 00 00 00 	0000000000000000
  0xc070	00 00 00 00 00 00 00 00 00 00 00 00 00 00 00 00 	0000000000000000
  0xc080	00 00 00 00 00 00 00 00 00 00 00 00 00 00 00 00 	0000000000000000
  0xc090	00 00 00 00 00 00 00 00 00 00 00 00 00 00 00 00 	0000000000000000
  0xc0a0	00 00 00 00 00 00 00 00 00 00 00 00 00 00 00 00 	0000000000000000
  0xc0b0	00 00 00 00 00 00 00 00 00 00 00 00 00 00 00 00 	0000000000000000
  0xc0c0	00 00 00 00 00 00 00 00 00 00 00 00 00 00 00 00 	0000000000000000
  0xc0d0	00 00 00 00 00 00 00 00 00 00 00 00 00 00 00 00 	0000000000000000
  0xc0e0	00 00 00 00 00 00 00 00 00 00 00 00 00 00 00 00 	0000000000000000
  0xc0f0	00 00 00 00 00 00 00 00 00 00 00 00 00 00 00 00 	0000000000000000
  0xc100	00 00 00 00 00 00 00 00 00 00 00 00 00 00 00 00 	0000000000000000
  0xc110	00 00 00 00 00 00 00 00 00 00 00 00 00 00 00 00 	0000000000000000
  0xc120	00 00 00 00 00 00 00 00 00 00 00 00 00 00 00 00 	0000000000000000
  0xc130	00 00 00 00 00 00 00 00 00 00 00 00 00 00 00 00 	0000000000000000
  0xc140	00 00 00 00 00 00 00 00 00 00 00 00 00 00 00 00 	0000000000000000
  0xc150	00 00 00 00 00 00 00 00 00 00 00 00 00 00 00 00 	0000000000000000
  0xc160	00 00 00 00 00 00 00 00 00 00 00 00 00 00 00 00 	0000000000000000
  0xc170	00 00 00 00 00 00 00 00 00 00 00 00 00 00 00 00 	0000000000000000
  0xc180	00 00 00 00 00 00 00 00 00 00 00 00 00 00 00 00 	0000000000000000
  0xc190	00 00 00 00 00 00 00 00 00 00 00 00 00 00 00 00 	0000000000000000
  0xc1a0	00 00 00 00 00 00 00 00 00 00 00 00 00 00 00 00 	0000000000000000
  0xc1b0	00 00 00 00 00 00 00 00 00 00 00 00 00 00 00 00 	0000000000000000
  0xc1c0	00 00 00 00 00 00 00 00 00 00 00 00 00 00 00 00 	0000000000000000
  0xc1d0	00 00 00 00 00 00 00 00 00 00 00 00 00 00 00 00 	0000000000000000
  0xc1e0	00 00 00 00 00 00 00 00 00 00 00 00 00 00 00 00 	0000000000000000
  0xc1f0	00 00 00 00 00 00 00 00 00 00 00 00 00 00 00 00 	0000000000000000
=== DATA BLOCK END ===

=== DATA BLOCK ADDRESS 0xf000 ===
  0xf000	08 10 00 00 8b 10 00 00 d8 9f 00 00 94 10 00 00 	0000000000000000
  0xf010	12 11 00 00 e0 9f 00 00 18 11 00 00 85 11 00 00 	0000000000000000
  0xf020	f0 9f 00 00 8c 11 00 00 1c 12 00 00 f8 9f 00 00 	0000000000000000
  0xf030	24 12 00 00 34 13 00 00 04 a0 00 00 3c 13 00 00 	$00040000000<000
  0xf040	c7 13 00 00 18 a0 00 00 d0 13 00 00 bc 15 00 00 	0000000000000000
  0xf050	20 a0 00 00 c4 15 00 00 65 16 00 00 34 a0 00 00 	 0000000e0004000
  0xf060	6c 16 00 00 68 17 00 00 40 a0 00 00 70 17 00 00 	l000h000@000p000
  0xf070	ad 17 00 00 f0 9f 00 00 b4 17 00 00 e5 17 00 00 	0000000000000000
  0xf080	f0 9f 00 00 ec 17 00 00 20 18 00 00 54 a0 00 00 	00000000 000T000
  0xf090	28 18 00 00 f8 18 00 00 d8 9f 00 00 00 19 00 00 	(000000000000000
  0xf0a0	67 1a 00 00 5c a0 00 00 70 1a 00 00 c0 1c 00 00 	g0000000p0000000
  0xf0b0	70 a0 00 00 c8 1c 00 00 b3 1d 00 00 88 a0 00 00 	p000000000000000
  0xf0c0	bc 1d 00 00 79 22 00 00 98 a0 00 00 80 22 00 00 	0000y"0000000"00
  0xf0d0	e3 22 00 00 f0 9f 00 00 fc 22 00 00 b2 23 00 00 	0"0000000"000#00
  0xf0e0	ac a0 00 00 b8 23 00 00 0a 25 00 00 b4 a0 00 00 	00000#000%000000
  0xf0f0	10 25 00 00 61 26 00 00 40 a0 00 00 68 26 00 00 	0%00a&00@000h&00
  0xf100	b7 2a 00 00 d0 a0 00 00 c0 2a 00 00 81 2b 00 00 	0*0000000*000+00
  0xf110	f4 a0 00 00 90 2b 00 00 06 2c 00 00 0c a1 00 00 	00000+000,000000
  0xf120	10 2c 00 00 86 2c 00 00 0c a1 00 00 90 2c 00 00 	0,000,0000000,00
  0xf130	0b 2d 00 00 20 a1 00 00 20 2d 00 00 4a 2e 00 00 	0-00 000 -00J.00
  0xf140	30 a1 00 00 50 2e 00 00 7a 2f 00 00 30 a1 00 00 	0000P.00z/000000
  0xf150	80 2f 00 00 aa 30 00 00 30 a1 00 00 b0 30 00 00 	0/00000000000000
  0xf160	da 31 00 00 30 a1 00 00 e0 31 00 00 48 32 00 00 	010000000100H200
  0xf170	20 a1 00 00 50 32 00 00 72 33 00 00 40 a1 00 00 	 000P200r300@000
  0xf180	78 33 00 00 96 34 00 00 58 a1 00 00 9c 34 00 00 	x3000400X0000400
  0xf190	39 36 00 00 6c a1 00 00 40 36 00 00 78 37 00 00 	9600l000@600x700
  0xf1a0	88 a1 00 00 80 37 00 00 16 3a 00 00 ac a1 00 00 	000007000:000000
  0xf1b0	1c 3a 00 00 5e 3d 00 00 cc a1 00 00 64 3d 00 00 	0:00^=000000d=00
  0xf1c0	12 41 00 00 f4 a1 00 00 18 41 00 00 5b 42 00 00 	0A0000000A00[B00
  0xf1d0	14 a2 00 00 64 42 00 00 89 44 00 00 24 a2 00 00 	0000dB000D00$000
  0xf1e0	90 44 00 00 90 45 00 00 40 a2 00 00 98 45 00 00 	0D000E00@0000E00
  0xf1f0	76 47 00 00 4c a2 00 00 7c 47 00 00 f5 4b 00 00 	vG00L000|G000K00
  0xf200	64 a2 00 00 fc 4b 00 00 7f 4e 00 00 7c a2 00 00 	d0000K000N00|000
  0xf210	88 4e 00 00 ee 4e 00 00 ac a0 00 00 f4 4e 00 00 	0N000N0000000N00
  0xf220	f2 50 00 00 9c a2 00 00 f8 50 00 00 23 53 00 00 	0P0000000P00#S00
  0xf230	c0 a2 00 00 2c 53 00 00 a8 56 00 00 e4 a2 00 00 	0000,S000V000000
  0xf240	b0 56 00 00 0f 5b 00 00 08 a3 00 00 18 5b 00 00 	0V000[0000000[00
  0xf250	d4 5b 00 00 30 a3 00 00 dc 5b 00 00 68 5c 00 00 	0[0000000[00h000
  0xf260	f8 9f 00 00 70 5c 00 00 5f 5d 00 00 44 a3 00 00 	0000p000_]00D000
  0xf270	68 5d 00 00 34 5e 00 00 58 a3 00 00 3c 5e 00 00 	h]004^00X000<^00
  0xf280	f9 5f 00 00 6c a3 00 00 00 60 00 00 6f 60 00 00 	0_00l0000`00o`00
  0xf290	30 a1 00 00 78 60 00 00 35 61 00 00 88 a3 00 00 	0000x`005a000000
  0xf2a0	3c 61 00 00 11 62 00 00 9c a3 00 00 18 62 00 00 	<a000b0000000b00
  0xf2b0	0f 63 00 00 b0 a3 00 00 18 63 00 00 d1 63 00 00 	0c0000000c000c00
  0xf2c0	bc a3 00 00 d8 63 00 00 f4 65 00 00 d0 a3 00 00 	00000c000e000000
  0xf2d0	fc 65 00 00 0d 68 00 00 e8 a3 00 00 14 68 00 00 	0e000h0000000h00
  0xf2e0	b8 70 00 00 08 a4 00 00 c0 70 00 00 9a 71 00 00 	0p0000000p000q00
  0xf2f0	20 a4 00 00 a0 71 00 00 b6 82 00 00 3c a4 00 00 	 0000q000000<000
  0xf300	c0 82 00 00 fd 82 00 00 64 a4 00 00 10 83 00 00 	00000000d0000000
  0xf310	e3 83 00 00 ac a0 00 00 f0 83 00 00 39 84 00 00 	0000000000009000
  0xf320	64 a4 00 00 40 84 00 00 fe 85 00 00 6c a4 00 00 	d000@0000000l000
  0xf330	10 86 00 00 22 86 00 00 ac a0 00 00 40 86 00 00 	0000"0000000@000
  0xf340	5e 86 00 00 a0 a4 00 00 64 86 00 00 98 86 00 00 	^0000000d0000000
  0xf350	f0 9f 00 00 a0 86 00 00 11 88 00 00 ac a4 00 00 	0000000000000000
  0xf360	18 88 00 00 0f 89 00 00 a4 a4 00 00 20 89 00 00 	000000000000 000
  0xf370	59 89 00 00 ac a0 00 00 60 89 00 00 78 89 00 00 	Y0000000`000x000
  0xf380	ac a0 00 00 8c 89 00 00 e0 89 00 00 b4 a4 00 00 	0000000000000000
  0xf390	e8 89 00 00 2d 8a 00 00 f0 9f 00 00 a0 8a 00 00 	0000-00000000000
  0xf3a0	ed 8a 00 00 d4 a4 00 00 34 8b 00 00 08 8c 00 00 	0000000040000000
  0xf3b0	f8 a4 00 00 48 8c 00 00 66 8c 00 00 f0 9f 00 00 	0000H000f0000000
  0xf3c0	78 8c 00 00 ef 8c 00 00 0c a5 00 00 27 8d 00 00 	x00000000000'000
  0xf3d0	9e 8d 00 00 14 a5 00 00 b4 8d 00 00 d1 8d 00 00 	0000000000000000
  0xf3e0	ac a0 00 00 d8 8d 00 00 33 8e 00 00 1c a5 00 00 	0000000030000000
  0xf3f0	80 8e 00 00 82 8e 00 00 08 a5 00 00 90 8e 00 00 	0000000000000000
  0xf400	ae 8e 00 00 98 a4 00 00 c0 8e 00 00 e0 8e 00 00 	0000000000000000
  0xf410	98 a4 00 00 00 00 00 00 00 00 00 00 00 00 00 00 	0000000000000000
  0xf420	00 00 00 00 00 00 00 00 00 00 00 00 00 00 00 00 	0000000000000000
  0xf430	00 00 00 00 00 00 00 00 00 00 00 00 00 00 00 00 	0000000000000000
  0xf440	00 00 00 00 00 00 00 00 00 00 00 00 00 00 00 00 	0000000000000000
  0xf450	00 00 00 00 00 00 00 00 00 00 00 00 00 00 00 00 	0000000000000000
  0xf460	00 00 00 00 00 00 00 00 00 00 00 00 00 00 00 00 	0000000000000000
  0xf470	00 00 00 00 00 00 00 00 00 00 00 00 00 00 00 00 	0000000000000000
  0xf480	00 00 00 00 00 00 00 00 00 00 00 00 00 00 00 00 	0000000000000000
  0xf490	00 00 00 00 00 00 00 00 00 00 00 00 00 00 00 00 	0000000000000000
  0xf4a0	00 00 00 00 00 00 00 00 00 00 00 00 00 00 00 00 	0000000000000000
  0xf4b0	00 00 00 00 00 00 00 00 00 00 00 00 00 00 00 00 	0000000000000000
  0xf4c0	00 00 00 00 00 00 00 00 00 00 00 00 00 00 00 00 	0000000000000000
  0xf4d0	00 00 00 00 00 00 00 00 00 00 00 00 00 00 00 00 	0000000000000000
  0xf4e0	00 00 00 00 00 00 00 00 00 00 00 00 00 00 00 00 	0000000000000000
  0xf4f0	00 00 00 00 00 00 00 00 00 00 00 00 00 00 00 00 	0000000000000000
  0xf500	00 00 00 00 00 00 00 00 00 00 00 00 00 00 00 00 	0000000000000000
  0xf510	00 00 00 00 00 00 00 00 00 00 00 00 00 00 00 00 	0000000000000000
  0xf520	00 00 00 00 00 00 00 00 00 00 00 00 00 00 00 00 	0000000000000000
  0xf530	00 00 00 00 00 00 00 00 00 00 00 00 00 00 00 00 	0000000000000000
  0xf540	00 00 00 00 00 00 00 00 00 00 00 00 00 00 00 00 	0000000000000000
  0xf550	00 00 00 00 00 00 00 00 00 00 00 00 00 00 00 00 	0000000000000000
  0xf560	00 00 00 00 00 00 00 00 00 00 00 00 00 00 00 00 	0000000000000000
  0xf570	00 00 00 00 00 00 00 00 00 00 00 00 00 00 00 00 	0000000000000000
  0xf580	00 00 00 00 00 00 00 00 00 00 00 00 00 00 00 00 	0000000000000000
  0xf590	00 00 00 00 00 00 00 00 00 00 00 00 00 00 00 00 	0000000000000000
  0xf5a0	00 00 00 00 00 00 00 00 00 00 00 00 00 00 00 00 	0000000000000000
  0xf5b0	00 00 00 00 00 00 00 00 00 00 00 00 00 00 00 00 	0000000000000000
  0xf5c0	00 00 00 00 00 00 00 00 00 00 00 00 00 00 00 00 	0000000000000000
  0xf5d0	00 00 00 00 00 00 00 00 00 00 00 00 00 00 00 00 	0000000000000000
  0xf5e0	00 00 00 00 00 00 00 00 00 00 00 00 00 00 00 00 	0000000000000000
  0xf5f0	00 00 00 00 00 00 00 00 00 00 00 00 00 00 00 00 	0000000000000000
=== DATA BLOCK END ===
