===== Assembly blocks =====

=== CODE BLOCK ADDRESS 0x1000 ===
=== CODE BLOCK END ===

=== DATA BLOCK ADDRESS 0x3000 ===
  0x3000	b0 60 00 40 01 00 00 00 50 61 00 40 01 00 00 00 	0`0@0000Pa0@0000
  0x3010	18 01 00 00 00 00 00 00 00 00 00 00 00 00 00 00 	0000000000000000
  0x3020	00 00 00 00 00 00 00 00 00 00 00 00 00 00 00 00 	0000000000000000
  0x3030	00 00 00 00 00 00 00 00 00 00 00 00 00 00 00 00 	0000000000000000
  0x3040	00 00 00 00 00 00 00 00 00 00 00 00 00 00 00 00 	0000000000000000
  0x3050	00 00 00 00 00 00 00 00 00 00 00 00 00 00 00 00 	0000000000000000
  0x3060	00 00 00 00 00 00 00 00 00 60 00 40 01 00 00 00 	000000000`0@0000
  0x3070	00 00 00 00 00 00 00 00 00 00 00 00 00 00 00 00 	0000000000000000
  0x3080	e8 33 00 40 01 00 00 00 f0 33 00 40 01 00 00 00 	030@0000030@0000
  0x3090	68 34 00 40 01 00 00 00 0b 00 00 00 00 00 00 00 	h40@000000000000
  0x30a0	00 75 01 00 00 00 00 00 00 00 00 00 00 00 00 00 	0u00000000000000
  0x30b0	00 00 00 00 00 00 00 00 00 00 00 00 00 00 00 00 	0000000000000000
  0x30c0	00 00 00 00 00 00 00 00 00 00 00 00 00 00 00 00 	0000000000000000
  0x30d0	00 00 00 00 00 00 00 00 00 00 00 00 00 00 00 00 	0000000000000000
  0x30e0	00 00 00 00 00 00 00 00 00 00 00 00 00 00 00 00 	0000000000000000
  0x30f0	00 00 00 00 00 00 00 00 00 00 00 00 00 00 00 00 	0000000000000000
  0x3100	00 00 00 00 00 00 00 00 00 00 00 00 00 00 00 00 	0000000000000000
  0x3110	00 00 00 00 00 00 00 00 00 00 00 00 00 00 00 00 	0000000000000000
  0x3120	00 00 00 00 00 00 00 00 73 00 00 00 00 00 00 80 	00000000s0000000
  0x3130	74 00 00 00 00 00 00 80 e6 59 00 00 00 00 00 00 	t00000000Y000000
  0x3140	6f 00 00 00 00 00 00 80 fc 59 00 00 00 00 00 00 	o00000000Y000000
  0x3150	00 00 00 00 00 00 00 00 58 5b 00 00 00 00 00 00 	00000000X[000000
  0x3160	00 00 00 00 00 00 00 00 88 5b 00 00 00 00 00 00 	000000000[000000
  0x3170	08 5a 00 00 00 00 00 00 6c 5b 00 00 00 00 00 00 	0Z000000l[000000
  0x3180	00 00 00 00 00 00 00 00 72 5a 00 00 00 00 00 00 	00000000rZ000000
  0x3190	00 00 00 00 00 00 00 00 92 5a 00 00 00 00 00 00 	000000000Z000000
  0x31a0	00 00 00 00 00 00 00 00 00 5b 00 00 00 00 00 00 	000000000[000000
  0x31b0	00 00 00 00 00 00 00 00 80 5a 00 00 00 00 00 00 	000000000Z000000
  0x31c0	00 00 00 00 00 00 00 00 c2 5b 00 00 00 00 00 00 	000000000[000000
  0x31d0	00 00 00 00 00 00 00 00 d4 59 00 00 00 00 00 00 	000000000Y000000
  0x31e0	00 00 00 00 00 00 00 00 d6 5b 00 00 00 00 00 00 	000000000[000000
  0x31f0	ba 5a 00 00 00 00 00 00 d0 5a 00 00 00 00 00 00 	0Z0000000Z000000
  0x3200	ea 5b 00 00 00 00 00 00 00 00 00 00 00 00 00 00 	0[00000000000000
  0x3210	a6 5b 00 00 00 00 00 00 00 00 00 00 00 00 00 00 	0[00000000000000
  0x3220	a0 5a 00 00 00 00 00 00 00 00 00 00 00 00 00 00 	0Z00000000000000
  0x3230	16 5b 00 00 00 00 00 00 2a 5b 00 00 00 00 00 00 	0[000000*[000000
  0x3240	44 5b 00 00 00 00 00 00 00 00 00 00 00 00 00 00 	D[00000000000000
  0x3250	e6 5a 00 00 00 00 00 00 00 00 00 00 00 00 00 00 	0Z00000000000000
  0x3260	2e 57 00 00 00 00 00 00 4c 57 00 00 00 00 00 00 	.W000000LW000000
  0x3270	6c 57 00 00 00 00 00 00 8c 57 00 00 00 00 00 00 	lW0000000W000000
  0x3280	98 57 00 00 00 00 00 00 b2 57 00 00 00 00 00 00 	0W0000000W000000
  0x3290	cc 57 00 00 00 00 00 00 de 57 00 00 00 00 00 00 	0W0000000W000000
  0x32a0	ea 57 00 00 00 00 00 00 f8 57 00 00 00 00 00 00 	0W0000000W000000
  0x32b0	1c 58 00 00 00 00 00 00 3a 58 00 00 00 00 00 00 	0X000000:X000000
  0x32c0	5c 58 00 00 00 00 00 00 7c 58 00 00 00 00 00 00 	0X000000|X000000
  0x32d0	92 58 00 00 00 00 00 00 a6 58 00 00 00 00 00 00 	0X0000000X000000
  0x32e0	ca 58 00 00 00 00 00 00 d8 58 00 00 00 00 00 00 	0X0000000X000000
  0x32f0	e6 58 00 00 00 00 00 00 f6 58 00 00 00 00 00 00 	0X0000000X000000
  0x3300	06 59 00 00 00 00 00 00 14 59 00 00 00 00 00 00 	0Y0000000Y000000
  0x3310	20 59 00 00 00 00 00 00 2a 59 00 00 00 00 00 00 	 Y000000*Y000000
  0x3320	36 59 00 00 00 00 00 00 42 59 00 00 00 00 00 00 	6Y000000BY000000
  0x3330	4e 59 00 00 00 00 00 00 5e 59 00 00 00 00 00 00 	NY000000^Y000000
  0x3340	6e 59 00 00 00 00 00 00 1c 57 00 00 00 00 00 00 	nY0000000W000000
  0x3350	0a 57 00 00 00 00 00 00 fa 56 00 00 00 00 00 00 	0W0000000V000000
  0x3360	e4 56 00 00 00 00 00 00 b6 58 00 00 00 00 00 00 	0V0000000X000000
  0x3370	00 00 00 00 00 00 00 00 7c 56 00 00 00 00 00 00 	00000000|V000000
  0x3380	8a 56 00 00 00 00 00 00 94 56 00 00 00 00 00 00 	0V0000000V000000
  0x3390	70 56 00 00 00 00 00 00 00 00 00 00 00 00 00 00 	pV00000000000000
  0x33a0	86 59 00 00 00 00 00 00 00 00 00 00 00 00 00 00 	0Y00000000000000
  0x33b0	2a 5a 00 00 00 00 00 00 18 5a 00 00 00 00 00 00 	*Z0000000Z000000
  0x33c0	3a 5a 00 00 00 00 00 00 50 5a 00 00 00 00 00 00 	:Z000000PZ000000
  0x33d0	00 00 00 00 00 00 00 00 60 5a 00 00 00 00 00 00 	00000000`Z000000
  0x33e0	00 00 00 00 00 00 00 00 e0 23 00 40 01 00 00 00 	000000000#0@0000
  0x33f0	10 2d 00 40 01 00 00 00 00 00 00 00 00 00 00 00 	0-0@000000000000
  0x3400	20 1e 00 40 01 00 00 00 00 00 00 00 00 00 00 00 	 00@000000000000
  0x3410	00 00 00 00 00 00 00 00 50 1d 00 40 01 00 00 00 	00000000P00@0000
  0x3420	00 1e 00 40 01 00 00 00 b0 1c 00 40 01 00 00 00 	000@0000000@0000
  0x3430	e0 1c 00 40 01 00 00 00 20 1d 00 40 01 00 00 00 	000@0000 00@0000
  0x3440	00 00 00 00 00 00 00 00 00 00 00 00 00 00 00 00 	0000000000000000
  0x3450	00 00 00 00 00 00 00 00 00 00 00 00 00 00 00 00 	0000000000000000
  0x3460	00 00 00 00 00 00 00 00 b0 1c 00 00 e0 1c 00 00 	0000000000000000
  0x3470	20 1d 00 00 50 1d 00 00 00 1e 00 00 20 1e 00 00 	 000P0000000 000
  0x3480	d0 1f 00 00 e0 23 00 00 10 26 00 00 a0 26 00 00 	00000#000&000&00
  0x3490	50 27 00 00 00 00 00 00 00 00 00 00 00 00 00 00 	P'00000000000000
  0x34a0	4e 00 44 00 4b 00 50 00 69 00 6e 00 67 00 20 00 	N0D0K0P0i0n0g0 0
  0x34b0	63 00 61 00 6e 00 20 00 72 00 75 00 6e 00 20 00 	c0a0n0 0r0u0n0 0
  0x34c0	6f 00 6e 00 20 00 61 00 20 00 73 00 79 00 73 00 	o0n0 0a0 0s0y0s0
  0x34d0	74 00 65 00 6d 00 20 00 61 00 73 00 20 00 53 00 	t0e0m0 0a0s0 0S0
  0x34e0	65 00 72 00 76 00 65 00 72 00 20 00 6f 00 72 00 	e0r0v0e0r0 0o0r0
  0x34f0	20 00 43 00 6c 00 69 00 65 00 6e 00 74 00 2e 00 	 0C0l0i0e0n0t0.0
  0x3500	0a 00 52 00 75 00 6e 00 20 00 61 00 73 00 20 00 	00R0u0n0 0a0s0 0
  0x3510	61 00 20 00 53 00 65 00 72 00 76 00 65 00 72 00 	a0 0S0e0r0v0e0r0
  0x3520	3a 00 0a 00 09 00 20 00 2d 00 53 00 20 00 2d 00 	:00000 0-0S0 0-0
  0x3530	2d 00 20 00 53 00 70 00 65 00 63 00 69 00 66 00 	-0 0S0p0e0c0i0f0
  0x3540	79 00 20 00 74 00 68 00 61 00 74 00 20 00 74 00 	y0 0t0h0a0t0 0t0
  0x3550	68 00 65 00 20 00 73 00 79 00 73 00 74 00 65 00 	h0e0 0s0y0s0t0e0
  0x3560	6d 00 20 00 77 00 69 00 6c 00 6c 00 20 00 62 00 	m0 0w0i0l0l0 0b0
  0x3570	65 00 20 00 61 00 20 00 53 00 65 00 72 00 76 00 	e0 0a0 0S0e0r0v0
  0x3580	65 00 72 00 2e 00 0a 00 09 00 20 00 2d 00 53 00 	e0r0.00000 0-0S0
  0x3590	65 00 72 00 76 00 65 00 72 00 41 00 64 00 64 00 	e0r0v0e0r0A0d0d0
  0x35a0	72 00 20 00 3c 00 53 00 65 00 72 00 76 00 65 00 	r0 0<0S0e0r0v0e0
  0x35b0	72 00 49 00 50 00 41 00 64 00 64 00 72 00 65 00 	r0I0P0A0d0d0r0e0
  0x35c0	73 00 73 00 3e 00 3a 00 3c 00 53 00 65 00 72 00 	s0s0>0:0<0S0e0r0
  0x35d0	76 00 65 00 72 00 50 00 6f 00 72 00 74 00 3e 00 	v0e0r0P0o0r0t0>0
  0x35e0	20 00 2d 00 2d 00 20 00 53 00 70 00 65 00 63 00 	 0-0-0 0S0p0e0c0
  0x35f0	69 00 66 00 79 00 20 00 69 00 70 00 20 00 61 00 	i0f0y0 0i0p0 0a0
  0x3600	64 00 64 00 72 00 65 00 73 00 73 00 20 00 6f 00 	d0d0r0e0s0s0 0o0
  0x3610	66 00 20 00 74 00 68 00 65 00 20 00 73 00 65 00 	f0 0t0h0e0 0s0e0
  0x3620	72 00 76 00 65 00 72 00 20 00 61 00 6e 00 64 00 	r0v0e0r0 0a0n0d0
  0x3630	20 00 74 00 68 00 65 00 20 00 70 00 6f 00 72 00 	 0t0h0e0 0p0o0r0
  0x3640	74 00 20 00 6f 00 6e 00 20 00 77 00 68 00 69 00 	t0 0o0n0 0w0h0i0
  0x3650	63 00 68 00 20 00 74 00 6f 00 20 00 6c 00 69 00 	c0h0 0t0o0 0l0i0
  0x3660	73 00 74 00 65 00 6e 00 20 00 69 00 6e 00 20 00 	s0t0e0n0 0i0n0 0
  0x3670	66 00 6f 00 72 00 6d 00 61 00 74 00 20 00 6f 00 	f0o0r0m0a0t0 0o0
  0x3680	66 00 20 00 69 00 70 00 53 00 65 00 72 00 76 00 	f0 0i0p0S0e0r0v0
  0x3690	65 00 72 00 3a 00 70 00 6f 00 72 00 74 00 53 00 	e0r0:0p0o0r0t0S0
  0x36a0	65 00 72 00 76 00 65 00 72 00 2e 00 0a 00 09 00 	e0r0v0e0r0.00000
  0x36b0	20 00 2d 00 53 00 65 00 72 00 76 00 65 00 72 00 	 0-0S0e0r0v0e0r0
  0x36c0	49 00 66 00 20 00 3c 00 53 00 65 00 72 00 76 00 	I0f0 0<0S0e0r0v0
  0x36d0	65 00 72 00 49 00 6e 00 74 00 65 00 72 00 66 00 	e0r0I0n0t0e0r0f0
  0x36e0	61 00 63 00 65 00 49 00 6e 00 64 00 65 00 78 00 	a0c0e0I0n0d0e0x0
  0x36f0	3e 00 20 00 2d 00 2d 00 20 00 53 00 70 00 65 00 	>0 0-0-0 0S0p0e0
  0x3700	63 00 69 00 66 00 79 00 20 00 74 00 68 00 65 00 	c0i0f0y0 0t0h0e0
  0x3710	20 00 69 00 6e 00 74 00 65 00 72 00 66 00 61 00 	 0i0n0t0e0r0f0a0
  0x3720	63 00 65 00 20 00 69 00 6e 00 64 00 65 00 78 00 	c0e0 0i0n0d0e0x0
  0x3730	20 00 66 00 6f 00 72 00 20 00 74 00 68 00 65 00 	 0f0o0r0 0t0h0e0
  0x3740	20 00 73 00 65 00 72 00 76 00 65 00 72 00 2e 00 	 0s0e0r0v0e0r0.0
  0x3750	0a 00 09 00 20 00 2d 00 54 00 65 00 73 00 74 00 	0000 0-0T0e0s0t0
  0x3760	54 00 79 00 70 00 65 00 20 00 3c 00 54 00 65 00 	T0y0p0e0 0<0T0e0
  0x3770	73 00 74 00 54 00 79 00 70 00 65 00 3e 00 20 00 	s0t0T0y0p0e0>0 0
  0x3780	2d 00 2d 00 20 00 53 00 70 00 65 00 63 00 69 00 	-0-0 0S0p0e0c0i0
  0x3790	66 00 79 00 20 00 74 00 68 00 65 00 20 00 74 00 	f0y0 0t0h0e0 0t0
  0x37a0	79 00 70 00 65 00 20 00 6f 00 66 00 20 00 74 00 	y0p0e0 0o0f0 0t0
  0x37b0	65 00 73 00 74 00 20 00 74 00 6f 00 20 00 72 00 	e0s0t0 0t0o0 0r0
  0x37c0	75 00 6e 00 2e 00 0a 00 09 00 20 00 2d 00 57 00 	u0n0.00000 0-0W0
  0x37d0	20 00 3c 00 54 00 69 00 6d 00 65 00 6f 00 75 00 	 0<0T0i0m0e0o0u0
  0x37e0	74 00 3e 00 20 00 2d 00 2d 00 20 00 53 00 70 00 	t0>0 0-0-0 0S0p0
  0x37f0	65 00 63 00 69 00 66 00 79 00 20 00 74 00 68 00 	e0c0i0f0y0 0t0h0
  0x3800	65 00 20 00 74 00 69 00 6d 00 65 00 6f 00 75 00 	e0 0t0i0m0e0o0u0
  0x3810	74 00 20 00 6f 00 66 00 20 00 53 00 65 00 72 00 	t0 0o0f0 0S0e0r0
  0x3820	76 00 65 00 72 00 20 00 4c 00 69 00 73 00 74 00 	v0e0r0 0L0i0s0t0
  0x3830	65 00 6e 00 20 00 73 00 6f 00 63 00 6b 00 65 00 	e0n0 0s0o0c0k0e0
  0x3840	74 00 2c 00 20 00 69 00 6e 00 20 00 73 00 65 00 	t0,0 0i0n0 0s0e0
  0x3850	63 00 6f 00 6e 00 64 00 73 00 2e 00 20 00 49 00 	c0o0n0d0s0.0 0I0
  0x3860	66 00 20 00 74 00 68 00 69 00 73 00 20 00 70 00 	f0 0t0h0i0s0 0p0
  0x3870	61 00 72 00 61 00 6d 00 65 00 74 00 65 00 72 00 	a0r0a0m0e0t0e0r0
  0x3880	20 00 69 00 73 00 20 00 6e 00 6f 00 74 00 20 00 	 0i0s0 0n0o0t0 0
  0x3890	73 00 70 00 65 00 63 00 69 00 66 00 69 00 65 00 	s0p0e0c0i0f0i0e0
  0x38a0	64 00 2c 00 20 00 77 00 69 00 6c 00 6c 00 20 00 	d0,0 0w0i0l0l0 0
  0x38b0	77 00 61 00 69 00 74 00 20 00 69 00 6e 00 66 00 	w0a0i0t0 0i0n0f0
  0x38c0	69 00 6e 00 69 00 74 00 65 00 6c 00 79 00 2e 00 	i0n0i0t0e0l0y0.0
  0x38d0	0a 00 0a 00 52 00 75 00 6e 00 20 00 61 00 73 00 	0000R0u0n0 0a0s0
  0x38e0	20 00 61 00 20 00 43 00 6c 00 69 00 65 00 6e 00 	 0a0 0C0l0i0e0n0
  0x38f0	74 00 3a 00 0a 00 09 00 20 00 2d 00 43 00 20 00 	t0:00000 0-0C0 0
  0x3900	2d 00 2d 00 20 00 53 00 70 00 65 00 63 00 69 00 	-0-0 0S0p0e0c0i0
  0x3910	66 00 79 00 20 00 74 00 68 00 61 00 74 00 20 00 	f0y0 0t0h0a0t0 0
  0x3920	74 00 68 00 65 00 20 00 73 00 79 00 73 00 74 00 	t0h0e0 0s0y0s0t0
  0x3930	65 00 6d 00 20 00 77 00 69 00 6c 00 6c 00 20 00 	e0m0 0w0i0l0l0 0
  0x3940	62 00 65 00 20 00 61 00 20 00 43 00 6c 00 69 00 	b0e0 0a0 0C0l0i0
  0x3950	65 00 6e 00 74 00 2e 00 0a 00 09 00 20 00 2d 00 	e0n0t0.00000 0-0
  0x3960	53 00 65 00 72 00 76 00 65 00 72 00 41 00 64 00 	S0e0r0v0e0r0A0d0
  0x3970	64 00 72 00 20 00 3c 00 53 00 65 00 72 00 76 00 	d0r0 0<0S0e0r0v0
  0x3980	65 00 72 00 49 00 50 00 41 00 64 00 64 00 72 00 	e0r0I0P0A0d0d0r0
  0x3990	65 00 73 00 73 00 3e 00 3a 00 3c 00 53 00 65 00 	e0s0s0>0:0<0S0e0
  0x39a0	72 00 76 00 65 00 72 00 50 00 6f 00 72 00 74 00 	r0v0e0r0P0o0r0t0
  0x39b0	3e 00 20 00 2d 00 2d 00 20 00 53 00 70 00 65 00 	>0 0-0-0 0S0p0e0
  0x39c0	63 00 69 00 66 00 79 00 20 00 69 00 70 00 20 00 	c0i0f0y0 0i0p0 0
  0x39d0	61 00 64 00 64 00 72 00 65 00 73 00 73 00 20 00 	a0d0d0r0e0s0s0 0
  0x39e0	6f 00 66 00 20 00 74 00 68 00 65 00 20 00 73 00 	o0f0 0t0h0e0 0s0
  0x39f0	65 00 72 00 76 00 65 00 72 00 20 00 61 00 6e 00 	e0r0v0e0r0 0a0n0
  0x3a00	64 00 20 00 74 00 68 00 65 00 20 00 70 00 6f 00 	d0 0t0h0e0 0p0o0
  0x3a10	72 00 74 00 20 00 6f 00 6e 00 20 00 77 00 68 00 	r0t0 0o0n0 0w0h0
  0x3a20	69 00 63 00 68 00 20 00 74 00 6f 00 20 00 6c 00 	i0c0h0 0t0o0 0l0
  0x3a30	69 00 73 00 74 00 65 00 6e 00 20 00 69 00 6e 00 	i0s0t0e0n0 0i0n0
  0x3a40	20 00 66 00 6f 00 72 00 6d 00 61 00 74 00 20 00 	 0f0o0r0m0a0t0 0
  0x3a50	6f 00 66 00 20 00 69 00 70 00 53 00 65 00 72 00 	o0f0 0i0p0S0e0r0
  0x3a60	76 00 65 00 72 00 3a 00 70 00 6f 00 72 00 74 00 	v0e0r0:0p0o0r0t0
  0x3a70	53 00 65 00 72 00 76 00 65 00 72 00 2e 00 0a 00 	S0e0r0v0e0r0.000
  0x3a80	09 00 20 00 2d 00 43 00 6c 00 69 00 65 00 6e 00 	00 0-0C0l0i0e0n0
  0x3a90	74 00 41 00 64 00 64 00 72 00 20 00 3c 00 43 00 	t0A0d0d0r0 0<0C0
  0x3aa0	6c 00 69 00 65 00 6e 00 74 00 49 00 50 00 41 00 	l0i0e0n0t0I0P0A0
  0x3ab0	64 00 64 00 72 00 65 00 73 00 73 00 3e 00 20 00 	d0d0r0e0s0s0>0 0
  0x3ac0	2d 00 2d 00 20 00 53 00 70 00 65 00 63 00 69 00 	-0-0 0S0p0e0c0i0
  0x3ad0	66 00 79 00 20 00 74 00 68 00 65 00 20 00 69 00 	f0y0 0t0h0e0 0i0
  0x3ae0	70 00 20 00 61 00 64 00 64 00 72 00 65 00 73 00 	p0 0a0d0d0r0e0s0
  0x3af0	73 00 20 00 6f 00 66 00 20 00 74 00 68 00 65 00 	s0 0o0f0 0t0h0e0
  0x3b00	20 00 43 00 6c 00 69 00 65 00 6e 00 74 00 2e 00 	 0C0l0i0e0n0t0.0
  0x3b10	0a 00 09 00 20 00 2d 00 43 00 6c 00 69 00 65 00 	0000 0-0C0l0i0e0
  0x3b20	6e 00 74 00 49 00 66 00 20 00 3c 00 43 00 6c 00 	n0t0I0f0 0<0C0l0
  0x3b30	69 00 65 00 6e 00 74 00 49 00 6e 00 74 00 65 00 	i0e0n0t0I0n0t0e0
  0x3b40	72 00 66 00 61 00 63 00 65 00 49 00 6e 00 64 00 	r0f0a0c0e0I0n0d0
  0x3b50	65 00 78 00 3e 00 20 00 2d 00 2d 00 20 00 53 00 	e0x0>0 0-0-0 0S0
  0x3b60	70 00 65 00 63 00 69 00 66 00 79 00 20 00 74 00 	p0e0c0i0f0y0 0t0
  0x3b70	68 00 65 00 20 00 69 00 6e 00 74 00 65 00 72 00 	h0e0 0i0n0t0e0r0
  0x3b80	66 00 61 00 63 00 65 00 20 00 69 00 6e 00 64 00 	f0a0c0e0 0i0n0d0
  0x3b90	65 00 78 00 20 00 66 00 6f 00 72 00 20 00 74 00 	e0x0 0f0o0r0 0t0
  0x3ba0	68 00 65 00 20 00 43 00 6c 00 69 00 65 00 6e 00 	h0e0 0C0l0i0e0n0
  0x3bb0	74 00 2e 00 0a 00 09 00 20 00 2d 00 4c 00 6f 00 	t0.00000 0-0L0o0
  0x3bc0	67 00 46 00 69 00 6c 00 65 00 6e 00 61 00 6d 00 	g0F0i0l0e0n0a0m0
  0x3bd0	65 00 20 00 3c 00 4c 00 6f 00 67 00 46 00 69 00 	e0 0<0L0o0g0F0i0
  0x3be0	6c 00 65 00 4e 00 61 00 6d 00 65 00 3e 00 20 00 	l0e0N0a0m0e0>0 0
  0x3bf0	2d 00 2d 00 20 00 53 00 70 00 65 00 63 00 69 00 	-0-0 0S0p0e0c0i0
  0x3c00	66 00 79 00 20 00 4e 00 44 00 4b 00 50 00 69 00 	f0y0 0N0D0K0P0i0
  0x3c10	6e 00 67 00 20 00 74 00 65 00 73 00 74 00 20 00 	n0g0 0t0e0s0t0 0
  0x3c20	72 00 65 00 73 00 75 00 6c 00 74 00 73 00 20 00 	r0e0s0u0l0t0s0 0
  0x3c30	6c 00 6f 00 67 00 20 00 66 00 69 00 6c 00 65 00 	l0o0g0 0f0i0l0e0
  0x3c40	20 00 6e 00 61 00 6d 00 65 00 2c 00 20 00 72 00 	 0n0a0m0e0,0 0r0
  0x3c50	65 00 6c 00 61 00 74 00 69 00 76 00 65 00 20 00 	e0l0a0t0i0v0e0 0
  0x3c60	70 00 61 00 74 00 68 00 20 00 6f 00 72 00 20 00 	p0a0t0h0 0o0r0 0
  0x3c70	66 00 75 00 6c 00 6c 00 20 00 70 00 61 00 74 00 	f0u0l0l0 0p0a0t0
  0x3c80	68 00 2e 00 0a 00 09 00 20 00 20 00 20 00 20 00 	h0.00000 0 0 0 0
  0x3c90	20 00 20 00 20 00 20 00 20 00 20 00 20 00 20 00 	 0 0 0 0 0 0 0 0
  0x3ca0	20 00 20 00 20 00 20 00 20 00 20 00 20 00 20 00 	 0 0 0 0 0 0 0 0
  0x3cb0	20 00 20 00 20 00 20 00 20 00 20 00 20 00 20 00 	 0 0 0 0 0 0 0 0
  0x3cc0	20 00 20 00 20 00 28 00 44 00 65 00 66 00 61 00 	 0 0 0(0D0e0f0a0
  0x3cd0	75 00 6c 00 74 00 3a 00 20 00 5b 00 73 00 79 00 	u0l0t0:0 0[0s0y0
  0x3ce0	73 00 74 00 65 00 6d 00 64 00 72 00 69 00 76 00 	s0t0e0m0d0r0i0v0
  0x3cf0	65 00 5d 00 5c 00 4e 00 44 00 4b 00 50 00 69 00 	e0]000N0D0K0P0i0
  0x3d00	6e 00 67 00 52 00 65 00 73 00 75 00 6c 00 74 00 	n0g0R0e0s0u0l0t0
  0x3d10	73 00 2e 00 6c 00 6f 00 67 00 29 00 2e 00 20 00 	s0.0l0o0g0)0.0 0
  0x3d20	4f 00 6e 00 20 00 63 00 6c 00 69 00 65 00 6e 00 	O0n0 0c0l0i0e0n0
  0x3d30	74 00 20 00 73 00 69 00 64 00 65 00 20 00 6f 00 	t0 0s0i0d0e0 0o0
  0x3d40	6e 00 6c 00 79 00 2e 00 0a 00 09 00 20 00 2d 00 	n0l0y0.00000 0-0
  0x3d50	41 00 20 00 2d 00 2d 00 20 00 53 00 70 00 65 00 	A0 0-0-0 0S0p0e0
  0x3d60	63 00 69 00 66 00 79 00 20 00 74 00 68 00 61 00 	c0i0f0y0 0t0h0a0
  0x3d70	74 00 20 00 61 00 74 00 20 00 63 00 6c 00 69 00 	t0 0a0t0 0c0l0i0
  0x3d80	65 00 6e 00 74 00 20 00 73 00 69 00 64 00 65 00 	e0n0t0 0s0i0d0e0
  0x3d90	20 00 4e 00 44 00 4b 00 50 00 69 00 6e 00 67 00 	 0N0D0K0P0i0n0g0
  0x3da0	20 00 74 00 65 00 73 00 74 00 20 00 72 00 65 00 	 0t0e0s0t0 0r0e0
  0x3db0	73 00 75 00 6c 00 74 00 73 00 20 00 73 00 68 00 	s0u0l0t0s0 0s0h0
  0x3dc0	6f 00 75 00 6c 00 64 00 20 00 62 00 65 00 20 00 	o0u0l0d0 0b0e0 0
  0x3dd0	61 00 70 00 70 00 65 00 6e 00 64 00 65 00 64 00 	a0p0p0e0n0d0e0d0
  0x3de0	20 00 74 00 6f 00 20 00 74 00 68 00 65 00 20 00 	 0t0o0 0t0h0e0 0
  0x3df0	6c 00 6f 00 67 00 20 00 66 00 69 00 6c 00 65 00 	l0o0g0 0f0i0l0e0
  0x3e00	20 00 69 00 66 00 20 00 69 00 74 00 20 00 61 00 	 0i0f0 0i0t0 0a0
  0x3e10	6c 00 72 00 65 00 61 00 64 00 79 00 20 00 65 00 	l0r0e0a0d0y0 0e0
  0x3e20	78 00 69 00 73 00 74 00 73 00 2e 00 0a 00 09 00 	x0i0s0t0s0.00000
  0x3e30	20 00 2d 00 56 00 20 00 2d 00 2d 00 20 00 53 00 	 0-0V0 0-0-0 0S0
  0x3e40	70 00 65 00 63 00 69 00 66 00 79 00 20 00 74 00 	p0e0c0i0f0y0 0t0
  0x3e50	68 00 61 00 74 00 20 00 61 00 74 00 20 00 63 00 	h0a0t0 0a0t0 0c0
  0x3e60	6c 00 69 00 65 00 6e 00 74 00 20 00 73 00 69 00 	l0i0e0n0t0 0s0i0
  0x3e70	64 00 65 00 20 00 4e 00 44 00 4b 00 50 00 69 00 	d0e0 0N0D0K0P0i0
  0x3e80	6e 00 67 00 20 00 74 00 65 00 73 00 74 00 20 00 	n0g0 0t0e0s0t0 0
  0x3e90	72 00 65 00 73 00 75 00 6c 00 74 00 73 00 20 00 	r0e0s0u0l0t0s0 0
  0x3ea0	73 00 68 00 6f 00 75 00 6c 00 64 00 20 00 62 00 	s0h0o0u0l0d0 0b0
  0x3eb0	65 00 20 00 70 00 72 00 69 00 6e 00 74 00 65 00 	e0 0p0r0i0n0t0e0
  0x3ec0	64 00 20 00 6f 00 75 00 74 00 20 00 6f 00 6e 00 	d0 0o0u0t0 0o0n0
  0x3ed0	20 00 73 00 63 00 72 00 65 00 65 00 6e 00 20 00 	 0s0c0r0e0e0n0 0
  0x3ee0	65 00 78 00 63 00 65 00 70 00 74 00 20 00 62 00 	e0x0c0e0p0t0 0b0
  0x3ef0	65 00 69 00 6e 00 67 00 20 00 73 00 74 00 6f 00 	e0i0n0g0 0s0t0o0
  0x3f00	72 00 65 00 64 00 20 00 69 00 6e 00 20 00 61 00 	r0e0d0 0i0n0 0a0
  0x3f10	20 00 6c 00 6f 00 67 00 20 00 66 00 69 00 6c 00 	 0l0o0g0 0f0i0l0
  0x3f20	65 00 2e 00 0a 00 09 00 20 00 2d 00 54 00 65 00 	e0.00000 0-0T0e0
  0x3f30	73 00 74 00 54 00 79 00 70 00 65 00 20 00 3c 00 	s0t0T0y0p0e0 0<0
  0x3f40	54 00 65 00 73 00 74 00 54 00 79 00 70 00 65 00 	T0e0s0t0T0y0p0e0
  0x3f50	3e 00 20 00 2d 00 2d 00 20 00 53 00 70 00 65 00 	>0 0-0-0 0S0p0e0
  0x3f60	63 00 69 00 66 00 79 00 20 00 74 00 68 00 65 00 	c0i0f0y0 0t0h0e0
  0x3f70	20 00 74 00 79 00 70 00 65 00 20 00 6f 00 66 00 	 0t0y0p0e0 0o0f0
  0x3f80	20 00 74 00 65 00 73 00 74 00 20 00 74 00 6f 00 	 0t0e0s0t0 0t0o0
  0x3f90	20 00 72 00 75 00 6e 00 2e 00 0a 00 0a 00 54 00 	 0r0u0n0.00000T0
  0x3fa0	65 00 73 00 74 00 54 00 79 00 70 00 65 00 20 00 	e0s0t0T0y0p0e0 0
  0x3fb0	4f 00 70 00 74 00 69 00 6f 00 6e 00 73 00 3a 00 	O0p0t0i0o0n0s0:0
  0x3fc0	20 00 28 00 53 00 65 00 72 00 76 00 65 00 72 00 	 0(0S0e0r0v0e0r0
  0x3fd0	20 00 61 00 6e 00 64 00 20 00 43 00 6c 00 69 00 	 0a0n0d0 0C0l0i0
  0x3fe0	65 00 6e 00 74 00 20 00 6d 00 75 00 73 00 74 00 	e0n0t0 0m0u0s0t0
  0x3ff0	20 00 62 00 65 00 20 00 77 00 69 00 74 00 68 00 	 0b0e0 0w0i0t0h0
  0x4000	20 00 73 00 61 00 6d 00 65 00 20 00 54 00 65 00 	 0s0a0m0e0 0T0e0
  0x4010	73 00 74 00 54 00 79 00 70 00 65 00 29 00 0a 00 	s0t0T0y0p0e0)000
  0x4020	09 00 20 00 72 00 70 00 69 00 6e 00 67 00 20 00 	00 0r0p0i0n0g0 0
  0x4030	2d 00 2d 00 20 00 54 00 65 00 73 00 74 00 73 00 	-0-0 0T0e0s0t0s0
  0x4040	20 00 52 00 44 00 4d 00 41 00 20 00 63 00 6f 00 	 0R0D0M0A0 0c0o0
  0x4050	6e 00 6e 00 65 00 63 00 74 00 69 00 76 00 69 00 	n0n0e0c0t0i0v0i0
  0x4060	74 00 79 00 20 00 77 00 69 00 74 00 68 00 20 00 	t0y0 0w0i0t0h0 0
  0x4070	53 00 65 00 6e 00 64 00 2f 00 52 00 65 00 63 00 	S0e0n0d0/0R0e0c0
  0x4080	65 00 69 00 76 00 65 00 20 00 74 00 72 00 61 00 	e0i0v0e0 0t0r0a0
  0x4090	6e 00 73 00 66 00 65 00 72 00 73 00 20 00 61 00 	n0s0f0e0r0s0 0a0
  0x40a0	6e 00 64 00 20 00 6c 00 6f 00 67 00 73 00 20 00 	n0d0 0l0o0g0s0 0
  0x40b0	74 00 68 00 65 00 20 00 73 00 74 00 61 00 74 00 	t0h0e0 0s0t0a0t0
  0x40c0	75 00 73 00 20 00 6f 00 66 00 20 00 65 00 61 00 	u0s0 0o0f0 0e0a0
  0x40d0	63 00 68 00 20 00 6f 00 66 00 20 00 74 00 68 00 	c0h0 0o0f0 0t0h0
  0x40e0	65 00 6d 00 2e 00 0a 00 0a 00 09 00 20 00 52 00 	e0m0.0000000 0R0
  0x40f0	65 00 61 00 64 00 2f 00 57 00 72 00 69 00 74 00 	e0a0d0/0W0r0i0t0
  0x4100	65 00 20 00 74 00 65 00 73 00 74 00 73 00 20 00 	e0 0t0e0s0t0s0 0
  0x4110	77 00 69 00 6c 00 6c 00 20 00 62 00 65 00 20 00 	w0i0l0l0 0b0e0 0
  0x4120	69 00 6e 00 20 00 66 00 75 00 74 00 75 00 72 00 	i0n0 0f0u0t0u0r0
  0x4130	65 00 20 00 76 00 65 00 72 00 73 00 69 00 6f 00 	e0 0v0e0r0s0i0o0
  0x4140	6e 00 21 00 21 00 21 00 20 00 0a 00 0a 00 55 00 	n0!0!0!0 00000U0
  0x4150	73 00 61 00 67 00 65 00 20 00 53 00 61 00 6d 00 	s0a0g0e0 0S0a0m0
  0x4160	70 00 6c 00 65 00 3a 00 0a 00 09 00 20 00 41 00 	p0l0e0:00000 0A0
  0x4170	73 00 20 00 61 00 20 00 53 00 65 00 72 00 76 00 	s0 0a0 0S0e0r0v0
  0x4180	65 00 72 00 3a 00 0a 00 09 00 20 00 20 00 20 00 	e0r0:00000 0 0 0
  0x4190	20 00 20 00 20 00 20 00 20 00 20 00 20 00 20 00 	 0 0 0 0 0 0 0 0
  0x41a0	20 00 20 00 4e 00 44 00 4b 00 50 00 69 00 6e 00 	 0 0N0D0K0P0i0n0
  0x41b0	67 00 20 00 2d 00 53 00 20 00 2d 00 53 00 65 00 	g0 0-0S0 0-0S0e0
  0x41c0	72 00 76 00 65 00 72 00 41 00 64 00 64 00 72 00 	r0v0e0r0A0d0d0r0
  0x41d0	20 00 31 00 30 00 2e 00 31 00 30 00 2e 00 31 00 	 01000.01000.010
  0x41e0	30 00 2e 00 31 00 30 00 3a 00 35 00 35 00 35 00 	00.01000:0505050
  0x41f0	35 00 35 00 20 00 2d 00 53 00 65 00 72 00 76 00 	5050 0-0S0e0r0v0
  0x4200	65 00 72 00 49 00 66 00 20 00 33 00 20 00 2d 00 	e0r0I0f0 030 0-0
  0x4210	54 00 65 00 73 00 74 00 54 00 79 00 70 00 65 00 	T0e0s0t0T0y0p0e0
  0x4220	20 00 72 00 70 00 69 00 6e 00 67 00 20 00 2d 00 	 0r0p0i0n0g0 0-0
  0x4230	57 00 20 00 36 00 30 00 20 00 0a 00 09 00 20 00 	W0 06000 00000 0
  0x4240	41 00 73 00 20 00 61 00 20 00 43 00 6c 00 69 00 	A0s0 0a0 0C0l0i0
  0x4250	65 00 6e 00 74 00 3a 00 0a 00 09 00 20 00 20 00 	e0n0t0:00000 0 0
  0x4260	20 00 20 00 20 00 20 00 20 00 20 00 20 00 20 00 	 0 0 0 0 0 0 0 0
  0x4270	20 00 20 00 20 00 4e 00 44 00 4b 00 50 00 69 00 	 0 0 0N0D0K0P0i0
  0x4280	6e 00 67 00 20 00 2d 00 43 00 20 00 2d 00 53 00 	n0g0 0-0C0 0-0S0
  0x4290	65 00 72 00 76 00 65 00 72 00 41 00 64 00 64 00 	e0r0v0e0r0A0d0d0
  0x42a0	72 00 20 00 31 00 30 00 2e 00 31 00 30 00 2e 00 	r0 01000.01000.0
  0x42b0	31 00 30 00 2e 00 31 00 30 00 3a 00 35 00 35 00 	1000.01000:05050
  0x42c0	35 00 35 00 35 00 20 00 2d 00 43 00 6c 00 69 00 	505050 0-0C0l0i0
  0x42d0	65 00 6e 00 74 00 41 00 64 00 64 00 72 00 20 00 	e0n0t0A0d0d0r0 0
  0x42e0	31 00 30 00 2e 00 31 00 30 00 2e 00 31 00 30 00 	1000.01000.01000
  0x42f0	2e 00 31 00 31 00 20 00 2d 00 43 00 6c 00 69 00 	.01010 0-0C0l0i0
  0x4300	65 00 6e 00 74 00 49 00 66 00 20 00 34 00 20 00 	e0n0t0I0f0 040 0
  0x4310	2d 00 54 00 65 00 73 00 74 00 54 00 79 00 70 00 	-0T0e0s0t0T0y0p0
  0x4320	65 00 20 00 72 00 70 00 69 00 6e 00 67 00 20 00 	e0 0r0p0i0n0g0 0
  0x4330	2d 00 4c 00 6f 00 67 00 46 00 69 00 6c 00 65 00 	-0L0o0g0F0i0l0e0
  0x4340	6e 00 61 00 6d 00 65 00 20 00 2e 00 5c 00 4e 00 	n0a0m0e0 0.000N0
  0x4350	44 00 4b 00 50 00 69 00 6e 00 67 00 52 00 65 00 	D0K0P0i0n0g0R0e0
  0x4360	73 00 75 00 6c 00 74 00 73 00 2e 00 6c 00 6f 00 	s0u0l0t0s0.0l0o0
  0x4370	67 00 20 00 2d 00 56 00 20 00 0a 00 00 00 00 00 	g0 0-0V0 0000000
  0x4380	25 00 64 00 3a 00 20 00 25 00 73 00 0a 00 00 00 	%0d0:0 0%0s00000
  0x4390	25 00 64 00 3a 00 20 00 55 00 6e 00 6b 00 6e 00 	%0d0:0 0U0n0k0n0
  0x43a0	6f 00 77 00 6e 00 20 00 45 00 72 00 72 00 6f 00 	o0w0n0 0E0r0r0o0
  0x43b0	72 00 0a 00 00 00 00 00 00 00 00 00 00 00 00 00 	r000000000000000
  0x43c0	0a 00 45 00 72 00 72 00 6f 00 72 00 3a 00 20 00 	00E0r0r0o0r0:0 0
  0x43d0	4e 00 6f 00 20 00 70 00 61 00 72 00 61 00 6d 00 	N0o0 0p0a0r0a0m0
  0x43e0	65 00 74 00 65 00 72 00 73 00 20 00 73 00 70 00 	e0t0e0r0s0 0s0p0
  0x43f0	65 00 63 00 69 00 66 00 69 00 65 00 64 00 2e 00 	e0c0i0f0i0e0d0.0
  0x4400	0a 00 00 00 2d 00 3f 00 00 00 00 00 3f 00 00 00 	0000-0?00000?000
  0x4410	2d 00 48 00 65 00 6c 00 70 00 00 00 00 00 00 00 	-0H0e0l0p0000000
  0x4420	48 00 65 00 6c 00 70 00 00 00 00 00 00 00 00 00 	H0e0l0p000000000
  0x4430	0a 00 45 00 72 00 72 00 6f 00 72 00 3a 00 20 00 	00E0r0r0o0r0:0 0
  0x4440	43 00 61 00 6e 00 6e 00 6f 00 74 00 20 00 69 00 	C0a0n0n0o0t0 0i0
  0x4450	6e 00 69 00 74 00 69 00 61 00 6c 00 69 00 7a 00 	n0i0t0i0a0l0i0z0
  0x4460	65 00 20 00 57 00 69 00 6e 00 73 00 6f 00 63 00 	e0 0W0i0n0s0o0c0
  0x4470	6b 00 20 00 6c 00 69 00 62 00 72 00 61 00 72 00 	k0 0l0i0b0r0a0r0
  0x4480	79 00 2e 00 0a 00 00 00 2d 00 53 00 00 00 00 00 	y0.00000-0S00000
  0x4490	2d 00 43 00 00 00 00 00 2d 00 53 00 65 00 72 00 	-0C00000-0S0e0r0
  0x44a0	76 00 65 00 72 00 41 00 64 00 64 00 72 00 00 00 	v0e0r0A0d0d0r000
  0x44b0	0a 00 45 00 72 00 72 00 6f 00 72 00 3a 00 20 00 	00E0r0r0o0r0:0 0
  0x44c0	25 00 73 00 20 00 69 00 73 00 20 00 6e 00 6f 00 	%0s0 0i0s0 0n0o0
  0x44d0	74 00 20 00 61 00 20 00 76 00 61 00 6c 00 69 00 	t0 0a0 0v0a0l0i0
  0x44e0	64 00 20 00 57 00 69 00 6e 00 53 00 6f 00 63 00 	d0 0W0i0n0S0o0c0
  0x44f0	6b 00 20 00 53 00 65 00 72 00 76 00 65 00 72 00 	k0 0S0e0r0v0e0r0
  0x4500	20 00 41 00 64 00 64 00 72 00 65 00 73 00 73 00 	 0A0d0d0r0e0s0s0
  0x4510	2e 00 0a 00 00 00 00 00 2d 00 53 00 65 00 72 00 	.0000000-0S0e0r0
  0x4520	76 00 65 00 72 00 49 00 66 00 00 00 00 00 00 00 	v0e0r0I0f0000000
  0x4530	0a 00 45 00 72 00 72 00 6f 00 72 00 3a 00 20 00 	00E0r0r0o0r0:0 0
  0x4540	25 00 73 00 20 00 69 00 73 00 20 00 6e 00 6f 00 	%0s0 0i0s0 0n0o0
  0x4550	74 00 20 00 61 00 20 00 76 00 61 00 6c 00 69 00 	t0 0a0 0v0a0l0i0
  0x4560	64 00 20 00 53 00 65 00 72 00 76 00 65 00 72 00 	d0 0S0e0r0v0e0r0
  0x4570	20 00 69 00 6e 00 74 00 65 00 72 00 66 00 61 00 	 0i0n0t0e0r0f0a0
  0x4580	63 00 65 00 20 00 69 00 6e 00 64 00 65 00 78 00 	c0e0 0i0n0d0e0x0
  0x4590	2e 00 0a 00 00 00 00 00 2d 00 43 00 6c 00 69 00 	.0000000-0C0l0i0
  0x45a0	65 00 6e 00 74 00 41 00 64 00 64 00 72 00 00 00 	e0n0t0A0d0d0r000
  0x45b0	0a 00 45 00 72 00 72 00 6f 00 72 00 3a 00 20 00 	00E0r0r0o0r0:0 0
  0x45c0	25 00 73 00 20 00 69 00 73 00 20 00 6e 00 6f 00 	%0s0 0i0s0 0n0o0
  0x45d0	74 00 20 00 61 00 20 00 76 00 61 00 6c 00 69 00 	t0 0a0 0v0a0l0i0
  0x45e0	64 00 20 00 57 00 69 00 6e 00 53 00 6f 00 63 00 	d0 0W0i0n0S0o0c0
  0x45f0	6b 00 20 00 43 00 6c 00 69 00 65 00 6e 00 74 00 	k0 0C0l0i0e0n0t0
  0x4600	20 00 41 00 64 00 64 00 72 00 65 00 73 00 73 00 	 0A0d0d0r0e0s0s0
  0x4610	2e 00 0a 00 00 00 00 00 2d 00 43 00 6c 00 69 00 	.0000000-0C0l0i0
  0x4620	65 00 6e 00 74 00 49 00 66 00 00 00 00 00 00 00 	e0n0t0I0f0000000
  0x4630	0a 00 45 00 72 00 72 00 6f 00 72 00 3a 00 20 00 	00E0r0r0o0r0:0 0
  0x4640	25 00 73 00 20 00 69 00 73 00 20 00 6e 00 6f 00 	%0s0 0i0s0 0n0o0
  0x4650	74 00 20 00 61 00 20 00 76 00 61 00 6c 00 69 00 	t0 0a0 0v0a0l0i0
  0x4660	64 00 20 00 43 00 6c 00 69 00 65 00 6e 00 74 00 	d0 0C0l0i0e0n0t0
  0x4670	20 00 69 00 6e 00 74 00 65 00 72 00 66 00 61 00 	 0i0n0t0e0r0f0a0
  0x4680	63 00 65 00 20 00 69 00 6e 00 64 00 65 00 78 00 	c0e0 0i0n0d0e0x0
  0x4690	2e 00 0a 00 00 00 00 00 2d 00 57 00 00 00 00 00 	.0000000-0W00000
  0x46a0	0a 00 45 00 72 00 72 00 6f 00 72 00 3a 00 20 00 	00E0r0r0o0r0:0 0
  0x46b0	25 00 73 00 20 00 69 00 73 00 20 00 6e 00 6f 00 	%0s0 0i0s0 0n0o0
  0x46c0	74 00 20 00 61 00 20 00 76 00 61 00 6c 00 69 00 	t0 0a0 0v0a0l0i0
  0x46d0	64 00 20 00 74 00 69 00 6d 00 65 00 6f 00 75 00 	d0 0t0i0m0e0o0u0
  0x46e0	74 00 20 00 76 00 61 00 6c 00 75 00 65 00 2e 00 	t0 0v0a0l0u0e0.0
  0x46f0	0a 00 00 00 00 00 00 00 2d 00 4c 00 6f 00 67 00 	00000000-0L0o0g0
  0x4700	46 00 69 00 6c 00 65 00 6e 00 61 00 6d 00 65 00 	F0i0l0e0n0a0m0e0
  0x4710	00 00 00 00 00 00 00 00 00 00 00 00 00 00 00 00 	0000000000000000
  0x4720	0a 00 45 00 72 00 72 00 6f 00 72 00 3a 00 20 00 	00E0r0r0o0r0:0 0
  0x4730	25 00 73 00 20 00 69 00 73 00 20 00 6e 00 6f 00 	%0s0 0i0s0 0n0o0
  0x4740	74 00 20 00 61 00 20 00 76 00 61 00 6c 00 69 00 	t0 0a0 0v0a0l0i0
  0x4750	64 00 20 00 4c 00 6f 00 67 00 46 00 69 00 6c 00 	d0 0L0o0g0F0i0l0
  0x4760	65 00 6e 00 61 00 6d 00 65 00 2e 00 0a 00 00 00 	e0n0a0m0e0.00000
  0x4770	2d 00 41 00 00 00 00 00 2d 00 56 00 00 00 00 00 	-0A00000-0V00000
  0x4780	2d 00 54 00 65 00 73 00 74 00 54 00 79 00 70 00 	-0T0e0s0t0T0y0p0
  0x4790	65 00 00 00 00 00 00 00 72 00 70 00 69 00 6e 00 	e0000000r0p0i0n0
  0x47a0	67 00 00 00 00 00 00 00 00 00 00 00 00 00 00 00 	g000000000000000
  0x47b0	0a 00 45 00 72 00 72 00 6f 00 72 00 3a 00 20 00 	00E0r0r0o0r0:0 0
  0x47c0	25 00 73 00 20 00 69 00 73 00 20 00 6e 00 6f 00 	%0s0 0i0s0 0n0o0
  0x47d0	74 00 20 00 61 00 20 00 76 00 61 00 6c 00 69 00 	t0 0a0 0v0a0l0i0
  0x47e0	64 00 20 00 54 00 65 00 73 00 74 00 54 00 79 00 	d0 0T0e0s0t0T0y0
  0x47f0	70 00 65 00 2e 00 0a 00 00 00 00 00 00 00 00 00 	p0e0.00000000000
  0x4800	0a 00 45 00 72 00 72 00 6f 00 72 00 3a 00 20 00 	00E0r0r0o0r0:0 0
  0x4810	4d 00 69 00 73 00 73 00 69 00 6e 00 67 00 20 00 	M0i0s0s0i0n0g0 0
  0x4820	53 00 65 00 72 00 76 00 65 00 72 00 20 00 49 00 	S0e0r0v0e0r0 0I0
  0x4830	70 00 20 00 41 00 64 00 64 00 72 00 65 00 73 00 	p0 0A0d0d0r0e0s0
  0x4840	73 00 2c 00 20 00 53 00 65 00 72 00 76 00 65 00 	s0,0 0S0e0r0v0e0
  0x4850	72 00 20 00 50 00 6f 00 72 00 74 00 2c 00 20 00 	r0 0P0o0r0t0,0 0
  0x4860	6f 00 72 00 20 00 53 00 65 00 72 00 76 00 65 00 	o0r0 0S0e0r0v0e0
  0x4870	72 00 20 00 49 00 6e 00 74 00 65 00 72 00 66 00 	r0 0I0n0t0e0r0f0
  0x4880	61 00 63 00 65 00 20 00 49 00 6e 00 64 00 65 00 	a0c0e0 0I0n0d0e0
  0x4890	78 00 2e 00 0a 00 0a 00 00 00 00 00 00 00 00 00 	x0.0000000000000
  0x48a0	0a 00 45 00 72 00 72 00 6f 00 72 00 3a 00 20 00 	00E0r0r0o0r0:0 0
  0x48b0	4d 00 69 00 73 00 73 00 69 00 6e 00 67 00 20 00 	M0i0s0s0i0n0g0 0
  0x48c0	53 00 65 00 72 00 76 00 65 00 72 00 2f 00 43 00 	S0e0r0v0e0r0/0C0
  0x48d0	6c 00 69 00 65 00 6e 00 74 00 20 00 49 00 70 00 	l0i0e0n0t0 0I0p0
  0x48e0	20 00 41 00 64 00 64 00 72 00 65 00 73 00 73 00 	 0A0d0d0r0e0s0s0
  0x48f0	2c 00 20 00 53 00 65 00 72 00 76 00 65 00 72 00 	,0 0S0e0r0v0e0r0
  0x4900	20 00 50 00 6f 00 72 00 74 00 2c 00 20 00 6f 00 	 0P0o0r0t0,0 0o0
  0x4910	72 00 20 00 53 00 65 00 72 00 76 00 65 00 72 00 	r0 0S0e0r0v0e0r0
  0x4920	2f 00 43 00 6c 00 69 00 65 00 6e 00 74 00 20 00 	/0C0l0i0e0n0t0 0
  0x4930	49 00 6e 00 74 00 65 00 72 00 66 00 61 00 63 00 	I0n0t0e0r0f0a0c0
  0x4940	65 00 20 00 49 00 6e 00 64 00 65 00 78 00 2e 00 	e0 0I0n0d0e0x0.0
  0x4950	0a 00 0a 00 00 00 00 00 0a 00 45 00 72 00 72 00 	0000000000E0r0r0
  0x4960	6f 00 72 00 3a 00 20 00 4d 00 69 00 73 00 73 00 	o0r0:0 0M0i0s0s0
  0x4970	69 00 6e 00 67 00 20 00 54 00 65 00 73 00 74 00 	i0n0g0 0T0e0s0t0
  0x4980	54 00 79 00 70 00 65 00 2e 00 0a 00 0a 00 00 00 	T0y0p0e0.0000000
  0x4990	73 79 73 74 65 6d 64 72 69 76 65 00 00 00 00 00 	systemdrive00000
  0x49a0	25 00 68 00 73 00 5c 00 4e 00 44 00 4b 00 50 00 	%0h0s000N0D0K0P0
  0x49b0	69 00 6e 00 67 00 52 00 65 00 73 00 75 00 6c 00 	i0n0g0R0e0s0u0l0
  0x49c0	74 00 73 00 2e 00 6c 00 6f 00 67 00 00 00 00 00 	t0s0.0l0o0g00000
  0x49d0	72 00 00 00 25 00 73 00 00 00 00 00 00 00 00 00 	r000%0s000000000
  0x49e0	0a 00 45 00 72 00 72 00 6f 00 72 00 3a 00 20 00 	00E0r0r0o0r0:0 0
  0x49f0	50 00 72 00 69 00 6e 00 74 00 20 00 72 00 65 00 	P0r0i0n0t0 0r0e0
  0x4a00	73 00 75 00 6c 00 74 00 73 00 20 00 66 00 61 00 	s0u0l0t0s0 0f0a0
  0x4a10	69 00 6c 00 65 00 64 00 2e 00 0a 00 00 00 00 00 	i0l0e0d0.0000000
  0x4a20	53 00 65 00 72 00 76 00 69 00 63 00 65 00 73 00 	S0e0r0v0i0c0e0s0
  0x4a30	41 00 63 00 74 00 69 00 76 00 65 00 00 00 00 00 	A0c0t0i0v0e00000
  0x4a40	4e 00 44 00 4b 00 50 00 69 00 6e 00 67 00 00 00 	N0D0K0P0i0n0g000
  0x4a50	0a 00 45 00 72 00 72 00 6f 00 72 00 3a 00 20 00 	00E0r0r0o0r0:0 0
  0x4a60	55 00 6e 00 61 00 62 00 6c 00 65 00 20 00 74 00 	U0n0a0b0l0e0 0t0
  0x4a70	6f 00 20 00 73 00 74 00 61 00 72 00 74 00 20 00 	o0 0s0t0a0r0t0 0
  0x4a80	4e 00 44 00 4b 00 50 00 69 00 6e 00 67 00 20 00 	N0D0K0P0i0n0g0 0
  0x4a90	64 00 72 00 69 00 76 00 65 00 72 00 2e 00 0a 00 	d0r0i0v0e0r0.000
  0x4aa0	00 00 00 00 00 00 00 00 00 00 00 00 00 00 00 00 	0000000000000000
  0x4ab0	0a 00 45 00 72 00 72 00 6f 00 72 00 3a 00 20 00 	00E0r0r0o0r0:0 0
  0x4ac0	55 00 6e 00 61 00 62 00 6c 00 65 00 20 00 74 00 	U0n0a0b0l0e0 0t0
  0x4ad0	6f 00 20 00 73 00 74 00 6f 00 70 00 20 00 4e 00 	o0 0s0t0o0p0 0N0
  0x4ae0	44 00 4b 00 50 00 69 00 6e 00 67 00 20 00 64 00 	D0K0P0i0n0g0 0d0
  0x4af0	72 00 69 00 76 00 65 00 72 00 2e 00 0a 00 00 00 	r0i0v0e0r0.00000
  0x4b00	0a 00 4e 00 44 00 4b 00 50 00 69 00 6e 00 67 00 	00N0D0K0P0i0n0g0
  0x4b10	20 00 53 00 65 00 72 00 76 00 65 00 72 00 20 00 	 0S0e0r0v0e0r0 0
  0x4b20	73 00 74 00 61 00 72 00 74 00 73 00 20 00 74 00 	s0t0a0r0t0s0 0t0
  0x4b30	65 00 73 00 74 00 20 00 28 00 25 00 73 00 29 00 	e0s0t0 0(0%0s0)0
  0x4b40	20 00 6f 00 6e 00 20 00 69 00 6e 00 74 00 65 00 	 0o0n0 0i0n0t0e0
  0x4b50	72 00 66 00 61 00 63 00 65 00 20 00 25 00 6c 00 	r0f0a0c0e0 0%0l0
  0x4b60	75 00 20 00 2e 00 2e 00 2e 00 0a 00 00 00 00 00 	u0 0.0.0.0000000
  0x4b70	0a 00 4e 00 44 00 4b 00 50 00 69 00 6e 00 67 00 	00N0D0K0P0i0n0g0
  0x4b80	20 00 43 00 6c 00 69 00 65 00 6e 00 74 00 20 00 	 0C0l0i0e0n0t0 0
  0x4b90	73 00 74 00 61 00 72 00 74 00 73 00 20 00 74 00 	s0t0a0r0t0s0 0t0
  0x4ba0	65 00 73 00 74 00 20 00 28 00 25 00 73 00 29 00 	e0s0t0 0(0%0s0)0
  0x4bb0	20 00 6f 00 6e 00 20 00 69 00 6e 00 74 00 65 00 	 0o0n0 0i0n0t0e0
  0x4bc0	72 00 66 00 61 00 63 00 65 00 20 00 25 00 6c 00 	r0f0a0c0e0 0%0l0
  0x4bd0	75 00 20 00 2e 00 2e 00 2e 00 0a 00 00 00 00 00 	u0 0.0.0.0000000
  0x4be0	5c 00 5c 00 2e 00 5c 00 4e 00 44 00 4b 00 50 00 	0000.000N0D0K0P0
  0x4bf0	69 00 6e 00 67 00 00 00 0a 00 4e 00 44 00 4b 00 	i0n0g00000N0D0K0
  0x4c00	50 00 69 00 6e 00 67 00 20 00 74 00 65 00 73 00 	P0i0n0g0 0t0e0s0
  0x4c10	74 00 20 00 66 00 61 00 69 00 6c 00 65 00 64 00 	t0 0f0a0i0l0e0d0
  0x4c20	2e 00 0a 00 00 00 00 00 00 00 00 00 00 00 00 00 	.000000000000000
  0x4c30	0a 00 4e 00 44 00 4b 00 50 00 69 00 6e 00 67 00 	00N0D0K0P0i0n0g0
  0x4c40	20 00 53 00 65 00 72 00 76 00 65 00 72 00 20 00 	 0S0e0r0v0e0r0 0
  0x4c50	63 00 6f 00 6d 00 70 00 6c 00 65 00 74 00 65 00 	c0o0m0p0l0e0t0e0
  0x4c60	73 00 20 00 74 00 65 00 73 00 74 00 20 00 28 00 	s0 0t0e0s0t0 0(0
  0x4c70	25 00 73 00 29 00 20 00 6f 00 6e 00 20 00 69 00 	%0s0)0 0o0n0 0i0
  0x4c80	6e 00 74 00 65 00 72 00 66 00 61 00 63 00 65 00 	n0t0e0r0f0a0c0e0
  0x4c90	20 00 25 00 64 00 2e 00 0a 00 00 00 00 00 00 00 	 0%0d0.000000000
  0x4ca0	0a 00 4e 00 44 00 4b 00 50 00 69 00 6e 00 67 00 	00N0D0K0P0i0n0g0
  0x4cb0	20 00 43 00 6c 00 69 00 65 00 6e 00 74 00 20 00 	 0C0l0i0e0n0t0 0
  0x4cc0	63 00 6f 00 6d 00 70 00 6c 00 65 00 74 00 65 00 	c0o0m0p0l0e0t0e0
  0x4cd0	73 00 20 00 74 00 65 00 73 00 74 00 20 00 28 00 	s0 0t0e0s0t0 0(0
  0x4ce0	25 00 73 00 29 00 20 00 6f 00 6e 00 20 00 69 00 	%0s0)0 0o0n0 0i0
  0x4cf0	6e 00 74 00 65 00 72 00 66 00 61 00 63 00 65 00 	n0t0e0r0f0a0c0e0
  0x4d00	20 00 25 00 64 00 2e 00 0a 00 00 00 00 00 00 00 	 0%0d0.000000000
  0x4d10	0a 00 52 00 65 00 73 00 75 00 6c 00 74 00 73 00 	00R0e0s0u0l0t0s0
  0x4d20	20 00 73 00 61 00 76 00 65 00 64 00 20 00 69 00 	 0s0a0v0e0d0 0i0
  0x4d30	6e 00 20 00 6c 00 6f 00 67 00 3a 00 20 00 25 00 	n0 0l0o0g0:0 0%0
  0x4d40	73 00 0a 00 0a 00 00 00 00 00 00 00 00 00 00 00 	s000000000000000
  0x4d50	00 00 00 00 33 a8 e8 22 00 00 00 00 02 00 00 00 	0000300"00000000
  0x4d60	24 00 00 00 a4 4d 00 00 a4 3f 00 00 00 00 00 00 	$0000M000?000000
  0x4d70	33 a8 e8 22 00 00 00 00 0d 00 00 00 a4 02 00 00 	300"000000000000
  0x4d80	c8 4d 00 00 c8 3f 00 00 00 00 00 00 33 a8 e8 22 	0M000?000000300"
  0x4d90	00 00 00 00 10 00 00 00 24 00 00 00 6c 50 00 00 	00000000$000lP00
  0x4da0	6c 42 00 00 52 53 44 53 58 34 7f 8b ba e3 ae 76 	lB00RSDSX400000v
  0x4db0	3e 59 e3 ba 0b 89 d3 77 01 00 00 00 4e 44 4b 50 	>Y00000w0000NDKP
  0x4dc0	69 6e 67 2e 70 64 62 00 47 43 54 4c 00 10 00 00 	ing.pdb0GCTL0000
  0x4dd0	00 1d 00 00 2e 74 65 78 74 24 6d 6e 00 00 00 00 	0000.text$mn0000
  0x4de0	00 2d 00 00 12 00 00 00 2e 74 65 78 74 24 6d 6e 	0-000000.text$mn
  0x4df0	24 30 30 00 12 2d 00 00 42 00 00 00 2e 74 65 78 	$0000-00B000.tex
  0x4e00	74 24 78 00 00 30 00 00 28 01 00 00 2e 72 64 61 	t$x00000(000.rda
  0x4e10	74 61 24 62 72 63 00 00 28 31 00 00 c0 02 00 00 	ta$brc00(1000000
  0x4e20	2e 69 64 61 74 61 24 35 00 00 00 00 e8 33 00 00 	.idata$500000300
  0x4e30	10 00 00 00 2e 30 30 63 66 67 00 00 f8 33 00 00 	0000.00cfg000300
  0x4e40	08 00 00 00 2e 43 52 54 24 58 43 41 00 00 00 00 	0000.CRT$XCA0000
  0x4e50	00 34 00 00 08 00 00 00 2e 43 52 54 24 58 43 41 	04000000.CRT$XCA
  0x4e60	41 00 00 00 08 34 00 00 08 00 00 00 2e 43 52 54 	A00004000000.CRT
  0x4e70	24 58 43 5a 00 00 00 00 10 34 00 00 08 00 00 00 	$XCZ000004000000
  0x4e80	2e 43 52 54 24 58 49 41 00 00 00 00 18 34 00 00 	.CRT$XIA00000400
  0x4e90	08 00 00 00 2e 43 52 54 24 58 49 41 41 00 00 00 	0000.CRT$XIAA000
  0x4ea0	20 34 00 00 08 00 00 00 2e 43 52 54 24 58 49 41 	 4000000.CRT$XIA
  0x4eb0	43 00 00 00 28 34 00 00 18 00 00 00 2e 43 52 54 	C000(4000000.CRT
  0x4ec0	24 58 49 43 00 00 00 00 40 34 00 00 08 00 00 00 	$XIC0000@4000000
  0x4ed0	2e 43 52 54 24 58 49 5a 00 00 00 00 48 34 00 00 	.CRT$XIZ0000H400
  0x4ee0	08 00 00 00 2e 43 52 54 24 58 50 41 00 00 00 00 	0000.CRT$XPA0000
  0x4ef0	50 34 00 00 08 00 00 00 2e 43 52 54 24 58 50 5a 	P4000000.CRT$XPZ
  0x4f00	00 00 00 00 58 34 00 00 08 00 00 00 2e 43 52 54 	0000X4000000.CRT
  0x4f10	24 58 54 41 00 00 00 00 60 34 00 00 08 00 00 00 	$XTA0000`4000000
  0x4f20	2e 43 52 54 24 58 54 5a 00 00 00 00 68 34 00 00 	.CRT$XTZ0000h400
  0x4f30	38 00 00 00 2e 67 66 69 64 73 00 00 a0 34 00 00 	8000.gfids000400
  0x4f40	04 19 00 00 2e 72 64 61 74 61 00 00 a4 4d 00 00 	0000.rdata000M00
  0x4f50	ec 02 00 00 2e 72 64 61 74 61 24 7a 7a 7a 64 62 	0000.rdata$zzzdb
  0x4f60	67 00 00 00 90 50 00 00 08 00 00 00 2e 72 74 63 	g0000P000000.rtc
  0x4f70	24 49 41 41 00 00 00 00 98 50 00 00 08 00 00 00 	$IAA00000P000000
  0x4f80	2e 72 74 63 24 49 5a 5a 00 00 00 00 a0 50 00 00 	.rtc$IZZ00000P00
  0x4f90	08 00 00 00 2e 72 74 63 24 54 41 41 00 00 00 00 	0000.rtc$TAA0000
  0x4fa0	a8 50 00 00 08 00 00 00 2e 72 74 63 24 54 5a 5a 	0P000000.rtc$TZZ
  0x4fb0	00 00 00 00 b0 50 00 00 6c 01 00 00 2e 78 64 61 	00000P00l000.xda
  0x4fc0	74 61 00 00 1c 52 00 00 7c 01 00 00 2e 69 64 61 	ta000R00|000.ida
  0x4fd0	74 61 24 32 00 00 00 00 98 53 00 00 18 00 00 00 	ta$200000S000000
  0x4fe0	2e 69 64 61 74 61 24 33 00 00 00 00 b0 53 00 00 	.idata$300000S00
  0x4ff0	c0 02 00 00 2e 69 64 61 74 61 24 34 00 00 00 00 	0000.idata$40000
  0x5000	70 56 00 00 d2 07 00 00 2e 69 64 61 74 61 24 36 	pV000000.idata$6
  0x5010	00 00 00 00 00 60 00 00 30 00 00 00 2e 64 61 74 	00000`000000.dat
  0x5020	61 00 00 00 30 60 00 00 e0 08 00 00 2e 62 73 73 	a0000`000000.bss
  0x5030	00 00 00 00 00 70 00 00 ec 01 00 00 2e 70 64 61 	00000p000000.pda
  0x5040	74 61 00 00 00 80 00 00 60 00 00 00 2e 72 73 72 	ta000000`000.rsr
  0x5050	63 24 30 31 00 00 00 00 60 80 00 00 90 03 00 00 	c$010000`0000000
  0x5060	2e 72 73 72 63 24 30 32 00 00 00 00 20 00 00 00 	.rsrc$020000 000
  0x5070	58 34 7f 8b ba e3 ae 76 3e 59 e3 ba 0b 89 d3 77 	X400000v>Y00000w
  0x5080	87 07 be b1 dd 26 7e a0 75 ea 16 38 33 a8 e8 22 	00000&~0u008300"
  0x5090	00 00 00 00 00 00 00 00 00 00 00 00 00 00 00 00 	0000000000000000
  0x50a0	00 00 00 00 00 00 00 00 00 00 00 00 00 00 00 00 	0000000000000000
  0x50b0	19 1b 03 00 09 01 4a 00 02 30 00 00 80 2c 00 00 	000000J000000,00
  0x50c0	40 02 00 00 19 37 0d 00 26 74 93 00 26 64 92 00 	@0000700&t00&d00
  0x50d0	26 34 90 00 26 01 8a 00 18 f0 16 e0 14 d0 12 c0 	&400&00000000000
  0x50e0	10 50 00 00 80 2c 00 00 40 04 00 00 19 1b 03 00 	0P000,00@0000000
  0x50f0	09 01 48 00 02 30 00 00 80 2c 00 00 30 02 00 00 	00H000000,000000
  0x5100	01 0a 04 00 0a 34 06 00 0a 32 06 70 19 1f 06 00 	00000400020p0000
  0x5110	10 74 12 00 10 34 10 00 10 d2 0c e0 80 2c 00 00 	0t00040000000,00
  0x5120	68 00 00 00 01 04 01 00 04 42 00 00 01 06 02 00 	h00000000B000000
  0x5130	06 32 02 30 09 0f 06 00 0f 64 09 00 0f 34 08 00 	020000000d000400
  0x5140	0f 52 0b 70 6e 2b 00 00 02 00 00 00 69 1e 00 00 	0R0pn+000000i000
  0x5150	6e 1f 00 00 18 2d 00 00 6e 1f 00 00 a2 1f 00 00 	n0000-00n0000000
  0x5160	b4 1f 00 00 18 2d 00 00 6e 1f 00 00 01 06 02 00 	00000-00n0000000
  0x5170	06 32 02 50 00 00 00 00 01 00 00 00 09 04 01 00 	020P000000000000
  0x5180	04 22 00 00 6e 2b 00 00 01 00 00 00 77 21 00 00 	0"00n+000000w!00
  0x5190	01 22 00 00 3c 2d 00 00 01 22 00 00 01 02 01 00 	0"00<-000"000000
  0x51a0	02 50 00 00 01 0d 04 00 0d 34 09 00 0d 32 06 50 	0P0000000400020P
  0x51b0	01 15 05 00 15 34 ba 00 15 01 b8 00 06 50 00 00 	0000040000000P00
  0x51c0	01 09 01 00 09 62 00 00 01 08 04 00 08 72 04 70 	00000b0000000r0p
  0x51d0	03 60 02 30 01 0f 06 00 0f 64 06 00 0f 34 05 00 	0`0000000d000400
  0x51e0	0f 12 0b 70 00 00 00 00 01 00 00 00 01 16 04 00 	000p000000000000
  0x51f0	16 52 12 70 11 60 10 30 01 19 03 00 19 62 15 70 	0R0p0`0000000b0p
  0x5200	14 30 00 00 01 12 05 00 12 62 0e 70 0d 60 0c 50 	000000000b0p0`0P
  0x5210	0b 30 00 00 01 02 01 00 02 30 00 00 00 56 00 00 	0000000000000V00
  0x5220	00 00 00 00 00 00 00 00 c2 56 00 00 78 33 00 00 	000000000V00x300
  0x5230	e8 54 00 00 00 00 00 00 00 00 00 00 90 59 00 00 	0T00000000000Y00
  0x5240	60 32 00 00 28 56 00 00 00 00 00 00 00 00 00 00 	`200(V0000000000
  0x5250	b2 59 00 00 a0 33 00 00 60 54 00 00 00 00 00 00 	0Y000300`T000000
  0x5260	00 00 00 00 fe 5b 00 00 d8 31 00 00 b0 53 00 00 	00000[0001000S00
  0x5270	00 00 00 00 00 00 00 00 26 5c 00 00 28 31 00 00 	00000000&000(100
  0x5280	f0 53 00 00 00 00 00 00 00 00 00 00 32 5c 00 00 	0S00000000002000
  0x5290	68 31 00 00 38 56 00 00 00 00 00 00 00 00 00 00 	h1008V0000000000
  0x52a0	5c 5c 00 00 b0 33 00 00 60 56 00 00 00 00 00 00 	00000300`V000000
  0x52b0	00 00 00 00 86 5c 00 00 d8 33 00 00 10 54 00 00 	0000000003000T00
  0x52c0	00 00 00 00 00 00 00 00 ac 5c 00 00 88 31 00 00 	0000000000000100
  0x52d0	40 54 00 00 00 00 00 00 00 00 00 00 cc 5c 00 00 	@T00000000000000
  0x52e0	b8 31 00 00 20 54 00 00 00 00 00 00 00 00 00 00 	0100 T0000000000
  0x52f0	ea 5c 00 00 98 31 00 00 a8 54 00 00 00 00 00 00 	000001000T000000
  0x5300	00 00 00 00 0c 5d 00 00 20 32 00 00 70 54 00 00 	00000]00 200pT00
  0x5310	00 00 00 00 00 00 00 00 30 5d 00 00 e8 31 00 00 	000000000]000100
  0x5320	d8 54 00 00 00 00 00 00 00 00 00 00 5a 5d 00 00 	0T0000000000Z]00
  0x5330	50 32 00 00 30 54 00 00 00 00 00 00 00 00 00 00 	P2000T0000000000
  0x5340	7e 5d 00 00 a8 31 00 00 b8 54 00 00 00 00 00 00 	~]0001000T000000
  0x5350	00 00 00 00 a6 5d 00 00 30 32 00 00 e0 53 00 00 	00000]0002000S00
  0x5360	00 00 00 00 00 00 00 00 cc 5d 00 00 58 31 00 00 	000000000]00X100
  0x5370	98 54 00 00 00 00 00 00 00 00 00 00 ee 5d 00 00 	0T00000000000]00
  0x5380	10 32 00 00 50 54 00 00 00 00 00 00 00 00 00 00 	0200PT0000000000
  0x5390	18 5e 00 00 c8 31 00 00 00 00 00 00 00 00 00 00 	0^00010000000000
  0x53a0	00 00 00 00 00 00 00 00 00 00 00 00 00 00 00 00 	0000000000000000
  0x53b0	73 00 00 00 00 00 00 80 74 00 00 00 00 00 00 80 	s0000000t0000000
  0x53c0	e6 59 00 00 00 00 00 00 6f 00 00 00 00 00 00 80 	0Y000000o0000000
  0x53d0	fc 59 00 00 00 00 00 00 00 00 00 00 00 00 00 00 	0Y00000000000000
  0x53e0	58 5b 00 00 00 00 00 00 00 00 00 00 00 00 00 00 	X[00000000000000
  0x53f0	88 5b 00 00 00 00 00 00 08 5a 00 00 00 00 00 00 	0[0000000Z000000
  0x5400	6c 5b 00 00 00 00 00 00 00 00 00 00 00 00 00 00 	l[00000000000000
  0x5410	72 5a 00 00 00 00 00 00 00 00 00 00 00 00 00 00 	rZ00000000000000
  0x5420	92 5a 00 00 00 00 00 00 00 00 00 00 00 00 00 00 	0Z00000000000000
  0x5430	00 5b 00 00 00 00 00 00 00 00 00 00 00 00 00 00 	0[00000000000000
  0x5440	80 5a 00 00 00 00 00 00 00 00 00 00 00 00 00 00 	0Z00000000000000
  0x5450	c2 5b 00 00 00 00 00 00 00 00 00 00 00 00 00 00 	0[00000000000000
  0x5460	d4 59 00 00 00 00 00 00 00 00 00 00 00 00 00 00 	0Y00000000000000
  0x5470	d6 5b 00 00 00 00 00 00 ba 5a 00 00 00 00 00 00 	0[0000000Z000000
  0x5480	d0 5a 00 00 00 00 00 00 ea 5b 00 00 00 00 00 00 	0Z0000000[000000
  0x5490	00 00 00 00 00 00 00 00 a6 5b 00 00 00 00 00 00 	000000000[000000
  0x54a0	00 00 00 00 00 00 00 00 a0 5a 00 00 00 00 00 00 	000000000Z000000
  0x54b0	00 00 00 00 00 00 00 00 16 5b 00 00 00 00 00 00 	000000000[000000
  0x54c0	2a 5b 00 00 00 00 00 00 44 5b 00 00 00 00 00 00 	*[000000D[000000
  0x54d0	00 00 00 00 00 00 00 00 e6 5a 00 00 00 00 00 00 	000000000Z000000
  0x54e0	00 00 00 00 00 00 00 00 2e 57 00 00 00 00 00 00 	00000000.W000000
  0x54f0	4c 57 00 00 00 00 00 00 6c 57 00 00 00 00 00 00 	LW000000lW000000
  0x5500	8c 57 00 00 00 00 00 00 98 57 00 00 00 00 00 00 	0W0000000W000000
  0x5510	b2 57 00 00 00 00 00 00 cc 57 00 00 00 00 00 00 	0W0000000W000000
  0x5520	de 57 00 00 00 00 00 00 ea 57 00 00 00 00 00 00 	0W0000000W000000
  0x5530	f8 57 00 00 00 00 00 00 1c 58 00 00 00 00 00 00 	0W0000000X000000
  0x5540	3a 58 00 00 00 00 00 00 5c 58 00 00 00 00 00 00 	:X0000000X000000
  0x5550	7c 58 00 00 00 00 00 00 92 58 00 00 00 00 00 00 	|X0000000X000000
  0x5560	a6 58 00 00 00 00 00 00 ca 58 00 00 00 00 00 00 	0X0000000X000000
  0x5570	d8 58 00 00 00 00 00 00 e6 58 00 00 00 00 00 00 	0X0000000X000000
  0x5580	f6 58 00 00 00 00 00 00 06 59 00 00 00 00 00 00 	0X0000000Y000000
  0x5590	14 59 00 00 00 00 00 00 20 59 00 00 00 00 00 00 	0Y000000 Y000000
  0x55a0	2a 59 00 00 00 00 00 00 36 59 00 00 00 00 00 00 	*Y0000006Y000000
  0x55b0	42 59 00 00 00 00 00 00 4e 59 00 00 00 00 00 00 	BY000000NY000000
  0x55c0	5e 59 00 00 00 00 00 00 6e 59 00 00 00 00 00 00 	^Y000000nY000000
  0x55d0	1c 57 00 00 00 00 00 00 0a 57 00 00 00 00 00 00 	0W0000000W000000
  0x55e0	fa 56 00 00 00 00 00 00 e4 56 00 00 00 00 00 00 	0V0000000V000000
  0x55f0	b6 58 00 00 00 00 00 00 00 00 00 00 00 00 00 00 	0X00000000000000
  0x5600	7c 56 00 00 00 00 00 00 8a 56 00 00 00 00 00 00 	|V0000000V000000
  0x5610	94 56 00 00 00 00 00 00 70 56 00 00 00 00 00 00 	0V000000pV000000
  0x5620	00 00 00 00 00 00 00 00 86 59 00 00 00 00 00 00 	000000000Y000000
  0x5630	00 00 00 00 00 00 00 00 2a 5a 00 00 00 00 00 00 	00000000*Z000000
  0x5640	18 5a 00 00 00 00 00 00 3a 5a 00 00 00 00 00 00 	0Z000000:Z000000
  0x5650	50 5a 00 00 00 00 00 00 00 00 00 00 00 00 00 00 	PZ00000000000000
  0x5660	60 5a 00 00 00 00 00 00 00 00 00 00 00 00 00 00 	`Z00000000000000
  0x5670	36 00 5f 69 6e 69 74 74 65 72 6d 00 37 00 5f 69 	60_initterm070_i
  0x5680	6e 69 74 74 65 72 6d 5f 65 00 15 00 5f 63 5f 65 	nitterm_e000_c_e
  0x5690	78 69 74 00 3d 00 5f 72 65 67 69 73 74 65 72 5f 	xit0=0_register_
  0x56a0	74 68 72 65 61 64 5f 6c 6f 63 61 6c 5f 65 78 65 	thread_local_exe
  0x56b0	5f 61 74 65 78 69 74 5f 63 61 6c 6c 62 61 63 6b 	_atexit_callback
  0x56c0	00 00 61 70 69 2d 6d 73 2d 77 69 6e 2d 63 72 74 	00api-ms-win-crt
  0x56d0	2d 72 75 6e 74 69 6d 65 2d 6c 31 2d 31 2d 30 2e 	-runtime-l1-1-0.
  0x56e0	64 6c 6c 00 43 00 5f 6f 5f 5f 5f 61 63 72 74 5f 	dll0C0_o___acrt_
  0x56f0	69 6f 62 5f 66 75 6e 63 00 00 4f 00 5f 6f 5f 5f 	iob_func00O0_o__
  0x5700	5f 70 5f 5f 5f 61 72 67 63 00 51 00 5f 6f 5f 5f 	_p___argc0Q0_o__
  0x5710	5f 70 5f 5f 5f 77 61 72 67 76 00 00 53 00 5f 6f 	_p___wargv00S0_o
  0x5720	5f 5f 5f 70 5f 5f 63 6f 6d 6d 6f 64 65 00 66 00 	___p__commode0f0
  0x5730	5f 6f 5f 5f 5f 73 74 64 69 6f 5f 63 6f 6d 6d 6f 	_o___stdio_commo
  0x5740	6e 5f 76 66 77 70 72 69 6e 74 66 00 68 00 5f 6f 	n_vfwprintf0h0_o
  0x5750	5f 5f 5f 73 74 64 69 6f 5f 63 6f 6d 6d 6f 6e 5f 	___stdio_common_
  0x5760	76 66 77 70 72 69 6e 74 66 5f 73 00 72 00 5f 6f 	vfwprintf_s0r0_o
  0x5770	5f 5f 5f 73 74 64 69 6f 5f 63 6f 6d 6d 6f 6e 5f 	___stdio_common_
  0x5780	76 73 77 70 72 69 6e 74 66 5f 73 00 93 00 5f 6f 	vswprintf_s000_o
  0x5790	5f 5f 63 65 78 69 74 00 9f 00 5f 6f 5f 5f 63 6f 	__cexit000_o__co
  0x57a0	6e 66 69 67 74 68 72 65 61 64 6c 6f 63 61 6c 65 	nfigthreadlocale
  0x57b0	00 00 a1 00 5f 6f 5f 5f 63 6f 6e 66 69 67 75 72 	0000_o__configur
  0x57c0	65 5f 77 69 64 65 5f 61 72 67 76 00 a7 00 5f 6f 	e_wide_argv000_o
  0x57d0	5f 5f 63 72 74 5f 61 74 65 78 69 74 00 00 c7 00 	__crt_atexit0000
  0x57e0	5f 6f 5f 5f 65 78 69 74 00 00 de 00 5f 6f 5f 5f 	_o__exit0000_o__
  0x57f0	66 69 6c 65 6e 6f 00 00 0f 01 5f 6f 5f 5f 67 65 	fileno0000_o__ge
  0x5800	74 5f 69 6e 69 74 69 61 6c 5f 77 69 64 65 5f 65 	t_initial_wide_e
  0x5810	6e 76 69 72 6f 6e 6d 65 6e 74 00 00 3d 01 5f 6f 	nvironment00=0_o
  0x5820	5f 5f 69 6e 69 74 69 61 6c 69 7a 65 5f 6f 6e 65 	__initialize_one
  0x5830	78 69 74 5f 74 61 62 6c 65 00 3e 01 5f 6f 5f 5f 	xit_table0>0_o__
  0x5840	69 6e 69 74 69 61 6c 69 7a 65 5f 77 69 64 65 5f 	initialize_wide_
  0x5850	65 6e 76 69 72 6f 6e 6d 65 6e 74 00 51 02 5f 6f 	environment0Q0_o
  0x5860	5f 5f 72 65 67 69 73 74 65 72 5f 6f 6e 65 78 69 	__register_onexi
  0x5870	74 5f 66 75 6e 63 74 69 6f 6e 00 00 5a 02 5f 6f 	t_function00Z0_o
  0x5880	5f 5f 73 65 68 5f 66 69 6c 74 65 72 5f 65 78 65 	__seh_filter_exe
  0x5890	00 00 5c 02 5f 6f 5f 5f 73 65 74 5f 61 70 70 5f 	0000_o__set_app_
  0x58a0	74 79 70 65 00 00 5f 02 5f 6f 5f 5f 73 65 74 5f 	type00_0_o__set_
  0x58b0	66 6d 6f 64 65 00 62 02 5f 6f 5f 5f 73 65 74 5f 	fmode0b0_o__set_
  0x58c0	6e 65 77 5f 6d 6f 64 65 00 00 66 02 5f 6f 5f 5f 	new_mode00f0_o__
  0x58d0	73 65 74 6d 6f 64 65 00 cd 02 5f 6f 5f 5f 77 63 	setmode000_o__wc
  0x58e0	73 69 63 6d 70 00 06 03 5f 6f 5f 5f 77 66 6f 70 	sicmp000_o__wfop
  0x58f0	65 6e 5f 73 00 00 0a 03 5f 6f 5f 5f 77 66 75 6c 	en_s0000_o__wful
  0x5900	6c 70 61 74 68 00 18 03 5f 6f 5f 5f 77 72 65 6d 	lpath000_o__wrem
  0x5910	6f 76 65 00 33 03 5f 6f 5f 5f 77 74 6f 69 00 00 	ove030_o__wtoi00
  0x5920	6d 03 5f 6f 5f 65 78 69 74 00 74 03 5f 6f 5f 66 	m0_o_exit0t0_o_f
  0x5930	63 6c 6f 73 65 00 7c 03 5f 6f 5f 66 67 65 74 77 	close0|0_o_fgetw
  0x5940	73 00 96 03 5f 6f 5f 67 65 74 65 6e 76 00 35 04 	s000_o_getenv050
  0x5950	5f 6f 5f 74 65 72 6d 69 6e 61 74 65 00 00 49 04 	_o_terminate00I0
  0x5960	5f 6f 5f 77 63 73 6e 63 70 79 5f 73 00 00 0c 00 	_o_wcsncpy_s0000
  0x5970	5f 5f 43 5f 73 70 65 63 69 66 69 63 5f 68 61 6e 	__C_specific_han
  0x5980	64 6c 65 72 00 00 83 00 6d 65 6d 73 65 74 00 00 	dler0000memset00
  0x5990	61 70 69 2d 6d 73 2d 77 69 6e 2d 63 72 74 2d 70 	api-ms-win-crt-p
  0x59a0	72 69 76 61 74 65 2d 6c 31 2d 31 2d 30 2e 64 6c 	rivate-l1-1-0.dl
  0x59b0	6c 00 61 70 69 2d 6d 73 2d 77 69 6e 2d 63 72 74 	l0api-ms-win-crt
  0x59c0	2d 73 74 72 69 6e 67 2d 6c 31 2d 31 2d 30 2e 64 	-string-l1-1-0.d
  0x59d0	6c 6c 00 00 09 00 46 6f 72 6d 61 74 4d 65 73 73 	ll0000FormatMess
  0x59e0	61 67 65 57 00 00 5a 00 57 53 41 53 74 72 69 6e 	ageW00Z0WSAStrin
  0x59f0	67 54 6f 41 64 64 72 65 73 73 57 00 0a 00 49 6e 	gToAddressW000In
  0x5a00	65 74 4e 74 6f 70 57 00 05 00 47 65 74 4c 61 73 	etNtopW000GetLas
  0x5a10	74 45 72 72 6f 72 00 00 04 00 4f 70 65 6e 53 43 	tError0000OpenSC
  0x5a20	4d 61 6e 61 67 65 72 57 00 00 05 00 4f 70 65 6e 	ManagerW0000Open
  0x5a30	53 65 72 76 69 63 65 57 00 00 00 00 43 6c 6f 73 	ServiceW0000Clos
  0x5a40	65 53 65 72 76 69 63 65 48 61 6e 64 6c 65 00 00 	eServiceHandle00
  0x5a50	06 00 53 74 61 72 74 53 65 72 76 69 63 65 57 00 	00StartServiceW0
  0x5a60	02 00 43 6f 6e 74 72 6f 6c 53 65 72 76 69 63 65 	00ControlService
  0x5a70	00 00 06 00 43 72 65 61 74 65 46 69 6c 65 57 00 	0000CreateFileW0
  0x5a80	04 00 44 65 76 69 63 65 49 6f 43 6f 6e 74 72 6f 	00DeviceIoContro
  0x5a90	6c 00 00 00 43 6c 6f 73 65 48 61 6e 64 6c 65 00 	l000CloseHandle0
  0x5aa0	00 00 51 75 65 72 79 50 65 72 66 6f 72 6d 61 6e 	00QueryPerforman
  0x5ab0	63 65 43 6f 75 6e 74 65 72 00 0d 00 47 65 74 43 	ceCounter000GetC
  0x5ac0	75 72 72 65 6e 74 50 72 6f 63 65 73 73 49 64 00 	urrentProcessId0
  0x5ad0	11 00 47 65 74 43 75 72 72 65 6e 74 54 68 72 65 	00GetCurrentThre
  0x5ae0	61 64 49 64 00 00 16 00 47 65 74 53 79 73 74 65 	adId0000GetSyste
  0x5af0	6d 54 69 6d 65 41 73 46 69 6c 65 54 69 6d 65 00 	mTimeAsFileTime0
  0x5b00	00 00 49 6e 69 74 69 61 6c 69 7a 65 53 4c 69 73 	00InitializeSLis
  0x5b10	74 48 65 61 64 00 02 00 52 74 6c 43 61 70 74 75 	tHead000RtlCaptu
  0x5b20	72 65 43 6f 6e 74 65 78 74 00 0a 00 52 74 6c 4c 	reContext000RtlL
  0x5b30	6f 6f 6b 75 70 46 75 6e 63 74 69 6f 6e 45 6e 74 	ookupFunctionEnt
  0x5b40	72 79 00 00 10 00 52 74 6c 56 69 72 74 75 61 6c 	ry0000RtlVirtual
  0x5b50	55 6e 77 69 6e 64 00 00 05 00 49 73 44 65 62 75 	Unwind0000IsDebu
  0x5b60	67 67 65 72 50 72 65 73 65 6e 74 00 11 00 55 6e 	ggerPresent000Un
  0x5b70	68 61 6e 64 6c 65 64 45 78 63 65 70 74 69 6f 6e 	handledException
  0x5b80	46 69 6c 74 65 72 00 00 0f 00 53 65 74 55 6e 68 	Filter0000SetUnh
  0x5b90	61 6e 64 6c 65 64 45 78 63 65 70 74 69 6f 6e 46 	andledExceptionF
  0x5ba0	69 6c 74 65 72 00 2f 00 49 73 50 72 6f 63 65 73 	ilter0/0IsProces
  0x5bb0	73 6f 72 46 65 61 74 75 72 65 50 72 65 73 65 6e 	sorFeaturePresen
  0x5bc0	74 00 14 00 47 65 74 4d 6f 64 75 6c 65 48 61 6e 	t000GetModuleHan
  0x5bd0	64 6c 65 57 00 00 0c 00 47 65 74 43 75 72 72 65 	dleW0000GetCurre
  0x5be0	6e 74 50 72 6f 63 65 73 73 00 4e 00 54 65 72 6d 	ntProcess0N0Term
  0x5bf0	69 6e 61 74 65 50 72 6f 63 65 73 73 00 00 61 70 	inateProcess00ap
  0x5c00	69 2d 6d 73 2d 77 69 6e 2d 63 6f 72 65 2d 6c 6f 	i-ms-win-core-lo
  0x5c10	63 61 6c 69 7a 61 74 69 6f 6e 2d 6c 31 2d 32 2d 	calization-l1-2-
  0x5c20	30 2e 64 6c 6c 00 57 53 32 5f 33 32 2e 64 6c 6c 	0.dll0WS2_32.dll
  0x5c30	00 00 61 70 69 2d 6d 73 2d 77 69 6e 2d 63 6f 72 	00api-ms-win-cor
  0x5c40	65 2d 65 72 72 6f 72 68 61 6e 64 6c 69 6e 67 2d 	e-errorhandling-
  0x5c50	6c 31 2d 31 2d 30 2e 64 6c 6c 00 00 61 70 69 2d 	l1-1-0.dll00api-
  0x5c60	6d 73 2d 77 69 6e 2d 73 65 72 76 69 63 65 2d 6d 	ms-win-service-m
  0x5c70	61 6e 61 67 65 6d 65 6e 74 2d 6c 31 2d 31 2d 30 	anagement-l1-1-0
  0x5c80	2e 64 6c 6c 00 00 61 70 69 2d 6d 73 2d 77 69 6e 	.dll00api-ms-win
  0x5c90	2d 73 65 72 76 69 63 65 2d 77 69 6e 73 76 63 2d 	-service-winsvc-
  0x5ca0	6c 31 2d 31 2d 30 2e 64 6c 6c 00 00 61 70 69 2d 	l1-1-0.dll00api-
  0x5cb0	6d 73 2d 77 69 6e 2d 63 6f 72 65 2d 66 69 6c 65 	ms-win-core-file
  0x5cc0	2d 6c 31 2d 31 2d 30 2e 64 6c 6c 00 61 70 69 2d 	-l1-1-0.dll0api-
  0x5cd0	6d 73 2d 77 69 6e 2d 63 6f 72 65 2d 69 6f 2d 6c 	ms-win-core-io-l
  0x5ce0	31 2d 31 2d 30 2e 64 6c 6c 00 61 70 69 2d 6d 73 	1-1-0.dll0api-ms
  0x5cf0	2d 77 69 6e 2d 63 6f 72 65 2d 68 61 6e 64 6c 65 	-win-core-handle
  0x5d00	2d 6c 31 2d 31 2d 30 2e 64 6c 6c 00 61 70 69 2d 	-l1-1-0.dll0api-
  0x5d10	6d 73 2d 77 69 6e 2d 63 6f 72 65 2d 70 72 6f 66 	ms-win-core-prof
  0x5d20	69 6c 65 2d 6c 31 2d 31 2d 30 2e 64 6c 6c 00 00 	ile-l1-1-0.dll00
  0x5d30	61 70 69 2d 6d 73 2d 77 69 6e 2d 63 6f 72 65 2d 	api-ms-win-core-
  0x5d40	70 72 6f 63 65 73 73 74 68 72 65 61 64 73 2d 6c 	processthreads-l
  0x5d50	31 2d 31 2d 30 2e 64 6c 6c 00 61 70 69 2d 6d 73 	1-1-0.dll0api-ms
  0x5d60	2d 77 69 6e 2d 63 6f 72 65 2d 73 79 73 69 6e 66 	-win-core-sysinf
  0x5d70	6f 2d 6c 31 2d 31 2d 30 2e 64 6c 6c 00 00 61 70 	o-l1-1-0.dll00ap
  0x5d80	69 2d 6d 73 2d 77 69 6e 2d 63 6f 72 65 2d 69 6e 	i-ms-win-core-in
  0x5d90	74 65 72 6c 6f 63 6b 65 64 2d 6c 31 2d 31 2d 30 	terlocked-l1-1-0
  0x5da0	2e 64 6c 6c 00 00 61 70 69 2d 6d 73 2d 77 69 6e 	.dll00api-ms-win
  0x5db0	2d 63 6f 72 65 2d 72 74 6c 73 75 70 70 6f 72 74 	-core-rtlsupport
  0x5dc0	2d 6c 31 2d 31 2d 30 2e 64 6c 6c 00 61 70 69 2d 	-l1-1-0.dll0api-
  0x5dd0	6d 73 2d 77 69 6e 2d 63 6f 72 65 2d 64 65 62 75 	ms-win-core-debu
  0x5de0	67 2d 6c 31 2d 31 2d 30 2e 64 6c 6c 00 00 61 70 	g-l1-1-0.dll00ap
  0x5df0	69 2d 6d 73 2d 77 69 6e 2d 63 6f 72 65 2d 70 72 	i-ms-win-core-pr
  0x5e00	6f 63 65 73 73 74 68 72 65 61 64 73 2d 6c 31 2d 	ocessthreads-l1-
  0x5e10	31 2d 31 2e 64 6c 6c 00 61 70 69 2d 6d 73 2d 77 	1-1.dll0api-ms-w
  0x5e20	69 6e 2d 63 6f 72 65 2d 6c 69 62 72 61 72 79 6c 	in-core-libraryl
  0x5e30	6f 61 64 65 72 2d 6c 31 2d 32 2d 30 2e 64 6c 6c 	oader-l1-2-0.dll
  0x5e40	00 00 00 00 00 00 00 00 00 00 00 00 00 00 00 00 	0000000000000000
  0x5e50	00 00 00 00 00 00 00 00 00 00 00 00 00 00 00 00 	0000000000000000
  0x5e60	00 00 00 00 00 00 00 00 00 00 00 00 00 00 00 00 	0000000000000000
  0x5e70	00 00 00 00 00 00 00 00 00 00 00 00 00 00 00 00 	0000000000000000
  0x5e80	00 00 00 00 00 00 00 00 00 00 00 00 00 00 00 00 	0000000000000000
  0x5e90	00 00 00 00 00 00 00 00 00 00 00 00 00 00 00 00 	0000000000000000
  0x5ea0	00 00 00 00 00 00 00 00 00 00 00 00 00 00 00 00 	0000000000000000
  0x5eb0	00 00 00 00 00 00 00 00 00 00 00 00 00 00 00 00 	0000000000000000
  0x5ec0	00 00 00 00 00 00 00 00 00 00 00 00 00 00 00 00 	0000000000000000
  0x5ed0	00 00 00 00 00 00 00 00 00 00 00 00 00 00 00 00 	0000000000000000
  0x5ee0	00 00 00 00 00 00 00 00 00 00 00 00 00 00 00 00 	0000000000000000
  0x5ef0	00 00 00 00 00 00 00 00 00 00 00 00 00 00 00 00 	0000000000000000
  0x5f00	00 00 00 00 00 00 00 00 00 00 00 00 00 00 00 00 	0000000000000000
  0x5f10	00 00 00 00 00 00 00 00 00 00 00 00 00 00 00 00 	0000000000000000
  0x5f20	00 00 00 00 00 00 00 00 00 00 00 00 00 00 00 00 	0000000000000000
  0x5f30	00 00 00 00 00 00 00 00 00 00 00 00 00 00 00 00 	0000000000000000
  0x5f40	00 00 00 00 00 00 00 00 00 00 00 00 00 00 00 00 	0000000000000000
  0x5f50	00 00 00 00 00 00 00 00 00 00 00 00 00 00 00 00 	0000000000000000
  0x5f60	00 00 00 00 00 00 00 00 00 00 00 00 00 00 00 00 	0000000000000000
  0x5f70	00 00 00 00 00 00 00 00 00 00 00 00 00 00 00 00 	0000000000000000
  0x5f80	00 00 00 00 00 00 00 00 00 00 00 00 00 00 00 00 	0000000000000000
  0x5f90	00 00 00 00 00 00 00 00 00 00 00 00 00 00 00 00 	0000000000000000
  0x5fa0	00 00 00 00 00 00 00 00 00 00 00 00 00 00 00 00 	0000000000000000
  0x5fb0	00 00 00 00 00 00 00 00 00 00 00 00 00 00 00 00 	0000000000000000
  0x5fc0	00 00 00 00 00 00 00 00 00 00 00 00 00 00 00 00 	0000000000000000
  0x5fd0	00 00 00 00 00 00 00 00 00 00 00 00 00 00 00 00 	0000000000000000
  0x5fe0	00 00 00 00 00 00 00 00 00 00 00 00 00 00 00 00 	0000000000000000
  0x5ff0	00 00 00 00 00 00 00 00 00 00 00 00 00 00 00 00 	0000000000000000
=== DATA BLOCK END ===

=== DATA BLOCK ADDRESS 0x6000 ===
  0x6000	32 a2 df 2d 99 2b 00 00 cd 5d 20 d2 66 d4 ff ff 	200-0+000] 0f000
  0x6010	01 00 00 00 02 00 00 00 2f 20 00 00 00 00 00 00 	00000000/ 000000
  0x6020	01 00 00 00 00 00 00 00 ff ff ff ff ff ff ff ff 	0000000000000000
  0x6030	00 00 00 00 00 00 00 00 00 00 00 00 00 00 00 00 	0000000000000000
  0x6040	00 00 00 00 00 00 00 00 00 00 00 00 00 00 00 00 	0000000000000000
  0x6050	00 00 00 00 00 00 00 00 00 00 00 00 00 00 00 00 	0000000000000000
  0x6060	00 00 00 00 00 00 00 00 00 00 00 00 00 00 00 00 	0000000000000000
  0x6070	00 00 00 00 00 00 00 00 00 00 00 00 00 00 00 00 	0000000000000000
  0x6080	00 00 00 00 00 00 00 00 00 00 00 00 00 00 00 00 	0000000000000000
  0x6090	00 00 00 00 00 00 00 00 00 00 00 00 00 00 00 00 	0000000000000000
  0x60a0	00 00 00 00 00 00 00 00 00 00 00 00 00 00 00 00 	0000000000000000
  0x60b0	00 00 00 00 00 00 00 00 00 00 00 00 00 00 00 00 	0000000000000000
  0x60c0	00 00 00 00 00 00 00 00 00 00 00 00 00 00 00 00 	0000000000000000
  0x60d0	00 00 00 00 00 00 00 00 00 00 00 00 00 00 00 00 	0000000000000000
  0x60e0	00 00 00 00 00 00 00 00 00 00 00 00 00 00 00 00 	0000000000000000
  0x60f0	00 00 00 00 00 00 00 00 00 00 00 00 00 00 00 00 	0000000000000000
  0x6100	00 00 00 00 00 00 00 00 00 00 00 00 00 00 00 00 	0000000000000000
  0x6110	00 00 00 00 00 00 00 00 00 00 00 00 00 00 00 00 	0000000000000000
  0x6120	00 00 00 00 00 00 00 00 00 00 00 00 00 00 00 00 	0000000000000000
  0x6130	00 00 00 00 00 00 00 00 00 00 00 00 00 00 00 00 	0000000000000000
  0x6140	00 00 00 00 00 00 00 00 00 00 00 00 00 00 00 00 	0000000000000000
  0x6150	00 00 00 00 00 00 00 00 00 00 00 00 00 00 00 00 	0000000000000000
  0x6160	00 00 00 00 00 00 00 00 00 00 00 00 00 00 00 00 	0000000000000000
  0x6170	00 00 00 00 00 00 00 00 00 00 00 00 00 00 00 00 	0000000000000000
  0x6180	00 00 00 00 00 00 00 00 00 00 00 00 00 00 00 00 	0000000000000000
  0x6190	00 00 00 00 00 00 00 00 00 00 00 00 00 00 00 00 	0000000000000000
  0x61a0	00 00 00 00 00 00 00 00 00 00 00 00 00 00 00 00 	0000000000000000
  0x61b0	00 00 00 00 00 00 00 00 00 00 00 00 00 00 00 00 	0000000000000000
  0x61c0	00 00 00 00 00 00 00 00 00 00 00 00 00 00 00 00 	0000000000000000
  0x61d0	00 00 00 00 00 00 00 00 00 00 00 00 00 00 00 00 	0000000000000000
  0x61e0	00 00 00 00 00 00 00 00 00 00 00 00 00 00 00 00 	0000000000000000
  0x61f0	00 00 00 00 00 00 00 00 00 00 00 00 00 00 00 00 	0000000000000000
=== DATA BLOCK END ===

=== DATA BLOCK ADDRESS 0x7000 ===
  0x7000	08 10 00 00 ae 10 00 00 b0 50 00 00 b4 10 00 00 	000000000P000000
  0x7010	c5 17 00 00 c4 50 00 00 cc 17 00 00 a4 18 00 00 	00000P0000000000
  0x7020	ec 50 00 00 ac 18 00 00 14 19 00 00 00 51 00 00 	0P00000000000Q00
  0x7030	1c 19 00 00 a7 1c 00 00 0c 51 00 00 b0 1c 00 00 	000000000Q000000
  0x7040	c4 1c 00 00 24 51 00 00 e0 1c 00 00 fd 1c 00 00 	0000$Q0000000000
  0x7050	24 51 00 00 20 1d 00 00 3d 1d 00 00 24 51 00 00 	$Q00 000=000$Q00
  0x7060	50 1d 00 00 f1 1d 00 00 2c 51 00 00 00 1e 00 00 	P0000000,Q000000
  0x7070	10 1e 00 00 24 51 00 00 20 1e 00 00 39 1e 00 00 	0000$Q00 0009000
  0x7080	24 51 00 00 40 1e 00 00 bc 1f 00 00 34 51 00 00 	$Q00@00000004Q00
  0x7090	d0 1f 00 00 e2 1f 00 00 24 51 00 00 00 20 00 00 	00000000$Q000 00
  0x70a0	21 20 00 00 78 51 00 00 28 20 00 00 61 20 00 00 	! 00xQ00( 00a 00
  0x70b0	24 51 00 00 68 20 00 00 b1 20 00 00 2c 51 00 00 	$Q00h 000 00,Q00
  0x70c0	b8 20 00 00 68 21 00 00 2c 51 00 00 70 21 00 00 	0 00h!00,Q00p!00
  0x70d0	08 22 00 00 7c 51 00 00 10 22 00 00 34 22 00 00 	0"00|Q000"004"00
  0x70e0	2c 51 00 00 3c 22 00 00 65 22 00 00 2c 51 00 00 	,Q00<"00e"00,Q00
  0x70f0	6c 22 00 00 bb 22 00 00 2c 51 00 00 c4 22 00 00 	l"000"00,Q000"00
  0x7100	db 22 00 00 24 51 00 00 e4 22 00 00 90 23 00 00 	0"00$Q000"000#00
  0x7110	a4 51 00 00 ec 23 00 00 07 24 00 00 24 51 00 00 	0Q000#000$00$Q00
  0x7120	40 24 00 00 8b 25 00 00 b0 51 00 00 a0 25 00 00 	@$000%000Q000%00
  0x7130	f2 25 00 00 24 51 00 00 10 26 00 00 48 26 00 00 	0%00$Q000&00H&00
  0x7140	24 51 00 00 50 26 00 00 8c 26 00 00 00 51 00 00 	$Q00P&000&000Q00
  0x7150	a0 26 00 00 dc 26 00 00 00 51 00 00 e4 26 00 00 	0&000&000Q000&00
  0x7160	41 27 00 00 2c 51 00 00 50 27 00 00 22 28 00 00 	A'00,Q00P'00"(00
  0x7170	c0 51 00 00 28 28 00 00 99 28 00 00 c8 51 00 00 	0Q00((000(000Q00
  0x7180	a0 28 00 00 1b 2a 00 00 d4 51 00 00 88 2b 00 00 	0(000*000Q000+00
  0x7190	cb 2b 00 00 ec 51 00 00 d4 2b 00 00 22 2c 00 00 	0+000Q000+00",00
  0x71a0	f8 51 00 00 28 2c 00 00 7a 2c 00 00 04 52 00 00 	0Q00(,00z,000R00
  0x71b0	80 2c 00 00 9d 2c 00 00 24 51 00 00 a4 2c 00 00 	0,000,00$Q000,00
  0x71c0	ff 2c 00 00 14 52 00 00 10 2d 00 00 12 2d 00 00 	0,000R000-000-00
  0x71d0	e8 51 00 00 18 2d 00 00 36 2d 00 00 6c 51 00 00 	0Q000-006-00lQ00
  0x71e0	3c 2d 00 00 54 2d 00 00 9c 51 00 00 00 00 00 00 	<-00T-000Q000000
  0x71f0	00 00 00 00 00 00 00 00 00 00 00 00 00 00 00 00 	0000000000000000
=== DATA BLOCK END ===
