===== Assembly blocks =====

=== CODE BLOCK ADDRESS 0x1000 ===
=== CODE BLOCK END ===

=== DATA BLOCK ADDRESS 0xc000 ===
  0xc000	70 f0 00 40 01 00 00 00 10 f1 00 40 01 00 00 00 	p00@0000000@0000
  0xc010	18 01 00 00 00 00 00 00 00 00 00 00 00 00 00 00 	0000000000000000
  0xc020	00 00 00 00 00 00 00 00 00 00 00 00 00 00 00 00 	0000000000000000
  0xc030	00 00 00 00 00 00 00 00 00 00 00 00 00 00 00 00 	0000000000000000
  0xc040	00 00 00 00 00 00 00 00 00 00 00 00 00 00 00 00 	0000000000000000
  0xc050	00 00 00 00 00 00 00 00 00 00 00 00 00 00 00 00 	0000000000000000
  0xc060	00 00 00 00 00 00 00 00 18 f0 00 40 01 00 00 00 	00000000000@0000
  0xc070	00 00 00 00 00 00 00 00 00 00 00 00 00 00 00 00 	0000000000000000
  0xc080	b8 c4 00 40 01 00 00 00 c0 c4 00 40 01 00 00 00 	000@0000000@0000
  0xc090	00 c5 00 40 01 00 00 00 08 00 00 00 00 00 00 00 	000@000000000000
  0xc0a0	00 75 01 00 00 00 00 00 00 00 00 00 00 00 00 00 	0u00000000000000
  0xc0b0	00 00 00 00 00 00 00 00 00 00 00 00 00 00 00 00 	0000000000000000
  0xc0c0	00 00 00 00 00 00 00 00 00 00 00 00 00 00 00 00 	0000000000000000
  0xc0d0	00 00 00 00 00 00 00 00 00 00 00 00 00 00 00 00 	0000000000000000
  0xc0e0	00 00 00 00 00 00 00 00 00 00 00 00 00 00 00 00 	0000000000000000
  0xc0f0	00 00 00 00 00 00 00 00 00 00 00 00 00 00 00 00 	0000000000000000
  0xc100	00 00 00 00 00 00 00 00 00 00 00 00 00 00 00 00 	0000000000000000
  0xc110	00 00 00 00 00 00 00 00 00 00 00 00 00 00 00 00 	0000000000000000
  0xc120	00 00 00 00 00 00 00 00 a8 e0 00 00 00 00 00 00 	0000000000000000
  0xc130	b8 e0 00 00 00 00 00 00 c8 e0 00 00 00 00 00 00 	0000000000000000
  0xc140	d6 e0 00 00 00 00 00 00 1c e5 00 00 00 00 00 00 	0000000000000000
  0xc150	0e e5 00 00 00 00 00 00 fe e4 00 00 00 00 00 00 	0000000000000000
  0xc160	e2 e4 00 00 00 00 00 00 c4 e4 00 00 00 00 00 00 	0000000000000000
  0xc170	a6 e4 00 00 00 00 00 00 92 e4 00 00 00 00 00 00 	0000000000000000
  0xc180	72 e4 00 00 00 00 00 00 5c e4 00 00 00 00 00 00 	r000000000000000
  0xc190	4a e4 00 00 00 00 00 00 36 e4 00 00 00 00 00 00 	J000000060000000
  0xc1a0	6e e8 00 00 00 00 00 00 86 e8 00 00 00 00 00 00 	n000000000000000
  0xc1b0	96 e8 00 00 00 00 00 00 00 00 00 00 00 00 00 00 	0000000000000000
  0xc1c0	aa e7 00 00 00 00 00 00 98 e7 00 00 00 00 00 00 	0000000000000000
  0xc1d0	8a e7 00 00 00 00 00 00 6e e7 00 00 00 00 00 00 	00000000n0000000
  0xc1e0	4a e7 00 00 00 00 00 00 34 e7 00 00 00 00 00 00 	J000000040000000
  0xc1f0	22 e7 00 00 00 00 00 00 14 e7 00 00 00 00 00 00 	"000000000000000
  0xc200	00 e7 00 00 00 00 00 00 ec e6 00 00 00 00 00 00 	0000000000000000
  0xc210	d0 e6 00 00 00 00 00 00 c0 e6 00 00 00 00 00 00 	0000000000000000
  0xc220	e2 e1 00 00 00 00 00 00 d4 e1 00 00 00 00 00 00 	0000000000000000
  0xc230	be e1 00 00 00 00 00 00 b6 e1 00 00 00 00 00 00 	0000000000000000
  0xc240	a4 e1 00 00 00 00 00 00 98 e1 00 00 00 00 00 00 	0000000000000000
  0xc250	86 e1 00 00 00 00 00 00 70 e1 00 00 00 00 00 00 	00000000p0000000
  0xc260	60 e1 00 00 00 00 00 00 4c e1 00 00 00 00 00 00 	`0000000L0000000
  0xc270	32 e1 00 00 00 00 00 00 1c e1 00 00 00 00 00 00 	2000000000000000
  0xc280	aa e6 00 00 00 00 00 00 94 e6 00 00 00 00 00 00 	0000000000000000
  0xc290	7a e6 00 00 00 00 00 00 5c e6 00 00 00 00 00 00 	z000000000000000
  0xc2a0	c8 e7 00 00 00 00 00 00 ba e7 00 00 00 00 00 00 	0000000000000000
  0xc2b0	00 00 00 00 00 00 00 00 02 00 00 00 00 00 00 80 	0000000000000000
  0xc2c0	06 00 00 00 00 00 00 80 07 00 00 00 00 00 00 80 	0000000000000000
  0xc2d0	00 00 00 00 00 00 00 00 d8 e5 00 00 00 00 00 00 	0000000000000000
  0xc2e0	00 00 00 00 00 00 00 00 b4 e3 00 00 00 00 00 00 	0000000000000000
  0xc2f0	92 e3 00 00 00 00 00 00 7a e3 00 00 00 00 00 00 	00000000z0000000
  0xc300	d2 e3 00 00 00 00 00 00 00 00 00 00 00 00 00 00 	0000000000000000
  0xc310	f2 e3 00 00 00 00 00 00 00 00 00 00 00 00 00 00 	0000000000000000
  0xc320	16 e4 00 00 00 00 00 00 00 00 00 00 00 00 00 00 	0000000000000000
  0xc330	2e e5 00 00 00 00 00 00 00 00 00 00 00 00 00 00 	.000000000000000
  0xc340	2c e6 00 00 00 00 00 00 08 e6 00 00 00 00 00 00 	,000000000000000
  0xc350	00 00 00 00 00 00 00 00 2a e2 00 00 00 00 00 00 	00000000*0000000
  0xc360	20 e2 00 00 00 00 00 00 44 e2 00 00 00 00 00 00 	 0000000D0000000
  0xc370	52 e2 00 00 00 00 00 00 64 e2 00 00 00 00 00 00 	R0000000d0000000
  0xc380	76 e2 00 00 00 00 00 00 7e e2 00 00 00 00 00 00 	v0000000~0000000
  0xc390	86 e2 00 00 00 00 00 00 90 e2 00 00 00 00 00 00 	0000000000000000
  0xc3a0	a4 e2 00 00 00 00 00 00 b0 e2 00 00 00 00 00 00 	0000000000000000
  0xc3b0	c8 e2 00 00 00 00 00 00 d2 e2 00 00 00 00 00 00 	0000000000000000
  0xc3c0	ea e2 00 00 00 00 00 00 18 e2 00 00 00 00 00 00 	0000000000000000
  0xc3d0	10 e2 00 00 00 00 00 00 04 e2 00 00 00 00 00 00 	0000000000000000
  0xc3e0	e0 e7 00 00 00 00 00 00 c2 e8 00 00 00 00 00 00 	0000000000000000
  0xc3f0	36 e2 00 00 00 00 00 00 d4 e7 00 00 00 00 00 00 	6000000000000000
  0xc400	ee e7 00 00 00 00 00 00 b8 e8 00 00 00 00 00 00 	0000000000000000
  0xc410	ae e8 00 00 00 00 00 00 00 00 00 00 00 00 00 00 	0000000000000000
  0xc420	fe e2 00 00 00 00 00 00 14 e3 00 00 00 00 00 00 	0000000000000000
  0xc430	2e e3 00 00 00 00 00 00 42 e3 00 00 00 00 00 00 	.0000000B0000000
  0xc440	56 e8 00 00 00 00 00 00 5c e3 00 00 00 00 00 00 	V000000000000000
  0xc450	fc e7 00 00 00 00 00 00 3c e8 00 00 00 00 00 00 	00000000<0000000
  0xc460	26 e8 00 00 00 00 00 00 0e e8 00 00 00 00 00 00 	&000000000000000
  0xc470	00 00 00 00 00 00 00 00 48 e5 00 00 00 00 00 00 	00000000H0000000
  0xc480	58 e5 00 00 00 00 00 00 6c e5 00 00 00 00 00 00 	X0000000l0000000
  0xc490	7e e5 00 00 00 00 00 00 90 e5 00 00 00 00 00 00 	~000000000000000
  0xc4a0	a2 e5 00 00 00 00 00 00 b6 e5 00 00 00 00 00 00 	0000000000000000
  0xc4b0	00 00 00 00 00 00 00 00 d0 b1 00 40 01 00 00 00 	00000000000@0000
  0xc4c0	50 b4 00 40 01 00 00 00 00 00 00 00 00 00 00 00 	P00@000000000000
  0xc4d0	20 ac 00 40 01 00 00 00 00 00 00 00 00 00 00 00 	 00@000000000000
  0xc4e0	00 00 00 00 00 00 00 00 40 ab 00 40 01 00 00 00 	00000000@00@0000
  0xc4f0	00 af 00 40 01 00 00 00 00 00 00 00 00 00 00 00 	000@000000000000
  0xc500	40 ab 00 00 20 ac 00 00 40 ae 00 00 c0 ae 00 00 	@000 000@0000000
  0xc510	00 af 00 00 e0 af 00 00 d0 b1 00 00 20 b2 00 00 	000000000000 000
  0xc520	00 00 00 00 00 00 00 00 00 00 00 00 00 00 00 00 	0000000000000000
  0xc530	5c 00 00 00 00 00 00 00 0f 00 4a 94 60 5f 5a 4e 	0000000000J0`_ZN
  0xc540	86 fd d5 5b 84 b5 43 e9 fb 99 ab 96 bf a7 d3 40 	000[00C00000000@
  0xc550	af 9e eb bd 11 a0 c5 35 36 64 96 4b 81 67 06 49 	000000056d0K0g0I
  0xc560	80 35 9a f9 4b 32 c3 f7 00 00 00 00 00 00 00 00 	0500K20000000000
  0xc570	53 00 6f 00 66 00 74 00 77 00 61 00 72 00 65 00 	S0o0f0t0w0a0r0e0
  0xc580	5c 00 4d 00 69 00 63 00 72 00 6f 00 73 00 6f 00 	00M0i0c0r0o0s0o0
  0xc590	66 00 74 00 5c 00 57 00 69 00 6e 00 64 00 6f 00 	f0t000W0i0n0d0o0
  0xc5a0	77 00 73 00 20 00 4e 00 54 00 5c 00 43 00 75 00 	w0s0 0N0T000C0u0
  0xc5b0	72 00 72 00 65 00 6e 00 74 00 56 00 65 00 72 00 	r0r0e0n0t0V0e0r0
  0xc5c0	73 00 69 00 6f 00 6e 00 5c 00 53 00 79 00 73 00 	s0i0o0n000S0y0s0
  0xc5d0	74 00 65 00 6d 00 52 00 65 00 73 00 74 00 6f 00 	t0e0m0R0e0s0t0o0
  0xc5e0	72 00 65 00 00 00 00 00 5b 34 07 64 f2 94 c8 44 	r0e00000[40d000D
  0xc5f0	b3 db 4e 07 6b e4 68 16 41 00 75 00 74 00 6f 00 	00N0k0h0A0u0t0o0
  0xc600	6d 00 61 00 74 00 69 00 63 00 42 00 61 00 63 00 	m0a0t0i0c0B0a0c0
  0xc610	6b 00 75 00 70 00 00 00 53 00 79 00 73 00 74 00 	k0u0p000S0y0s0t0
  0xc620	65 00 6d 00 52 00 65 00 73 00 74 00 6f 00 72 00 	e0m0R0e0s0t0o0r0
  0xc630	65 00 50 00 6f 00 69 00 6e 00 74 00 54 00 69 00 	e0P0o0i0n0t0T0i0
  0xc640	6d 00 65 00 54 00 6f 00 4c 00 69 00 76 00 65 00 	m0e0T0o0L0i0v0e0
  0xc650	00 00 00 00 00 00 00 00 1f 1d fa 4b 9f bf 17 4a 	00000000000K000J
  0xc660	ae 99 13 e6 81 e1 d2 ff 44 00 69 00 73 00 61 00 	00000000D0i0s0a0
  0xc670	62 00 6c 00 65 00 53 00 52 00 00 00 00 00 00 00 	b0l0e0S0R0000000
  0xc680	57 00 61 00 69 00 74 00 46 00 6f 00 72 00 52 00 	W0a0i0t0F0o0r0R0
  0xc690	65 00 73 00 74 00 6f 00 72 00 65 00 50 00 6f 00 	e0s0t0o0r0e0P0o0
  0xc6a0	69 00 6e 00 74 00 54 00 6f 00 41 00 70 00 70 00 	i0n0t0T0o0A0p0p0
  0xc6b0	65 00 61 00 72 00 00 00 00 00 00 00 00 00 00 00 	e0a0r00000000000
  0xc6c0	53 00 6f 00 66 00 74 00 77 00 61 00 72 00 65 00 	S0o0f0t0w0a0r0e0
  0xc6d0	5c 00 50 00 6f 00 6c 00 69 00 63 00 69 00 65 00 	00P0o0l0i0c0i0e0
  0xc6e0	73 00 5c 00 4d 00 69 00 63 00 72 00 6f 00 73 00 	s000M0i0c0r0o0s0
  0xc6f0	6f 00 66 00 74 00 5c 00 57 00 69 00 6e 00 64 00 	o0f0t000W0i0n0d0
  0xc700	6f 00 77 00 73 00 20 00 4e 00 54 00 5c 00 53 00 	o0w0s0 0N0T000S0
  0xc710	79 00 73 00 74 00 65 00 6d 00 52 00 65 00 73 00 	y0s0t0e0m0R0e0s0
  0xc720	74 00 6f 00 72 00 65 00 00 00 00 00 00 00 00 00 	t0o0r0e000000000
  0xc730	4d 00 69 00 63 00 72 00 6f 00 73 00 6f 00 66 00 	M0i0c0r0o0s0o0f0
  0xc740	74 00 5c 00 57 00 69 00 6e 00 64 00 6f 00 77 00 	t000W0i0n0d0o0w0
  0xc750	73 00 5c 00 57 00 69 00 6e 00 64 00 6f 00 77 00 	s000W0i0n0d0o0w0
  0xc760	73 00 42 00 61 00 63 00 6b 00 75 00 70 00 00 00 	s0B0a0c0k0u0p000
  0xc770	53 00 63 00 6f 00 70 00 65 00 53 00 6e 00 61 00 	S0c0o0p0e0S0n0a0
  0xc780	70 00 73 00 68 00 6f 00 74 00 73 00 00 00 00 00 	p0s0h0o0t0s00000
  0xc790	53 00 79 00 73 00 74 00 65 00 6d 00 52 00 65 00 	S0y0s0t0e0m0R0e0
  0xc7a0	73 00 74 00 6f 00 72 00 65 00 54 00 72 00 61 00 	s0t0o0r0e0T0r0a0
  0xc7b0	63 00 69 00 6e 00 67 00 46 00 6c 00 61 00 67 00 	c0i0n0g0F0l0a0g0
  0xc7c0	73 00 00 00 00 00 00 00 4c 00 61 00 73 00 74 00 	s0000000L0a0s0t0
  0xc7d0	4d 00 61 00 69 00 6e 00 65 00 6e 00 61 00 6e 00 	M0a0i0n0e0n0a0n0
  0xc7e0	63 00 65 00 54 00 61 00 73 00 6b 00 52 00 75 00 	c0e0T0a0s0k0R0u0
  0xc7f0	6e 00 54 00 69 00 6d 00 65 00 53 00 74 00 61 00 	n0T0i0m0e0S0t0a0
  0xc800	6d 00 70 00 00 00 00 00 53 00 79 00 73 00 74 00 	m0p00000S0y0s0t0
  0xc810	65 00 6d 00 20 00 52 00 65 00 73 00 74 00 6f 00 	e0m0 0R0e0s0t0o0
  0xc820	72 00 65 00 00 00 00 00 41 89 29 2c 2f fc 0b 47 	r0e00000A0),/00G
  0xc830	8f 27 87 fe 80 80 82 48 43 68 65 63 6b 53 52 45 	0'00000HCheckSRE
  0xc840	6e 61 62 6c 65 64 00 00 47 65 74 53 6e 61 70 73 	nabled00GetSnaps
  0xc850	68 6f 74 73 43 6f 75 6e 74 00 00 00 00 00 00 00 	hotsCount0000000
  0xc860	49 73 52 70 53 63 6f 70 65 64 00 00 00 00 00 00 	IsRpScoped000000
  0xc870	47 65 74 52 65 73 74 6f 72 65 50 6f 69 6e 74 73 	GetRestorePoints
  0xc880	43 6f 75 6e 74 00 00 00 47 65 74 42 6f 6f 74 56 	Count000GetBootV
  0xc890	6f 6c 75 6d 65 53 69 7a 65 53 74 61 74 73 00 00 	olumeSizeStats00
  0xc8a0	47 65 74 4d 61 69 6e 65 6e 61 6e 63 65 54 61 73 	GetMainenanceTas
  0xc8b0	6b 46 72 65 71 75 65 6e 63 79 00 00 00 00 00 00 	kFrequency000000
  0xc8c0	47 65 74 52 65 67 69 73 74 72 79 4b 65 79 53 65 	GetRegistryKeySe
  0xc8d0	74 74 69 6e 67 73 00 00 50 75 62 6c 69 73 68 4d 	ttings00PublishM
  0xc8e0	61 69 6e 74 65 6e 61 6e 63 65 54 61 73 6b 73 53 	aintenanceTasksS
  0xc8f0	51 4d 00 00 00 00 00 00 c5 ed f7 09 4e 29 80 41 	QM0000000000N)0A
  0xc900	af 6a fb 0e 6a 0e 95 13 89 a4 2d cc 37 73 51 36 	0j00j00000-07sQ6
  0xc910	00 2f f2 fe ee 03 7f 2e 4e 00 55 00 4c 00 4c 00 	0/00000.N0U0L0L0
  0xc920	00 00 00 00 4e 55 4c 4c 00 00 00 00 00 00 00 00 	0000NULL00000000
  0xc930	25 00 53 00 79 00 73 00 74 00 65 00 6d 00 52 00 	%0S0y0s0t0e0m0R0
  0xc940	6f 00 6f 00 74 00 25 00 5c 00 4c 00 6f 00 67 00 	o0o0t0%000L0o0g0
  0xc950	73 00 5c 00 53 00 79 00 73 00 74 00 65 00 6d 00 	s000S0y0s0t0e0m0
  0xc960	52 00 65 00 73 00 74 00 6f 00 72 00 65 00 00 00 	R0e0s0t0o0r0e000
  0xc970	4f 00 3a 00 42 00 41 00 47 00 3a 00 42 00 41 00 	O0:0B0A0G0:0B0A0
  0xc980	44 00 3a 00 50 00 28 00 41 00 3b 00 4f 00 49 00 	D0:0P0(0A0;0O0I0
  0xc990	43 00 49 00 3b 00 47 00 41 00 3b 00 3b 00 3b 00 	C0I0;0G0A0;0;0;0
  0xc9a0	42 00 41 00 29 00 28 00 41 00 3b 00 4f 00 49 00 	B0A0)0(0A0;0O0I0
  0xc9b0	43 00 49 00 3b 00 47 00 41 00 3b 00 3b 00 3b 00 	C0I0;0G0A0;0;0;0
  0xc9c0	53 00 59 00 29 00 00 00 42 00 75 00 69 00 6c 00 	S0Y0)000B0u0i0l0
  0xc9d0	74 00 49 00 6e 00 53 00 72 00 54 00 61 00 73 00 	t0I0n0S0r0T0a0s0
  0xc9e0	6b 00 73 00 54 00 72 00 61 00 63 00 69 00 6e 00 	k0s0T0r0a0c0i0n0
  0xc9f0	67 00 00 00 00 00 00 00 53 00 72 00 54 00 61 00 	g0000000S0r0T0a0
  0xca00	73 00 6b 00 73 00 00 00 5f 43 68 65 63 6b 52 65 	s0k0s000_CheckRe
  0xca10	63 65 6e 74 53 50 50 43 68 65 63 6b 70 6f 69 6e 	centSPPCheckpoin
  0xca20	74 00 00 00 00 00 00 00 5f 44 65 6c 65 74 65 50 	t0000000_DeleteP
  0xca30	61 72 74 69 61 6c 53 50 50 47 72 6f 75 70 73 00 	artialSPPGroups0
  0xca40	5f 44 65 6c 65 74 65 4f 6c 64 53 50 50 47 72 6f 	_DeleteOldSPPGro
  0xca50	75 70 73 00 00 00 00 00 5f 45 78 65 63 75 74 65 	ups00000_Execute
  0xca60	53 63 68 65 64 75 6c 65 64 53 50 50 43 72 65 61 	ScheduledSPPCrea
  0xca70	74 69 6f 6e 00 00 00 00 30 00 78 00 25 00 30 00 	tion000000x0%000
  0xca80	38 00 78 00 00 00 00 00 49 73 53 61 66 65 44 6f 	80x00000IsSafeDo
  0xca90	63 73 54 61 73 6b 52 75 6e 6e 69 6e 67 00 00 00 	csTaskRunning000
  0xcaa0	45 78 65 63 75 74 65 53 63 68 65 64 75 6c 65 64 	ExecuteScheduled
  0xcab0	53 50 50 43 72 65 61 74 69 6f 6e 00 00 00 00 00 	SPPCreation00000
  0xcac0	5f 45 78 65 63 75 74 65 53 63 6f 70 65 52 65 73 	_ExecuteScopeRes
  0xcad0	74 6f 72 65 50 6f 69 6e 74 00 00 00 00 00 00 00 	torePoint0000000
  0xcae0	47 65 74 52 65 73 74 6f 72 65 50 6f 69 6e 74 49 	GetRestorePointI
  0xcaf0	6e 64 65 78 54 6f 57 61 69 74 46 6f 72 00 00 00 	ndexToWaitFor000
  0xcb00	47 65 74 54 69 6d 65 54 6f 57 61 69 74 46 6f 72 	GetTimeToWaitFor
  0xcb10	52 65 73 74 6f 72 65 50 6f 69 6e 74 54 6f 41 70 	RestorePointToAp
  0xcb20	70 65 61 72 00 00 00 00 57 61 69 74 46 6f 72 52 	pear0000WaitForR
  0xcb30	65 73 74 6f 72 65 50 6f 69 6e 74 54 6f 41 70 70 	estorePointToApp
  0xcb40	65 61 72 00 00 00 00 00 45 78 65 63 75 74 65 53 	ear00000ExecuteS
  0xcb50	63 6f 70 65 52 65 73 74 6f 72 65 50 6f 69 6e 74 	copeRestorePoint
  0xcb60	00 00 00 00 00 00 00 00 47 65 74 41 6e 64 45 6e 	00000000GetAndEn
  0xcb70	73 75 72 65 54 72 61 63 69 6e 67 44 69 72 65 63 	sureTracingDirec
  0xcb80	74 6f 72 79 00 00 00 00 3a 3a 44 65 6c 65 74 65 	tory0000::Delete
  0xcb90	46 69 6c 65 28 20 73 74 72 54 72 61 63 69 6e 67 	File( strTracing
  0xcba0	44 69 72 65 63 74 6f 72 79 20 29 00 64 77 45 72 	Directory )0dwEr
  0xcbb0	72 00 00 00 00 00 00 00 53 72 50 72 6f 70 53 74 	r0000000SrPropSt
  0xcbc0	61 72 74 54 72 61 63 69 6e 67 00 00 00 00 00 00 	artTracing000000
  0xcbd0	53 72 50 72 6f 70 53 74 6f 70 54 72 61 63 69 6e 	SrPropStopTracin
  0xcbe0	67 00 00 00 00 00 00 00 45 00 78 00 65 00 63 00 	g0000000E0x0e0c0
  0xcbf0	75 00 74 00 65 00 53 00 63 00 68 00 65 00 64 00 	u0t0e0S0c0h0e0d0
  0xcc00	75 00 6c 00 65 00 64 00 53 00 50 00 50 00 43 00 	u0l0e0d0S0P0P0C0
  0xcc10	72 00 65 00 61 00 74 00 69 00 6f 00 6e 00 00 00 	r0e0a0t0i0o0n000
  0xcc20	45 00 78 00 65 00 63 00 75 00 74 00 65 00 53 00 	E0x0e0c0u0t0e0S0
  0xcc30	63 00 6f 00 70 00 65 00 52 00 65 00 73 00 74 00 	c0o0p0e0R0e0s0t0
  0xcc40	6f 00 72 00 65 00 50 00 6f 00 69 00 6e 00 74 00 	o0r0e0P0o0i0n0t0
  0xcc50	00 00 00 00 00 00 00 00 2f 00 57 00 61 00 69 00 	00000000/0W0a0i0
  0xcc60	74 00 46 00 6f 00 72 00 52 00 65 00 73 00 74 00 	t0F0o0r0R0e0s0t0
  0xcc70	6f 00 72 00 65 00 50 00 6f 00 69 00 6e 00 74 00 	o0r0e0P0o0i0n0t0
  0xcc80	3a 00 00 00 00 00 00 00 26 2f a5 e6 86 03 80 3a 	:0000000&/00000:
  0xcc90	ff 4d 94 e0 08 1a 54 a7 fc f1 3f 88 e1 09 e5 48 	0M0000T000?0000H
  0xcca0	8e 54 e2 46 9a cb 0c fd e0 f1 53 b6 d7 17 c6 4a 	0T0F000000S0000J
  0xccb0	9b 18 f8 4b 61 db c1 a2 a2 eb 41 0d ea 17 0d 4b 	000Ka00000A0000K
  0xccc0	91 72 db d2 ae 0c c9 7a a5 e7 22 70 33 ef 41 49 	0r00000z00"p30AI
  0xccd0	9d 3d 16 66 42 55 d7 c2 49 3f cf ad 1f 52 a6 48 	0=0fBU00I?000R0H
  0xcce0	ba bc 8e 20 d5 d3 e8 61 53 78 52 65 67 52 65 61 	000 000aSxRegRea
  0xccf0	64 44 57 4f 52 44 00 00 53 78 52 65 67 52 65 61 	dDWORD00SxRegRea
  0xcd00	64 55 4c 4f 4e 47 4c 4f 4e 47 00 00 00 00 00 00 	dULONGLONG000000
  0xcd10	53 78 52 65 67 57 72 69 74 65 55 4c 4f 4e 47 4c 	SxRegWriteULONGL
  0xcd20	4f 4e 47 00 00 00 00 00 53 78 51 75 65 72 79 47 	ONG00000SxQueryG
  0xcd30	72 6f 75 70 50 6f 6c 69 63 79 00 00 00 00 00 00 	roupPolicy000000
  0xcd40	53 78 47 65 74 55 6e 69 71 75 65 56 6f 6c 75 6d 	SxGetUniqueVolum
  0xcd50	65 46 6f 72 50 61 74 68 00 00 00 00 00 00 00 00 	eForPath00000000
  0xcd60	3a 3a 47 65 74 56 6f 6c 75 6d 65 50 61 74 68 4e 	::GetVolumePathN
  0xcd70	61 6d 65 28 20 73 74 72 50 61 74 68 2c 20 53 54 	ame( strPath, ST
  0xcd80	52 49 4e 47 5f 43 43 48 5f 50 41 52 41 4d 28 20 	RING_CCH_PARAM( 
  0xcd90	77 73 7a 52 6f 6f 74 50 61 74 68 20 29 20 29 00 	wszRootPath ) )0
  0xcda0	3a 3a 47 65 74 56 6f 6c 75 6d 65 4e 61 6d 65 46 	::GetVolumeNameF
  0xcdb0	6f 72 56 6f 6c 75 6d 65 4d 6f 75 6e 74 50 6f 69 	orVolumeMountPoi
  0xcdc0	6e 74 28 20 77 73 7a 52 6f 6f 74 50 61 74 68 2c 	nt( wszRootPath,
  0xcdd0	20 53 54 52 49 4e 47 5f 43 43 48 5f 50 41 52 41 	 STRING_CCH_PARA
  0xcde0	4d 28 20 77 73 7a 56 6f 6c 75 6d 65 20 29 20 29 	M( wszVolume ) )
  0xcdf0	00 00 00 00 00 00 00 00 00 00 00 00 00 00 00 00 	0000000000000000
  0xce00	3a 3a 47 65 74 56 6f 6c 75 6d 65 4e 61 6d 65 46 	::GetVolumeNameF
  0xce10	6f 72 56 6f 6c 75 6d 65 4d 6f 75 6e 74 50 6f 69 	orVolumeMountPoi
  0xce20	6e 74 28 20 77 73 7a 56 6f 6c 75 6d 65 2c 20 70 	nt( wszVolume, p
  0xce30	77 73 7a 55 6e 69 71 75 65 2c 20 63 63 68 55 6e 	wszUnique, cchUn
  0xce40	69 71 75 65 20 29 00 00 53 78 49 73 42 6f 6f 74 	ique )00SxIsBoot
  0xce50	56 6f 6c 75 6d 65 00 00 25 00 53 00 79 00 73 00 	Volume00%0S0y0s0
  0xce60	74 00 65 00 6d 00 44 00 72 00 69 00 76 00 65 00 	t0e0m0D0r0i0v0e0
  0xce70	25 00 5c 00 00 00 00 00 53 78 47 65 74 42 6f 6f 	%0000000SxGetBoo
  0xce80	74 56 6f 6c 75 6d 65 00 16 37 a0 2e e4 52 61 33 	tVolume0070.0Ra3
  0xce90	ff 88 b3 a1 94 4a d1 d4 47 65 74 44 69 66 66 41 	00000J00GetDiffA
  0xcea0	72 65 61 49 6e 66 6f 00 53 78 49 73 53 68 61 64 	reaInfo0SxIsShad
  0xceb0	6f 77 43 6f 70 79 53 63 6f 70 65 64 00 00 00 00 	owCopyScoped0000
  0xcec0	53 78 53 68 6f 75 6c 64 43 72 65 61 74 65 53 63 	SxShouldCreateSc
  0xced0	6f 70 65 64 53 6e 61 70 73 68 6f 74 73 00 00 00 	opedSnapshots000
  0xcee0	10 36 f2 27 d0 57 ea 35 2d d5 d3 36 1a 76 2c 88 	060'0W05-0060v,0
  0xcef0	84 3c c5 64 bc e3 b6 3e 9d b6 ed f8 0b 32 64 c0 	0<0d000>000002d0
  0xcf00	47 65 74 57 4d 49 42 61 63 6b 75 70 54 61 73 6b 	GetWMIBackupTask
  0xcf10	00 00 00 00 00 00 00 00 53 78 49 6e 69 74 69 61 	00000000SxInitia
  0xcf20	6c 69 7a 65 43 4f 4d 53 65 63 75 72 69 74 79 46 	lizeCOMSecurityF
  0xcf30	6f 72 53 50 50 00 00 00 3d 48 1a b8 6a 4b 2f 37 	orSPP000=H00jK/7
  0xcf40	b7 a9 07 6c 2b aa d0 16 53 78 43 6c 65 61 72 44 	000l+000SxClearD
  0xcf50	69 66 66 69 63 75 6c 74 41 74 74 72 69 62 75 74 	ifficultAttribut
  0xcf60	65 73 00 00 00 00 00 00 53 78 44 65 6c 65 74 65 	es000000SxDelete
  0xcf70	46 69 6c 65 00 00 00 00 5f 47 65 74 46 69 6c 65 	File0000_GetFile
  0xcf80	41 74 74 72 69 62 75 74 65 73 54 61 67 00 00 00 	AttributesTag000
  0xcf90	73 68 2e 49 73 56 61 6c 69 64 28 29 00 00 00 00 	sh.IsValid()0000
  0xcfa0	53 78 53 65 74 46 69 6c 65 41 74 74 72 69 62 75 	SxSetFileAttribu
  0xcfb0	74 65 73 00 00 00 00 00 bf 2f 48 b3 45 37 4e 30 	tes000000/H0E7N0
  0xcfc0	21 65 81 fa da 0d 61 ef 53 72 43 6f 6e 76 65 72 	!e0000a0SrConver
  0xcfd0	74 53 70 70 47 72 6f 75 70 54 6f 53 72 52 70 50 	tSppGroupToSrRpP
  0xcfe0	72 6f 70 00 00 00 00 00 53 72 56 61 6c 69 64 61 	rop00000SrValida
  0xcff0	74 65 52 65 73 74 6f 72 65 50 6f 69 6e 74 00 00 	teRestorePoint00
  0xd000	53 72 54 72 61 6e 73 6c 61 74 65 50 61 74 68 00 	SrTranslatePath0
  0xd010	49 3f cf ad 1f 52 a6 48 ba bc 8e 20 d5 d3 e8 61 	I?000R0H000 000a
  0xd020	2e ce 6e 35 ed 4d 02 3d 2f 22 f9 fb 8e 99 50 d0 	.0n50M0=/"0000P0
  0xd030	c5 ed f7 09 4e 29 80 41 af 6a fb 0e 6a 0e 95 13 	0000N)0A0j00j000
  0xd040	46 41 49 4c 45 44 5b 54 52 41 43 4b 5d 00 00 00 	FAILED[TRACK]000
  0xd050	46 41 49 4c 45 44 00 00 8b 68 a0 35 c5 f1 e2 3f 	FAILED000h05000?
  0xd060	68 91 f5 60 3c f7 1a 58 53 78 41 6c 6c 6f 63 61 	h00`<00XSxAlloca
  0xd070	74 65 45 76 65 6e 74 54 72 61 63 65 50 72 6f 70 	teEventTraceProp
  0xd080	00 00 00 00 00 00 00 00 53 78 51 75 65 72 79 54 	00000000SxQueryT
  0xd090	72 61 63 65 53 65 73 73 69 6f 6e 00 00 00 00 00 	raceSession00000
  0xd0a0	53 78 47 65 74 30 58 4c 6f 67 46 69 6c 65 43 6f 	SxGet0XLogFileCo
  0xd0b0	75 6e 74 00 00 00 00 00 25 00 73 00 2e 00 30 00 	unt00000%0s0.000
  0xd0c0	2e 00 25 00 73 00 00 00 25 00 73 00 2e 00 30 00 	.0%0s000%0s0.000
  0xd0d0	2e 00 3f 00 2e 00 25 00 73 00 00 00 00 00 00 00 	.0?0.0%0s0000000
  0xd0e0	53 78 43 6f 6d 70 72 65 73 73 4c 6f 67 46 69 6c 	SxCompressLogFil
  0xd0f0	65 00 00 00 00 00 00 00 53 78 43 68 65 63 6b 57 	e0000000SxCheckW
  0xd100	42 44 69 61 67 53 65 73 73 69 6f 6e 00 00 00 00 	BDiagSession0000
  0xd110	53 78 4d 65 72 67 65 45 78 74 72 61 4c 6f 67 73 	SxMergeExtraLogs
  0xd120	00 00 00 00 00 00 00 00 25 00 73 00 2e 00 25 00 	00000000%0s0.0%0
  0xd130	64 00 2e 00 25 00 73 00 00 00 00 00 00 00 00 00 	d0.0%0s000000000
  0xd140	25 00 73 00 2e 00 30 00 2e 00 25 00 64 00 2e 00 	%0s0.000.0%0d0.0
  0xd150	25 00 73 00 00 00 00 00 53 78 52 6f 74 61 74 65 	%0s00000SxRotate
  0xd160	4c 6f 67 73 00 00 00 00 53 78 53 74 61 72 74 54 	Logs0000SxStartT
  0xd170	72 61 63 69 6e 67 00 00 25 00 73 00 2e 00 30 00 	racing00%0s0.000
  0xd180	2e 00 31 00 2e 00 25 00 73 00 00 00 00 00 00 00 	.010.0%0s0000000
  0xd190	53 78 53 74 6f 70 54 72 61 63 69 6e 67 00 00 00 	SxStopTracing000
  0xd1a0	53 78 45 6e 61 62 6c 65 54 72 61 63 65 44 65 66 	SxEnableTraceDef
  0xd1b0	61 75 6c 74 00 00 00 00 53 78 45 6e 61 62 6c 65 	ault0000SxEnable
  0xd1c0	54 72 61 63 65 43 75 73 74 6f 6d 00 00 00 00 00 	TraceCustom00000
  0xd1d0	62 00 6c 00 62 00 6c 00 6f 00 67 00 00 00 00 00 	b0l0b0l0o0g00000
  0xd1e0	65 00 74 00 6c 00 00 00 54 70 97 41 4f 7b 9f 30 	e0t0l000Tp0AO{00
  0xd1f0	81 d6 04 f1 b8 4d 50 cc 00 00 00 00 00 00 00 00 	00000MP000000000
  0xd200	00 00 00 00 00 00 00 00 00 00 00 00 00 00 00 00 	0000000000000000
  0xd210	00 00 00 00 00 00 00 00 00 00 00 00 00 00 00 00 	0000000000000000
  0xd220	00 00 00 00 00 00 00 00 00 00 00 00 00 00 00 00 	0000000000000000
  0xd230	00 00 00 00 00 00 00 00 00 00 00 00 00 00 00 00 	0000000000000000
  0xd240	9f 36 87 0f e5 a4 fc 4c bd 3e 73 e6 15 45 72 dd 	0600000L0>s00Er0
  0xd250	c7 a4 ab 2f a9 4d 13 40 96 97 20 cc 3f d4 0f 85 	000/0M0@00 0?000
  0xd260	00 00 05 03 02 00 07 01 04 04 01 00 06 02 03 00 	0000000000000000
  0xd270	61 65 69 6f 75 79 41 45 49 4f 55 59 00 00 00 00 	aeiouyAEIOUY0000
  0xd280	00 00 00 00 14 dc b1 66 00 00 00 00 02 00 00 00 	0000000f00000000
  0xd290	24 00 00 00 d4 d2 00 00 d4 bc 00 00 00 00 00 00 	$000000000000000
  0xd2a0	14 dc b1 66 00 00 00 00 0d 00 00 00 04 02 00 00 	000f000000000000
  0xd2b0	f8 d2 00 00 f8 bc 00 00 00 00 00 00 14 dc b1 66 	000000000000000f
  0xd2c0	00 00 00 00 10 00 00 00 24 00 00 00 fc d4 00 00 	00000000$0000000
  0xd2d0	fc be 00 00 52 53 44 53 4a 01 16 ff 1c c3 6b 51 	0000RSDSJ00000kQ
  0xd2e0	9d cb a8 2e 2d ce 61 8e 01 00 00 00 73 72 74 61 	000.-0a00000srta
  0xd2f0	73 6b 73 2e 70 64 62 00 47 43 54 4c 00 10 00 00 	sks.pdb0GCTL0000
  0xd300	40 a4 00 00 2e 74 65 78 74 24 6d 6e 00 00 00 00 	@000.text$mn0000
  0xd310	40 b4 00 00 20 00 00 00 2e 74 65 78 74 24 6d 6e 	@000 000.text$mn
  0xd320	24 30 30 00 60 b4 00 00 50 00 00 00 2e 74 65 78 	$000`000P000.tex
  0xd330	74 24 78 00 00 c0 00 00 28 01 00 00 2e 72 64 61 	t$x00000(000.rda
  0xd340	74 61 24 62 72 63 00 00 28 c1 00 00 90 03 00 00 	ta$brc00(0000000
  0xd350	2e 69 64 61 74 61 24 35 00 00 00 00 b8 c4 00 00 	.idata$500000000
  0xd360	10 00 00 00 2e 30 30 63 66 67 00 00 c8 c4 00 00 	0000.00cfg000000
  0xd370	08 00 00 00 2e 43 52 54 24 58 43 41 00 00 00 00 	0000.CRT$XCA0000
  0xd380	d0 c4 00 00 08 00 00 00 2e 43 52 54 24 58 43 41 	00000000.CRT$XCA
  0xd390	41 00 00 00 d8 c4 00 00 08 00 00 00 2e 43 52 54 	A00000000000.CRT
  0xd3a0	24 58 43 5a 00 00 00 00 e0 c4 00 00 08 00 00 00 	$XCZ000000000000
  0xd3b0	2e 43 52 54 24 58 49 41 00 00 00 00 e8 c4 00 00 	.CRT$XIA00000000
  0xd3c0	08 00 00 00 2e 43 52 54 24 58 49 41 41 00 00 00 	0000.CRT$XIAA000
  0xd3d0	f0 c4 00 00 08 00 00 00 2e 43 52 54 24 58 49 59 	00000000.CRT$XIY
  0xd3e0	00 00 00 00 f8 c4 00 00 08 00 00 00 2e 43 52 54 	000000000000.CRT
  0xd3f0	24 58 49 5a 00 00 00 00 00 c5 00 00 20 00 00 00 	$XIZ00000000 000
  0xd400	2e 67 66 69 64 73 00 00 20 c5 00 00 b4 0d 00 00 	.gfids00 0000000
  0xd410	2e 72 64 61 74 61 00 00 d4 d2 00 00 4c 02 00 00 	.rdata000000L000
  0xd420	2e 72 64 61 74 61 24 7a 7a 7a 64 62 67 00 00 00 	.rdata$zzzdbg000
  0xd430	20 d5 00 00 f4 06 00 00 2e 78 64 61 74 61 00 00 	 0000000.xdata00
  0xd440	14 dc 00 00 f0 00 00 00 2e 69 64 61 74 61 24 32 	00000000.idata$2
  0xd450	00 00 00 00 04 dd 00 00 14 00 00 00 2e 69 64 61 	000000000000.ida
  0xd460	74 61 24 33 00 00 00 00 18 dd 00 00 90 03 00 00 	ta$3000000000000
  0xd470	2e 69 64 61 74 61 24 34 00 00 00 00 a8 e0 00 00 	.idata$400000000
  0xd480	24 08 00 00 2e 69 64 61 74 61 24 36 00 00 00 00 	$000.idata$60000
  0xd490	00 f0 00 00 10 00 00 00 2e 64 61 74 61 24 62 72 	00000000.data$br
  0xd4a0	63 00 00 00 10 f0 00 00 20 00 00 00 2e 64 61 74 	c0000000 000.dat
  0xd4b0	61 00 00 00 30 f0 00 00 70 06 00 00 2e 62 73 73 	a0000000p000.bss
  0xd4c0	00 00 00 00 00 00 01 00 d0 05 00 00 2e 70 64 61 	000000000000.pda
  0xd4d0	74 61 00 00 00 10 01 00 f0 00 00 00 2e 72 73 72 	ta0000000000.rsr
  0xd4e0	63 24 30 31 00 00 00 00 f0 10 01 00 28 07 00 00 	c$0100000000(000
  0xd4f0	2e 72 73 72 63 24 30 32 00 00 00 00 20 00 00 00 	.rsrc$020000 000
  0xd500	4a 01 16 ff 1c c3 6b 51 9d cb a8 2e 2d ce 61 8e 	J00000kQ000.-0a0
  0xd510	5a 57 be 39 31 33 26 b5 95 75 c0 f0 14 dc b1 66 	ZW0913&00u00000f
  0xd520	01 04 01 00 04 62 00 00 01 0b 01 00 0b 82 00 00 	00000b0000000000
  0xd530	01 0b 01 00 0b a2 00 00 01 0b 01 00 0b c2 00 00 	0000000000000000
  0xd540	01 12 08 00 12 d2 0b f0 09 e0 07 d0 05 70 04 60 	0000000000000p0`
  0xd550	03 30 02 50 19 2c 0b 00 1e 64 2f 00 1e 34 2e 00 	000P0,000d/004.0
  0xd560	1e 01 26 00 12 f0 10 e0 0e d0 0c 70 0b 50 00 00 	00&00000000p0P00
  0xd570	a8 b3 00 00 20 01 00 00 01 17 08 00 17 74 11 00 	0000 00000000t00
  0xd580	17 64 10 00 17 34 0f 00 17 b2 10 50 01 17 0a 00 	0d000400000P0000
  0xd590	17 34 17 00 17 d2 10 f0 0e e0 0c d0 0a c0 08 70 	040000000000000p
  0xd5a0	07 60 06 50 19 2d 0a 00 1c 01 55 00 0d f0 0b e0 	0`0P0-0000U00000
  0xd5b0	09 d0 07 c0 05 70 04 60 03 30 02 50 a8 b3 00 00 	00000p0`000P0000
  0xd5c0	90 02 00 00 01 0e 06 00 0e d2 07 f0 05 70 04 60 	0000000000000p0`
  0xd5d0	03 30 02 50 01 1e 0a 00 1e 74 17 00 1e 64 16 00 	000P00000t000d00
  0xd5e0	1e 34 15 00 1e f2 14 f0 12 e0 10 50 19 2f 09 00 	04000000000P0/00
  0xd5f0	1e 74 3d 00 1e 64 3c 00 1e 34 3b 00 1e 01 38 00 	0t=00d<004;00080
  0xd600	10 50 00 00 a8 b3 00 00 b0 01 00 00 01 04 01 00 	0P00000000000000
  0xd610	04 82 00 00 01 04 01 00 04 a2 00 00 01 07 01 00 	0000000000000000
  0xd620	07 a2 00 00 01 0f 06 00 0f 64 0f 00 0f 34 0e 00 	000000000d000400
  0xd630	0f b2 0b 70 01 0a 04 00 0a 34 06 00 0a 32 06 70 	000p00000400020p
  0xd640	01 0d 05 00 0d e2 06 e0 04 60 03 30 02 50 00 00 	000000000`000P00
  0xd650	19 2c 0b 00 1e 64 30 00 1e 34 2f 00 1e 01 28 00 	0,000d0004/000(0
  0xd660	12 f0 10 d0 0e c0 0c 70 0b 50 00 00 a8 b3 00 00 	0000000p0P000000
  0xd670	30 01 00 00 01 1c 0b 00 1c 34 1c 00 1c 01 14 00 	0000000004000000
  0xd680	10 f0 0e e0 0c d0 0a c0 08 70 07 60 06 50 00 00 	000000000p0`0P00
  0xd690	19 37 0d 00 26 74 62 00 26 64 61 00 26 34 60 00 	0700&tb0&da0&4`0
  0xd6a0	26 01 5a 00 18 f0 16 e0 14 d0 12 c0 10 50 00 00 	&0Z0000000000P00
  0xd6b0	a8 b3 00 00 c0 02 00 00 01 12 04 00 12 34 08 00 	0000000000000400
  0xd6c0	12 32 0e 70 01 11 06 00 11 01 21 00 05 70 04 60 	020p000000!00p0`
  0xd6d0	03 30 02 50 01 15 08 00 15 64 13 00 15 34 12 00 	000P00000d000400
  0xd6e0	15 b2 0e f0 0c 70 0b 50 01 15 08 00 15 01 11 00 	00000p0P00000000
  0xd6f0	09 f0 07 e0 05 70 04 60 03 30 02 50 01 18 0a 00 	00000p0`000P0000
  0xd700	18 64 13 00 18 54 12 00 18 34 11 00 18 b2 14 f0 	0d000T0004000000
  0xd710	12 e0 10 70 01 1e 0b 00 1e 64 1f 00 1e 34 1e 00 	000p00000d000400
  0xd720	1e 01 18 00 12 f0 10 e0 0e d0 0c 70 0b 50 00 00 	00000000000p0P00
  0xd730	01 10 06 00 10 34 12 00 10 b2 09 e0 07 70 06 50 	0000040000000p0P
  0xd740	01 1b 09 00 1b 74 17 00 1b 64 16 00 1b 34 15 00 	00000t000d000400
  0xd750	1b 01 12 00 10 50 00 00 01 14 07 00 14 34 25 00 	00000P00000004%0
  0xd760	14 01 20 00 08 70 07 60 06 50 00 00 01 13 08 00 	00 00p0`0P000000
  0xd770	13 34 14 00 13 d2 0c f0 0a e0 08 70 07 60 06 50 	04000000000p0`0P
  0xd780	01 12 06 00 12 d2 0b e0 09 70 08 60 07 30 06 50 	000000000p0`000P
  0xd790	01 0a 02 00 0a d2 06 30 01 1b 06 00 1b 74 13 00 	0000000000000t00
  0xd7a0	1b 34 12 00 1b d2 14 50 19 2e 09 00 1d 64 9d 00 	0400000P0.000d00
  0xd7b0	1d 34 9c 00 1d 01 96 00 0e f0 0c 70 0b 50 00 00 	04000000000p0P00
  0xd7c0	a8 b3 00 00 a0 04 00 00 19 2b 07 00 1a 74 d8 00 	000000000+000t00
  0xd7d0	1a 34 d7 00 1a 01 d4 00 0b 50 00 00 a8 b3 00 00 	040000000P000000
  0xd7e0	90 06 00 00 19 2b 07 00 1a 74 56 00 1a 34 55 00 	00000+000tV004U0
  0xd7f0	1a 01 52 00 0b 50 00 00 a8 b3 00 00 80 02 00 00 	00R00P0000000000
  0xd800	19 23 08 00 15 01 17 00 09 f0 07 e0 05 70 04 60 	0#00000000000p0`
  0xd810	03 30 02 50 a8 b3 00 00 a8 00 00 00 19 22 07 00 	000P000000000"00
  0xd820	14 34 1c 00 14 01 16 00 08 70 07 60 06 50 00 00 	040000000p0`0P00
  0xd830	a8 b3 00 00 a0 00 00 00 01 10 06 00 10 34 14 00 	0000000000000400
  0xd840	10 d2 09 e0 07 70 06 50 01 0a 04 00 0a 34 08 00 	00000p0P00000400
  0xd850	0a 52 06 70 01 19 0a 00 19 74 09 00 19 64 08 00 	0R0p00000t000d00
  0xd860	19 54 07 00 19 34 06 00 19 32 15 e0 01 0f 06 00 	0T00040002000000
  0xd870	0f 64 09 00 0f 34 08 00 0f 52 0b 70 01 14 06 00 	0d0004000R0p0000
  0xd880	14 34 15 00 14 d2 0d 70 0c 60 0b 50 19 2b 07 00 	0400000p0`0P0+00
  0xd890	1a 74 6d 00 1a 34 6c 00 1a 01 6a 00 0b 50 00 00 	0tm004l000j00P00
  0xd8a0	a8 b3 00 00 40 03 00 00 01 12 06 00 12 74 10 00 	0000@00000000t00
  0xd8b0	12 34 0e 00 12 b2 0b 50 01 1f 09 00 1f 74 17 00 	0400000P00000t00
  0xd8c0	1f 64 15 00 1f 34 14 00 1f 01 12 00 14 50 00 00 	0d00040000000P00
  0xd8d0	19 26 09 00 18 34 20 00 18 01 18 00 0c e0 0a c0 	0&0004 000000000
  0xd8e0	08 70 07 60 06 50 00 00 a8 b3 00 00 b0 00 00 00 	0p0`0P0000000000
  0xd8f0	01 14 08 00 14 64 08 00 14 54 07 00 14 34 06 00 	00000d000T000400
  0xd900	14 32 10 70 01 0a 02 00 0a 32 06 30 01 13 04 00 	020p000002000000
  0xd910	13 34 06 00 13 32 0f 70 19 2a 0b 00 1c 34 38 00 	0400020p0*000480
  0xd920	1c 01 30 00 10 f0 0e e0 0c d0 0a c0 08 70 07 60 	0000000000000p0`
  0xd930	06 50 00 00 a8 b3 00 00 70 01 00 00 19 25 07 00 	0P000000p0000%00
  0xd940	17 74 20 00 17 34 1f 00 17 01 1c 00 0b 50 00 00 	0t 0040000000P00
  0xd950	a8 b3 00 00 d0 00 00 00 01 25 0a 00 25 34 17 00 	000000000%00%400
  0xd960	25 b2 1e f0 1c e0 1a d0 18 c0 16 70 15 60 14 50 	%0000000000p0`0P
  0xd970	01 0d 04 00 0d 34 12 00 0d f2 06 70 01 04 01 00 	00000400000p0000
  0xd980	04 c2 00 00 01 09 02 00 09 f2 02 30 01 19 0a 00 	0000000000000000
  0xd990	19 74 0d 00 19 64 0c 00 19 54 0b 00 19 34 0a 00 	0t000d000T000400
  0xd9a0	19 72 15 e0 19 1c 07 00 0d c2 09 f0 07 e0 05 70 	0r0000000000000p
  0xd9b0	04 60 03 50 02 30 00 00 a8 b3 00 00 58 00 00 00 	0`0P00000000X000
  0xd9c0	01 0b 01 00 0b 62 00 00 19 20 07 00 0e 01 0c 01 	00000b000 000000
  0xd9d0	07 e0 05 70 04 60 03 50 02 30 00 00 a8 b3 00 00 	000p0`0P00000000
  0xd9e0	50 08 00 00 01 0a 04 00 0a 34 0e 00 0a b2 06 70 	P00000000400000p
  0xd9f0	19 2d 0a 00 1c 01 a9 00 0d f0 0b e0 09 d0 07 c0 	0-00000000000000
  0xda00	05 70 04 60 03 30 02 50 a8 b3 00 00 30 05 00 00 	0p0`000P00000000
  0xda10	01 15 06 00 15 74 15 00 15 34 12 00 15 f2 0b 50 	00000t000400000P
  0xda20	01 1b 09 00 1b 74 19 00 1b 64 18 00 1b 34 17 00 	00000t000d000400
  0xda30	1b 01 14 00 10 50 00 00 01 1a 09 00 1a 01 12 00 	00000P0000000000
  0xda40	0e f0 0c e0 0a c0 08 70 07 60 06 30 05 50 00 00 	0000000p0`000P00
  0xda50	01 23 0d 00 23 d4 19 00 23 74 18 00 23 64 17 00 	0#00#000#t00#d00
  0xda60	23 34 16 00 23 01 12 00 18 f0 16 e0 14 50 00 00 	#400#00000000P00
  0xda70	01 1e 08 00 1e f2 14 f0 12 e0 10 c0 0e 70 0d 60 	0000000000000p0`
  0xda80	0c 30 0b 50 01 0f 06 00 0f 64 11 00 0f 34 10 00 	000P00000d000400
  0xda90	0f d2 0b 70 01 0c 06 00 0c 01 11 00 05 70 04 60 	000p000000000p0`
  0xdaa0	03 50 02 30 01 12 04 00 12 34 0f 00 12 b2 0b 50 	0P0000000400000P
  0xdab0	19 2f 09 00 1e 74 3b 00 1e 64 3a 00 1e 34 39 00 	0/000t;00d:00490
  0xdac0	1e 01 36 00 10 50 00 00 a8 b3 00 00 a0 01 00 00 	00600P0000000000
  0xdad0	01 12 08 00 12 34 0c 00 12 32 0e f0 0c e0 0a 70 	000004000200000p
  0xdae0	09 60 08 50 01 1d 0c 00 1d 74 0b 00 1d 64 0a 00 	0`0P00000t000d00
  0xdaf0	1d 54 09 00 1d 34 08 00 1d 32 19 f0 17 e0 15 c0 	0T00040002000000
  0xdb00	01 13 01 00 13 42 00 00 01 1c 0c 00 1c 64 0c 00 	00000B0000000d00
  0xdb10	1c 54 0b 00 1c 34 0a 00 1c 32 18 f0 16 e0 14 d0 	0T00040002000000
  0xdb20	12 c0 10 70 01 0f 04 00 0f 34 06 00 0f 32 0b 70 	000p00000400020p
  0xdb30	01 09 01 00 09 42 00 00 01 0f 06 00 0f 64 07 00 	00000B0000000d00
  0xdb40	0f 34 06 00 0f 32 0b 70 01 18 0a 00 18 64 10 00 	0400020p00000d00
  0xdb50	18 54 0f 00 18 34 0e 00 18 92 14 f0 12 e0 10 70 	0T0004000000000p
  0xdb60	01 04 01 00 04 42 00 00 09 15 08 00 15 74 0a 00 	00000B0000000t00
  0xdb70	15 64 09 00 15 34 08 00 15 52 11 f0 ba b1 00 00 	0d0004000R000000
  0xdb80	01 00 00 00 85 ac 00 00 eb ad 00 00 60 b4 00 00 	000000000000`000
  0xdb90	eb ad 00 00 01 06 02 00 06 32 02 50 00 00 00 00 	00000000020P0000
  0xdba0	01 00 00 00 09 04 01 00 04 22 00 00 ba b1 00 00 	000000000"000000
  0xdbb0	01 00 00 00 3c af 00 00 72 af 00 00 01 00 00 00 	0000<000r0000000
  0xdbc0	72 af 00 00 01 06 02 00 06 32 02 30 09 0a 04 00 	r000000002000000
  0xdbd0	0a 34 06 00 0a 32 06 70 ba b1 00 00 01 00 00 00 	0400020p00000000
  0xdbe0	4d b0 00 00 80 b0 00 00 90 b4 00 00 80 b0 00 00 	M000000000000000
  0xdbf0	01 0d 04 00 0d 34 09 00 0d 32 06 50 01 0c 02 00 	00000400020P0000
  0xdc00	0c 01 11 00 00 00 00 00 01 00 00 00 01 02 01 00 	0000000000000000
  0xdc10	02 30 00 00 18 dd 00 00 00 00 00 00 00 00 00 00 	0000000000000000
  0xdc20	0e e1 00 00 28 c1 00 00 b0 dd 00 00 00 00 00 00 	0000(00000000000
  0xdc30	00 00 00 00 f6 e1 00 00 c0 c1 00 00 48 df 00 00 	000000000000H000
  0xdc40	00 00 00 00 00 00 00 00 de e2 00 00 58 c3 00 00 	000000000000X000
  0xdc50	10 e0 00 00 00 00 00 00 00 00 00 00 70 e3 00 00 	000000000000p000
  0xdc60	20 c4 00 00 d8 de 00 00 00 00 00 00 00 00 00 00 	 000000000000000
  0xdc70	ea e3 00 00 e8 c2 00 00 00 df 00 00 00 00 00 00 	0000000000000000
  0xdc80	00 00 00 00 08 e4 00 00 10 c3 00 00 10 df 00 00 	0000000000000000
  0xdc90	00 00 00 00 00 00 00 00 2a e4 00 00 20 c3 00 00 	00000000*000 000
  0xdca0	20 df 00 00 00 00 00 00 00 00 00 00 3c e5 00 00 	 00000000000<000
  0xdcb0	30 c3 00 00 68 e0 00 00 00 00 00 00 00 00 00 00 	0000h00000000000
  0xdcc0	ce e5 00 00 78 c4 00 00 c8 de 00 00 00 00 00 00 	0000x00000000000
  0xdcd0	00 00 00 00 ee e5 00 00 d8 c2 00 00 a8 de 00 00 	0000000000000000
  0xdce0	00 00 00 00 00 00 00 00 fa e5 00 00 b8 c2 00 00 	0000000000000000
  0xdcf0	30 df 00 00 00 00 00 00 00 00 00 00 50 e6 00 00 	000000000000P000
  0xdd00	40 c3 00 00 00 00 00 00 00 00 00 00 00 00 00 00 	@000000000000000
  0xdd10	00 00 00 00 00 00 00 00 a8 e0 00 00 00 00 00 00 	0000000000000000
  0xdd20	b8 e0 00 00 00 00 00 00 c8 e0 00 00 00 00 00 00 	0000000000000000
  0xdd30	d6 e0 00 00 00 00 00 00 1c e5 00 00 00 00 00 00 	0000000000000000
  0xdd40	0e e5 00 00 00 00 00 00 fe e4 00 00 00 00 00 00 	0000000000000000
  0xdd50	e2 e4 00 00 00 00 00 00 c4 e4 00 00 00 00 00 00 	0000000000000000
  0xdd60	a6 e4 00 00 00 00 00 00 92 e4 00 00 00 00 00 00 	0000000000000000
  0xdd70	72 e4 00 00 00 00 00 00 5c e4 00 00 00 00 00 00 	r000000000000000
  0xdd80	4a e4 00 00 00 00 00 00 36 e4 00 00 00 00 00 00 	J000000060000000
  0xdd90	6e e8 00 00 00 00 00 00 86 e8 00 00 00 00 00 00 	n000000000000000
  0xdda0	96 e8 00 00 00 00 00 00 00 00 00 00 00 00 00 00 	0000000000000000
  0xddb0	aa e7 00 00 00 00 00 00 98 e7 00 00 00 00 00 00 	0000000000000000
  0xddc0	8a e7 00 00 00 00 00 00 6e e7 00 00 00 00 00 00 	00000000n0000000
  0xddd0	4a e7 00 00 00 00 00 00 34 e7 00 00 00 00 00 00 	J000000040000000
  0xdde0	22 e7 00 00 00 00 00 00 14 e7 00 00 00 00 00 00 	"000000000000000
  0xddf0	00 e7 00 00 00 00 00 00 ec e6 00 00 00 00 00 00 	0000000000000000
  0xde00	d0 e6 00 00 00 00 00 00 c0 e6 00 00 00 00 00 00 	0000000000000000
  0xde10	e2 e1 00 00 00 00 00 00 d4 e1 00 00 00 00 00 00 	0000000000000000
  0xde20	be e1 00 00 00 00 00 00 b6 e1 00 00 00 00 00 00 	0000000000000000
  0xde30	a4 e1 00 00 00 00 00 00 98 e1 00 00 00 00 00 00 	0000000000000000
  0xde40	86 e1 00 00 00 00 00 00 70 e1 00 00 00 00 00 00 	00000000p0000000
  0xde50	60 e1 00 00 00 00 00 00 4c e1 00 00 00 00 00 00 	`0000000L0000000
  0xde60	32 e1 00 00 00 00 00 00 1c e1 00 00 00 00 00 00 	2000000000000000
  0xde70	aa e6 00 00 00 00 00 00 94 e6 00 00 00 00 00 00 	0000000000000000
  0xde80	7a e6 00 00 00 00 00 00 5c e6 00 00 00 00 00 00 	z000000000000000
  0xde90	c8 e7 00 00 00 00 00 00 ba e7 00 00 00 00 00 00 	0000000000000000
  0xdea0	00 00 00 00 00 00 00 00 02 00 00 00 00 00 00 80 	0000000000000000
  0xdeb0	06 00 00 00 00 00 00 80 07 00 00 00 00 00 00 80 	0000000000000000
  0xdec0	00 00 00 00 00 00 00 00 d8 e5 00 00 00 00 00 00 	0000000000000000
  0xded0	00 00 00 00 00 00 00 00 b4 e3 00 00 00 00 00 00 	0000000000000000
  0xdee0	92 e3 00 00 00 00 00 00 7a e3 00 00 00 00 00 00 	00000000z0000000
  0xdef0	d2 e3 00 00 00 00 00 00 00 00 00 00 00 00 00 00 	0000000000000000
  0xdf00	f2 e3 00 00 00 00 00 00 00 00 00 00 00 00 00 00 	0000000000000000
  0xdf10	16 e4 00 00 00 00 00 00 00 00 00 00 00 00 00 00 	0000000000000000
  0xdf20	2e e5 00 00 00 00 00 00 00 00 00 00 00 00 00 00 	.000000000000000
  0xdf30	2c e6 00 00 00 00 00 00 08 e6 00 00 00 00 00 00 	,000000000000000
  0xdf40	00 00 00 00 00 00 00 00 2a e2 00 00 00 00 00 00 	00000000*0000000
  0xdf50	20 e2 00 00 00 00 00 00 44 e2 00 00 00 00 00 00 	 0000000D0000000
  0xdf60	52 e2 00 00 00 00 00 00 64 e2 00 00 00 00 00 00 	R0000000d0000000
  0xdf70	76 e2 00 00 00 00 00 00 7e e2 00 00 00 00 00 00 	v0000000~0000000
  0xdf80	86 e2 00 00 00 00 00 00 90 e2 00 00 00 00 00 00 	0000000000000000
  0xdf90	a4 e2 00 00 00 00 00 00 b0 e2 00 00 00 00 00 00 	0000000000000000
  0xdfa0	c8 e2 00 00 00 00 00 00 d2 e2 00 00 00 00 00 00 	0000000000000000
  0xdfb0	ea e2 00 00 00 00 00 00 18 e2 00 00 00 00 00 00 	0000000000000000
  0xdfc0	10 e2 00 00 00 00 00 00 04 e2 00 00 00 00 00 00 	0000000000000000
  0xdfd0	e0 e7 00 00 00 00 00 00 c2 e8 00 00 00 00 00 00 	0000000000000000
  0xdfe0	36 e2 00 00 00 00 00 00 d4 e7 00 00 00 00 00 00 	6000000000000000
  0xdff0	ee e7 00 00 00 00 00 00 b8 e8 00 00 00 00 00 00 	0000000000000000
  0xe000	ae e8 00 00 00 00 00 00 00 00 00 00 00 00 00 00 	0000000000000000
  0xe010	fe e2 00 00 00 00 00 00 14 e3 00 00 00 00 00 00 	0000000000000000
  0xe020	2e e3 00 00 00 00 00 00 42 e3 00 00 00 00 00 00 	.0000000B0000000
  0xe030	56 e8 00 00 00 00 00 00 5c e3 00 00 00 00 00 00 	V000000000000000
  0xe040	fc e7 00 00 00 00 00 00 3c e8 00 00 00 00 00 00 	00000000<0000000
  0xe050	26 e8 00 00 00 00 00 00 0e e8 00 00 00 00 00 00 	&000000000000000
  0xe060	00 00 00 00 00 00 00 00 48 e5 00 00 00 00 00 00 	00000000H0000000
  0xe070	58 e5 00 00 00 00 00 00 6c e5 00 00 00 00 00 00 	X0000000l0000000
  0xe080	7e e5 00 00 00 00 00 00 90 e5 00 00 00 00 00 00 	~000000000000000
  0xe090	a2 e5 00 00 00 00 00 00 b6 e5 00 00 00 00 00 00 	0000000000000000
  0xe0a0	00 00 00 00 00 00 00 00 28 03 54 72 61 63 65 4d 	00000000(0TraceM
  0xe0b0	65 73 73 61 67 65 00 00 8c 02 52 65 67 4f 70 65 	essage0000RegOpe
  0xe0c0	6e 4b 65 79 45 78 57 00 5b 02 52 65 67 43 6c 6f 	nKeyExW0[0RegClo
  0xe0d0	73 65 4b 65 79 00 81 00 43 6f 6e 76 65 72 74 53 	seKey000ConvertS
  0xe0e0	74 72 69 6e 67 53 65 63 75 72 69 74 79 44 65 73 	tringSecurityDes
  0xe0f0	63 72 69 70 74 6f 72 54 6f 53 65 63 75 72 69 74 	criptorToSecurit
  0xe100	79 44 65 73 63 72 69 70 74 6f 72 57 00 00 41 44 	yDescriptorW00AD
  0xe110	56 41 50 49 33 32 2e 64 6c 6c 00 00 31 02 47 65 	VAPI32.dll0010Ge
  0xe120	74 44 69 73 6b 46 72 65 65 53 70 61 63 65 45 78 	tDiskFreeSpaceEx
  0xe130	57 00 f2 02 47 65 74 53 79 73 74 65 6d 54 69 6d 	W000GetSystemTim
  0xe140	65 41 73 46 69 6c 65 54 69 6d 65 00 80 02 47 65 	eAsFileTime000Ge
  0xe150	74 4d 6f 64 75 6c 65 48 61 6e 64 6c 65 57 00 00 	tModuleHandleW00
  0xe160	69 02 47 65 74 4c 61 73 74 45 72 72 6f 72 00 00 	i0GetLastError00
  0xe170	58 03 48 65 61 70 53 65 74 49 6e 66 6f 72 6d 61 	X0HeapSetInforma
  0xe180	74 69 6f 6e 00 00 df 01 47 65 74 43 6f 6d 6d 61 	tion0000GetComma
  0xe190	6e 64 4c 69 6e 65 57 00 d5 03 4c 6f 63 61 6c 46 	ndLineW000LocalF
  0xe1a0	72 65 65 00 11 03 47 65 74 54 69 63 6b 43 6f 75 	ree000GetTickCou
  0xe1b0	6e 74 36 34 00 00 8d 05 53 6c 65 65 70 00 4e 02 	nt640000Sleep0N0
  0xe1c0	47 65 74 46 69 6c 65 41 74 74 72 69 62 75 74 65 	GetFileAttribute
  0xe1d0	73 57 00 00 18 01 44 65 6c 65 74 65 46 69 6c 65 	sW0000DeleteFile
  0xe1e0	57 00 bc 00 43 72 65 61 74 65 44 69 72 65 63 74 	W000CreateDirect
  0xe1f0	6f 72 79 57 00 00 4b 45 52 4e 45 4c 33 32 2e 64 	oryW00KERNEL32.d
  0xe200	6c 6c 00 00 94 03 5f 77 63 73 6e 69 63 6d 70 00 	ll0000_wcsnicmp0
  0xe210	09 04 5f 77 74 6f 6c 00 4c 04 66 72 65 65 00 00 	00_wtol0L0free00
  0xe220	86 04 6d 61 6c 6c 6f 63 00 00 bf 00 5f 63 61 6c 	00malloc0000_cal
  0xe230	6c 6e 65 77 68 00 55 00 5f 58 63 70 74 46 69 6c 	lnewh0U0_XcptFil
  0xe240	74 65 72 00 ae 00 5f 61 6d 73 67 5f 65 78 69 74 	ter000_amsg_exit
  0xe250	00 00 9d 00 5f 5f 77 67 65 74 6d 61 69 6e 61 72 	0000__wgetmainar
  0xe260	67 73 00 00 8e 00 5f 5f 73 65 74 5f 61 70 70 5f 	gs0000__set_app_
  0xe270	74 79 70 65 00 00 32 04 65 78 69 74 00 00 0e 01 	type0020exit0000
  0xe280	5f 65 78 69 74 00 c1 00 5f 63 65 78 69 74 00 00 	_exit000_cexit00
  0xe290	90 00 5f 5f 73 65 74 75 73 65 72 6d 61 74 68 65 	00__setusermathe
  0xe2a0	72 72 00 00 7d 01 5f 69 6e 69 74 74 65 72 6d 00 	rr00}0_initterm0
  0xe2b0	57 00 5f 5f 43 5f 73 70 65 63 69 66 69 63 5f 68 	W0__C_specific_h
  0xe2c0	61 6e 64 6c 65 72 00 00 27 01 5f 66 6d 6f 64 65 	andler00'0_fmode
  0xe2d0	00 00 d2 00 5f 63 6f 6d 6d 6f 64 65 00 00 6d 73 	0000_commode00ms
  0xe2e0	76 63 72 74 2e 64 6c 6c 00 00 2f 00 3f 74 65 72 	vcrt.dll00/0?ter
  0xe2f0	6d 69 6e 61 74 65 40 40 59 41 58 58 5a 00 d1 06 	minate@@YAXXZ000
  0xe300	57 69 6e 53 71 6d 41 64 64 54 6f 53 74 72 65 61 	WinSqmAddToStrea
  0xe310	6d 45 78 00 48 02 4e 74 53 65 74 49 6e 66 6f 72 	mEx0H0NtSetInfor
  0xe320	6d 61 74 69 6f 6e 50 72 6f 63 65 73 73 00 f3 02 	mationProcess000
  0xe330	52 74 6c 43 61 70 74 75 72 65 43 6f 6e 74 65 78 	RtlCaptureContex
  0xe340	74 00 e9 04 52 74 6c 4c 6f 6f 6b 75 70 46 75 6e 	t000RtlLookupFun
  0xe350	63 74 69 6f 6e 45 6e 74 72 79 00 00 28 06 52 74 	ctionEntry00(0Rt
  0xe360	6c 56 69 72 74 75 61 6c 55 6e 77 69 6e 64 00 00 	lVirtualUnwind00
  0xe370	6e 74 64 6c 6c 2e 64 6c 6c 00 07 00 53 70 70 46 	ntdll.dll000SppF
  0xe380	72 65 65 47 72 6f 75 70 50 72 6f 70 41 72 72 61 	reeGroupPropArra
  0xe390	79 00 0b 00 53 78 54 72 61 63 65 72 47 65 74 54 	y000SxTracerGetT
  0xe3a0	68 72 65 61 64 43 6f 6e 74 65 78 74 52 65 74 61 	hreadContextReta
  0xe3b0	69 6c 00 00 0c 00 53 78 54 72 61 63 65 72 53 68 	il0000SxTracerSh
  0xe3c0	6f 75 6c 64 54 72 61 63 6b 46 61 69 6c 75 72 65 	ouldTrackFailure
  0xe3d0	00 00 09 00 53 78 54 72 61 63 65 72 44 65 62 75 	0000SxTracerDebu
  0xe3e0	67 67 65 72 42 72 65 61 6b 00 53 50 50 2e 64 6c 	ggerBreak0SPP.dl
  0xe3f0	6c 00 09 00 53 52 53 65 74 52 65 73 74 6f 72 65 	l000SRSetRestore
  0xe400	50 6f 69 6e 74 57 00 00 53 52 43 4c 49 45 4e 54 	PointW00SRCLIENT
  0xe410	2e 64 6c 6c 00 00 06 00 53 72 46 72 65 65 52 70 	.dll0000SrFreeRp
  0xe420	50 72 6f 70 41 72 72 61 79 00 53 52 43 4f 52 45 	PropArray0SRCORE
  0xe430	2e 64 6c 6c 00 00 99 02 52 65 67 51 75 65 72 79 	.dll0000RegQuery
  0xe440	56 61 6c 75 65 45 78 57 00 00 a9 02 52 65 67 53 	ValueExW0000RegS
  0xe450	65 74 56 61 6c 75 65 45 78 57 00 00 93 00 43 72 	etValueExW0000Cr
  0xe460	65 61 74 65 57 65 6c 6c 4b 6e 6f 77 6e 53 69 64 	eateWellKnownSid
  0xe470	00 00 8f 01 49 6e 69 74 69 61 6c 69 7a 65 53 65 	0000InitializeSe
  0xe480	63 75 72 69 74 79 44 65 73 63 72 69 70 74 6f 72 	curityDescriptor
  0xe490	00 00 d8 02 53 65 74 45 6e 74 72 69 65 73 49 6e 	0000SetEntriesIn
  0xe4a0	41 63 6c 57 00 00 ea 02 53 65 74 53 65 63 75 72 	AclW0000SetSecur
  0xe4b0	69 74 79 44 65 73 63 72 69 70 74 6f 72 4f 77 6e 	ityDescriptorOwn
  0xe4c0	65 72 00 00 e9 02 53 65 74 53 65 63 75 72 69 74 	er0000SetSecurit
  0xe4d0	79 44 65 73 63 72 69 70 74 6f 72 47 72 6f 75 70 	yDescriptorGroup
  0xe4e0	00 00 e8 02 53 65 74 53 65 63 75 72 69 74 79 44 	0000SetSecurityD
  0xe4f0	65 73 63 72 69 70 74 6f 72 44 61 63 6c 00 6e 00 	escriptorDacl0n0
  0xe500	43 6f 6e 74 72 6f 6c 54 72 61 63 65 57 00 fd 02 	ControlTraceW000
  0xe510	53 74 61 72 74 54 72 61 63 65 57 00 09 01 45 6e 	StartTraceW000En
  0xe520	61 62 6c 65 54 72 61 63 65 45 78 32 00 00 67 02 	ableTraceEx200g0
  0xe530	4c 6f 61 64 53 74 72 69 6e 67 57 00 55 53 45 52 	LoadStringW0USER
  0xe540	33 32 2e 64 6c 6c 00 00 8c 00 43 6f 54 61 73 6b 	32.dll0000CoTask
  0xe550	4d 65 6d 46 72 65 65 00 2b 00 43 6f 43 72 65 61 	MemFree0+0CoCrea
  0xe560	74 65 49 6e 73 74 61 6e 63 65 00 00 8b 00 43 6f 	teInstance0000Co
  0xe570	54 61 73 6b 4d 65 6d 41 6c 6c 6f 63 00 00 61 00 	TaskMemAlloc00a0
  0xe580	43 6f 49 6e 69 74 69 61 6c 69 7a 65 45 78 00 00 	CoInitializeEx00
  0xe590	90 00 43 6f 55 6e 69 6e 69 74 69 61 6c 69 7a 65 	00CoUninitialize
  0xe5a0	00 00 8d 00 43 6f 54 61 73 6b 4d 65 6d 52 65 61 	0000CoTaskMemRea
  0xe5b0	6c 6c 6f 63 00 00 62 00 43 6f 49 6e 69 74 69 61 	lloc00b0CoInitia
  0xe5c0	6c 69 7a 65 53 65 63 75 72 69 74 79 00 00 6f 6c 	lizeSecurity00ol
  0xe5d0	65 33 32 2e 64 6c 6c 00 08 00 43 6f 6d 6d 61 6e 	e32.dll000Comman
  0xe5e0	64 4c 69 6e 65 54 6f 41 72 67 76 57 00 00 53 48 	dLineToArgvW00SH
  0xe5f0	45 4c 4c 33 32 2e 64 6c 6c 00 4f 4c 45 41 55 54 	ELL32.dll0OLEAUT
  0xe600	33 32 2e 64 6c 6c 00 00 43 00 43 72 65 61 74 65 	32.dll00C0Create
  0xe610	56 73 73 42 61 63 6b 75 70 43 6f 6d 70 6f 6e 65 	VssBackupCompone
  0xe620	6e 74 73 49 6e 74 65 72 6e 61 6c 00 53 00 56 73 	ntsInternal0S0Vs
  0xe630	73 46 72 65 65 53 6e 61 70 73 68 6f 74 50 72 6f 	sFreeSnapshotPro
  0xe640	70 65 72 74 69 65 73 49 6e 74 65 72 6e 61 6c 00 	pertiesInternal0
  0xe650	56 53 53 41 50 49 2e 44 4c 4c 00 00 7d 05 53 65 	VSSAPI.DLL00}0Se
  0xe660	74 55 6e 68 61 6e 64 6c 65 64 45 78 63 65 70 74 	tUnhandledExcept
  0xe670	69 6f 6e 46 69 6c 74 65 72 00 51 04 51 75 65 72 	ionFilter0Q0Quer
  0xe680	79 50 65 72 66 6f 72 6d 61 6e 63 65 43 6f 75 6e 	yPerformanceCoun
  0xe690	74 65 72 00 20 02 47 65 74 43 75 72 72 65 6e 74 	ter0 0GetCurrent
  0xe6a0	50 72 6f 63 65 73 73 49 64 00 24 02 47 65 74 43 	ProcessId0$0GetC
  0xe6b0	75 72 72 65 6e 74 54 68 72 65 61 64 49 64 00 00 	urrentThreadId00
  0xe6c0	10 03 47 65 74 54 69 63 6b 43 6f 75 6e 74 00 00 	00GetTickCount00
  0xe6d0	be 05 55 6e 68 61 6e 64 6c 65 64 45 78 63 65 70 	00UnhandledExcep
  0xe6e0	74 69 6f 6e 46 69 6c 74 65 72 00 00 1f 02 47 65 	tionFilter0000Ge
  0xe6f0	74 43 75 72 72 65 6e 74 50 72 6f 63 65 73 73 00 	tCurrentProcess0
  0xe700	9c 05 54 65 72 6d 69 6e 61 74 65 50 72 6f 63 65 	00TerminateProce
  0xe710	73 73 00 00 cd 00 43 72 65 61 74 65 46 69 6c 65 	ss0000CreateFile
  0xe720	57 00 23 01 44 65 76 69 63 65 49 6f 43 6f 6e 74 	W0#0DeviceIoCont
  0xe730	72 6f 6c 00 2d 03 47 65 74 56 6f 6c 75 6d 65 50 	rol0-0GetVolumeP
  0xe740	61 74 68 4e 61 6d 65 57 00 00 2b 03 47 65 74 56 	athNameW00+0GetV
  0xe750	6f 6c 75 6d 65 4e 61 6d 65 46 6f 72 56 6f 6c 75 	olumeNameForVolu
  0xe760	6d 65 4d 6f 75 6e 74 50 6f 69 6e 74 57 00 6a 01 	meMountPointW0j0
  0xe770	45 78 70 61 6e 64 45 6e 76 69 72 6f 6e 6d 65 6e 	ExpandEnvironmen
  0xe780	74 53 74 72 69 6e 67 73 57 00 88 00 43 6c 6f 73 	tStringsW000Clos
  0xe790	65 48 61 6e 64 6c 65 00 88 01 46 69 6e 64 46 69 	eHandle000FindFi
  0xe7a0	72 73 74 46 69 6c 65 57 00 00 94 01 46 69 6e 64 	rstFileW0000Find
  0xe7b0	4e 65 78 74 46 69 6c 65 57 00 ee 03 4d 6f 76 65 	NextFileW000Move
  0xe7c0	46 69 6c 65 45 78 57 00 7d 01 46 69 6e 64 43 6c 	FileExW0}0FindCl
  0xe7d0	6f 73 65 00 8a 03 5f 77 63 73 69 63 6d 70 00 00 	ose000_wcsicmp00
  0xe7e0	69 03 5f 76 73 6e 77 70 72 69 6e 74 66 00 60 03 	i0_vsnwprintf0`0
  0xe7f0	5f 76 73 63 77 70 72 69 6e 74 66 00 54 00 45 74 	_vscwprintf0T0Et
  0xe800	77 54 72 61 63 65 4d 65 73 73 61 67 65 00 fe 04 	wTraceMessage000
  0xe810	52 74 6c 4e 74 53 74 61 74 75 73 54 6f 44 6f 73 	RtlNtStatusToDos
  0xe820	45 72 72 6f 72 00 26 04 52 74 6c 47 65 74 4c 61 	Error0&0RtlGetLa
  0xe830	73 74 4e 74 53 74 61 74 75 73 00 00 da 01 4e 74 	stNtStatus0000Nt
  0xe840	51 75 65 72 79 49 6e 66 6f 72 6d 61 74 69 6f 6e 	QueryInformation
  0xe850	46 69 6c 65 00 00 44 02 4e 74 53 65 74 49 6e 66 	File00D0NtSetInf
  0xe860	6f 72 6d 61 74 69 6f 6e 46 69 6c 65 00 00 ae 02 	ormationFile0000
  0xe870	52 65 67 69 73 74 65 72 45 76 65 6e 74 53 6f 75 	RegisterEventSou
  0xe880	72 63 65 57 00 00 c0 02 52 65 70 6f 72 74 45 76 	rceW0000ReportEv
  0xe890	65 6e 74 57 00 00 ed 00 44 65 72 65 67 69 73 74 	entW0000Deregist
  0xe8a0	65 72 45 76 65 6e 74 53 6f 75 72 63 65 00 c1 04 	erEventSource000
  0xe8b0	73 74 72 63 68 72 00 00 92 04 6d 65 6d 63 70 79 	strchr0000memcpy
  0xe8c0	00 00 96 04 6d 65 6d 73 65 74 00 00 00 00 00 00 	0000memset000000
  0xe8d0	00 00 00 00 00 00 00 00 00 00 00 00 00 00 00 00 	0000000000000000
  0xe8e0	00 00 00 00 00 00 00 00 00 00 00 00 00 00 00 00 	0000000000000000
  0xe8f0	00 00 00 00 00 00 00 00 00 00 00 00 00 00 00 00 	0000000000000000
  0xe900	00 00 00 00 00 00 00 00 00 00 00 00 00 00 00 00 	0000000000000000
  0xe910	00 00 00 00 00 00 00 00 00 00 00 00 00 00 00 00 	0000000000000000
  0xe920	00 00 00 00 00 00 00 00 00 00 00 00 00 00 00 00 	0000000000000000
  0xe930	00 00 00 00 00 00 00 00 00 00 00 00 00 00 00 00 	0000000000000000
  0xe940	00 00 00 00 00 00 00 00 00 00 00 00 00 00 00 00 	0000000000000000
  0xe950	00 00 00 00 00 00 00 00 00 00 00 00 00 00 00 00 	0000000000000000
  0xe960	00 00 00 00 00 00 00 00 00 00 00 00 00 00 00 00 	0000000000000000
  0xe970	00 00 00 00 00 00 00 00 00 00 00 00 00 00 00 00 	0000000000000000
  0xe980	00 00 00 00 00 00 00 00 00 00 00 00 00 00 00 00 	0000000000000000
  0xe990	00 00 00 00 00 00 00 00 00 00 00 00 00 00 00 00 	0000000000000000
  0xe9a0	00 00 00 00 00 00 00 00 00 00 00 00 00 00 00 00 	0000000000000000
  0xe9b0	00 00 00 00 00 00 00 00 00 00 00 00 00 00 00 00 	0000000000000000
  0xe9c0	00 00 00 00 00 00 00 00 00 00 00 00 00 00 00 00 	0000000000000000
  0xe9d0	00 00 00 00 00 00 00 00 00 00 00 00 00 00 00 00 	0000000000000000
  0xe9e0	00 00 00 00 00 00 00 00 00 00 00 00 00 00 00 00 	0000000000000000
  0xe9f0	00 00 00 00 00 00 00 00 00 00 00 00 00 00 00 00 	0000000000000000
=== DATA BLOCK END ===

=== DATA BLOCK ADDRESS 0xf000 ===
  0xf000	00 f0 00 40 01 00 00 00 00 00 00 00 00 00 00 00 	000@000000000000
  0xf010	01 00 00 00 00 00 00 00 32 a2 df 2d 99 2b 00 00 	00000000200-0+00
  0xf020	cd 5d 20 d2 66 d4 ff ff 00 00 00 00 00 00 00 00 	0] 0f00000000000
  0xf030	00 00 00 00 00 00 00 00 00 00 00 00 00 00 00 00 	0000000000000000
  0xf040	00 00 00 00 00 00 00 00 00 00 00 00 00 00 00 00 	0000000000000000
  0xf050	00 00 00 00 00 00 00 00 00 00 00 00 00 00 00 00 	0000000000000000
  0xf060	00 00 00 00 00 00 00 00 00 00 00 00 00 00 00 00 	0000000000000000
  0xf070	00 00 00 00 00 00 00 00 00 00 00 00 00 00 00 00 	0000000000000000
  0xf080	00 00 00 00 00 00 00 00 00 00 00 00 00 00 00 00 	0000000000000000
  0xf090	00 00 00 00 00 00 00 00 00 00 00 00 00 00 00 00 	0000000000000000
  0xf0a0	00 00 00 00 00 00 00 00 00 00 00 00 00 00 00 00 	0000000000000000
  0xf0b0	00 00 00 00 00 00 00 00 00 00 00 00 00 00 00 00 	0000000000000000
  0xf0c0	00 00 00 00 00 00 00 00 00 00 00 00 00 00 00 00 	0000000000000000
  0xf0d0	00 00 00 00 00 00 00 00 00 00 00 00 00 00 00 00 	0000000000000000
  0xf0e0	00 00 00 00 00 00 00 00 00 00 00 00 00 00 00 00 	0000000000000000
  0xf0f0	00 00 00 00 00 00 00 00 00 00 00 00 00 00 00 00 	0000000000000000
  0xf100	00 00 00 00 00 00 00 00 00 00 00 00 00 00 00 00 	0000000000000000
  0xf110	00 00 00 00 00 00 00 00 00 00 00 00 00 00 00 00 	0000000000000000
  0xf120	00 00 00 00 00 00 00 00 00 00 00 00 00 00 00 00 	0000000000000000
  0xf130	00 00 00 00 00 00 00 00 00 00 00 00 00 00 00 00 	0000000000000000
  0xf140	00 00 00 00 00 00 00 00 00 00 00 00 00 00 00 00 	0000000000000000
  0xf150	00 00 00 00 00 00 00 00 00 00 00 00 00 00 00 00 	0000000000000000
  0xf160	00 00 00 00 00 00 00 00 00 00 00 00 00 00 00 00 	0000000000000000
  0xf170	00 00 00 00 00 00 00 00 00 00 00 00 00 00 00 00 	0000000000000000
  0xf180	00 00 00 00 00 00 00 00 00 00 00 00 00 00 00 00 	0000000000000000
  0xf190	00 00 00 00 00 00 00 00 00 00 00 00 00 00 00 00 	0000000000000000
  0xf1a0	00 00 00 00 00 00 00 00 00 00 00 00 00 00 00 00 	0000000000000000
  0xf1b0	00 00 00 00 00 00 00 00 00 00 00 00 00 00 00 00 	0000000000000000
  0xf1c0	00 00 00 00 00 00 00 00 00 00 00 00 00 00 00 00 	0000000000000000
  0xf1d0	00 00 00 00 00 00 00 00 00 00 00 00 00 00 00 00 	0000000000000000
  0xf1e0	00 00 00 00 00 00 00 00 00 00 00 00 00 00 00 00 	0000000000000000
  0xf1f0	00 00 00 00 00 00 00 00 00 00 00 00 00 00 00 00 	0000000000000000
=== DATA BLOCK END ===

=== DATA BLOCK ADDRESS 0x10000 ===
  0x10000	08 10 00 00 2d 10 00 00 20 d5 00 00 34 10 00 00 	0000-000 0004000
  0x10010	6f 10 00 00 28 d5 00 00 78 10 00 00 c1 10 00 00 	o000(000x0000000
  0x10020	30 d5 00 00 c8 10 00 00 28 11 00 00 38 d5 00 00 	00000000(0008000
  0x10030	30 11 00 00 db 13 00 00 40 d5 00 00 e4 13 00 00 	00000000@0000000
  0x10040	35 17 00 00 54 d5 00 00 3c 17 00 00 61 18 00 00 	5000T000<000a000
  0x10050	78 d5 00 00 68 18 00 00 53 1a 00 00 8c d5 00 00 	x000h000S0000000
  0x10060	5c 1a 00 00 36 1d 00 00 a4 d5 00 00 3c 1d 00 00 	000060000000<000
  0x10070	2f 1f 00 00 c4 d5 00 00 38 1f 00 00 28 21 00 00 	/00000008000(!00
  0x10080	d4 d5 00 00 30 21 00 00 79 24 00 00 ec d5 00 00 	00000!00y$000000
  0x10090	80 24 00 00 c2 24 00 00 28 d5 00 00 c8 24 00 00 	0$000$00(0000$00
  0x100a0	33 25 00 00 38 d5 00 00 3c 25 00 00 a3 25 00 00 	3%008000<%000%00
  0x100b0	0c d6 00 00 ac 25 00 00 29 26 00 00 14 d6 00 00 	00000%00)&000000
  0x100c0	30 26 00 00 6a 26 00 00 0c d6 00 00 70 26 00 00 	0&00j&000000p&00
  0x100d0	bf 26 00 00 1c d6 00 00 c8 26 00 00 98 27 00 00 	0&0000000&000'00
  0x100e0	24 d6 00 00 a0 27 00 00 11 28 00 00 34 d6 00 00 	$0000'000(004000
  0x100f0	18 28 00 00 39 2a 00 00 40 d6 00 00 40 2a 00 00 	0(009*00@000@*00
  0x10100	c6 2c 00 00 50 d6 00 00 cc 2c 00 00 db 30 00 00 	0,00P0000,000000
  0x10110	74 d6 00 00 e4 30 00 00 8f 37 00 00 90 d6 00 00 	t000000007000000
  0x10120	98 37 00 00 27 38 00 00 b8 d6 00 00 30 38 00 00 	0700'80000000800
  0x10130	52 3a 00 00 c4 d6 00 00 58 3a 00 00 6c 3c 00 00 	R:000000X:00l<00
  0x10140	d4 d6 00 00 74 3c 00 00 dc 3f 00 00 e8 d6 00 00 	0000t<000?000000
  0x10150	e4 3f 00 00 c1 41 00 00 fc d6 00 00 c8 41 00 00 	0?000A0000000A00
  0x10160	8b 45 00 00 14 d7 00 00 94 45 00 00 99 47 00 00 	0E0000000E000G00
  0x10170	30 d7 00 00 a0 47 00 00 27 4a 00 00 40 d7 00 00 	00000G00'J00@000
  0x10180	30 4a 00 00 14 4e 00 00 58 d7 00 00 1c 4e 00 00 	0J000N00X0000N00
  0x10190	c0 4e 00 00 24 d6 00 00 c8 4e 00 00 10 50 00 00 	0N00$0000N000P00
  0x101a0	6c d7 00 00 18 50 00 00 48 51 00 00 80 d7 00 00 	l0000P00HQ000000
  0x101b0	50 51 00 00 0a 52 00 00 90 d7 00 00 10 52 00 00 	PQ000R0000000R00
  0x101c0	02 54 00 00 98 d7 00 00 08 54 00 00 67 54 00 00 	0T0000000T00gT00
  0x101d0	38 d5 00 00 70 54 00 00 e8 54 00 00 14 d6 00 00 	8000pT000T000000
  0x101e0	f0 54 00 00 07 58 00 00 a8 d7 00 00 10 58 00 00 	0T000X0000000X00
  0x101f0	ff 59 00 00 c8 d7 00 00 08 5a 00 00 70 5b 00 00 	0Y0000000Z00p[00
  0x10200	e4 d7 00 00 78 5b 00 00 62 5d 00 00 00 d8 00 00 	0000x[00b]000000
  0x10210	68 5d 00 00 3c 5f 00 00 1c d8 00 00 44 5f 00 00 	h]00<_000000D_00
  0x10220	d2 60 00 00 38 d8 00 00 d8 60 00 00 38 61 00 00 	0`0080000`008a00
  0x10230	38 d5 00 00 40 61 00 00 ca 61 00 00 48 d8 00 00 	8000@a000a00H000
  0x10240	d0 61 00 00 77 62 00 00 54 d8 00 00 80 62 00 00 	0a00wb00T0000b00
  0x10250	13 63 00 00 6c d8 00 00 1c 63 00 00 02 65 00 00 	0c00l0000c000e00
  0x10260	7c d8 00 00 08 65 00 00 ed 69 00 00 8c d8 00 00 	|0000e000i000000
  0x10270	f4 69 00 00 f5 6a 00 00 78 d5 00 00 fc 6a 00 00 	0i000j00x0000j00
  0x10280	57 6c 00 00 a8 d8 00 00 60 6c 00 00 f9 6d 00 00 	Wl000000`l000m00
  0x10290	b8 d8 00 00 00 6e 00 00 3b 70 00 00 d0 d8 00 00 	00000n00;p000000
  0x102a0	44 70 00 00 b9 70 00 00 f0 d8 00 00 c0 70 00 00 	Dp000p0000000p00
  0x102b0	f5 70 00 00 04 d9 00 00 fc 70 00 00 47 71 00 00 	0p0000000p00Gq00
  0x102c0	04 d9 00 00 50 71 00 00 8c 71 00 00 04 d9 00 00 	0000Pq000q000000
  0x102d0	94 71 00 00 bc 72 00 00 0c d9 00 00 c4 72 00 00 	0q000r0000000r00
  0x102e0	04 7b 00 00 18 d9 00 00 0c 7b 00 00 36 7d 00 00 	0{0000000{006}00
  0x102f0	3c d9 00 00 3c 7d 00 00 c9 7f 00 00 58 d9 00 00 	<000<}000000X000
  0x10300	d0 7f 00 00 f1 80 00 00 54 d8 00 00 f8 80 00 00 	00000000T0000000
  0x10310	f1 81 00 00 54 d8 00 00 f8 81 00 00 93 82 00 00 	0000T00000000000
  0x10320	54 d8 00 00 9c 82 00 00 98 83 00 00 70 d9 00 00 	T00000000000p000
  0x10330	a0 83 00 00 02 84 00 00 0c d6 00 00 08 84 00 00 	0000000000000000
  0x10340	96 84 00 00 7c d9 00 00 9c 84 00 00 82 85 00 00 	0000|00000000000
  0x10350	84 d9 00 00 88 85 00 00 96 86 00 00 f0 d8 00 00 	0000000000000000
  0x10360	9c 86 00 00 29 89 00 00 8c d9 00 00 30 89 00 00 	0000)00000000000
  0x10370	00 8a 00 00 a4 d9 00 00 08 8a 00 00 33 8a 00 00 	0000000000003000
  0x10380	c0 d9 00 00 3c 8a 00 00 67 8a 00 00 c0 d9 00 00 	0000<000g0000000
  0x10390	70 8a 00 00 de 8b 00 00 c8 d9 00 00 e4 8b 00 00 	p000000000000000
  0x103a0	ee 8c 00 00 e4 d9 00 00 f4 8c 00 00 ea 8f 00 00 	0000000000000000
  0x103b0	f0 d9 00 00 f0 8f 00 00 4c 91 00 00 10 da 00 00 	00000000L0000000
  0x103c0	54 91 00 00 5e 93 00 00 20 da 00 00 64 93 00 00 	T000^000 000d000
  0x103d0	09 96 00 00 38 da 00 00 10 96 00 00 b9 98 00 00 	0000800000000000
  0x103e0	50 da 00 00 c0 98 00 00 bb 9b 00 00 70 da 00 00 	P00000000000p000
  0x103f0	c4 9b 00 00 80 9c 00 00 84 da 00 00 88 9c 00 00 	0000000000000000
  0x10400	5f 9d 00 00 94 da 00 00 68 9d 00 00 7f 9e 00 00 	_0000000h0000000
  0x10410	a4 da 00 00 d8 9e 00 00 55 9f 00 00 f0 d8 00 00 	00000000U0000000
  0x10420	5c 9f 00 00 98 9f 00 00 34 d6 00 00 a0 9f 00 00 	0000000040000000
  0x10430	7b a1 00 00 b0 da 00 00 84 a1 00 00 3f a2 00 00 	{00000000000?000
  0x10440	d0 da 00 00 84 a2 00 00 ad a3 00 00 e4 da 00 00 	0000000000000000
  0x10450	b4 a3 00 00 e3 a3 00 00 00 db 00 00 ec a3 00 00 	0000000000000000
  0x10460	57 a4 00 00 20 d5 00 00 60 a4 00 00 ac a4 00 00 	W000 000`0000000
  0x10470	20 d5 00 00 b4 a4 00 00 1d a5 00 00 0c d6 00 00 	 000000000000000
  0x10480	24 a5 00 00 5b a5 00 00 7c d9 00 00 64 a5 00 00 	$000[000|000d000
  0x10490	21 a6 00 00 08 db 00 00 28 a6 00 00 77 a6 00 00 	!0000000(000w000
  0x104a0	24 db 00 00 80 a6 00 00 0b a7 00 00 34 d6 00 00 	$000000000004000
  0x104b0	14 a7 00 00 53 a7 00 00 30 db 00 00 88 a7 00 00 	0000S00000000000
  0x104c0	f1 a7 00 00 38 db 00 00 f8 a7 00 00 b3 a8 00 00 	0000800000000000
  0x104d0	34 d6 00 00 bc a8 00 00 fb a9 00 00 08 db 00 00 	4000000000000000
  0x104e0	04 aa 00 00 e1 aa 00 00 48 db 00 00 f4 aa 00 00 	00000000H0000000
  0x104f0	2d ab 00 00 34 d6 00 00 40 ab 00 00 13 ac 00 00 	-0004000@0000000
  0x10500	60 db 00 00 20 ac 00 00 69 ac 00 00 20 d5 00 00 	`000 000i000 000
  0x10510	70 ac 00 00 2e ae 00 00 68 db 00 00 40 ae 00 00 	p000.000h000@000
  0x10520	52 ae 00 00 60 db 00 00 70 ae 00 00 8e ae 00 00 	R000`000p0000000
  0x10530	a0 db 00 00 c0 ae 00 00 f9 ae 00 00 60 db 00 00 	000000000000`000
  0x10540	00 af 00 00 18 af 00 00 60 db 00 00 2c af 00 00 	00000000`000,000
  0x10550	80 af 00 00 a4 db 00 00 88 af 00 00 cd af 00 00 	0000000000000000
  0x10560	c4 db 00 00 40 b0 00 00 8d b0 00 00 cc db 00 00 	0000@00000000000
  0x10570	d4 b0 00 00 a8 b1 00 00 f0 db 00 00 dc b1 00 00 	0000000000000000
  0x10580	10 b2 00 00 c4 db 00 00 20 b2 00 00 91 b3 00 00 	00000000 0000000
  0x10590	fc db 00 00 a8 b3 00 00 c5 b3 00 00 60 db 00 00 	000000000000`000
  0x105a0	cc b3 00 00 27 b4 00 00 0c dc 00 00 50 b4 00 00 	0000'0000000P000
  0x105b0	52 b4 00 00 08 dc 00 00 60 b4 00 00 7e b4 00 00 	R0000000`000~000
  0x105c0	94 db 00 00 90 b4 00 00 b0 b4 00 00 94 db 00 00 	0000000000000000
  0x105d0	00 00 00 00 00 00 00 00 00 00 00 00 00 00 00 00 	0000000000000000
  0x105e0	00 00 00 00 00 00 00 00 00 00 00 00 00 00 00 00 	0000000000000000
  0x105f0	00 00 00 00 00 00 00 00 00 00 00 00 00 00 00 00 	0000000000000000
=== DATA BLOCK END ===
