===== Assembly blocks =====

=== CODE BLOCK ADDRESS 0x1000 ===
=== CODE BLOCK END ===

=== DATA BLOCK ADDRESS 0xc000 ===
  0xc000	e0 11 01 40 01 00 00 00 80 12 01 40 01 00 00 00 	000@0000000@0000
  0xc010	88 d9 00 40 01 00 00 00 40 92 00 40 01 00 00 00 	000@0000@00@0000
  0xc020	00 da 00 40 01 00 00 00 c0 34 00 40 01 00 00 00 	000@0000040@0000
  0xc030	a0 34 00 40 01 00 00 00 78 da 00 40 01 00 00 00 	040@0000x00@0000
  0xc040	a0 99 00 40 01 00 00 00 a0 34 00 40 01 00 00 00 	000@0000040@0000
  0xc050	f8 da 00 40 01 00 00 00 a0 99 00 40 01 00 00 00 	000@0000000@0000
  0xc060	a0 34 00 40 01 00 00 00 3e 00 40 00 00 00 00 00 	040@0000>0@00000
  0xc070	b0 cd 00 40 01 00 00 00 3e 00 40 00 00 00 00 00 	000@0000>0@00000
  0xc080	f0 cd 00 40 01 00 00 00 3e 00 40 00 00 00 00 00 	000@0000>0@00000
  0xc090	30 ce 00 40 01 00 00 00 3e 00 40 00 00 00 00 00 	000@0000>0@00000
  0xc0a0	70 ce 00 40 01 00 00 00 50 26 00 40 01 00 00 00 	p00@0000P&0@0000
  0xc0b0	f0 20 00 40 01 00 00 00 d0 20 00 40 01 00 00 00 	0 0@00000 0@0000
  0xc0c0	80 21 00 40 01 00 00 00 e0 18 00 40 01 00 00 00 	0!0@0000000@0000
  0xc0d0	f0 18 00 40 01 00 00 00 00 19 00 40 01 00 00 00 	000@0000000@0000
  0xc0e0	10 19 00 40 01 00 00 00 a0 20 00 40 01 00 00 00 	000@00000 0@0000
  0xc0f0	a0 20 00 40 01 00 00 00 a0 20 00 40 01 00 00 00 	0 0@00000 0@0000
  0xc100	a0 20 00 40 01 00 00 00 c0 2e 00 40 01 00 00 00 	0 0@00000.0@0000
  0xc110	80 2b 00 40 01 00 00 00 70 25 00 40 01 00 00 00 	0+0@0000p%0@0000
  0xc120	30 25 00 40 01 00 00 00 c0 24 00 40 01 00 00 00 	0%0@00000$0@0000
  0xc130	10 71 00 40 01 00 00 00 d0 30 00 40 01 00 00 00 	0q0@0000000@0000
  0xc140	50 26 00 40 01 00 00 00 e0 21 00 40 01 00 00 00 	P&0@00000!0@0000
  0xc150	90 21 00 40 01 00 00 00 80 21 00 40 01 00 00 00 	0!0@00000!0@0000
  0xc160	e0 18 00 40 01 00 00 00 f0 18 00 40 01 00 00 00 	000@0000000@0000
  0xc170	00 19 00 40 01 00 00 00 10 19 00 40 01 00 00 00 	000@0000000@0000
  0xc180	30 22 00 40 01 00 00 00 00 22 00 40 01 00 00 00 	0"0@00000"0@0000
  0xc190	f0 23 00 40 01 00 00 00 90 23 00 40 01 00 00 00 	0#0@00000#0@0000
  0xc1a0	d0 26 00 40 01 00 00 00 b8 cf 00 40 01 00 00 00 	0&0@0000000@0000
  0xc1b0	00 00 00 00 00 00 00 00 a0 17 01 40 01 00 00 00 	00000000000@0000
  0xc1c0	00 00 00 00 00 00 00 00 f0 2b 00 40 01 00 00 00 	000000000+0@0000
  0xc1d0	00 2d 00 40 01 00 00 00 70 2c 00 40 01 00 00 00 	0-0@0000p,0@0000
  0xc1e0	b0 2d 00 40 01 00 00 00 a0 2b 00 40 01 00 00 00 	0-0@00000+0@0000
  0xc1f0	a0 30 00 40 01 00 00 00 70 25 00 40 01 00 00 00 	000@0000p%0@0000
  0xc200	30 25 00 40 01 00 00 00 c0 24 00 40 01 00 00 00 	0%0@00000$0@0000
  0xc210	30 9b 00 40 01 00 00 00 d0 30 00 40 01 00 00 00 	000@0000000@0000
  0xc220	f0 25 00 40 01 00 00 00 f0 20 00 40 01 00 00 00 	0%0@00000 0@0000
  0xc230	d0 20 00 40 01 00 00 00 d0 18 00 40 01 00 00 00 	0 0@0000000@0000
  0xc240	e0 18 00 40 01 00 00 00 f0 18 00 40 01 00 00 00 	000@0000000@0000
  0xc250	00 19 00 40 01 00 00 00 10 19 00 40 01 00 00 00 	000@0000000@0000
  0xc260	a0 20 00 40 01 00 00 00 a0 20 00 40 01 00 00 00 	0 0@00000 0@0000
  0xc270	a0 20 00 40 01 00 00 00 a0 20 00 40 01 00 00 00 	0 0@00000 0@0000
  0xc280	90 26 00 40 01 00 00 00 30 9b 00 40 01 00 00 00 	0&0@0000000@0000
  0xc290	20 84 00 40 01 00 00 00 e0 83 00 40 01 00 00 00 	 00@0000000@0000
  0xc2a0	70 83 00 40 01 00 00 00 70 7f 00 40 01 00 00 00 	p00@0000p00@0000
  0xc2b0	c0 82 00 40 01 00 00 00 e0 60 00 40 01 00 00 00 	000@00000`0@0000
  0xc2c0	20 5d 00 40 01 00 00 00 30 5d 00 40 01 00 00 00 	 ]0@00000]0@0000
  0xc2d0	d0 62 00 40 01 00 00 00 20 84 00 40 01 00 00 00 	0b0@0000 00@0000
  0xc2e0	e0 83 00 40 01 00 00 00 70 83 00 40 01 00 00 00 	000@0000p00@0000
  0xc2f0	30 9b 00 40 01 00 00 00 40 86 00 40 01 00 00 00 	000@0000@00@0000
  0xc300	e0 60 00 40 01 00 00 00 20 5d 00 40 01 00 00 00 	0`0@0000 ]0@0000
  0xc310	30 5d 00 40 01 00 00 00 20 61 00 40 01 00 00 00 	0]0@0000 a0@0000
  0xc320	c0 86 00 40 01 00 00 00 a0 86 00 40 01 00 00 00 	000@0000000@0000
  0xc330	b0 86 00 40 01 00 00 00 a0 31 00 40 01 00 00 00 	000@0000010@0000
  0xc340	00 32 00 40 01 00 00 00 60 32 00 40 01 00 00 00 	020@0000`20@0000
  0xc350	c0 32 00 40 01 00 00 00 f0 32 00 40 01 00 00 00 	020@0000020@0000
  0xc360	20 33 00 40 01 00 00 00 30 85 00 40 01 00 00 00 	 30@0000000@0000
  0xc370	e0 83 00 40 01 00 00 00 70 83 00 40 01 00 00 00 	000@0000p00@0000
  0xc380	70 7f 00 40 01 00 00 00 30 82 00 40 01 00 00 00 	p00@0000000@0000
  0xc390	30 9b 00 40 01 00 00 00 30 9b 00 40 01 00 00 00 	000@0000000@0000
  0xc3a0	30 9b 00 40 01 00 00 00 30 9b 00 40 01 00 00 00 	000@0000000@0000
  0xc3b0	30 9b 00 40 01 00 00 00 30 9b 00 40 01 00 00 00 	000@0000000@0000
  0xc3c0	30 9b 00 40 01 00 00 00 a0 31 00 40 01 00 00 00 	000@0000010@0000
  0xc3d0	00 32 00 40 01 00 00 00 60 32 00 40 01 00 00 00 	020@0000`20@0000
  0xc3e0	c0 32 00 40 01 00 00 00 f0 32 00 40 01 00 00 00 	020@0000020@0000
  0xc3f0	20 33 00 40 01 00 00 00 d0 86 00 40 01 00 00 00 	 30@0000000@0000
  0xc400	a0 86 00 40 01 00 00 00 b0 86 00 40 01 00 00 00 	000@0000000@0000
  0xc410	a0 31 00 40 01 00 00 00 00 32 00 40 01 00 00 00 	010@0000020@0000
  0xc420	60 32 00 40 01 00 00 00 c0 32 00 40 01 00 00 00 	`20@0000020@0000
  0xc430	f0 32 00 40 01 00 00 00 20 33 00 40 01 00 00 00 	020@0000 30@0000
  0xc440	30 85 00 40 01 00 00 00 e0 83 00 40 01 00 00 00 	000@0000000@0000
  0xc450	70 83 00 40 01 00 00 00 30 9b 00 40 01 00 00 00 	p00@0000000@0000
  0xc460	40 86 00 40 01 00 00 00 f0 42 00 40 01 00 00 00 	@00@00000B0@0000
  0xc470	30 42 00 40 01 00 00 00 40 cf 00 40 01 00 00 00 	0B0@0000@00@0000
  0xc480	10 cf 00 40 01 00 00 00 d8 ce 00 40 01 00 00 00 	000@0000000@0000
  0xc490	28 cf 00 40 01 00 00 00 00 00 00 00 00 00 00 00 	(00@000000000000
  0xc4a0	18 01 00 00 00 00 00 00 00 00 00 00 00 00 00 00 	0000000000000000
  0xc4b0	00 00 00 00 00 00 00 00 00 00 00 00 00 00 00 00 	0000000000000000
  0xc4c0	00 00 00 00 00 00 00 00 00 00 00 00 00 00 00 00 	0000000000000000
  0xc4d0	00 00 00 00 00 00 00 00 00 00 00 00 00 00 00 00 	0000000000000000
  0xc4e0	00 00 00 00 00 00 00 00 00 00 00 00 00 00 00 00 	0000000000000000
  0xc4f0	00 00 00 00 00 00 00 00 50 11 01 40 01 00 00 00 	00000000P00@0000
  0xc500	00 00 00 00 00 00 00 00 00 00 00 00 00 00 00 00 	0000000000000000
  0xc510	88 ca 00 40 01 00 00 00 90 ca 00 40 01 00 00 00 	000@0000000@0000
  0xc520	5c cb 00 40 01 00 00 00 69 00 00 00 00 00 00 00 	000@0000i0000000
  0xc530	00 75 41 00 00 00 00 00 00 00 00 00 00 00 00 00 	0uA0000000000000
  0xc540	00 cd 00 40 01 00 00 00 01 00 00 00 00 00 00 00 	000@000000000000
  0xc550	00 00 00 00 00 00 00 00 00 00 00 00 00 00 00 00 	0000000000000000
  0xc560	00 00 00 00 00 00 00 00 00 00 00 00 00 00 00 00 	0000000000000000
  0xc570	00 00 00 00 00 00 00 00 00 00 00 00 00 00 00 00 	0000000000000000
  0xc580	00 00 00 00 00 00 00 00 00 00 00 00 00 00 00 00 	0000000000000000
  0xc590	00 00 00 00 00 00 00 00 00 00 00 00 00 00 00 00 	0000000000000000
  0xc5a0	00 00 00 00 00 00 00 00 50 cb 00 40 01 00 00 00 	00000000P00@0000
  0xc5b0	03 00 00 00 00 00 00 00 ac 04 01 00 00 00 00 00 	0000000000000000
  0xc5c0	00 00 00 00 00 00 00 00 80 fb 00 00 00 00 00 00 	0000000000000000
  0xc5d0	2c fd 00 00 00 00 00 00 e6 fd 00 00 00 00 00 00 	,000000000000000
  0xc5e0	84 fd 00 00 00 00 00 00 68 fd 00 00 00 00 00 00 	00000000h0000000
  0xc5f0	74 fc 00 00 00 00 00 00 8e fa 00 00 00 00 00 00 	t000000000000000
  0xc600	a6 fa 00 00 00 00 00 00 34 fb 00 00 00 00 00 00 	0000000040000000
  0xc610	00 00 00 00 00 00 00 00 d2 ff 00 00 00 00 00 00 	0000000000000000
  0xc620	e0 ff 00 00 00 00 00 00 74 fe 00 00 00 00 00 00 	00000000t0000000
  0xc630	00 00 00 00 00 00 00 00 e0 04 01 00 00 00 00 00 	0000000000000000
  0xc640	00 00 00 00 00 00 00 00 c8 04 01 00 00 00 00 00 	0000000000000000
  0xc650	00 00 00 00 00 00 00 00 52 00 01 00 00 00 00 00 	00000000R0000000
  0xc660	f4 fe 00 00 00 00 00 00 36 00 01 00 00 00 00 00 	0000000060000000
  0xc670	0a fd 00 00 00 00 00 00 98 fb 00 00 00 00 00 00 	0000000000000000
  0xc680	00 00 00 00 00 00 00 00 e6 fe 00 00 00 00 00 00 	0000000000000000
  0xc690	00 00 00 00 00 00 00 00 06 ff 00 00 00 00 00 00 	0000000000000000
  0xc6a0	fe fc 00 00 00 00 00 00 5c ff 00 00 00 00 00 00 	0000000000000000
  0xc6b0	00 00 00 00 00 00 00 00 ce 00 01 00 00 00 00 00 	0000000000000000
  0xc6c0	00 00 00 00 00 00 00 00 22 ff 00 00 00 00 00 00 	00000000"0000000
  0xc6d0	b8 fc 00 00 00 00 00 00 84 ff 00 00 00 00 00 00 	0000000000000000
  0xc6e0	52 fd 00 00 00 00 00 00 00 00 00 00 00 00 00 00 	R000000000000000
  0xc6f0	62 fe 00 00 00 00 00 00 00 00 00 00 00 00 00 00 	b000000000000000
  0xc700	84 00 01 00 00 00 00 00 26 fe 00 00 00 00 00 00 	00000000&0000000
  0xc710	70 00 01 00 00 00 00 00 e4 00 01 00 00 00 00 00 	p000000000000000
  0xc720	46 ff 00 00 00 00 00 00 00 00 00 00 00 00 00 00 	F000000000000000
  0xc730	98 00 01 00 00 00 00 00 00 00 00 00 00 00 00 00 	0000000000000000
  0xc740	b4 00 01 00 00 00 00 00 00 00 00 00 00 00 00 00 	0000000000000000
  0xc750	0c 01 01 00 00 00 00 00 1e 01 01 00 00 00 00 00 	0000000000000000
  0xc760	98 ff 00 00 00 00 00 00 b6 fd 00 00 00 00 00 00 	0000000000000000
  0xc770	8a fe 00 00 00 00 00 00 f6 00 01 00 00 00 00 00 	0000000000000000
  0xc780	00 00 00 00 00 00 00 00 c0 ff 00 00 00 00 00 00 	0000000000000000
  0xc790	00 00 00 00 00 00 00 00 08 00 01 00 00 00 00 00 	0000000000000000
  0xc7a0	f4 ff 00 00 00 00 00 00 22 00 01 00 00 00 00 00 	00000000"0000000
  0xc7b0	00 00 00 00 00 00 00 00 3e fd 00 00 00 00 00 00 	00000000>0000000
  0xc7c0	1a fd 00 00 00 00 00 00 34 ff 00 00 00 00 00 00 	0000000040000000
  0xc7d0	3c fe 00 00 00 00 00 00 e8 fc 00 00 00 00 00 00 	<000000000000000
  0xc7e0	d4 fe 00 00 00 00 00 00 9c fe 00 00 00 00 00 00 	0000000000000000
  0xc7f0	bc fe 00 00 00 00 00 00 5c fc 00 00 00 00 00 00 	0000000000000000
  0xc800	04 fc 00 00 00 00 00 00 d4 fb 00 00 00 00 00 00 	0000000000000000
  0xc810	ba fb 00 00 00 00 00 00 10 fe 00 00 00 00 00 00 	0000000000000000
  0xc820	00 00 00 00 00 00 00 00 c0 fa 00 00 00 00 00 00 	0000000000000000
  0xc830	ce fc 00 00 00 00 00 00 a8 fe 00 00 00 00 00 00 	0000000000000000
  0xc840	00 00 00 00 00 00 00 00 a6 ff 00 00 00 00 00 00 	0000000000000000
  0xc850	30 01 01 00 00 00 00 00 00 00 00 00 00 00 00 00 	0000000000000000
  0xc860	40 01 01 00 00 00 00 00 00 00 00 00 00 00 00 00 	@000000000000000
  0xc870	24 fb 00 00 00 00 00 00 30 fc 00 00 00 00 00 00 	$000000000000000
  0xc880	00 00 00 00 00 00 00 00 6c fb 00 00 00 00 00 00 	00000000l0000000
  0xc890	1c fc 00 00 00 00 00 00 00 00 00 00 00 00 00 00 	0000000000000000
  0xc8a0	a8 fb 00 00 00 00 00 00 4c fb 00 00 00 00 00 00 	00000000L0000000
  0xc8b0	f6 fd 00 00 00 00 00 00 8a fc 00 00 00 00 00 00 	0000000000000000
  0xc8c0	9a fc 00 00 00 00 00 00 00 00 00 00 00 00 00 00 	0000000000000000
  0xc8d0	40 fc 00 00 00 00 00 00 ee fb 00 00 00 00 00 00 	@000000000000000
  0xc8e0	0c fb 00 00 00 00 00 00 ec fa 00 00 00 00 00 00 	0000000000000000
  0xc8f0	d6 fa 00 00 00 00 00 00 c6 fd 00 00 00 00 00 00 	0000000000000000
  0xc900	00 00 00 00 00 00 00 00 74 f8 00 00 00 00 00 00 	00000000t0000000
  0xc910	86 f8 00 00 00 00 00 00 92 f8 00 00 00 00 00 00 	0000000000000000
  0xc920	9e f8 00 00 00 00 00 00 c2 f8 00 00 00 00 00 00 	0000000000000000
  0xc930	e0 f8 00 00 00 00 00 00 02 f9 00 00 00 00 00 00 	0000000000000000
  0xc940	22 f9 00 00 00 00 00 00 32 f9 00 00 00 00 00 00 	"000000020000000
  0xc950	52 f9 00 00 00 00 00 00 68 f9 00 00 00 00 00 00 	R0000000h0000000
  0xc960	7c f9 00 00 00 00 00 00 8c f9 00 00 00 00 00 00 	|000000000000000
  0xc970	68 05 01 00 00 00 00 00 5a f8 00 00 00 00 00 00 	h0000000Z0000000
  0xc980	a0 f9 00 00 00 00 00 00 ae f9 00 00 00 00 00 00 	0000000000000000
  0xc990	be f9 00 00 00 00 00 00 c8 f9 00 00 00 00 00 00 	0000000000000000
  0xc9a0	d2 f9 00 00 00 00 00 00 de f9 00 00 00 00 00 00 	0000000000000000
  0xc9b0	ee f9 00 00 00 00 00 00 fc f9 00 00 00 00 00 00 	0000000000000000
  0xc9c0	14 fa 00 00 00 00 00 00 34 fa 00 00 00 00 00 00 	0000000040000000
  0xc9d0	40 f8 00 00 00 00 00 00 34 f8 00 00 00 00 00 00 	@000000040000000
  0xc9e0	24 f8 00 00 00 00 00 00 06 f8 00 00 00 00 00 00 	$000000000000000
  0xc9f0	e6 f7 00 00 00 00 00 00 c8 f7 00 00 00 00 00 00 	0000000000000000
  0xca00	ae f7 00 00 00 00 00 00 9c f7 00 00 00 00 00 00 	0000000000000000
  0xca10	8a f7 00 00 00 00 00 00 74 f7 00 00 00 00 00 00 	00000000t0000000
  0xca20	00 00 00 00 00 00 00 00 1a f7 00 00 00 00 00 00 	0000000000000000
  0xca30	24 f7 00 00 00 00 00 00 0c f7 00 00 00 00 00 00 	$000000000000000
  0xca40	00 f7 00 00 00 00 00 00 00 00 00 00 00 00 00 00 	0000000000000000
  0xca50	2a fa 00 00 00 00 00 00 00 00 00 00 00 00 00 00 	*000000000000000
  0xca60	4c fe 00 00 00 00 00 00 12 ff 00 00 00 00 00 00 	L000000000000000
  0xca70	6e ff 00 00 00 00 00 00 a4 fd 00 00 00 00 00 00 	n000000000000000
  0xca80	00 00 00 00 00 00 00 00 70 93 00 40 01 00 00 00 	00000000p00@0000
  0xca90	50 a1 00 40 01 00 00 00 00 00 00 00 00 00 00 00 	P00@000000000000
  0xcaa0	90 8b 00 40 01 00 00 00 f0 16 00 40 01 00 00 00 	000@0000000@0000
  0xcab0	30 17 00 40 01 00 00 00 50 17 00 40 01 00 00 00 	000@0000P00@0000
  0xcac0	70 17 00 40 01 00 00 00 a0 17 00 40 01 00 00 00 	p00@0000000@0000
  0xcad0	c0 17 00 40 01 00 00 00 e0 17 00 40 01 00 00 00 	000@0000000@0000
  0xcae0	20 18 00 40 01 00 00 00 70 18 00 40 01 00 00 00 	 00@0000p00@0000
  0xcaf0	00 00 00 00 00 00 00 00 00 00 00 00 00 00 00 00 	0000000000000000
  0xcb00	c0 8a 00 40 01 00 00 00 70 8b 00 40 01 00 00 00 	000@0000p00@0000
  0xcb10	20 8a 00 40 01 00 00 00 50 8a 00 40 01 00 00 00 	 00@0000P00@0000
  0xcb20	90 8a 00 40 01 00 00 00 00 00 00 00 00 00 00 00 	000@000000000000
  0xcb30	00 00 00 00 00 00 00 00 00 00 00 00 00 00 00 00 	0000000000000000
  0xcb40	00 00 00 00 00 00 00 00 00 00 00 00 00 00 00 00 	0000000000000000
  0xcb50	d8 8c 00 00 a9 8d 00 00 91 8f 00 00 10 10 00 00 	0000000000000000
  0xcb60	f0 16 00 00 30 17 00 00 50 17 00 00 70 17 00 00 	00000000P000p000
  0xcb70	a0 17 00 00 c0 17 00 00 e0 17 00 00 20 18 00 00 	000000000000 000
  0xcb80	70 18 00 00 d0 18 00 00 e0 18 00 00 f0 18 00 00 	p000000000000000
  0xcb90	00 19 00 00 10 19 00 00 20 1e 00 00 50 1e 00 00 	00000000 000P000
  0xcba0	a0 20 00 00 d0 20 00 00 f0 20 00 00 80 21 00 00 	0 000 000 000!00
  0xcbb0	90 21 00 00 e0 21 00 00 00 22 00 00 30 22 00 00 	0!000!000"000"00
  0xcbc0	90 23 00 00 f0 23 00 00 c0 24 00 00 30 25 00 00 	0#000#000$000%00
  0xcbd0	70 25 00 00 f0 25 00 00 50 26 00 00 90 26 00 00 	p%000%00P&000&00
  0xcbe0	d0 26 00 00 80 2b 00 00 a0 2b 00 00 f0 2b 00 00 	0&000+000+000+00
  0xcbf0	70 2c 00 00 00 2d 00 00 70 2d 00 00 b0 2d 00 00 	p,000-00p-000-00
  0xcc00	c0 2e 00 00 00 2f 00 00 a0 30 00 00 d0 30 00 00 	0.000/0000000000
  0xcc10	a0 31 00 00 00 32 00 00 60 32 00 00 c0 32 00 00 	01000200`2000200
  0xcc20	f0 32 00 00 20 33 00 00 a0 34 00 00 c0 34 00 00 	0200 30004000400
  0xcc30	70 39 00 00 f0 3a 00 00 40 3b 00 00 60 3b 00 00 	p9000:00@;00`;00
  0xcc40	30 42 00 00 f0 42 00 00 10 44 00 00 30 44 00 00 	0B000B000D000D00
  0xcc50	80 5a 00 00 e0 5b 00 00 60 5c 00 00 20 5d 00 00 	0Z000[00`000 ]00
  0xcc60	30 5d 00 00 e0 60 00 00 20 61 00 00 90 61 00 00 	0]000`00 a000a00
  0xcc70	70 62 00 00 d0 62 00 00 e0 63 00 00 10 71 00 00 	pb000b000c000q00
  0xcc80	70 7f 00 00 30 82 00 00 c0 82 00 00 70 83 00 00 	p00000000000p000
  0xcc90	e0 83 00 00 20 84 00 00 30 85 00 00 40 86 00 00 	0000 0000000@000
  0xcca0	a0 86 00 00 b0 86 00 00 c0 86 00 00 d0 86 00 00 	0000000000000000
  0xccb0	d0 89 00 00 20 8a 00 00 50 8a 00 00 90 8a 00 00 	0000 000P0000000
  0xccc0	c0 8a 00 00 70 8b 00 00 90 8b 00 00 30 8d 00 00 	0000p00000000000
  0xccd0	f0 90 00 00 40 92 00 00 70 93 00 00 e0 95 00 00 	0000@000p0000000
  0xcce0	70 96 00 00 a0 99 00 00 30 9b 00 00 30 9f 00 00 	p000000000000000
  0xccf0	40 a3 00 00 80 a3 00 00 c0 a3 00 00 f0 a3 00 00 	@000000000000000
  0xcd00	38 c6 00 00 00 00 00 00 00 00 00 00 00 00 00 00 	8000000000000000
  0xcd10	22 05 93 19 02 00 00 00 3c eb 00 00 01 00 00 00 	"0000000<0000000
  0xcd20	4c eb 00 00 01 00 00 00 78 eb 00 00 20 00 00 00 	L0000000x000 000
  0xcd30	00 00 00 00 05 00 00 00 62 61 64 20 61 72 72 61 	00000000bad arra
  0xcd40	79 20 6e 65 77 20 6c 65 6e 67 74 68 00 00 00 00 	y new length0000
  0xcd50	65 78 74 2d 6d 73 2d 77 69 6e 2d 72 74 63 6f 72 	ext-ms-win-rtcor
  0xcd60	65 2d 6e 74 75 73 65 72 2d 77 69 6e 64 6f 77 2d 	e-ntuser-window-
  0xcd70	65 78 74 2d 6c 31 2d 31 2d 30 2e 64 6c 6c 00 00 	ext-l1-1-0.dll00
  0xcd80	65 78 74 2d 6d 73 2d 77 69 6e 2d 73 65 63 75 72 	ext-ms-win-secur
  0xcd90	69 74 79 2d 65 66 73 2d 6c 31 2d 31 2d 31 2e 64 	ity-efs-l1-1-1.d
  0xcda0	6c 6c 00 00 00 00 00 00 00 00 00 00 00 00 00 00 	ll00000000000000
  0xcdb0	65 00 78 00 74 00 2d 00 6d 00 73 00 2d 00 77 00 	e0x0t0-0m0s0-0w0
  0xcdc0	69 00 6e 00 2d 00 73 00 68 00 65 00 6c 00 6c 00 	i0n0-0s0h0e0l0l0
  0xcdd0	2d 00 73 00 68 00 65 00 6c 00 6c 00 33 00 32 00 	-0s0h0e0l0l03020
  0xcde0	2d 00 6c 00 31 00 2d 00 32 00 2d 00 30 00 00 00 	-0l010-020-00000
  0xcdf0	65 00 78 00 74 00 2d 00 6d 00 73 00 2d 00 77 00 	e0x0t0-0m0s0-0w0
  0xce00	69 00 6e 00 2d 00 73 00 68 00 65 00 6c 00 6c 00 	i0n0-0s0h0e0l0l0
  0xce10	2d 00 73 00 68 00 65 00 6c 00 6c 00 33 00 32 00 	-0s0h0e0l0l03020
  0xce20	2d 00 6c 00 31 00 2d 00 32 00 2d 00 31 00 00 00 	-0l010-020-01000
  0xce30	65 00 78 00 74 00 2d 00 6d 00 73 00 2d 00 77 00 	e0x0t0-0m0s0-0w0
  0xce40	69 00 6e 00 2d 00 73 00 68 00 65 00 6c 00 6c 00 	i0n0-0s0h0e0l0l0
  0xce50	2d 00 73 00 68 00 65 00 6c 00 6c 00 33 00 32 00 	-0s0h0e0l0l03020
  0xce60	2d 00 6c 00 31 00 2d 00 32 00 2d 00 32 00 00 00 	-0l010-020-02000
  0xce70	65 00 78 00 74 00 2d 00 6d 00 73 00 2d 00 77 00 	e0x0t0-0m0s0-0w0
  0xce80	69 00 6e 00 2d 00 73 00 68 00 65 00 6c 00 6c 00 	i0n0-0s0h0e0l0l0
  0xce90	2d 00 73 00 68 00 65 00 6c 00 6c 00 33 00 32 00 	-0s0h0e0l0l03020
  0xcea0	2d 00 6c 00 31 00 2d 00 32 00 2d 00 33 00 00 00 	-0l010-020-03000
  0xceb0	65 78 74 2d 6d 73 2d 77 69 6e 2d 73 68 65 6c 6c 	ext-ms-win-shell
  0xcec0	2d 73 68 65 6c 6c 33 32 2d 6c 31 2d 32 2d 30 2e 	-shell32-l1-2-0.
  0xced0	64 6c 6c 00 00 00 00 00 68 00 74 00 74 00 70 00 	dll00000h0t0t0p0
  0xcee0	73 00 3a 00 2f 00 2f 00 6c 00 6f 00 67 00 69 00 	s0:0/0/0l0o0g0i0
  0xcef0	6e 00 2e 00 77 00 69 00 6e 00 64 00 6f 00 77 00 	n0.0w0i0n0d0o0w0
  0xcf00	73 00 2e 00 6e 00 65 00 74 00 00 00 00 00 00 00 	s0.0n0e0t0000000
  0xcf10	72 00 65 00 73 00 6f 00 75 00 72 00 63 00 65 00 	r0e0s0o0u0r0c0e0
  0xcf20	00 00 00 00 00 00 00 00 61 00 75 00 74 00 68 00 	00000000a0u0t0h0
  0xcf30	6f 00 72 00 69 00 74 00 79 00 00 00 00 00 00 00 	o0r0i0t0y0000000
  0xcf40	31 00 38 00 34 00 63 00 66 00 35 00 31 00 36 00 	108040c0f0501060
  0xcf50	2d 00 35 00 64 00 64 00 38 00 2d 00 34 00 65 00 	-050d0d080-040e0
  0xcf60	65 00 38 00 2d 00 61 00 66 00 61 00 37 00 2d 00 	e080-0a0f0a070-0
  0xcf70	31 00 34 00 34 00 32 00 36 00 66 00 35 00 30 00 	1040402060f05000
  0xcf80	63 00 64 00 66 00 63 00 00 00 00 00 00 00 00 00 	c0d0f0c000000000
  0xcf90	61 00 63 00 74 00 69 00 76 00 61 00 74 00 69 00 	a0c0t0i0v0a0t0i0
  0xcfa0	62 00 6c 00 65 00 43 00 6c 00 61 00 73 00 73 00 	b0l0e0C0l0a0s0s0
  0xcfb0	49 00 64 00 00 00 00 00 ad c0 07 02 3b 56 19 49 	I0d000000000;V0I
  0xcfc0	a9 67 e0 78 2f fc 35 d1 37 18 e3 53 00 66 81 4a 	0g0x/050700S0f0J
  0xcfd0	93 95 75 cf fe 74 6f 94 00 00 00 00 00 00 00 00 	00u00to000000000
  0xcfe0	c0 00 00 00 00 00 00 46 45 00 64 00 70 00 20 00 	0000000FE0d0p0 0
  0xcff0	4e 00 6f 00 74 00 69 00 66 00 79 00 00 00 00 00 	N0o0t0i0f0y00000
  0xd000	01 00 00 00 00 00 00 00 c0 00 00 00 00 00 00 46 	000000000000000F
  0xd010	35 00 00 00 00 00 00 00 c0 00 00 00 00 00 00 46 	500000000000000F
  0xd020	00 00 00 00 00 00 00 00 55 6e 6b 6e 6f 77 6e 20 	00000000Unknown 
  0xd030	65 78 63 65 70 74 69 6f 6e 00 00 00 00 00 00 00 	exception0000000
  0xd040	45 78 63 65 70 74 69 6f 6e 00 00 00 00 00 00 00 	Exception0000000
  0xd050	52 65 74 75 72 6e 48 72 00 00 00 00 4c 6f 67 48 	ReturnHr0000LogH
  0xd060	72 00 00 00 00 00 00 00 46 61 69 6c 46 61 73 74 	r0000000FailFast
  0xd070	00 00 00 00 00 00 00 00 25 00 68 00 73 00 28 00 	00000000%0h0s0(0
  0xd080	25 00 75 00 29 00 5c 00 25 00 68 00 73 00 21 00 	%0u0)000%0h0s0!0
  0xd090	25 00 70 00 3a 00 20 00 00 00 00 00 00 00 00 00 	%0p0:0 000000000
  0xd0a0	25 00 68 00 73 00 21 00 25 00 70 00 3a 00 20 00 	%0h0s0!0%0p0:0 0
  0xd0b0	00 00 00 00 00 00 00 00 28 00 63 00 61 00 6c 00 	00000000(0c0a0l0
  0xd0c0	6c 00 65 00 72 00 3a 00 20 00 25 00 70 00 29 00 	l0e0r0:0 0%0p0)0
  0xd0d0	20 00 00 00 00 00 00 00 25 00 68 00 73 00 28 00 	 0000000%0h0s0(0
  0xd0e0	25 00 64 00 29 00 20 00 74 00 69 00 64 00 28 00 	%0d0)0 0t0i0d0(0
  0xd0f0	25 00 78 00 29 00 20 00 25 00 30 00 38 00 58 00 	%0x0)0 0%00080X0
  0xd100	20 00 25 00 77 00 73 00 00 00 00 00 00 00 00 00 	 0%0w0s000000000
  0xd110	20 00 20 00 20 00 20 00 00 00 00 00 00 00 00 00 	 0 0 0 000000000
  0xd120	4d 00 73 00 67 00 3a 00 5b 00 25 00 77 00 73 00 	M0s0g0:0[0%0w0s0
  0xd130	5d 00 20 00 00 00 00 00 43 00 61 00 6c 00 6c 00 	]0 00000C0a0l0l0
  0xd140	43 00 6f 00 6e 00 74 00 65 00 78 00 74 00 3a 00 	C0o0n0t0e0x0t0:0
  0xd150	5b 00 25 00 68 00 73 00 5d 00 20 00 00 00 00 00 	[0%0h0s0]0 00000
  0xd160	5b 00 25 00 68 00 73 00 28 00 25 00 68 00 73 00 	[0%0h0s0(0%0h0s0
  0xd170	29 00 5d 00 0a 00 00 00 5b 00 25 00 68 00 73 00 	)0]00000[0%0h0s0
  0xd180	5d 00 0a 00 00 00 00 00 0a 00 00 00 00 00 00 00 	]000000000000000
  0xd190	6b 00 65 00 72 00 6e 00 65 00 6c 00 62 00 61 00 	k0e0r0n0e0l0b0a0
  0xd1a0	73 00 65 00 2e 00 64 00 6c 00 6c 00 00 00 00 00 	s0e0.0d0l0l00000
  0xd1b0	52 61 69 73 65 46 61 69 6c 46 61 73 74 45 78 63 	RaiseFailFastExc
  0xd1c0	65 70 74 69 6f 6e 00 00 25 77 73 00 77 69 6c 00 	eption00%ws0wil0
  0xd1d0	6f 6e 65 63 6f 72 65 5c 69 6e 74 65 72 6e 61 6c 	onecore0internal
  0xd1e0	5c 73 64 6b 5c 69 6e 63 5c 77 69 6c 5c 6f 70 65 	0sdk0inc0wil0ope
  0xd1f0	6e 73 6f 75 72 63 65 5c 77 69 6c 5c 72 65 73 6f 	nsource0wil0reso
  0xd200	75 72 63 65 2e 68 00 00 5f 00 70 00 30 00 00 00 	urce.h00_0p00000
  0xd210	68 00 00 00 00 00 00 00 57 69 6c 45 72 72 6f 72 	h0000000WilError
  0xd220	5f 30 33 00 00 00 00 00 6e 00 74 00 64 00 6c 00 	_0300000n0t0d0l0
  0xd230	6c 00 2e 00 64 00 6c 00 6c 00 00 00 00 00 00 00 	l0.0d0l0l0000000
  0xd240	52 74 6c 44 6c 6c 53 68 75 74 64 6f 77 6e 49 6e 	RtlDllShutdownIn
  0xd250	50 72 6f 67 72 65 73 73 00 00 00 00 00 00 00 00 	Progress00000000
  0xd260	52 74 6c 44 69 73 6f 77 6e 4d 6f 64 75 6c 65 48 	RtlDisownModuleH
  0xd270	65 61 70 41 6c 6c 6f 63 61 74 69 6f 6e 00 00 00 	eapAllocation000
  0xd280	53 00 6f 00 66 00 74 00 77 00 61 00 72 00 65 00 	S0o0f0t0w0a0r0e0
  0xd290	5c 00 4d 00 69 00 63 00 72 00 6f 00 73 00 6f 00 	00M0i0c0r0o0s0o0
  0xd2a0	66 00 74 00 5c 00 57 00 69 00 6e 00 64 00 6f 00 	f0t000W0i0n0d0o0
  0xd2b0	77 00 73 00 20 00 4e 00 54 00 5c 00 43 00 75 00 	w0s0 0N0T000C0u0
  0xd2c0	72 00 72 00 65 00 6e 00 74 00 56 00 65 00 72 00 	r0r0e0n0t0V0e0r0
  0xd2d0	73 00 69 00 6f 00 6e 00 5c 00 45 00 46 00 53 00 	s0i0o0n000E0F0S0
  0xd2e0	5c 00 52 00 4d 00 53 00 00 00 00 00 00 00 00 00 	00R0M0S000000000
  0xd2f0	41 00 63 00 63 00 6f 00 75 00 6e 00 74 00 49 00 	A0c0c0o0u0n0t0I0
  0xd300	64 00 00 00 00 00 00 00 41 00 63 00 63 00 6f 00 	d0000000A0c0c0o0
  0xd310	75 00 6e 00 74 00 49 00 64 00 4c 00 61 00 73 00 	u0n0t0I0d0L0a0s0
  0xd320	74 00 57 00 72 00 69 00 74 00 65 00 54 00 69 00 	t0W0r0i0t0e0T0i0
  0xd330	6d 00 65 00 00 00 00 00 20 00 00 00 00 00 00 00 	m0e00000 0000000
  0xd340	6f 6e 65 63 6f 72 65 75 61 70 5c 64 73 5c 73 65 	onecoreuap0ds0se
  0xd350	63 75 72 69 74 79 5c 65 66 73 5c 65 64 70 6e 6f 	curity0efs0edpno
  0xd360	74 69 66 79 5c 64 6c 6c 5c 65 64 70 6e 6f 74 69 	tify0dll0edpnoti
  0xd370	66 69 63 61 74 69 6f 6e 61 63 74 69 76 61 74 6f 	ficationactivato
  0xd380	72 2e 63 70 70 00 00 00 00 00 00 00 00 00 00 00 	r.cpp00000000000
  0xd390	68 00 74 00 74 00 70 00 73 00 3a 00 2f 00 2f 00 	h0t0t0p0s0:0/0/0
  0xd3a0	67 00 6f 00 2e 00 6d 00 69 00 63 00 72 00 6f 00 	g0o0.0m0i0c0r0o0
  0xd3b0	73 00 6f 00 66 00 74 00 2e 00 63 00 6f 00 6d 00 	s0o0f0t0.0c0o0m0
  0xd3c0	2f 00 66 00 77 00 6c 00 69 00 6e 00 6b 00 2f 00 	/0f0w0l0i0n0k0/0
  0xd3d0	3f 00 6c 00 69 00 6e 00 6b 00 69 00 64 00 3d 00 	?0l0i0n0k0i0d0=0
  0xd3e0	38 00 33 00 38 00 30 00 31 00 39 00 00 00 00 00 	8030800010900000
  0xd3f0	4d 00 69 00 73 00 73 00 69 00 6e 00 67 00 43 00 	M0i0s0s0i0n0g0C0
  0xd400	72 00 65 00 64 00 73 00 49 00 67 00 6e 00 6f 00 	r0e0d0s0I0g0n0o0
  0xd410	72 00 65 00 43 00 6f 00 75 00 6e 00 74 00 65 00 	r0e0C0o0u0n0t0e0
  0xd420	72 00 00 00 00 00 00 00 00 00 00 00 00 00 00 00 	r000000000000000
  0xd430	53 00 4f 00 46 00 54 00 57 00 41 00 52 00 45 00 	S0O0F0T0W0A0R0E0
  0xd440	5c 00 4d 00 69 00 63 00 72 00 6f 00 73 00 6f 00 	00M0i0c0r0o0s0o0
  0xd450	66 00 74 00 5c 00 57 00 69 00 6e 00 64 00 6f 00 	f0t000W0i0n0d0o0
  0xd460	77 00 73 00 20 00 4e 00 54 00 5c 00 43 00 75 00 	w0s0 0N0T000C0u0
  0xd470	72 00 72 00 65 00 6e 00 74 00 56 00 65 00 72 00 	r0r0e0n0t0V0e0r0
  0xd480	73 00 69 00 6f 00 6e 00 5c 00 45 00 46 00 53 00 	s0i0o0n000E0F0S0
  0xd490	5c 00 45 00 64 00 70 00 43 00 72 00 65 00 64 00 	00E0d0p0C0r0e0d0
  0xd4a0	65 00 6e 00 74 00 69 00 61 00 6c 00 73 00 00 00 	e0n0t0i0a0l0s000
  0xd4b0	53 00 4f 00 46 00 54 00 57 00 41 00 52 00 45 00 	S0O0F0T0W0A0R0E0
  0xd4c0	5c 00 4d 00 69 00 63 00 72 00 6f 00 73 00 6f 00 	00M0i0c0r0o0s0o0
  0xd4d0	66 00 74 00 5c 00 57 00 69 00 6e 00 64 00 6f 00 	f0t000W0i0n0d0o0
  0xd4e0	77 00 73 00 20 00 4e 00 54 00 5c 00 43 00 75 00 	w0s0 0N0T000C0u0
  0xd4f0	72 00 72 00 65 00 6e 00 74 00 56 00 65 00 72 00 	r0r0e0n0t0V0e0r0
  0xd500	73 00 69 00 6f 00 6e 00 5c 00 45 00 46 00 53 00 	s0i0o0n000E0F0S0
  0xd510	5c 00 45 00 64 00 70 00 43 00 72 00 65 00 64 00 	00E0d0p0C0r0e0d0
  0xd520	65 00 6e 00 74 00 69 00 61 00 6c 00 73 00 5c 00 	e0n0t0i0a0l0s000
  0xd530	56 00 6f 00 6c 00 61 00 74 00 69 00 6c 00 65 00 	V0o0l0a0t0i0l0e0
  0xd540	00 00 00 00 00 00 00 00 4e 00 6f 00 4d 00 69 00 	00000000N0o0M0i0
  0xd550	73 00 73 00 69 00 6e 00 67 00 43 00 72 00 65 00 	s0s0i0n0g0C0r0e0
  0xd560	64 00 73 00 50 00 72 00 6f 00 6d 00 70 00 74 00 	d0s0P0r0o0m0p0t0
  0xd570	55 00 6e 00 74 00 69 00 6c 00 00 00 00 00 00 00 	U0n0t0i0l0000000
  0xd580	4c 00 6f 00 63 00 61 00 6c 00 5c 00 53 00 4d 00 	L0o0c0a0l000S0M0
  0xd590	30 00 3a 00 25 00 64 00 3a 00 25 00 64 00 3a 00 	00:0%0d0:0%0d0:0
  0xd5a0	25 00 68 00 73 00 00 00 00 00 00 00 00 00 00 00 	%0h0s00000000000
  0xd5b0	57 00 69 00 6e 00 64 00 6f 00 77 00 73 00 2e 00 	W0i0n0d0o0w0s0.0
  0xd5c0	53 00 65 00 63 00 75 00 72 00 69 00 74 00 79 00 	S0e0c0u0r0i0t0y0
  0xd5d0	2e 00 41 00 75 00 74 00 68 00 65 00 6e 00 74 00 	.0A0u0t0h0e0n0t0
  0xd5e0	69 00 63 00 61 00 74 00 69 00 6f 00 6e 00 2e 00 	i0c0a0t0i0o0n0.0
  0xd5f0	57 00 65 00 62 00 2e 00 43 00 6f 00 72 00 65 00 	W0e0b0.0C0o0r0e0
  0xd600	2e 00 57 00 65 00 62 00 54 00 6f 00 6b 00 65 00 	.0W0e0b0T0o0k0e0
  0xd610	6e 00 52 00 65 00 71 00 75 00 65 00 73 00 74 00 	n0R0e0q0u0e0s0t0
  0xd620	00 00 00 00 00 00 00 00 4d 00 69 00 73 00 73 00 	00000000M0i0s0s0
  0xd630	69 00 6e 00 67 00 43 00 72 00 65 00 64 00 73 00 	i0n0g0C0r0e0d0s0
  0xd640	2e 00 49 00 67 00 6e 00 6f 00 72 00 65 00 00 00 	.0I0g0n0o0r0e000
  0xd650	57 00 69 00 6e 00 64 00 6f 00 77 00 73 00 2e 00 	W0i0n0d0o0w0s0.0
  0xd660	53 00 65 00 63 00 75 00 72 00 69 00 74 00 79 00 	S0e0c0u0r0i0t0y0
  0xd670	2e 00 41 00 75 00 74 00 68 00 65 00 6e 00 74 00 	.0A0u0t0h0e0n0t0
  0xd680	69 00 63 00 61 00 74 00 69 00 6f 00 6e 00 2e 00 	i0c0a0t0i0o0n0.0
  0xd690	57 00 65 00 62 00 2e 00 43 00 6f 00 72 00 65 00 	W0e0b0.0C0o0r0e0
  0xd6a0	2e 00 57 00 65 00 62 00 41 00 75 00 74 00 68 00 	.0W0e0b0A0u0t0h0
  0xd6b0	65 00 6e 00 74 00 69 00 63 00 61 00 74 00 69 00 	e0n0t0i0c0a0t0i0
  0xd6c0	6f 00 6e 00 43 00 6f 00 72 00 65 00 4d 00 61 00 	o0n0C0o0r0e0M0a0
  0xd6d0	6e 00 61 00 67 00 65 00 72 00 00 00 00 00 00 00 	n0a0g0e0r0000000
  0xd6e0	22 4b b5 de f2 70 ab 55 97 c0 6c bd c5 dd b6 f0 	"K000p0U00l00000
  0xd6f0	92 7c ca 6a 81 a5 79 44 9c 10 75 2e ff 44 fd 34 	0|0j00yD00u.0D04
  0xd700	94 2b ea 94 cc e9 e0 49 c0 ff ee 64 ca 8f 5b 90 	0+00000I000d00[0
  0xd710	57 00 69 00 6e 00 64 00 6f 00 77 00 73 00 2e 00 	W0i0n0d0o0w0s0.0
  0xd720	53 00 79 00 73 00 74 00 65 00 6d 00 54 00 6f 00 	S0y0s0t0e0m0T0o0
  0xd730	61 00 73 00 74 00 2e 00 42 00 69 00 74 00 4c 00 	a0s0t0.0B0i0t0L0
  0xd740	6f 00 63 00 6b 00 65 00 72 00 50 00 6f 00 6c 00 	o0c0k0e0r0P0o0l0
  0xd750	69 00 63 00 79 00 52 00 65 00 66 00 72 00 65 00 	i0c0y0R0e0f0r0e0
  0xd760	73 00 68 00 00 00 00 00 03 00 00 00 00 00 00 00 	s0h0000000000000
  0xd770	c0 00 00 00 00 00 00 46 52 00 65 00 41 00 75 00 	0000000FR0e0A0u0
  0xd780	74 00 68 00 00 00 00 00 1c 14 f2 6c f0 0f 67 4c 	t0h00000000l00gL
  0xd790	b8 4f 99 dd be 4a 72 c9 04 e8 b8 f4 1e 81 36 44 	0O000Jr00000006D
  0xd7a0	b6 9c 44 cb 67 b7 20 84 36 00 00 00 00 00 00 00 	00D0g0 060000000
  0xd7b0	c0 00 00 00 00 00 00 46 f8 d6 56 7b 0b 99 b5 4e 	0000000F00V{000N
  0xd7c0	94 a7 56 21 f3 a8 b8 24 4d 00 69 00 73 00 73 00 	00V!000$M0i0s0s0
  0xd7d0	69 00 6e 00 67 00 43 00 72 00 65 00 64 00 73 00 	i0n0g0C0r0e0d0s0
  0xd7e0	2e 00 4c 00 65 00 61 00 72 00 6e 00 4d 00 6f 00 	.0L0e0a0r0n0M0o0
  0xd7f0	72 00 65 00 00 00 00 00 e0 e2 86 af 2d b1 6a 4c 	r0e000000000-0jL
  0xd800	9c 5a d7 aa 65 10 1e 90 2b 62 77 94 40 13 74 55 	0Z00e000+bw0@0tU
  0xd810	81 fc 50 13 58 1f 57 c9 00 00 00 00 00 00 00 00 	00P0X0W000000000
  0xd820	57 00 69 00 6e 00 64 00 6f 00 77 00 73 00 2e 00 	W0i0n0d0o0w0s0.0
  0xd830	53 00 79 00 73 00 74 00 65 00 6d 00 54 00 6f 00 	S0y0s0t0e0m0T0o0
  0xd840	61 00 73 00 74 00 2e 00 45 00 6e 00 74 00 65 00 	a0s0t0.0E0n0t0e0
  0xd850	72 00 70 00 72 00 69 00 73 00 65 00 44 00 61 00 	r0p0r0i0s0e0D0a0
  0xd860	74 00 61 00 50 00 72 00 6f 00 74 00 65 00 63 00 	t0a0P0r0o0t0e0c0
  0xd870	74 00 69 00 6f 00 6e 00 00 00 00 00 00 00 00 00 	t0i0o0n000000000
  0xd880	52 58 81 0a 44 7c 74 56 b3 d2 fa 2e 4c 1e 46 c9 	RX00D|tV000.L0F0
  0xd890	4d 00 69 00 73 00 73 00 69 00 6e 00 67 00 43 00 	M0i0s0s0i0n0g0C0
  0xd8a0	72 00 65 00 64 00 73 00 00 00 00 00 00 00 00 00 	r0e0d0s000000000
  0xd8b0	6f 6e 65 63 6f 72 65 75 61 70 5c 64 73 5c 73 65 	onecoreuap0ds0se
  0xd8c0	63 75 72 69 74 79 5c 65 66 73 5c 63 6f 6d 6d 6f 	curity0efs0commo
  0xd8d0	6e 5c 6c 69 62 5c 65 66 73 65 6e 76 2e 63 78 78 	n0lib0efsenv.cxx
  0xd8e0	00 00 00 00 00 00 00 00 62 61 64 20 61 6c 6c 6f 	00000000bad allo
  0xd8f0	63 61 74 69 6f 6e 00 00 00 00 00 00 00 00 00 00 	cation0000000000
  0xd900	00 00 00 00 00 00 00 00 22 05 93 19 12 00 00 00 	00000000"0000000
  0xd910	1c ea 00 00 00 00 00 00 00 00 00 00 07 00 00 00 	0000000000000000
  0xd920	b0 ea 00 00 78 00 00 00 00 00 00 00 00 00 00 00 	0000x00000000000
  0xd930	00 00 00 00 3c 05 6e 70 00 00 00 00 02 00 00 00 	0000<0np00000000
  0xd940	26 00 00 00 f0 de 00 00 f0 b8 00 00 00 00 00 00 	&000000000000000
  0xd950	3c 05 6e 70 00 00 00 00 0d 00 00 00 9c 04 00 00 	<0np000000000000
  0xd960	18 df 00 00 18 b9 00 00 00 00 00 00 3c 05 6e 70 	000000000000<0np
  0xd970	00 00 00 00 10 00 00 00 24 00 00 00 b4 e3 00 00 	00000000$0000000
  0xd980	b4 bd 00 00 00 00 00 00 01 00 00 00 00 00 00 00 	0000000000000000
  0xd990	00 00 00 00 80 10 01 00 b0 d9 00 00 88 d9 00 00 	0000000000000000
  0xd9a0	00 00 00 00 00 00 00 00 00 00 00 00 00 00 00 00 	0000000000000000
  0xd9b0	00 00 00 00 00 00 00 00 01 00 00 00 c8 d9 00 00 	0000000000000000
  0xd9c0	00 00 00 00 00 00 00 00 d8 d9 00 00 00 00 00 00 	0000000000000000
  0xd9d0	00 00 00 00 00 00 00 00 80 10 01 00 00 00 00 00 	0000000000000000
  0xd9e0	00 00 00 00 ff ff ff ff 00 00 00 00 40 00 00 00 	000000000000@000
  0xd9f0	b0 d9 00 00 00 00 00 00 00 00 00 00 00 00 00 00 	0000000000000000
  0xda00	01 00 00 00 00 00 00 00 00 00 00 00 28 11 01 00 	000000000000(000
  0xda10	28 da 00 00 00 da 00 00 00 00 00 00 00 00 00 00 	(000000000000000
  0xda20	00 00 00 00 00 00 00 00 00 00 00 00 00 00 00 00 	0000000000000000
  0xda30	01 00 00 00 40 da 00 00 00 00 00 00 00 00 00 00 	0000@00000000000
  0xda40	50 da 00 00 00 00 00 00 00 00 00 00 00 00 00 00 	P000000000000000
  0xda50	28 11 01 00 00 00 00 00 00 00 00 00 ff ff ff ff 	(000000000000000
  0xda60	00 00 00 00 40 00 00 00 28 da 00 00 00 00 00 00 	0000@000(0000000
  0xda70	00 00 00 00 00 00 00 00 01 00 00 00 00 00 00 00 	0000000000000000
  0xda80	00 00 00 00 d0 10 01 00 a0 da 00 00 78 da 00 00 	000000000000x000
  0xda90	00 00 00 00 00 00 00 00 00 00 00 00 00 00 00 00 	0000000000000000
  0xdaa0	00 00 00 00 00 00 00 00 02 00 00 00 b8 da 00 00 	0000000000000000
  0xdab0	00 00 00 00 00 00 00 00 d0 da 00 00 50 da 00 00 	000000000000P000
  0xdac0	00 00 00 00 00 00 00 00 00 00 00 00 00 00 00 00 	0000000000000000
  0xdad0	d0 10 01 00 01 00 00 00 00 00 00 00 ff ff ff ff 	0000000000000000
  0xdae0	00 00 00 00 40 00 00 00 a0 da 00 00 00 00 00 00 	0000@00000000000
  0xdaf0	00 00 00 00 00 00 00 00 01 00 00 00 00 00 00 00 	0000000000000000
  0xdb00	00 00 00 00 a0 10 01 00 20 db 00 00 f8 da 00 00 	00000000 0000000
  0xdb10	00 00 00 00 00 00 00 00 00 00 00 00 00 00 00 00 	0000000000000000
  0xdb20	00 00 00 00 00 00 00 00 03 00 00 00 38 db 00 00 	0000000000008000
  0xdb30	00 00 00 00 00 00 00 00 58 db 00 00 d0 da 00 00 	00000000X0000000
  0xdb40	50 da 00 00 00 00 00 00 00 00 00 00 00 00 00 00 	P000000000000000
  0xdb50	00 00 00 00 00 00 00 00 a0 10 01 00 02 00 00 00 	0000000000000000
  0xdb60	00 00 00 00 ff ff ff ff 00 00 00 00 40 00 00 00 	000000000000@000
  0xdb70	20 db 00 00 00 00 00 00 00 00 00 00 00 00 00 00 	 000000000000000
  0xdb80	45 54 57 30 10 00 00 01 86 0e 04 88 2b 05 8a bb 	ETW000000000+000
  0xdb90	06 0b 02 00 00 00 00 00 00 00 00 00 2a 01 00 46 	000000000000*00F
  0xdba0	61 6c 6c 62 61 63 6b 45 72 72 6f 72 00 50 61 72 	allbackError0Par
  0xdbb0	74 41 5f 50 72 69 76 54 61 67 73 00 0a 77 69 6c 	tA_PrivTags00wil
  0xdbc0	52 65 73 75 6c 74 00 98 11 68 72 65 73 75 6c 74 	Result000hresult
  0xdbd0	00 08 66 69 6c 65 4e 61 6d 65 00 02 6c 69 6e 65 	00fileName00line
  0xdbe0	4e 75 6d 62 65 72 00 08 6d 6f 64 75 6c 65 00 02 	Number00module00
  0xdbf0	66 61 69 6c 75 72 65 54 79 70 65 00 08 6d 65 73 	failureType00mes
  0xdc00	73 61 67 65 00 01 74 68 72 65 61 64 49 64 00 08 	sage00threadId00
  0xdc10	63 61 6c 6c 43 6f 6e 74 65 78 74 00 02 6f 72 69 	callContext00ori
  0xdc20	67 69 6e 61 74 69 6e 67 43 6f 6e 74 65 78 74 49 	ginatingContextI
  0xdc30	64 00 08 6f 72 69 67 69 6e 61 74 69 6e 67 43 6f 	d00originatingCo
  0xdc40	6e 74 65 78 74 4e 61 6d 65 00 02 6f 72 69 67 69 	ntextName00origi
  0xdc50	6e 61 74 69 6e 67 43 6f 6e 74 65 78 74 4d 65 73 	natingContextMes
  0xdc60	73 61 67 65 00 01 63 75 72 72 65 6e 74 43 6f 6e 	sage00currentCon
  0xdc70	74 65 78 74 49 64 00 08 63 75 72 72 65 6e 74 43 	textId00currentC
  0xdc80	6f 6e 74 65 78 74 4e 61 6d 65 00 02 63 75 72 72 	ontextName00curr
  0xdc90	65 6e 74 43 6f 6e 74 65 78 74 4d 65 73 73 61 67 	entContextMessag
  0xdca0	65 00 01 66 61 69 6c 75 72 65 49 64 00 08 66 61 	e00failureId00fa
  0xdcb0	69 6c 75 72 65 43 6f 75 6e 74 00 08 66 75 6e 63 	ilureCount00func
  0xdcc0	74 69 6f 6e 00 02 06 0b 02 00 00 00 00 00 00 20 	tion00000000000 
  0xdcd0	00 00 07 01 00 46 61 6c 6c 62 61 63 6b 45 72 72 	00000FallbackErr
  0xdce0	6f 72 00 50 61 72 74 41 5f 50 72 69 76 54 61 67 	or0PartA_PrivTag
  0xdcf0	73 00 0a 77 69 6c 52 65 73 75 6c 74 00 98 0e 68 	s00wilResult000h
  0xdd00	72 65 73 75 6c 74 00 08 66 69 6c 65 4e 61 6d 65 	result00fileName
  0xdd10	00 02 6c 69 6e 65 4e 75 6d 62 65 72 00 08 6d 6f 	00lineNumber00mo
  0xdd20	64 75 6c 65 00 02 66 61 69 6c 75 72 65 54 79 70 	dule00failureTyp
  0xdd30	65 00 08 6d 65 73 73 61 67 65 00 01 74 68 72 65 	e00message00thre
  0xdd40	61 64 49 64 00 08 63 61 6c 6c 43 6f 6e 74 65 78 	adId00callContex
  0xdd50	74 00 02 6f 72 69 67 69 6e 61 74 69 6e 67 43 6f 	t00originatingCo
  0xdd60	6e 74 65 78 74 49 64 00 08 6f 72 69 67 69 6e 61 	ntextId00origina
  0xdd70	74 69 6e 67 43 6f 6e 74 65 78 74 4e 61 6d 65 00 	tingContextName0
  0xdd80	02 6f 72 69 67 69 6e 61 74 69 6e 67 43 6f 6e 74 	0originatingCont
  0xdd90	65 78 74 4d 65 73 73 61 67 65 00 01 63 75 72 72 	extMessage00curr
  0xdda0	65 6e 74 43 6f 6e 74 65 78 74 49 64 00 08 63 75 	entContextId00cu
  0xddb0	72 72 65 6e 74 43 6f 6e 74 65 78 74 4e 61 6d 65 	rrentContextName
  0xddc0	00 02 63 75 72 72 65 6e 74 43 6f 6e 74 65 78 74 	00currentContext
  0xddd0	4d 65 73 73 61 67 65 00 01 06 0b 05 00 00 00 00 	Message000000000
  0xdde0	00 00 40 00 00 38 00 00 4c 6f 67 4c 61 75 6e 63 	00@00800LogLaunc
  0xddf0	68 4d 69 73 73 69 6e 67 43 72 65 64 73 50 61 67 	hMissingCredsPag
  0xde00	65 00 69 73 53 68 65 6c 6c 45 78 65 63 75 74 65 	e0isShellExecute
  0xde10	45 78 57 50 72 65 73 65 6e 74 00 84 03 06 0b 05 	ExWPresent000000
  0xde20	00 00 00 00 00 00 40 00 00 2f 00 00 4c 6f 67 53 	000000@00/00LogS
  0xde30	75 70 70 72 65 73 73 4d 69 73 73 69 6e 67 43 72 	uppressMissingCr
  0xde40	65 64 73 57 6e 66 00 64 77 49 67 6e 6f 72 65 43 	edsWnf0dwIgnoreC
  0xde50	6f 75 6e 74 65 72 00 08 04 54 96 4c bf d1 66 20 	ounter000T0L00f 
  0xde60	57 7b 51 d2 ae 22 67 35 ea 3e 00 4d 69 63 72 6f 	W{Q00"g50>0Micro
  0xde70	73 6f 66 74 2e 57 69 6e 64 6f 77 73 2e 45 72 72 	soft.Windows.Err
  0xde80	6f 72 48 61 6e 64 6c 69 6e 67 2e 46 61 6c 6c 62 	orHandling.Fallb
  0xde90	61 63 6b 00 13 00 01 1a 73 50 4f cf 89 82 47 b3 	ack00000sPO000G0
  0xdea0	e0 dc e8 c9 04 76 ba 04 1f 24 04 4e f8 30 11 51 	00000v000$0N000Q
  0xdeb0	a0 4e df 3c 9c 86 74 33 34 00 4d 69 63 72 6f 73 	0N0<00t340Micros
  0xdec0	6f 66 74 2e 57 69 6e 64 6f 77 73 2e 53 65 63 75 	oft.Windows.Secu
  0xded0	72 69 74 79 2e 45 66 73 00 13 00 01 1a 73 50 4f 	rity.Efs00000sPO
  0xdee0	cf 89 82 47 b3 e0 dc e8 c9 04 76 ba 01 00 00 00 	000G000000v00000
  0xdef0	52 53 44 53 fd 49 62 eb 1c 1a aa c1 84 e1 b6 78 	RSDS0Ib00000000x
  0xdf00	2f 3f 00 9a 01 00 00 00 45 64 70 4e 6f 74 69 66 	/?000000EdpNotif
  0xdf10	79 2e 70 64 62 00 00 00 47 43 54 4c 00 10 00 00 	y.pdb000GCTL0000
  0xdf20	f0 06 00 00 2e 74 65 78 74 00 00 00 f0 16 00 00 	0000.text0000000
  0xdf30	e0 01 00 00 2e 74 65 78 74 24 64 69 00 00 00 00 	0000.text$di0000
  0xdf40	d0 18 00 00 70 88 00 00 2e 74 65 78 74 24 6d 6e 	0000p000.text$mn
  0xdf50	00 00 00 00 40 a1 00 00 12 00 00 00 2e 74 65 78 	0000@0000000.tex
  0xdf60	74 24 6d 6e 24 30 30 00 52 a1 00 00 de 01 00 00 	t$mn$000R0000000
  0xdf70	2e 74 65 78 74 24 78 00 30 a3 00 00 2b 01 00 00 	.text$x00000+000
  0xdf80	2e 74 65 78 74 24 79 64 00 00 00 00 00 b0 00 00 	.text$yd00000000
  0xdf90	04 00 00 00 2e 69 6d 72 73 69 76 00 00 c0 00 00 	0000.imrsiv00000
  0xdfa0	b8 05 00 00 2e 72 64 61 74 61 24 62 72 63 00 00 	0000.rdata$brc00
  0xdfb0	b8 c5 00 00 d0 04 00 00 2e 69 64 61 74 61 24 35 	00000000.idata$5
  0xdfc0	00 00 00 00 88 ca 00 00 10 00 00 00 2e 30 30 63 	000000000000.00c
  0xdfd0	66 67 00 00 98 ca 00 00 08 00 00 00 2e 43 52 54 	fg0000000000.CRT
  0xdfe0	24 58 43 41 00 00 00 00 a0 ca 00 00 08 00 00 00 	$XCA000000000000
  0xdff0	2e 43 52 54 24 58 43 41 41 00 00 00 a8 ca 00 00 	.CRT$XCAA0000000
  0xe000	48 00 00 00 2e 43 52 54 24 58 43 55 00 00 00 00 	H000.CRT$XCU0000
  0xe010	f0 ca 00 00 08 00 00 00 2e 43 52 54 24 58 43 5a 	00000000.CRT$XCZ
  0xe020	00 00 00 00 f8 ca 00 00 08 00 00 00 2e 43 52 54 	000000000000.CRT
  0xe030	24 58 49 41 00 00 00 00 00 cb 00 00 08 00 00 00 	$XIA000000000000
  0xe040	2e 43 52 54 24 58 49 41 41 00 00 00 08 cb 00 00 	.CRT$XIAA0000000
  0xe050	08 00 00 00 2e 43 52 54 24 58 49 41 43 00 00 00 	0000.CRT$XIAC000
  0xe060	10 cb 00 00 18 00 00 00 2e 43 52 54 24 58 49 43 	00000000.CRT$XIC
  0xe070	00 00 00 00 28 cb 00 00 08 00 00 00 2e 43 52 54 	0000(0000000.CRT
  0xe080	24 58 49 5a 00 00 00 00 30 cb 00 00 08 00 00 00 	$XIZ000000000000
  0xe090	2e 43 52 54 24 58 50 41 00 00 00 00 38 cb 00 00 	.CRT$XPA00008000
  0xe0a0	08 00 00 00 2e 43 52 54 24 58 50 5a 00 00 00 00 	0000.CRT$XPZ0000
  0xe0b0	40 cb 00 00 08 00 00 00 2e 43 52 54 24 58 54 41 	@0000000.CRT$XTA
  0xe0c0	00 00 00 00 48 cb 00 00 08 00 00 00 2e 43 52 54 	0000H0000000.CRT
  0xe0d0	24 58 54 5a 00 00 00 00 50 cb 00 00 0c 00 00 00 	$XTZ0000P0000000
  0xe0e0	2e 67 65 68 63 6f 6e 74 00 00 00 00 5c cb 00 00 	.gehcont00000000
  0xe0f0	a4 01 00 00 2e 67 66 69 64 73 00 00 00 cd 00 00 	0000.gfids000000
  0xe100	10 00 00 00 2e 67 69 61 74 73 00 00 10 cd 00 00 	0000.giats000000
  0xe110	78 0c 00 00 2e 72 64 61 74 61 00 00 88 d9 00 00 	x000.rdata000000
  0xe120	f8 01 00 00 2e 72 64 61 74 61 24 72 00 00 00 00 	0000.rdata$r0000
  0xe130	80 db 00 00 10 00 00 00 2e 72 64 61 74 61 24 7a 	00000000.rdata$z
  0xe140	45 54 57 30 00 00 00 00 90 db 00 00 c8 02 00 00 	ETW0000000000000
  0xe150	2e 72 64 61 74 61 24 7a 45 54 57 31 00 00 00 00 	.rdata$zETW10000
  0xe160	58 de 00 00 94 00 00 00 2e 72 64 61 74 61 24 7a 	X0000000.rdata$z
  0xe170	45 54 57 32 00 00 00 00 ec de 00 00 04 00 00 00 	ETW2000000000000
  0xe180	2e 72 64 61 74 61 24 7a 45 54 57 39 00 00 00 00 	.rdata$zETW90000
  0xe190	f0 de 00 00 e8 04 00 00 2e 72 64 61 74 61 24 7a 	00000000.rdata$z
  0xe1a0	7a 7a 64 62 67 00 00 00 d8 e3 00 00 08 00 00 00 	zzdbg00000000000
  0xe1b0	2e 72 74 63 24 49 41 41 00 00 00 00 e0 e3 00 00 	.rtc$IAA00000000
  0xe1c0	08 00 00 00 2e 72 74 63 24 49 5a 5a 00 00 00 00 	0000.rtc$IZZ0000
  0xe1d0	e8 e3 00 00 08 00 00 00 2e 72 74 63 24 54 41 41 	00000000.rtc$TAA
  0xe1e0	00 00 00 00 f0 e3 00 00 08 00 00 00 2e 72 74 63 	000000000000.rtc
  0xe1f0	24 54 5a 5a 00 00 00 00 f8 e3 00 00 60 08 00 00 	$TZZ00000000`000
  0xe200	2e 78 64 61 74 61 00 00 58 ec 00 00 50 01 00 00 	.xdata00X000P000
  0xe210	2e 78 64 61 74 61 24 78 00 00 00 00 a8 ed 00 00 	.xdata$x00000000
  0xe220	08 00 00 00 6d 69 6e 41 54 4c 24 5f 5f 61 00 00 	0000minATL$__a00
  0xe230	b0 ed 00 00 08 00 00 00 6d 69 6e 41 54 4c 24 5f 	00000000minATL$_
  0xe240	5f 66 00 00 b8 ed 00 00 08 00 00 00 6d 69 6e 41 	_f0000000000minA
  0xe250	54 4c 24 5f 5f 6d 00 00 c0 ed 00 00 08 00 00 00 	TL$__m0000000000
  0xe260	6d 69 6e 41 54 4c 24 5f 5f 7a 00 00 c8 ed 00 00 	minATL$__z000000
  0xe270	60 00 00 00 2e 64 69 64 61 74 24 32 00 00 00 00 	`000.didat$20000
  0xe280	28 ee 00 00 20 00 00 00 2e 64 69 64 61 74 24 33 	(000 000.didat$3
  0xe290	00 00 00 00 48 ee 00 00 68 00 00 00 2e 64 69 64 	0000H000h000.did
  0xe2a0	61 74 24 34 00 00 00 00 b0 ee 00 00 c0 00 00 00 	at$4000000000000
  0xe2b0	2e 64 69 64 61 74 24 36 00 00 00 00 70 ef 00 00 	.didat$60000p000
  0xe2c0	68 00 00 00 2e 64 69 64 61 74 24 37 00 00 00 00 	h000.didat$70000
  0xe2d0	d8 ef 00 00 44 02 00 00 2e 69 64 61 74 61 24 32 	0000D000.idata$2
  0xe2e0	00 00 00 00 1c f2 00 00 14 00 00 00 2e 69 64 61 	000000000000.ida
  0xe2f0	74 61 24 33 00 00 00 00 30 f2 00 00 d0 04 00 00 	ta$3000000000000
  0xe300	2e 69 64 61 74 61 24 34 00 00 00 00 00 f7 00 00 	.idata$400000000
  0xe310	72 0e 00 00 2e 69 64 61 74 61 24 36 00 00 00 00 	r000.idata$60000
  0xe320	00 10 01 00 80 00 00 00 2e 64 61 74 61 24 62 72 	00000000.data$br
  0xe330	63 00 00 00 80 10 01 00 d0 00 00 00 2e 64 61 74 	c00000000000.dat
  0xe340	61 24 72 24 62 72 63 00 50 11 01 00 30 00 00 00 	a$r$brc0P0000000
  0xe350	2e 64 61 74 61 00 00 00 80 11 01 00 18 09 00 00 	.data00000000000
  0xe360	2e 62 73 73 00 00 00 00 00 20 01 00 ac 08 00 00 	.bss00000 000000
  0xe370	2e 70 64 61 74 61 00 00 00 30 01 00 68 00 00 00 	.pdata000000h000
  0xe380	2e 64 69 64 61 74 24 35 00 00 00 00 00 40 01 00 	.didat$500000@00
  0xe390	60 00 00 00 2e 72 73 72 63 24 30 31 00 00 00 00 	`000.rsrc$010000
  0xe3a0	60 40 01 00 c0 03 00 00 2e 72 73 72 63 24 30 32 	`@000000.rsrc$02
  0xe3b0	00 00 00 00 20 00 00 00 fd 49 62 eb 1c 1a aa c1 	0000 0000Ib00000
  0xe3c0	84 e1 b6 78 2f 3f 00 9a 94 e8 14 1d 50 77 de 6e 	000x/?000000Pw0n
  0xe3d0	b0 b5 b8 10 3c 05 6e 70 00 00 00 00 00 00 00 00 	0000<0np00000000
  0xe3e0	00 00 00 00 00 00 00 00 00 00 00 00 00 00 00 00 	0000000000000000
  0xe3f0	00 00 00 00 00 00 00 00 01 18 0a 00 18 64 0a 00 	0000000000000d00
  0xe400	18 54 09 00 18 34 08 00 18 32 14 f0 12 e0 10 70 	0T0004000200000p
  0xe410	01 17 08 00 17 54 0b 00 17 34 0a 00 17 52 13 e0 	00000T0004000R00
  0xe420	11 70 10 60 01 1c 0c 00 1c 64 0e 00 1c 54 0d 00 	0p0`00000d000T00
  0xe430	1c 34 0c 00 1c 52 18 f0 16 e0 14 d0 12 c0 10 70 	04000R000000000p
  0xe440	01 04 01 00 04 42 00 00 01 12 07 00 12 64 19 00 	00000B0000000d00
  0xe450	12 34 18 00 12 01 16 00 0b 70 00 00 01 0a 04 00 	040000000p000000
  0xe460	0a 34 0c 00 0a 92 06 70 01 06 02 00 06 32 02 30 	0400000p00000200
  0xe470	01 0a 04 00 0a 34 06 00 0a 32 06 70 01 1d 0c 00 	00000400020p0000
  0xe480	1d 74 0b 00 1d 64 0a 00 1d 54 09 00 1d 34 08 00 	0t000d000T000400
  0xe490	1d 32 19 f0 17 e0 15 d0 01 0f 06 00 0f 64 07 00 	0200000000000d00
  0xe4a0	0f 34 06 00 0f 32 0b 70 01 19 0a 00 19 e4 0b 00 	0400020p00000000
  0xe4b0	19 74 0a 00 19 64 09 00 19 34 08 00 19 52 15 f0 	0t000d0004000R00
  0xe4c0	01 14 08 00 14 64 08 00 14 54 07 00 14 34 06 00 	00000d000T000400
  0xe4d0	14 32 10 70 01 15 09 00 15 a2 11 f0 0f e0 0d d0 	020p000000000000
  0xe4e0	0b c0 09 70 08 60 07 50 06 30 00 00 01 12 08 00 	000p0`0P00000000
  0xe4f0	12 54 0a 00 12 34 08 00 12 32 0e e0 0c 70 0b 60 	0T00040002000p0`
  0xe500	19 1f 08 00 10 34 16 00 10 d2 0c f0 0a e0 08 70 	000004000000000p
  0xe510	07 60 06 50 3c 9f 00 00 60 00 00 00 01 04 01 00 	0`0P<000`0000000
  0xe520	04 82 00 00 01 04 01 00 04 62 00 00 01 12 05 00 	000000000b000000
  0xe530	12 42 0e 70 0d 60 0c 50 0b 30 00 00 01 11 04 00 	0B0p0`0P00000000
  0xe540	11 32 0d 70 0c 60 0b 30 19 25 09 00 13 34 53 00 	020p0`000%0004S0
  0xe550	13 01 4a 00 0c f0 0a e0 08 70 07 60 06 50 00 00 	00J000000p0`0P00
  0xe560	3c 9f 00 00 40 02 00 00 19 21 07 00 0f 34 31 00 	<000@0000!000410
  0xe570	0f 01 2a 00 08 70 07 60 06 50 00 00 3c 9f 00 00 	00*00p0`0P00<000
  0xe580	40 01 00 00 01 12 04 00 12 52 0e 70 0d 60 0c 30 	@00000000R0p0`00
  0xe590	01 1c 0c 00 1c 64 0d 00 1c 54 0c 00 1c 34 0b 00 	00000d000T000400
  0xe5a0	1c 32 18 f0 16 e0 14 d0 12 c0 10 70 19 21 03 00 	02000000000p0!00
  0xe5b0	0f 01 86 02 02 30 00 00 3c 9f 00 00 20 14 00 00 	00000000<000 000
  0xe5c0	01 07 02 00 07 01 1f 00 01 11 09 00 11 c2 0d f0 	0000000000000000
  0xe5d0	0b e0 09 d0 07 c0 05 70 04 60 03 50 02 30 00 00 	0000000p0`0P0000
  0xe5e0	01 09 03 00 09 01 18 00 02 30 00 00 19 22 04 00 	0000000000000"00
  0xe5f0	10 01 a5 02 03 70 02 30 3c 9f 00 00 10 15 00 00 	00000p00<0000000
  0xe600	01 04 01 00 04 a2 00 00 01 06 02 00 06 92 02 30 	0000000000000000
  0xe610	01 14 08 00 14 64 0e 00 14 54 0d 00 14 34 0c 00 	00000d000T000400
  0xe620	14 92 10 70 01 19 0a 00 19 74 0f 00 19 64 0e 00 	000p00000t000d00
  0xe630	19 54 0d 00 19 34 0c 00 19 92 15 e0 19 04 01 00 	0T00040000000000
  0xe640	04 42 00 00 62 9a 00 00 4c e6 00 00 60 51 e6 00 	0B00b000L000`Q00
  0xe650	00 00 00 00 19 2b 0b 00 19 54 52 00 19 34 51 00 	00000+000TR004Q0
  0xe660	19 01 4a 00 12 f0 10 e0 0e c0 0c 70 0b 60 00 00 	00J00000000p0`00
  0xe670	3c 9f 00 00 40 02 00 00 01 0a 04 00 0a 64 06 00 	<000@00000000d00
  0xe680	0a 32 06 70 19 33 0b 00 22 74 51 00 22 64 4f 00 	020p0300"tQ0"dO0
  0xe690	22 34 4e 00 22 01 4a 00 14 f0 12 e0 10 50 00 00 	"4N0"0J000000P00
  0xe6a0	3c 9f 00 00 40 02 00 00 01 1c 0c 00 1c 64 0c 00 	<000@00000000d00
  0xe6b0	1c 54 0b 00 1c 34 0a 00 1c 32 18 f0 16 e0 14 d0 	0T00040002000000
  0xe6c0	12 c0 10 70 01 1d 0c 00 1d 74 0b 00 1d 64 0a 00 	000p00000t000d00
  0xe6d0	1d 54 09 00 1d 34 08 00 1d 32 19 f0 17 e0 15 c0 	0T00040002000000
  0xe6e0	01 19 0a 00 19 74 09 00 19 64 08 00 19 54 07 00 	00000t000d000T00
  0xe6f0	19 34 06 00 19 32 15 e0 01 06 02 00 06 72 02 30 	0400020000000r00
  0xe700	01 0f 03 00 0f 01 20 00 04 50 00 00 01 0f 03 00 	000000 00P000000
  0xe710	0f 01 24 00 04 50 00 00 19 1e 06 00 0f 64 0d 00 	00$00P0000000d00
  0xe720	0f 34 0c 00 0f 72 0b 70 3c 9f 00 00 30 00 00 00 	04000r0p<0000000
  0xe730	01 10 06 00 10 64 07 00 10 34 06 00 10 32 0c 70 	00000d000400020p
  0xe740	01 07 02 00 07 01 17 00 01 15 06 00 15 64 0a 00 	0000000000000d00
  0xe750	15 34 09 00 15 52 11 e0 19 2a 0b 00 1c 34 2a 00 	04000R000*0004*0
  0xe760	1c 01 22 00 10 f0 0e e0 0c d0 0a c0 08 70 07 60 	00"0000000000p0`
  0xe770	06 50 00 00 4c a0 00 00 80 e7 00 00 0a 01 00 00 	0P00L00000000000
  0xe780	28 89 e7 00 00 ec e7 00 00 1e 0a 38 74 00 00 b0 	(00000000008t000
  0xe790	32 38 74 00 00 01 02 3a 38 74 00 00 01 03 3a 38 	28t0000:8t0000:8
  0xe7a0	74 00 00 81 02 3a 38 74 00 00 61 02 3a 38 74 00 	t0000:8t00a0:8t0
  0xe7b0	00 41 02 3a 38 74 00 00 e1 02 3a 38 74 00 00 f0 	0A0:8t0000:8t000
  0xe7c0	32 38 74 00 00 c1 02 3a 38 74 00 00 90 32 38 74 	28t0000:8t00028t
  0xe7d0	00 00 a0 32 38 74 00 00 e0 32 38 74 00 00 d0 32 	00028t00028t0002
  0xe7e0	38 74 00 00 c0 32 f4 5c 00 00 a1 02 40 5d 02 02 	8t0002000000@]00
  0xe7f0	6d 02 04 da 06 68 08 8c 0a 7d 02 0c 6d 05 0e 48 	m0000h000}00m00H
  0xe800	14 15 05 16 fc 18 82 1a 7e 1c 82 1e c0 1c 58 1a 	00000000~00000X0
  0xe810	3a 18 3a 16 42 14 6e 1a 3a 18 3a 16 3a 14 74 12 	:0:0B0n0:0:0:0t0
  0xe820	36 10 3a 0e 36 0c 36 0a 36 08 6a 06 36 04 36 02 	60:0606060j06060
  0xe830	3a 00 00 00 01 10 03 00 10 e2 09 30 08 50 00 00 	:000000000000P00
  0xe840	11 1f 0b 00 1f e4 1b 00 1f 74 1a 00 1f 64 19 00 	000000000t000d00
  0xe850	1f 34 18 00 1f 01 16 00 14 50 00 00 62 9a 00 00 	040000000P00b000
  0xe860	64 e8 00 00 28 6d e8 00 00 7a e8 00 00 04 0a 94 	d000(m000z000000
  0xe870	4e 00 00 50 32 94 4e 00 00 60 02 cd 03 04 00 00 	N00P20N00`000000
  0xe880	19 14 08 00 14 64 08 00 14 54 07 00 14 34 06 00 	00000d000T000400
  0xe890	14 32 10 70 62 9a 00 00 4c e6 00 00 19 32 0b 00 	020pb000L0000200
  0xe8a0	21 64 59 00 21 34 58 00 21 01 50 00 12 f0 10 e0 	!dY0!4X0!0P00000
  0xe8b0	0e c0 0c 70 0b 50 00 00 4c a0 00 00 c4 e8 00 00 	000p0P00L0000000
  0xe8c0	72 02 00 00 28 cd e8 00 00 da e8 00 00 04 0a c8 	r000(00000000000
  0xe8d0	79 00 00 90 32 cc 4d 00 00 a0 04 95 06 00 e0 04 	y00020M000000000
  0xe8e0	19 28 09 00 1a 64 31 00 1a 34 30 00 1a 01 2a 00 	0(000d10040000*0
  0xe8f0	0e e0 0c 70 0b 50 00 00 3c 9f 00 00 40 01 00 00 	000p0P00<000@000
  0xe900	19 28 09 00 1a 64 37 00 1a 34 36 00 1a 01 30 00 	0(000d7004600000
  0xe910	0e f0 0c 70 0b 50 00 00 3c 9f 00 00 70 01 00 00 	000p0P00<000p000
  0xe920	19 15 02 00 06 d2 02 30 3c 9f 00 00 68 00 00 00 	00000000<000h000
  0xe930	19 0a 04 00 0a 34 07 00 0a 32 06 70 62 9a 00 00 	00000400020pb000
  0xe940	44 e9 00 00 60 49 e9 00 00 02 a0 00 11 14 05 00 	D000`I0000000000
  0xe950	14 a2 0d 70 0c 60 0b 30 0a 50 00 00 62 9a 00 00 	000p0`000P00b000
  0xe960	64 e9 00 00 28 6d e9 00 00 82 e9 00 00 06 0a 38 	d000(m0000000008
  0xe970	74 00 00 60 32 44 83 00 00 61 02 3a 38 74 00 00 	t00`2D000a0:8t00
  0xe980	01 02 0c 4e 00 ea 04 5d 04 06 fc 04 3c 02 38 00 	000N000]0000<080
  0xe990	11 14 05 00 14 a2 0d 70 0c 60 0b 30 0a 50 00 00 	0000000p0`000P00
  0xe9a0	62 9a 00 00 a8 e9 00 00 28 6d e9 00 00 b1 e9 00 	b0000000(m000000
  0xe9b0	00 0c 4e 00 ea 04 55 04 06 fc 04 3c 02 38 00 00 	00N000U0000<0800
  0xe9c0	19 0a 04 00 0a 34 06 00 0a 32 06 70 62 9a 00 00 	00000400020pb000
  0xe9d0	d4 e9 00 00 60 d9 e9 00 00 02 a2 00 19 0a 04 00 	0000`00000000000
  0xe9e0	0a 34 06 00 0a 32 06 70 62 9a 00 00 f0 e9 00 00 	0400020pb0000000
  0xe9f0	60 f5 e9 00 00 02 56 00 19 31 09 00 23 74 19 00 	`00000V00100#t00
  0xea00	1f 64 18 00 1b 34 17 00 0f 01 14 00 04 50 00 00 	0d00040000000P00
  0xea10	c4 9f 00 00 08 d9 00 00 9a 00 00 00 ff ff ff ff 	0000000000000000
  0xea20	6e 9a 00 00 ff ff ff ff 00 00 00 00 ff ff ff ff 	n000000000000000
  0xea30	00 00 00 00 ff ff ff ff 00 00 00 00 ff ff ff ff 	0000000000000000
  0xea40	00 00 00 00 ff ff ff ff 00 00 00 00 ff ff ff ff 	0000000000000000
  0xea50	00 00 00 00 ff ff ff ff 00 00 00 00 ff ff ff ff 	0000000000000000
  0xea60	00 00 00 00 ff ff ff ff 00 00 00 00 ff ff ff ff 	0000000000000000
  0xea70	00 00 00 00 ff ff ff ff 00 00 00 00 ff ff ff ff 	0000000000000000
  0xea80	00 00 00 00 ff ff ff ff 00 00 00 00 ff ff ff ff 	0000000000000000
  0xea90	00 00 00 00 ff ff ff ff 00 00 00 00 ff ff ff ff 	0000000000000000
  0xeaa0	00 00 00 00 ff ff ff ff 00 00 00 00 00 00 00 00 	0000000000000000
  0xeab0	e0 86 00 00 ff ff ff ff 14 87 00 00 00 00 00 00 	0000000000000000
  0xeac0	1a 87 00 00 ff ff ff ff 6d 87 00 00 00 00 00 00 	00000000m0000000
  0xead0	71 87 00 00 ff ff ff ff 73 89 00 00 00 00 00 00 	q0000000s0000000
  0xeae0	9f 89 00 00 ff ff ff ff 09 0a 04 00 0a 34 08 00 	0000000000000400
  0xeaf0	0a 52 06 70 a8 9b 00 00 02 00 00 00 d4 8b 00 00 	0R0p000000000000
  0xeb00	d8 8c 00 00 d2 a2 00 00 d8 8c 00 00 07 8d 00 00 	0000000000000000
  0xeb10	19 8d 00 00 d2 a2 00 00 d8 8c 00 00 01 06 02 00 	0000000000000000
  0xeb20	06 32 02 50 00 00 00 00 01 00 00 00 19 0d 01 00 	020P000000000000
  0xeb30	04 62 00 00 b4 9b 00 00 10 cd 00 00 ff ff ff ff 	0b00000000000000
  0xeb40	00 00 00 00 ff ff ff ff 00 00 00 00 00 00 00 00 	0000000000000000
  0xeb50	00 00 00 00 01 00 00 00 01 00 00 00 60 eb 00 00 	000000000000`000
  0xeb60	40 00 00 00 00 00 00 00 00 00 00 00 f6 a2 00 00 	@000000000000000
  0xeb70	38 00 00 00 00 00 00 00 a1 8d 00 00 00 00 00 00 	8000000000000000
  0xeb80	19 0a 02 00 0a 32 06 50 b4 9b 00 00 10 cd 00 00 	0000020P00000000
  0xeb90	09 04 01 00 04 22 00 00 a8 9b 00 00 01 00 00 00 	00000"0000000000
  0xeba0	07 8f 00 00 91 8f 00 00 17 a3 00 00 91 8f 00 00 	0000000000000000
  0xebb0	01 02 01 00 02 50 00 00 01 09 01 00 09 62 00 00 	00000P0000000b00
  0xebc0	01 08 04 00 08 72 04 70 03 60 02 30 01 0d 04 00 	00000r0p0`000000
  0xebd0	0d 34 09 00 0d 32 06 50 01 07 02 00 07 01 13 00 	0400020P00000000
  0xebe0	01 15 05 00 15 34 ba 00 15 01 b8 00 06 50 00 00 	0000040000000P00
  0xebf0	01 0f 06 00 0f 64 06 00 0f 34 05 00 0f 12 0b 70 	00000d000400000p
  0xec00	01 00 00 00 01 14 08 00 14 64 0a 00 14 54 09 00 	000000000d000T00
  0xec10	14 34 08 00 14 52 10 70 01 14 08 00 14 64 0c 00 	04000R0p00000d00
  0xec20	14 54 0b 00 14 34 0a 00 14 72 10 70 01 18 01 00 	0T0004000r0p0000
  0xec30	18 c2 00 00 01 18 01 00 18 c2 00 00 01 18 01 00 	0000000000000000
  0xec40	18 c2 00 00 01 02 01 00 02 30 00 00 00 00 00 00 	0000000000000000
  0xec50	01 04 01 00 04 12 00 00 00 00 00 00 78 99 00 00 	000000000000x000
  0xec60	00 00 00 00 78 ec 00 00 00 00 00 00 00 00 00 00 	0000x00000000000
  0xec70	00 00 00 00 00 00 00 00 02 00 00 00 90 ec 00 00 	0000000000000000
  0xec80	60 ed 00 00 00 00 00 00 00 00 00 00 00 00 00 00 	`000000000000000
  0xec90	10 00 00 00 d0 10 01 00 00 00 00 00 ff ff ff ff 	0000000000000000
  0xeca0	00 00 00 00 18 00 00 00 a8 98 00 00 00 00 00 00 	0000000000000000
  0xecb0	00 00 00 00 00 00 00 00 00 00 00 00 78 99 00 00 	000000000000x000
  0xecc0	00 00 00 00 d8 ec 00 00 00 00 00 00 00 00 00 00 	0000000000000000
  0xecd0	00 00 00 00 00 00 00 00 03 00 00 00 f8 ec 00 00 	0000000000000000
  0xece0	90 ec 00 00 60 ed 00 00 00 00 00 00 00 00 00 00 	0000`00000000000
  0xecf0	00 00 00 00 00 00 00 00 00 00 00 00 a0 10 01 00 	0000000000000000
  0xed00	00 00 00 00 ff ff ff ff 00 00 00 00 18 00 00 00 	0000000000000000
  0xed10	10 99 00 00 00 00 00 00 00 00 00 00 00 00 00 00 	0000000000000000
  0xed20	02 00 00 00 38 ed 00 00 60 ed 00 00 00 00 00 00 	00008000`0000000
  0xed30	00 00 00 00 00 00 00 00 00 00 00 00 f8 10 01 00 	0000000000000000
  0xed40	00 00 00 00 ff ff ff ff 00 00 00 00 c8 00 00 00 	0000000000000000
  0xed50	5c 44 00 00 00 00 00 00 00 00 00 00 00 00 00 00 	0D00000000000000
  0xed60	00 00 00 00 28 11 01 00 00 00 00 00 ff ff ff ff 	0000(00000000000
  0xed70	00 00 00 00 18 00 00 00 64 34 00 00 00 00 00 00 	00000000d4000000
  0xed80	00 00 00 00 00 00 00 00 00 00 00 00 2c 43 00 00 	000000000000,C00
  0xed90	00 00 00 00 20 ed 00 00 00 00 00 00 00 00 00 00 	0000 00000000000
  0xeda0	00 00 00 00 00 00 00 00 00 00 00 00 00 00 00 00 	0000000000000000
  0xedb0	a0 c1 00 40 01 00 00 00 00 00 00 00 00 00 00 00 	000@000000000000
  0xedc0	00 00 00 00 00 00 00 00 01 00 00 00 50 cd 00 00 	000000000000P000
  0xedd0	78 17 01 00 00 30 01 00 48 ee 00 00 70 ef 00 00 	x0000000H000p000
  0xede0	00 00 00 00 00 00 00 00 01 00 00 00 80 cd 00 00 	0000000000000000
  0xedf0	80 17 01 00 48 30 01 00 90 ee 00 00 b8 ef 00 00 	0000H00000000000
  0xee00	00 00 00 00 00 00 00 00 01 00 00 00 b0 ce 00 00 	0000000000000000
  0xee10	90 17 01 00 58 30 01 00 a0 ee 00 00 c8 ef 00 00 	0000X00000000000
  0xee20	00 00 00 00 00 00 00 00 00 00 00 00 00 00 00 00 	0000000000000000
  0xee30	00 00 00 00 00 00 00 00 00 00 00 00 00 00 00 00 	0000000000000000
  0xee40	00 00 00 00 00 00 00 00 b0 ee 00 00 00 00 00 00 	0000000000000000
  0xee50	30 ef 00 00 00 00 00 00 c2 ee 00 00 00 00 00 00 	0000000000000000
  0xee60	d6 ee 00 00 00 00 00 00 e8 ee 00 00 00 00 00 00 	0000000000000000
  0xee70	fc ee 00 00 00 00 00 00 0c ef 00 00 00 00 00 00 	0000000000000000
  0xee80	1e ef 00 00 00 00 00 00 00 00 00 00 00 00 00 00 	0000000000000000
  0xee90	3e ef 00 00 00 00 00 00 00 00 00 00 00 00 00 00 	>000000000000000
  0xeea0	5a ef 00 00 00 00 00 00 00 00 00 00 00 00 00 00 	Z000000000000000
  0xeeb0	41 00 50 6f 73 74 51 75 69 74 4d 65 73 73 61 67 	A0PostQuitMessag
  0xeec0	65 00 60 00 54 72 61 6e 73 6c 61 74 65 4d 65 73 	e0`0TranslateMes
  0xeed0	73 61 67 65 00 00 46 00 52 65 67 69 73 74 65 72 	sage00F0Register
  0xeee0	43 6c 61 73 73 57 00 00 0b 00 44 69 73 70 61 74 	ClassW0000Dispat
  0xeef0	63 68 4d 65 73 73 61 67 65 57 00 00 4c 00 53 65 	chMessageW00L0Se
  0xef00	6e 64 4d 65 73 73 61 67 65 57 00 00 07 00 43 72 	ndMessageW0000Cr
  0xef10	65 61 74 65 57 69 6e 64 6f 77 45 78 57 00 08 00 	eateWindowExW000
  0xef20	44 65 66 57 69 6e 64 6f 77 50 72 6f 63 57 00 00 	DefWindowProcW00
  0xef30	23 00 47 65 74 4d 65 73 73 61 67 65 57 00 0a 00 	#0GetMessageW000
  0xef40	46 56 45 5f 4c 61 75 6e 63 68 43 6f 6e 73 65 6e 	FVE_LaunchConsen
  0xef50	74 50 72 6f 6d 70 74 55 49 00 0d 00 53 68 65 6c 	tPromptUI000Shel
  0xef60	6c 45 78 65 63 75 74 65 45 78 57 00 00 00 00 00 	lExecuteExW00000
  0xef70	00 00 00 00 00 00 00 00 00 00 00 00 00 00 00 00 	0000000000000000
  0xef80	00 00 00 00 00 00 00 00 00 00 00 00 00 00 00 00 	0000000000000000
  0xef90	00 00 00 00 00 00 00 00 00 00 00 00 00 00 00 00 	0000000000000000
  0xefa0	00 00 00 00 00 00 00 00 00 00 00 00 00 00 00 00 	0000000000000000
  0xefb0	00 00 00 00 00 00 00 00 00 00 00 00 00 00 00 00 	0000000000000000
  0xefc0	00 00 00 00 00 00 00 00 00 00 00 00 00 00 00 00 	0000000000000000
  0xefd0	00 00 00 00 00 00 00 00 a0 f6 00 00 00 00 00 00 	0000000000000000
  0xefe0	00 00 00 00 52 f7 00 00 28 ca 00 00 80 f5 00 00 	0000R000(0000000
  0xeff0	00 00 00 00 00 00 00 00 4a fa 00 00 08 c9 00 00 	00000000J0000000
  0xf000	c8 f6 00 00 00 00 00 00 00 00 00 00 6c fa 00 00 	000000000000l000
  0xf010	50 ca 00 00 40 f2 00 00 00 00 00 00 00 00 00 00 	P000@00000000000
  0xf020	58 01 01 00 c8 c5 00 00 a0 f4 00 00 00 00 00 00 	X000000000000000
  0xf030	00 00 00 00 78 01 01 00 28 c8 00 00 48 f5 00 00 	0000x000(000H000
  0xf040	00 00 00 00 00 00 00 00 9a 01 01 00 d0 c8 00 00 	0000000000000000
  0xf050	e8 f4 00 00 00 00 00 00 00 00 00 00 c2 01 01 00 	0000000000000000
  0xf060	70 c8 00 00 18 f5 00 00 00 00 00 00 00 00 00 00 	p000000000000000
  0xf070	e2 01 01 00 a0 c8 00 00 00 f5 00 00 00 00 00 00 	0000000000000000
  0xf080	00 00 00 00 04 02 01 00 88 c8 00 00 d0 f2 00 00 	0000000000000000
  0xf090	00 00 00 00 00 00 00 00 2c 02 01 00 58 c6 00 00 	00000000,000X000
  0xf0a0	30 f4 00 00 00 00 00 00 00 00 00 00 56 02 01 00 	000000000000V000
  0xf0b0	b8 c7 00 00 40 f3 00 00 00 00 00 00 00 00 00 00 	0000@00000000000
  0xf0c0	78 02 01 00 c8 c6 00 00 10 f3 00 00 00 00 00 00 	x000000000000000
  0xf0d0	00 00 00 00 a2 02 01 00 98 c6 00 00 d8 f6 00 00 	0000000000000000
  0xf0e0	00 00 00 00 00 00 00 00 c2 02 01 00 60 ca 00 00 	000000000000`000
  0xf0f0	c8 f3 00 00 00 00 00 00 00 00 00 00 ea 02 01 00 	0000000000000000
  0xf100	50 c7 00 00 78 f3 00 00 00 00 00 00 00 00 00 00 	P000x00000000000
  0xf110	0e 03 01 00 00 c7 00 00 68 f3 00 00 00 00 00 00 	00000000h0000000
  0xf120	00 00 00 00 38 03 01 00 f0 c6 00 00 90 f2 00 00 	0000800000000000
  0xf130	00 00 00 00 00 00 00 00 60 03 01 00 18 c6 00 00 	00000000`0000000
  0xf140	00 f3 00 00 00 00 00 00 00 00 00 00 82 03 01 00 	0000000000000000
  0xf150	88 c6 00 00 c0 f4 00 00 00 00 00 00 00 00 00 00 	0000000000000000
  0xf160	a4 03 01 00 48 c8 00 00 00 f4 00 00 00 00 00 00 	0000H00000000000
  0xf170	00 00 00 00 c8 03 01 00 88 c7 00 00 10 f4 00 00 	0000000000000000
  0xf180	00 00 00 00 00 00 00 00 ec 03 01 00 98 c7 00 00 	0000000000000000
  0xf190	a8 f3 00 00 00 00 00 00 00 00 00 00 12 04 01 00 	0000000000000000
  0xf1a0	30 c7 00 00 b8 f3 00 00 00 00 00 00 00 00 00 00 	0000000000000000
  0xf1b0	3c 04 01 00 40 c7 00 00 30 f3 00 00 00 00 00 00 	<000@00000000000
  0xf1c0	00 00 00 00 60 04 01 00 b8 c6 00 00 d8 f4 00 00 	0000`00000000000
  0xf1d0	00 00 00 00 00 00 00 00 88 04 01 00 60 c8 00 00 	000000000000`000
  0xf1e0	30 f2 00 00 00 00 00 00 00 00 00 00 f8 04 01 00 	0000000000000000
  0xf1f0	b8 c5 00 00 c0 f2 00 00 00 00 00 00 00 00 00 00 	0000000000000000
  0xf200	1c 05 01 00 48 c6 00 00 b0 f2 00 00 00 00 00 00 	0000H00000000000
  0xf210	00 00 00 00 42 05 01 00 38 c6 00 00 00 00 00 00 	0000B00080000000
  0xf220	00 00 00 00 00 00 00 00 00 00 00 00 00 00 00 00 	0000000000000000
  0xf230	ac 04 01 00 00 00 00 00 00 00 00 00 00 00 00 00 	0000000000000000
  0xf240	80 fb 00 00 00 00 00 00 2c fd 00 00 00 00 00 00 	00000000,0000000
  0xf250	e6 fd 00 00 00 00 00 00 84 fd 00 00 00 00 00 00 	0000000000000000
  0xf260	68 fd 00 00 00 00 00 00 74 fc 00 00 00 00 00 00 	h0000000t0000000
  0xf270	8e fa 00 00 00 00 00 00 a6 fa 00 00 00 00 00 00 	0000000000000000
  0xf280	34 fb 00 00 00 00 00 00 00 00 00 00 00 00 00 00 	4000000000000000
  0xf290	d2 ff 00 00 00 00 00 00 e0 ff 00 00 00 00 00 00 	0000000000000000
  0xf2a0	74 fe 00 00 00 00 00 00 00 00 00 00 00 00 00 00 	t000000000000000
  0xf2b0	e0 04 01 00 00 00 00 00 00 00 00 00 00 00 00 00 	0000000000000000
  0xf2c0	c8 04 01 00 00 00 00 00 00 00 00 00 00 00 00 00 	0000000000000000
  0xf2d0	52 00 01 00 00 00 00 00 f4 fe 00 00 00 00 00 00 	R000000000000000
  0xf2e0	36 00 01 00 00 00 00 00 0a fd 00 00 00 00 00 00 	6000000000000000
  0xf2f0	98 fb 00 00 00 00 00 00 00 00 00 00 00 00 00 00 	0000000000000000
  0xf300	e6 fe 00 00 00 00 00 00 00 00 00 00 00 00 00 00 	0000000000000000
  0xf310	06 ff 00 00 00 00 00 00 fe fc 00 00 00 00 00 00 	0000000000000000
  0xf320	5c ff 00 00 00 00 00 00 00 00 00 00 00 00 00 00 	0000000000000000
  0xf330	ce 00 01 00 00 00 00 00 00 00 00 00 00 00 00 00 	0000000000000000
  0xf340	22 ff 00 00 00 00 00 00 b8 fc 00 00 00 00 00 00 	"000000000000000
  0xf350	84 ff 00 00 00 00 00 00 52 fd 00 00 00 00 00 00 	00000000R0000000
  0xf360	00 00 00 00 00 00 00 00 62 fe 00 00 00 00 00 00 	00000000b0000000
  0xf370	00 00 00 00 00 00 00 00 84 00 01 00 00 00 00 00 	0000000000000000
  0xf380	26 fe 00 00 00 00 00 00 70 00 01 00 00 00 00 00 	&0000000p0000000
  0xf390	e4 00 01 00 00 00 00 00 46 ff 00 00 00 00 00 00 	00000000F0000000
  0xf3a0	00 00 00 00 00 00 00 00 98 00 01 00 00 00 00 00 	0000000000000000
  0xf3b0	00 00 00 00 00 00 00 00 b4 00 01 00 00 00 00 00 	0000000000000000
  0xf3c0	00 00 00 00 00 00 00 00 0c 01 01 00 00 00 00 00 	0000000000000000
  0xf3d0	1e 01 01 00 00 00 00 00 98 ff 00 00 00 00 00 00 	0000000000000000
  0xf3e0	b6 fd 00 00 00 00 00 00 8a fe 00 00 00 00 00 00 	0000000000000000
  0xf3f0	f6 00 01 00 00 00 00 00 00 00 00 00 00 00 00 00 	0000000000000000
  0xf400	c0 ff 00 00 00 00 00 00 00 00 00 00 00 00 00 00 	0000000000000000
  0xf410	08 00 01 00 00 00 00 00 f4 ff 00 00 00 00 00 00 	0000000000000000
  0xf420	22 00 01 00 00 00 00 00 00 00 00 00 00 00 00 00 	"000000000000000
  0xf430	3e fd 00 00 00 00 00 00 1a fd 00 00 00 00 00 00 	>000000000000000
  0xf440	34 ff 00 00 00 00 00 00 3c fe 00 00 00 00 00 00 	40000000<0000000
  0xf450	e8 fc 00 00 00 00 00 00 d4 fe 00 00 00 00 00 00 	0000000000000000
  0xf460	9c fe 00 00 00 00 00 00 bc fe 00 00 00 00 00 00 	0000000000000000
  0xf470	5c fc 00 00 00 00 00 00 04 fc 00 00 00 00 00 00 	0000000000000000
  0xf480	d4 fb 00 00 00 00 00 00 ba fb 00 00 00 00 00 00 	0000000000000000
  0xf490	10 fe 00 00 00 00 00 00 00 00 00 00 00 00 00 00 	0000000000000000
  0xf4a0	c0 fa 00 00 00 00 00 00 ce fc 00 00 00 00 00 00 	0000000000000000
  0xf4b0	a8 fe 00 00 00 00 00 00 00 00 00 00 00 00 00 00 	0000000000000000
  0xf4c0	a6 ff 00 00 00 00 00 00 30 01 01 00 00 00 00 00 	0000000000000000
  0xf4d0	00 00 00 00 00 00 00 00 40 01 01 00 00 00 00 00 	00000000@0000000
  0xf4e0	00 00 00 00 00 00 00 00 24 fb 00 00 00 00 00 00 	00000000$0000000
  0xf4f0	30 fc 00 00 00 00 00 00 00 00 00 00 00 00 00 00 	0000000000000000
  0xf500	6c fb 00 00 00 00 00 00 1c fc 00 00 00 00 00 00 	l000000000000000
  0xf510	00 00 00 00 00 00 00 00 a8 fb 00 00 00 00 00 00 	0000000000000000
  0xf520	4c fb 00 00 00 00 00 00 f6 fd 00 00 00 00 00 00 	L000000000000000
  0xf530	8a fc 00 00 00 00 00 00 9a fc 00 00 00 00 00 00 	0000000000000000
  0xf540	00 00 00 00 00 00 00 00 40 fc 00 00 00 00 00 00 	00000000@0000000
  0xf550	ee fb 00 00 00 00 00 00 0c fb 00 00 00 00 00 00 	0000000000000000
  0xf560	ec fa 00 00 00 00 00 00 d6 fa 00 00 00 00 00 00 	0000000000000000
  0xf570	c6 fd 00 00 00 00 00 00 00 00 00 00 00 00 00 00 	0000000000000000
  0xf580	74 f8 00 00 00 00 00 00 86 f8 00 00 00 00 00 00 	t000000000000000
  0xf590	92 f8 00 00 00 00 00 00 9e f8 00 00 00 00 00 00 	0000000000000000
  0xf5a0	c2 f8 00 00 00 00 00 00 e0 f8 00 00 00 00 00 00 	0000000000000000
  0xf5b0	02 f9 00 00 00 00 00 00 22 f9 00 00 00 00 00 00 	00000000"0000000
  0xf5c0	32 f9 00 00 00 00 00 00 52 f9 00 00 00 00 00 00 	20000000R0000000
  0xf5d0	68 f9 00 00 00 00 00 00 7c f9 00 00 00 00 00 00 	h0000000|0000000
  0xf5e0	8c f9 00 00 00 00 00 00 68 05 01 00 00 00 00 00 	00000000h0000000
  0xf5f0	5a f8 00 00 00 00 00 00 a0 f9 00 00 00 00 00 00 	Z000000000000000
  0xf600	ae f9 00 00 00 00 00 00 be f9 00 00 00 00 00 00 	0000000000000000
  0xf610	c8 f9 00 00 00 00 00 00 d2 f9 00 00 00 00 00 00 	0000000000000000
  0xf620	de f9 00 00 00 00 00 00 ee f9 00 00 00 00 00 00 	0000000000000000
  0xf630	fc f9 00 00 00 00 00 00 14 fa 00 00 00 00 00 00 	0000000000000000
  0xf640	34 fa 00 00 00 00 00 00 40 f8 00 00 00 00 00 00 	40000000@0000000
  0xf650	34 f8 00 00 00 00 00 00 24 f8 00 00 00 00 00 00 	40000000$0000000
  0xf660	06 f8 00 00 00 00 00 00 e6 f7 00 00 00 00 00 00 	0000000000000000
  0xf670	c8 f7 00 00 00 00 00 00 ae f7 00 00 00 00 00 00 	0000000000000000
  0xf680	9c f7 00 00 00 00 00 00 8a f7 00 00 00 00 00 00 	0000000000000000
  0xf690	74 f7 00 00 00 00 00 00 00 00 00 00 00 00 00 00 	t000000000000000
  0xf6a0	1a f7 00 00 00 00 00 00 24 f7 00 00 00 00 00 00 	00000000$0000000
  0xf6b0	0c f7 00 00 00 00 00 00 00 f7 00 00 00 00 00 00 	0000000000000000
  0xf6c0	00 00 00 00 00 00 00 00 2a fa 00 00 00 00 00 00 	00000000*0000000
  0xf6d0	00 00 00 00 00 00 00 00 4c fe 00 00 00 00 00 00 	00000000L0000000
  0xf6e0	12 ff 00 00 00 00 00 00 6e ff 00 00 00 00 00 00 	00000000n0000000
  0xf6f0	a4 fd 00 00 00 00 00 00 00 00 00 00 00 00 00 00 	0000000000000000
  0xf700	36 00 5f 69 6e 69 74 74 65 72 6d 00 37 00 5f 69 	60_initterm070_i
  0xf710	6e 69 74 74 65 72 6d 5f 65 00 15 00 5f 63 5f 65 	nitterm_e000_c_e
  0xf720	78 69 74 00 3d 00 5f 72 65 67 69 73 74 65 72 5f 	xit0=0_register_
  0xf730	74 68 72 65 61 64 5f 6c 6f 63 61 6c 5f 65 78 65 	thread_local_exe
  0xf740	5f 61 74 65 78 69 74 5f 63 61 6c 6c 62 61 63 6b 	_atexit_callback
  0xf750	00 00 61 70 69 2d 6d 73 2d 77 69 6e 2d 63 72 74 	00api-ms-win-crt
  0xf760	2d 72 75 6e 74 69 6d 65 2d 6c 31 2d 31 2d 30 2e 	-runtime-l1-1-0.
  0xf770	64 6c 6c 00 13 00 5f 5f 43 78 78 46 72 61 6d 65 	dll000__CxxFrame
  0xf780	48 61 6e 64 6c 65 72 34 00 00 2a 00 5f 5f 73 74 	Handler400*0__st
  0xf790	64 5f 74 65 72 6d 69 6e 61 74 65 00 53 00 5f 6f 	d_terminate0S0_o
  0xf7a0	5f 5f 5f 70 5f 5f 63 6f 6d 6d 6f 64 65 00 5e 00 	___p__commode0^0
  0xf7b0	5f 6f 5f 5f 5f 73 74 64 5f 65 78 63 65 70 74 69 	_o___std_excepti
  0xf7c0	6f 6e 5f 63 6f 70 79 00 5f 00 5f 6f 5f 5f 5f 73 	on_copy0_0_o___s
  0xf7d0	74 64 5f 65 78 63 65 70 74 69 6f 6e 5f 64 65 73 	td_exception_des
  0xf7e0	74 72 6f 79 00 00 6a 00 5f 6f 5f 5f 5f 73 74 64 	troy00j0_o___std
  0xf7f0	69 6f 5f 63 6f 6d 6d 6f 6e 5f 76 73 6e 70 72 69 	io_common_vsnpri
  0xf800	6e 74 66 5f 73 00 70 00 5f 6f 5f 5f 5f 73 74 64 	ntf_s0p0_o___std
  0xf810	69 6f 5f 63 6f 6d 6d 6f 6e 5f 76 73 77 70 72 69 	io_common_vswpri
  0xf820	6e 74 66 00 91 00 5f 6f 5f 5f 63 61 6c 6c 6e 65 	ntf000_o__callne
  0xf830	77 68 00 00 93 00 5f 6f 5f 5f 63 65 78 69 74 00 	wh0000_o__cexit0
  0xf840	9f 00 5f 6f 5f 5f 63 6f 6e 66 69 67 74 68 72 65 	00_o__configthre
  0xf850	61 64 6c 6f 63 61 6c 65 00 00 a1 00 5f 6f 5f 5f 	adlocale0000_o__
  0xf860	63 6f 6e 66 69 67 75 72 65 5f 77 69 64 65 5f 61 	configure_wide_a
  0xf870	72 67 76 00 a7 00 5f 6f 5f 5f 63 72 74 5f 61 74 	rgv000_o__crt_at
  0xf880	65 78 69 74 00 00 c0 00 5f 6f 5f 5f 65 72 72 6e 	exit0000_o__errn
  0xf890	6f 00 c7 00 5f 6f 5f 5f 65 78 69 74 00 00 19 01 	o000_o__exit0000
  0xf8a0	5f 6f 5f 5f 67 65 74 5f 77 69 64 65 5f 77 69 6e 	_o__get_wide_win
  0xf8b0	6d 61 69 6e 5f 63 6f 6d 6d 61 6e 64 5f 6c 69 6e 	main_command_lin
  0xf8c0	65 00 3d 01 5f 6f 5f 5f 69 6e 69 74 69 61 6c 69 	e0=0_o__initiali
  0xf8d0	7a 65 5f 6f 6e 65 78 69 74 5f 74 61 62 6c 65 00 	ze_onexit_table0
  0xf8e0	3e 01 5f 6f 5f 5f 69 6e 69 74 69 61 6c 69 7a 65 	>0_o__initialize
  0xf8f0	5f 77 69 64 65 5f 65 6e 76 69 72 6f 6e 6d 65 6e 	_wide_environmen
  0xf900	74 00 3f 01 5f 6f 5f 5f 69 6e 76 61 6c 69 64 5f 	t0?0_o__invalid_
  0xf910	70 61 72 61 6d 65 74 65 72 5f 6e 6f 69 6e 66 6f 	parameter_noinfo
  0xf920	00 00 43 02 5f 6f 5f 5f 70 75 72 65 63 61 6c 6c 	00C0_o__purecall
  0xf930	00 00 51 02 5f 6f 5f 5f 72 65 67 69 73 74 65 72 	00Q0_o__register
  0xf940	5f 6f 6e 65 78 69 74 5f 66 75 6e 63 74 69 6f 6e 	_onexit_function
  0xf950	00 00 5a 02 5f 6f 5f 5f 73 65 68 5f 66 69 6c 74 	00Z0_o__seh_filt
  0xf960	65 72 5f 65 78 65 00 00 5c 02 5f 6f 5f 5f 73 65 	er_exe0000_o__se
  0xf970	74 5f 61 70 70 5f 74 79 70 65 00 00 5f 02 5f 6f 	t_app_type00_0_o
  0xf980	5f 5f 73 65 74 5f 66 6d 6f 64 65 00 62 02 5f 6f 	__set_fmode0b0_o
  0xf990	5f 5f 73 65 74 5f 6e 65 77 5f 6d 6f 64 65 00 00 	__set_new_mode00
  0xf9a0	cd 02 5f 6f 5f 5f 77 63 73 69 63 6d 70 00 d7 02 	00_o__wcsicmp000
  0xf9b0	5f 6f 5f 5f 77 63 73 6e 69 63 6d 70 00 00 6d 03 	_o__wcsnicmp00m0
  0xf9c0	5f 6f 5f 65 78 69 74 00 8c 03 5f 6f 5f 66 72 65 	_o_exit000_o_fre
  0xf9d0	65 00 d7 03 5f 6f 5f 6d 61 6c 6c 6f 63 00 35 04 	e000_o_malloc050
  0xf9e0	5f 6f 5f 74 65 72 6d 69 6e 61 74 65 00 00 4f 04 	_o_terminate00O0
  0xf9f0	5f 6f 5f 77 63 73 74 6f 6b 5f 73 00 0c 00 5f 5f 	_o_wcstok_s000__
  0xfa00	43 5f 73 70 65 63 69 66 69 63 5f 68 61 6e 64 6c 	C_specific_handl
  0xfa10	65 72 00 00 12 00 5f 5f 43 78 78 46 72 61 6d 65 	er0000__CxxFrame
  0xfa20	48 61 6e 64 6c 65 72 33 00 00 83 00 6d 65 6d 73 	Handler30000mems
  0xfa30	65 74 00 00 01 00 5f 43 78 78 54 68 72 6f 77 45 	et0000_CxxThrowE
  0xfa40	78 63 65 70 74 69 6f 6e 00 00 61 70 69 2d 6d 73 	xception00api-ms
  0xfa50	2d 77 69 6e 2d 63 72 74 2d 70 72 69 76 61 74 65 	-win-crt-private
  0xfa60	2d 6c 31 2d 31 2d 30 2e 64 6c 6c 00 61 70 69 2d 	-l1-1-0.dll0api-
  0xfa70	6d 73 2d 77 69 6e 2d 63 72 74 2d 73 74 72 69 6e 	ms-win-crt-strin
  0xfa80	67 2d 6c 31 2d 31 2d 30 2e 64 6c 6c 00 00 03 00 	g-l1-1-0.dll0000
  0xfa90	43 6f 41 64 64 52 65 66 53 65 72 76 65 72 50 72 	CoAddRefServerPr
  0xfaa0	6f 63 65 73 73 00 39 00 43 6f 52 65 6c 65 61 73 	ocess090CoReleas
  0xfab0	65 53 65 72 76 65 72 50 72 6f 63 65 73 73 00 00 	eServerProcess00
  0xfac0	15 00 49 6e 69 74 4f 6e 63 65 45 78 65 63 75 74 	00InitOnceExecut
  0xfad0	65 4f 6e 63 65 00 0a 00 57 69 6e 64 6f 77 73 43 	eOnce000WindowsC
  0xfae0	72 65 61 74 65 53 74 72 69 6e 67 00 17 00 57 69 	reateString000Wi
  0xfaf0	6e 64 6f 77 73 53 74 72 69 6e 67 48 61 73 45 6d 	ndowsStringHasEm
  0xfb00	62 65 64 64 65 64 4e 75 6c 6c 00 00 13 00 57 69 	beddedNull0000Wi
  0xfb10	6e 64 6f 77 73 49 73 53 74 72 69 6e 67 45 6d 70 	ndowsIsStringEmp
  0xfb20	74 79 00 00 04 00 45 6e 63 6f 64 65 50 6f 69 6e 	ty0000EncodePoin
  0xfb30	74 65 72 00 34 00 43 6f 52 65 67 69 73 74 65 72 	ter040CoRegister
  0xfb40	43 6c 61 73 73 4f 62 6a 65 63 74 00 04 00 52 6f 	ClassObject000Ro
  0xfb50	52 65 67 69 73 74 65 72 41 63 74 69 76 61 74 69 	RegisterActivati
  0xfb60	6f 6e 46 61 63 74 6f 72 69 65 73 00 0a 00 52 6f 	onFactories000Ro
  0xfb70	4f 72 69 67 69 6e 61 74 65 45 72 72 6f 72 57 00 	OriginateErrorW0
  0xfb80	3a 00 43 6f 52 65 73 75 6d 65 43 6c 61 73 73 4f 	:0CoResumeClassO
  0xfb90	62 6a 65 63 74 73 00 00 05 00 47 65 74 4c 61 73 	bjects0000GetLas
  0xfba0	74 45 72 72 6f 72 00 00 07 00 52 6f 55 6e 69 6e 	tError0000RoUnin
  0xfbb0	69 74 69 61 6c 69 7a 65 00 00 24 00 52 65 6c 65 	itialize00$0Rele
  0xfbc0	61 73 65 53 52 57 4c 6f 63 6b 45 78 63 6c 75 73 	aseSRWLockExclus
  0xfbd0	69 76 65 00 00 00 41 63 71 75 69 72 65 53 52 57 	ive000AcquireSRW
  0xfbe0	4c 6f 63 6b 45 78 63 6c 75 73 69 76 65 00 0c 00 	LockExclusive000
  0xfbf0	57 69 6e 64 6f 77 73 44 65 6c 65 74 65 53 74 72 	WindowsDeleteStr
  0xfc00	69 6e 67 00 25 00 52 65 6c 65 61 73 65 53 52 57 	ing0%0ReleaseSRW
  0xfc10	4c 6f 63 6b 53 68 61 72 65 64 00 00 09 00 52 6f 	LockShared0000Ro
  0xfc20	4f 72 69 67 69 6e 61 74 65 45 72 72 6f 72 00 00 	OriginateError00
  0xfc30	01 00 44 65 63 6f 64 65 50 6f 69 6e 74 65 72 00 	00DecodePointer0
  0xfc40	10 00 57 69 6e 64 6f 77 73 47 65 74 53 74 72 69 	00WindowsGetStri
  0xfc50	6e 67 52 61 77 42 75 66 66 65 72 00 01 00 41 63 	ngRawBuffer000Ac
  0xfc60	71 75 69 72 65 53 52 57 4c 6f 63 6b 53 68 61 72 	quireSRWLockShar
  0xfc70	65 64 00 00 3c 00 43 6f 52 65 76 6f 6b 65 43 6c 	ed00<0CoRevokeCl
  0xfc80	61 73 73 4f 62 6a 65 63 74 00 03 00 52 6f 49 6e 	assObject000RoIn
  0xfc90	69 74 69 61 6c 69 7a 65 00 00 06 00 52 6f 52 65 	itialize0000RoRe
  0xfca0	76 6f 6b 65 41 63 74 69 76 61 74 69 6f 6e 46 61 	vokeActivationFa
  0xfcb0	63 74 6f 72 69 65 73 00 0f 00 47 65 74 4d 6f 64 	ctories000GetMod
  0xfcc0	75 6c 65 46 69 6c 65 4e 61 6d 65 41 00 00 13 00 	uleFileNameA0000
  0xfcd0	49 6e 69 74 4f 6e 63 65 42 65 67 69 6e 49 6e 69 	InitOnceBeginIni
  0xfce0	74 69 61 6c 69 7a 65 00 0b 00 43 72 65 61 74 65 	tialize000Create
  0xfcf0	53 65 6d 61 70 68 6f 72 65 45 78 57 00 00 06 00 	SemaphoreExW0000
  0xfd00	48 65 61 70 46 72 65 65 00 00 0d 00 53 65 74 4c 	HeapFree0000SetL
  0xfd10	61 73 74 45 72 72 6f 72 00 00 05 00 43 72 65 61 	astError0000Crea
  0xfd20	74 65 45 76 65 6e 74 45 78 57 00 00 42 00 43 6f 	teEventExW00B0Co
  0xfd30	54 61 73 6b 4d 65 6d 41 6c 6c 6f 63 00 00 26 00 	TaskMemAlloc00&0
  0xfd40	52 65 6c 65 61 73 65 53 65 6d 61 70 68 6f 72 65 	ReleaseSemaphore
  0xfd50	00 00 13 00 47 65 74 4d 6f 64 75 6c 65 48 61 6e 	0000GetModuleHan
  0xfd60	64 6c 65 45 78 57 00 00 49 00 43 6f 57 61 69 74 	dleExW00I0CoWait
  0xfd70	46 6f 72 4d 75 6c 74 69 70 6c 65 48 61 6e 64 6c 	ForMultipleHandl
  0xfd80	65 73 00 00 07 00 43 6f 43 72 65 61 74 65 46 72 	es0000CoCreateFr
  0xfd90	65 65 54 68 72 65 61 64 65 64 4d 61 72 73 68 61 	eeThreadedMarsha
  0xfda0	6c 65 72 00 05 00 45 76 65 6e 74 55 6e 72 65 67 	ler000EventUnreg
  0xfdb0	69 73 74 65 72 00 14 00 52 65 67 47 65 74 56 61 	ister000RegGetVa
  0xfdc0	6c 75 65 57 00 00 0b 00 57 69 6e 64 6f 77 73 43 	lueW0000WindowsC
  0xfdd0	72 65 61 74 65 53 74 72 69 6e 67 52 65 66 65 72 	reateStringRefer
  0xfde0	65 6e 63 65 00 00 43 00 43 6f 54 61 73 6b 4d 65 	ence00C0CoTaskMe
  0xfdf0	6d 46 72 65 65 00 01 00 52 6f 47 65 74 41 63 74 	mFree000RoGetAct
  0xfe00	69 76 61 74 69 6f 6e 46 61 63 74 6f 72 79 00 00 	ivationFactory00
  0xfe10	36 00 57 61 69 74 46 6f 72 53 69 6e 67 6c 65 4f 	60WaitForSingleO
  0xfe20	62 6a 65 63 74 00 11 00 47 65 74 43 75 72 72 65 	bject000GetCurre
  0xfe30	6e 74 54 68 72 65 61 64 49 64 00 00 23 00 52 65 	ntThreadId00#0Re
  0xfe40	6c 65 61 73 65 4d 75 74 65 78 00 00 04 00 45 76 	leaseMutex0000Ev
  0xfe50	65 6e 74 53 65 74 49 6e 66 6f 72 6d 61 74 69 6f 	entSetInformatio
  0xfe60	6e 00 09 00 46 6f 72 6d 61 74 4d 65 73 73 61 67 	n000FormatMessag
  0xfe70	65 57 00 00 07 00 4f 75 74 70 75 74 44 65 62 75 	eW0000OutputDebu
  0xfe80	67 53 74 72 69 6e 67 57 00 00 03 00 52 65 67 43 	gStringW0000RegC
  0xfe90	72 65 61 74 65 4b 65 79 45 78 57 00 29 00 53 65 	reateKeyExW0)0Se
  0xfea0	74 45 76 65 6e 74 00 00 14 00 49 6e 69 74 4f 6e 	tEvent0000InitOn
  0xfeb0	63 65 43 6f 6d 70 6c 65 74 65 00 00 37 00 57 61 	ceComplete0070Wa
  0xfec0	69 74 46 6f 72 53 69 6e 67 6c 65 4f 62 6a 65 63 	itForSingleObjec
  0xfed0	74 45 78 00 21 00 4f 70 65 6e 53 65 6d 61 70 68 	tEx0!0OpenSemaph
  0xfee0	6f 72 65 57 00 00 00 00 43 6c 6f 73 65 48 61 6e 	oreW0000CloseHan
  0xfef0	64 6c 65 00 07 00 52 61 69 73 65 45 78 63 65 70 	dle000RaiseExcep
  0xff00	74 69 6f 6e 00 00 02 00 48 65 61 70 41 6c 6c 6f 	tion0000HeapAllo
  0xff10	63 00 03 00 45 76 65 6e 74 52 65 67 69 73 74 65 	c000EventRegiste
  0xff20	72 00 15 00 47 65 74 50 72 6f 63 41 64 64 72 65 	r000GetProcAddre
  0xff30	73 73 00 00 09 00 43 72 65 61 74 65 4d 75 74 65 	ss0000CreateMute
  0xff40	78 45 78 57 00 00 0d 00 47 65 74 43 75 72 72 65 	xExW0000GetCurre
  0xff50	6e 74 50 72 6f 63 65 73 73 49 64 00 00 00 47 65 	ntProcessId000Ge
  0xff60	74 50 72 6f 63 65 73 73 48 65 61 70 00 00 09 00 	tProcessHeap0000
  0xff70	45 76 65 6e 74 57 72 69 74 65 54 72 61 6e 73 66 	EventWriteTransf
  0xff80	65 72 00 00 14 00 47 65 74 4d 6f 64 75 6c 65 48 	er0000GetModuleH
  0xff90	61 6e 64 6c 65 57 00 00 00 00 52 65 67 43 6c 6f 	andleW0000RegClo
  0xffa0	73 65 4b 65 79 00 16 00 47 65 74 53 79 73 74 65 	seKey000GetSyste
  0xffb0	6d 54 69 6d 65 41 73 46 69 6c 65 54 69 6d 65 00 	mTimeAsFileTime0
  0xffc0	2c 00 52 65 67 53 65 74 4b 65 79 56 61 6c 75 65 	,0RegSetKeyValue
  0xffd0	57 00 04 00 44 65 62 75 67 42 72 65 61 6b 00 00 	W000DebugBreak00
  0xffe0	05 00 49 73 44 65 62 75 67 67 65 72 50 72 65 73 	00IsDebuggerPres
  0xfff0	65 6e 74 00 02 00 52 74 6c 43 61 70 74 75 72 65 	ent000RtlCapture
  0x10000	43 6f 6e 74 65 78 74 00 0a 00 52 74 6c 4c 6f 6f 	Context000RtlLoo
  0x10010	6b 75 70 46 75 6e 63 74 69 6f 6e 45 6e 74 72 79 	kupFunctionEntry
  0x10020	00 00 10 00 52 74 6c 56 69 72 74 75 61 6c 55 6e 	0000RtlVirtualUn
  0x10030	77 69 6e 64 00 00 11 00 55 6e 68 61 6e 64 6c 65 	wind0000Unhandle
  0x10040	64 45 78 63 65 70 74 69 6f 6e 46 69 6c 74 65 72 	dExceptionFilter
  0x10050	00 00 0f 00 53 65 74 55 6e 68 61 6e 64 6c 65 64 	0000SetUnhandled
  0x10060	45 78 63 65 70 74 69 6f 6e 46 69 6c 74 65 72 00 	ExceptionFilter0
  0x10070	0c 00 47 65 74 43 75 72 72 65 6e 74 50 72 6f 63 	00GetCurrentProc
  0x10080	65 73 73 00 4f 00 54 65 72 6d 69 6e 61 74 65 50 	ess0O0TerminateP
  0x10090	72 6f 63 65 73 73 00 00 2f 00 49 73 50 72 6f 63 	rocess00/0IsProc
  0x100a0	65 73 73 6f 72 46 65 61 74 75 72 65 50 72 65 73 	essorFeaturePres
  0x100b0	65 6e 74 00 00 00 51 75 65 72 79 50 65 72 66 6f 	ent000QueryPerfo
  0x100c0	72 6d 61 6e 63 65 43 6f 75 6e 74 65 72 00 00 00 	rmanceCounter000
  0x100d0	49 6e 69 74 69 61 6c 69 7a 65 53 4c 69 73 74 48 	InitializeSListH
  0x100e0	65 61 64 00 20 00 47 65 74 53 74 61 72 74 75 70 	ead0 0GetStartup
  0x100f0	49 6e 66 6f 57 00 1c 00 52 65 67 4f 70 65 6e 43 	InfoW000RegOpenC
  0x10100	75 72 72 65 6e 74 55 73 65 72 00 00 0b 00 52 65 	urrentUser0000Re
  0x10110	67 44 65 6c 65 74 65 56 61 6c 75 65 57 00 2e 00 	gDeleteValueW0.0
  0x10120	52 65 67 53 65 74 56 61 6c 75 65 45 78 57 00 00 	RegSetValueExW00
  0x10130	13 00 47 65 74 53 79 73 74 65 6d 54 69 6d 65 00 	00GetSystemTime0
  0x10140	0a 00 53 79 73 74 65 6d 54 69 6d 65 54 6f 46 69 	00SystemTimeToFi
  0x10150	6c 65 54 69 6d 65 00 00 61 70 69 2d 6d 73 2d 77 	leTime00api-ms-w
  0x10160	69 6e 2d 63 6f 72 65 2d 63 6f 6d 2d 6c 31 2d 31 	in-core-com-l1-1
  0x10170	2d 30 2e 64 6c 6c 00 00 61 70 69 2d 6d 73 2d 77 	-0.dll00api-ms-w
  0x10180	69 6e 2d 63 6f 72 65 2d 73 79 6e 63 68 2d 6c 31 	in-core-synch-l1
  0x10190	2d 32 2d 30 2e 64 6c 6c 00 00 61 70 69 2d 6d 73 	-2-0.dll00api-ms
  0x101a0	2d 77 69 6e 2d 63 6f 72 65 2d 77 69 6e 72 74 2d 	-win-core-winrt-
  0x101b0	73 74 72 69 6e 67 2d 6c 31 2d 31 2d 30 2e 64 6c 	string-l1-1-0.dl
  0x101c0	6c 00 61 70 69 2d 6d 73 2d 77 69 6e 2d 63 6f 72 	l0api-ms-win-cor
  0x101d0	65 2d 75 74 69 6c 2d 6c 31 2d 31 2d 30 2e 64 6c 	e-util-l1-1-0.dl
  0x101e0	6c 00 61 70 69 2d 6d 73 2d 77 69 6e 2d 63 6f 72 	l0api-ms-win-cor
  0x101f0	65 2d 77 69 6e 72 74 2d 6c 31 2d 31 2d 30 2e 64 	e-winrt-l1-1-0.d
  0x10200	6c 6c 00 00 61 70 69 2d 6d 73 2d 77 69 6e 2d 63 	ll00api-ms-win-c
  0x10210	6f 72 65 2d 77 69 6e 72 74 2d 65 72 72 6f 72 2d 	ore-winrt-error-
  0x10220	6c 31 2d 31 2d 30 2e 64 6c 6c 00 00 61 70 69 2d 	l1-1-0.dll00api-
  0x10230	6d 73 2d 77 69 6e 2d 63 6f 72 65 2d 65 72 72 6f 	ms-win-core-erro
  0x10240	72 68 61 6e 64 6c 69 6e 67 2d 6c 31 2d 31 2d 30 	rhandling-l1-1-0
  0x10250	2e 64 6c 6c 00 00 61 70 69 2d 6d 73 2d 77 69 6e 	.dll00api-ms-win
  0x10260	2d 63 6f 72 65 2d 73 79 6e 63 68 2d 6c 31 2d 31 	-core-synch-l1-1
  0x10270	2d 30 2e 64 6c 6c 00 00 61 70 69 2d 6d 73 2d 77 	-0.dll00api-ms-w
  0x10280	69 6e 2d 63 6f 72 65 2d 6c 69 62 72 61 72 79 6c 	in-core-libraryl
  0x10290	6f 61 64 65 72 2d 6c 31 2d 32 2d 30 2e 64 6c 6c 	oader-l1-2-0.dll
  0x102a0	00 00 61 70 69 2d 6d 73 2d 77 69 6e 2d 63 6f 72 	00api-ms-win-cor
  0x102b0	65 2d 68 65 61 70 2d 6c 31 2d 31 2d 30 2e 64 6c 	e-heap-l1-1-0.dl
  0x102c0	6c 00 61 70 69 2d 6d 73 2d 77 69 6e 2d 65 76 65 	l0api-ms-win-eve
  0x102d0	6e 74 69 6e 67 2d 70 72 6f 76 69 64 65 72 2d 6c 	nting-provider-l
  0x102e0	31 2d 31 2d 30 2e 64 6c 6c 00 61 70 69 2d 6d 73 	1-1-0.dll0api-ms
  0x102f0	2d 77 69 6e 2d 63 6f 72 65 2d 72 65 67 69 73 74 	-win-core-regist
  0x10300	72 79 2d 6c 31 2d 31 2d 30 2e 64 6c 6c 00 61 70 	ry-l1-1-0.dll0ap
  0x10310	69 2d 6d 73 2d 77 69 6e 2d 63 6f 72 65 2d 70 72 	i-ms-win-core-pr
  0x10320	6f 63 65 73 73 74 68 72 65 61 64 73 2d 6c 31 2d 	ocessthreads-l1-
  0x10330	31 2d 30 2e 64 6c 6c 00 61 70 69 2d 6d 73 2d 77 	1-0.dll0api-ms-w
  0x10340	69 6e 2d 63 6f 72 65 2d 6c 6f 63 61 6c 69 7a 61 	in-core-localiza
  0x10350	74 69 6f 6e 2d 6c 31 2d 32 2d 30 2e 64 6c 6c 00 	tion-l1-2-0.dll0
  0x10360	61 70 69 2d 6d 73 2d 77 69 6e 2d 63 6f 72 65 2d 	api-ms-win-core-
  0x10370	64 65 62 75 67 2d 6c 31 2d 31 2d 30 2e 64 6c 6c 	debug-l1-1-0.dll
  0x10380	00 00 61 70 69 2d 6d 73 2d 77 69 6e 2d 63 6f 72 	00api-ms-win-cor
  0x10390	65 2d 68 61 6e 64 6c 65 2d 6c 31 2d 31 2d 30 2e 	e-handle-l1-1-0.
  0x103a0	64 6c 6c 00 61 70 69 2d 6d 73 2d 77 69 6e 2d 63 	dll0api-ms-win-c
  0x103b0	6f 72 65 2d 73 79 73 69 6e 66 6f 2d 6c 31 2d 31 	ore-sysinfo-l1-1
  0x103c0	2d 30 2e 64 6c 6c 00 00 61 70 69 2d 6d 73 2d 77 	-0.dll00api-ms-w
  0x103d0	69 6e 2d 63 6f 72 65 2d 72 65 67 69 73 74 72 79 	in-core-registry
  0x103e0	2d 6c 31 2d 31 2d 31 2e 64 6c 6c 00 61 70 69 2d 	-l1-1-1.dll0api-
  0x103f0	6d 73 2d 77 69 6e 2d 63 6f 72 65 2d 72 74 6c 73 	ms-win-core-rtls
  0x10400	75 70 70 6f 72 74 2d 6c 31 2d 31 2d 30 2e 64 6c 	upport-l1-1-0.dl
  0x10410	6c 00 61 70 69 2d 6d 73 2d 77 69 6e 2d 63 6f 72 	l0api-ms-win-cor
  0x10420	65 2d 70 72 6f 63 65 73 73 74 68 72 65 61 64 73 	e-processthreads
  0x10430	2d 6c 31 2d 31 2d 31 2e 64 6c 6c 00 61 70 69 2d 	-l1-1-1.dll0api-
  0x10440	6d 73 2d 77 69 6e 2d 63 6f 72 65 2d 70 72 6f 66 	ms-win-core-prof
  0x10450	69 6c 65 2d 6c 31 2d 31 2d 30 2e 64 6c 6c 00 00 	ile-l1-1-0.dll00
  0x10460	61 70 69 2d 6d 73 2d 77 69 6e 2d 63 6f 72 65 2d 	api-ms-win-core-
  0x10470	69 6e 74 65 72 6c 6f 63 6b 65 64 2d 6c 31 2d 31 	interlocked-l1-1
  0x10480	2d 30 2e 64 6c 6c 00 00 61 70 69 2d 6d 73 2d 77 	-0.dll00api-ms-w
  0x10490	69 6e 2d 63 6f 72 65 2d 74 69 6d 65 7a 6f 6e 65 	in-core-timezone
  0x104a0	2d 6c 31 2d 31 2d 30 2e 64 6c 6c 00 00 00 41 70 	-l1-1-0.dll000Ap
  0x104b0	69 53 65 74 51 75 65 72 79 41 70 69 53 65 74 50 	iSetQueryApiSetP
  0x104c0	72 65 73 65 6e 63 65 00 01 00 52 65 73 6f 6c 76 	resence000Resolv
  0x104d0	65 44 65 6c 61 79 4c 6f 61 64 65 64 41 50 49 00 	eDelayLoadedAPI0
  0x104e0	00 00 44 65 6c 61 79 4c 6f 61 64 46 61 69 6c 75 	00DelayLoadFailu
  0x104f0	72 65 48 6f 6f 6b 00 00 61 70 69 2d 6d 73 2d 77 	reHook00api-ms-w
  0x10500	69 6e 2d 63 6f 72 65 2d 61 70 69 71 75 65 72 79 	in-core-apiquery
  0x10510	2d 6c 31 2d 31 2d 30 2e 64 6c 6c 00 61 70 69 2d 	-l1-1-0.dll0api-
  0x10520	6d 73 2d 77 69 6e 2d 63 6f 72 65 2d 64 65 6c 61 	ms-win-core-dela
  0x10530	79 6c 6f 61 64 2d 6c 31 2d 31 2d 31 2e 64 6c 6c 	yload-l1-1-1.dll
  0x10540	00 00 61 70 69 2d 6d 73 2d 77 69 6e 2d 63 6f 72 	00api-ms-win-cor
  0x10550	65 2d 64 65 6c 61 79 6c 6f 61 64 2d 6c 31 2d 31 	e-delayload-l1-1
  0x10560	2d 30 2e 64 6c 6c 00 00 62 04 6d 65 6d 63 70 79 	-0.dll00b0memcpy
  0x10570	00 00 00 00 00 00 00 00 00 00 00 00 00 00 00 00 	0000000000000000
  0x10580	00 00 00 00 00 00 00 00 00 00 00 00 00 00 00 00 	0000000000000000
  0x10590	00 00 00 00 00 00 00 00 00 00 00 00 00 00 00 00 	0000000000000000
  0x105a0	00 00 00 00 00 00 00 00 00 00 00 00 00 00 00 00 	0000000000000000
  0x105b0	00 00 00 00 00 00 00 00 00 00 00 00 00 00 00 00 	0000000000000000
  0x105c0	00 00 00 00 00 00 00 00 00 00 00 00 00 00 00 00 	0000000000000000
  0x105d0	00 00 00 00 00 00 00 00 00 00 00 00 00 00 00 00 	0000000000000000
  0x105e0	00 00 00 00 00 00 00 00 00 00 00 00 00 00 00 00 	0000000000000000
  0x105f0	00 00 00 00 00 00 00 00 00 00 00 00 00 00 00 00 	0000000000000000
=== DATA BLOCK END ===

=== DATA BLOCK ADDRESS 0x11000 ===
  0x11000	00 00 00 00 00 00 00 00 69 de 00 40 01 00 00 00 	00000000i00@0000
  0x11010	00 00 00 00 00 00 00 00 00 00 00 00 00 00 00 00 	0000000000000000
  0x11020	00 00 00 00 00 00 00 00 00 00 00 00 00 00 00 00 	0000000000000000
  0x11030	00 00 00 00 00 00 00 00 00 00 00 00 00 00 00 00 	0000000000000000
  0x11040	b8 de 00 40 01 00 00 00 00 00 00 00 00 00 00 00 	000@000000000000
  0x11050	00 00 00 00 00 00 00 00 00 00 00 00 00 00 00 00 	0000000000000000
  0x11060	00 00 00 00 00 00 00 00 00 00 00 00 00 00 00 00 	0000000000000000
  0x11070	18 d2 00 40 01 00 00 00 00 00 00 00 00 00 00 00 	000@000000000000
  0x11080	18 c0 00 40 01 00 00 00 00 00 00 00 00 00 00 00 	000@000000000000
  0x11090	2e 3f 41 56 74 79 70 65 5f 69 6e 66 6f 40 40 00 	.?AVtype_info@@0
  0x110a0	18 c0 00 40 01 00 00 00 00 00 00 00 00 00 00 00 	000@000000000000
  0x110b0	2e 3f 41 56 62 61 64 5f 61 72 72 61 79 5f 6e 65 	.?AVbad_array_ne
  0x110c0	77 5f 6c 65 6e 67 74 68 40 73 74 64 40 40 00 00 	w_length@std@@00
  0x110d0	18 c0 00 40 01 00 00 00 00 00 00 00 00 00 00 00 	000@000000000000
  0x110e0	2e 3f 41 56 62 61 64 5f 61 6c 6c 6f 63 40 73 74 	.?AVbad_alloc@st
  0x110f0	64 40 40 00 00 00 00 00 18 c0 00 40 01 00 00 00 	d@@00000000@0000
  0x11100	00 00 00 00 00 00 00 00 2e 3f 41 56 52 65 73 75 	00000000.?AVResu
  0x11110	6c 74 45 78 63 65 70 74 69 6f 6e 40 77 69 6c 40 	ltException@wil@
  0x11120	40 00 00 00 00 00 00 00 18 c0 00 40 01 00 00 00 	@0000000000@0000
  0x11130	00 00 00 00 00 00 00 00 2e 3f 41 56 65 78 63 65 	00000000.?AVexce
  0x11140	70 74 69 6f 6e 40 73 74 64 40 40 00 00 00 00 00 	ption@std@@00000
  0x11150	32 a2 df 2d 99 2b 00 00 cd 5d 20 d2 66 d4 ff ff 	200-0+000] 0f000
  0x11160	01 00 00 00 02 00 00 00 2f 20 00 00 00 00 00 00 	00000000/ 000000
  0x11170	01 00 00 00 01 00 00 00 ff ff ff ff 01 01 01 00 	0000000000000000
  0x11180	00 00 00 00 00 00 00 00 00 00 00 00 00 00 00 00 	0000000000000000
  0x11190	00 00 00 00 00 00 00 00 00 00 00 00 00 00 00 00 	0000000000000000
  0x111a0	00 00 00 00 00 00 00 00 00 00 00 00 00 00 00 00 	0000000000000000
  0x111b0	00 00 00 00 00 00 00 00 00 00 00 00 00 00 00 00 	0000000000000000
  0x111c0	00 00 00 00 00 00 00 00 00 00 00 00 00 00 00 00 	0000000000000000
  0x111d0	00 00 00 00 00 00 00 00 00 00 00 00 00 00 00 00 	0000000000000000
  0x111e0	00 00 00 00 00 00 00 00 00 00 00 00 00 00 00 00 	0000000000000000
  0x111f0	00 00 00 00 00 00 00 00 00 00 00 00 00 00 00 00 	0000000000000000
=== DATA BLOCK END ===

=== DATA BLOCK ADDRESS 0x12000 ===
  0x12000	10 10 00 00 89 10 00 00 f8 e6 00 00 90 10 00 00 	0000000000000000
  0x12010	25 11 00 00 1c e5 00 00 2c 11 00 00 db 13 00 00 	%0000000,0000000
  0x12020	e0 e8 00 00 e4 13 00 00 e8 16 00 00 00 e9 00 00 	0000000000000000
  0x12030	f0 16 00 00 28 17 00 00 40 e4 00 00 70 18 00 00 	0000(000@000p000
  0x12040	c3 18 00 00 40 e7 00 00 20 19 00 00 65 1a 00 00 	0000@000 000e000
  0x12050	f8 e3 00 00 6c 1a 00 00 26 1c 00 00 10 e4 00 00 	0000l000&0000000
  0x12060	2c 1c 00 00 17 1e 00 00 24 e4 00 00 50 1e 00 00 	,0000000$000P000
  0x12070	84 1e 00 00 40 e4 00 00 8c 1e 00 00 6a 1f 00 00 	0000@0000000j000
  0x12080	48 e4 00 00 70 1f 00 00 8c 20 00 00 5c e4 00 00 	H000p0000 000000
  0x12090	a0 20 00 00 c2 20 00 00 40 e4 00 00 08 21 00 00 	0 000 00@0000!00
  0x120a0	6b 21 00 00 68 e4 00 00 90 21 00 00 d3 21 00 00 	k!00h0000!000!00
  0x120b0	70 e4 00 00 00 22 00 00 1b 22 00 00 40 e4 00 00 	p0000"000"00@000
  0x120c0	30 22 00 00 7b 23 00 00 7c e4 00 00 90 23 00 00 	0"00{#00|0000#00
  0x120d0	e6 23 00 00 98 e4 00 00 f0 23 00 00 ae 24 00 00 	0#0000000#000$00
  0x120e0	a8 e4 00 00 c0 24 00 00 24 25 00 00 68 e4 00 00 	00000$00$%00h000
  0x120f0	70 25 00 00 e9 25 00 00 68 e4 00 00 f0 25 00 00 	p%000%00h0000%00
  0x12100	41 26 00 00 70 e4 00 00 50 26 00 00 85 26 00 00 	A&00p000P&000&00
  0x12110	70 e4 00 00 90 26 00 00 bc 26 00 00 68 e4 00 00 	p0000&000&00h000
  0x12120	d0 26 00 00 be 27 00 00 c0 e4 00 00 c4 27 00 00 	0&000'0000000'00
  0x12130	73 2b 00 00 d4 e4 00 00 a0 2b 00 00 e9 2b 00 00 	s+0000000+000+00
  0x12140	40 e4 00 00 f0 2b 00 00 66 2c 00 00 68 e4 00 00 	@0000+00f,00h000
  0x12150	70 2c 00 00 fa 2c 00 00 70 e4 00 00 00 2d 00 00 	p,000,00p0000-00
  0x12160	5c 2d 00 00 68 e4 00 00 b0 2d 00 00 af 2e 00 00 	0-00h0000-000.00
  0x12170	ec e4 00 00 c0 2e 00 00 ec 2e 00 00 68 e4 00 00 	00000.000.00h000
  0x12180	00 2f 00 00 8e 30 00 00 00 e5 00 00 a0 30 00 00 	0/00000000000000
  0x12190	c9 30 00 00 68 e4 00 00 d0 30 00 00 f9 30 00 00 	0000h00000000000
  0x121a0	68 e4 00 00 00 31 00 00 96 31 00 00 98 e4 00 00 	h000010001000000
  0x121b0	a0 31 00 00 ee 31 00 00 1c e5 00 00 00 32 00 00 	0100010000000200
  0x121c0	4e 32 00 00 1c e5 00 00 60 32 00 00 ae 32 00 00 	N2000000`2000200
  0x121d0	1c e5 00 00 c0 32 00 00 e7 32 00 00 24 e5 00 00 	000002000200$000
  0x121e0	e4 33 00 00 5b 34 00 00 2c e5 00 00 64 34 00 00 	0300[400,000d400
  0x121f0	97 34 00 00 68 e4 00 00 c0 34 00 00 03 35 00 00 	0400h00004000500
  0x12200	70 e4 00 00 0c 35 00 00 8a 35 00 00 3c e5 00 00 	p00005000500<000
  0x12210	90 35 00 00 f4 37 00 00 48 e5 00 00 fc 37 00 00 	05000700H0000700
  0x12220	fd 38 00 00 c0 e4 00 00 84 39 00 00 a9 39 00 00 	0800000009000900
  0x12230	40 e4 00 00 b0 39 00 00 ea 3a 00 00 68 e5 00 00 	@00009000:00h000
  0x12240	f0 3a 00 00 2d 3b 00 00 40 e4 00 00 60 3b 00 00 	0:00-;00@000`;00
  0x12250	c6 3b 00 00 98 e4 00 00 cc 3b 00 00 29 3c 00 00 	0;0000000;00)<00
  0x12260	1c e5 00 00 30 3c 00 00 aa 3c 00 00 84 e5 00 00 	00000<000<000000
  0x12270	b0 3c 00 00 d2 41 00 00 90 e5 00 00 d8 41 00 00 	0<000A0000000A00
  0x12280	25 42 00 00 68 e4 00 00 30 42 00 00 e1 42 00 00 	%B00h0000B000B00
  0x12290	ac e5 00 00 f0 42 00 00 25 43 00 00 70 e4 00 00 	00000B00%C00p000
  0x122a0	2c 43 00 00 e5 43 00 00 68 e4 00 00 ec 43 00 00 	,C000C00h0000C00
  0x122b0	08 44 00 00 40 e4 00 00 10 44 00 00 1e 44 00 00 	0D00@0000D000D00
  0x122c0	40 e4 00 00 30 44 00 00 56 44 00 00 c0 e5 00 00 	@0000D00VD000000
  0x122d0	5c 44 00 00 60 45 00 00 70 e4 00 00 68 45 00 00 	0D00`E00p000hE00
  0x122e0	1c 48 00 00 c8 e5 00 00 24 48 00 00 b8 48 00 00 	0H000000$H000H00
  0x122f0	e0 e5 00 00 c0 48 00 00 c6 49 00 00 ec e5 00 00 	00000H000I000000
  0x12300	cc 49 00 00 0b 4a 00 00 00 e6 00 00 14 4a 00 00 	0I000J0000000J00
  0x12310	70 4a 00 00 08 e6 00 00 78 4a 00 00 30 4b 00 00 	pJ000000xJ000K00
  0x12320	10 e6 00 00 38 4b 00 00 f4 4b 00 00 24 e6 00 00 	00008K000K00$000
  0x12330	fc 4b 00 00 2b 4c 00 00 1c e5 00 00 34 4c 00 00 	0K00+L0000004L00
  0x12340	5a 4c 00 00 1c e5 00 00 60 4c 00 00 79 4c 00 00 	ZL000000`L00yL00
  0x12350	1c e5 00 00 80 4c 00 00 ad 4c 00 00 1c e5 00 00 	00000L000L000000
  0x12360	b4 4c 00 00 cd 4c 00 00 1c e5 00 00 d4 4c 00 00 	0L000L0000000L00
  0x12370	12 4d 00 00 1c e5 00 00 18 4d 00 00 56 4d 00 00 	0M0000000M00VM00
  0x12380	1c e5 00 00 6c 4d 00 00 96 4d 00 00 40 e4 00 00 	0000lM000M00@000
  0x12390	9c 4d 00 00 c6 4d 00 00 40 e4 00 00 cc 4d 00 00 	0M000M00@0000M00
  0x123a0	e4 4d 00 00 3c e6 00 00 ec 4d 00 00 8e 4e 00 00 	0M00<0000M000N00
  0x123b0	f8 e3 00 00 94 4e 00 00 b3 4e 00 00 3c e6 00 00 	00000N000N00<000
  0x123c0	bc 4e 00 00 c5 50 00 00 54 e6 00 00 cc 50 00 00 	0N000P00T0000P00
  0x123d0	4c 52 00 00 78 e6 00 00 54 52 00 00 43 54 00 00 	LR00x000TR00CT00
  0x123e0	84 e6 00 00 4c 54 00 00 9f 56 00 00 a8 e6 00 00 	0000LT000V000000
  0x123f0	a8 56 00 00 52 57 00 00 c0 e4 00 00 58 57 00 00 	0V00RW000000XW00
  0x12400	af 58 00 00 c4 e6 00 00 b8 58 00 00 7d 59 00 00 	0X0000000X00}Y00
  0x12410	70 e4 00 00 84 59 00 00 79 5a 00 00 c0 e4 00 00 	p0000Y00yZ000000
  0x12420	80 5a 00 00 d7 5b 00 00 e0 e6 00 00 e0 5b 00 00 	0Z000[0000000[00
  0x12430	4d 5c 00 00 68 e4 00 00 60 5c 00 00 ec 5c 00 00 	M000h000`0000000
  0x12440	98 e4 00 00 f4 5c 00 00 12 5d 00 00 40 e4 00 00 	000000000]00@000
  0x12450	30 5d 00 00 5e 5d 00 00 40 e4 00 00 64 5d 00 00 	0]00^]00@000d]00
  0x12460	ad 5e 00 00 00 e7 00 00 b4 5e 00 00 10 60 00 00 	0^0000000^000`00
  0x12470	0c e7 00 00 18 60 00 00 cf 60 00 00 18 e7 00 00 	00000`000`000000
  0x12480	e0 60 00 00 14 61 00 00 40 e4 00 00 20 61 00 00 	0`000a00@000 a00
  0x12490	7c 61 00 00 70 e4 00 00 90 61 00 00 5b 62 00 00 	|a00p0000a00[b00
  0x124a0	30 e7 00 00 70 62 00 00 bb 62 00 00 40 e4 00 00 	0000pb000b00@000
  0x124b0	d0 62 00 00 2c 63 00 00 70 e4 00 00 34 63 00 00 	0b00,c00p0004c00
  0x124c0	d9 63 00 00 68 e4 00 00 e0 63 00 00 2b 64 00 00 	0c00h0000c00+d00
  0x124d0	40 e4 00 00 34 64 00 00 77 65 00 00 48 e7 00 00 	@0004d00we00H000
  0x124e0	80 65 00 00 2b 6f 00 00 58 e7 00 00 34 6f 00 00 	0e00+o00X0004o00
  0x124f0	03 71 00 00 34 e8 00 00 10 71 00 00 b8 73 00 00 	0q0040000q000s00
  0x12500	40 e8 00 00 c0 73 00 00 30 74 00 00 80 e8 00 00 	@0000s000t000000
  0x12510	38 74 00 00 5e 74 00 00 40 e4 00 00 64 74 00 00 	8t00^t00@000dt00
  0x12520	c2 77 00 00 9c e8 00 00 c8 77 00 00 c2 79 00 00 	0w0000000w000y00
  0x12530	ec e4 00 00 c8 79 00 00 e0 79 00 00 3c e6 00 00 	00000y000y00<000
  0x12540	e8 79 00 00 69 7a 00 00 c0 e4 00 00 70 7a 00 00 	0y00iz000000pz00
  0x12550	e6 7a 00 00 98 e4 00 00 ec 7a 00 00 85 7b 00 00 	0z0000000z000{00
  0x12560	20 e9 00 00 8c 7b 00 00 23 7c 00 00 20 e9 00 00 	 0000{00#|00 000
  0x12570	2c 7c 00 00 cc 7c 00 00 30 e9 00 00 d4 7c 00 00 	,|000|0000000|00
  0x12580	60 7f 00 00 4c e9 00 00 70 7f 00 00 90 7f 00 00 	`000L000p0000000
  0x12590	40 e4 00 00 98 7f 00 00 22 82 00 00 90 e9 00 00 	@0000000"0000000
  0x125a0	30 82 00 00 ab 82 00 00 c0 e9 00 00 c0 82 00 00 	0000000000000000
  0x125b0	3b 83 00 00 c0 e9 00 00 44 83 00 00 6a 83 00 00 	;0000000D000j000
  0x125c0	40 e4 00 00 70 83 00 00 d4 83 00 00 68 e4 00 00 	@000p0000000h000
  0x125d0	20 84 00 00 1c 85 00 00 70 e4 00 00 30 85 00 00 	 0000000p0000000
  0x125e0	2c 86 00 00 70 e4 00 00 40 86 00 00 95 86 00 00 	,000p000@0000000
  0x125f0	dc e9 00 00 e0 86 00 00 c7 89 00 00 f8 e9 00 00 	0000000000000000
  0x12600	d0 89 00 00 0d 8a 00 00 24 e5 00 00 20 8a 00 00 	00000000$000 000
  0x12610	34 8a 00 00 40 e4 00 00 50 8a 00 00 6d 8a 00 00 	4000@000P000m000
  0x12620	40 e4 00 00 90 8a 00 00 ad 8a 00 00 40 e4 00 00 	@00000000000@000
  0x12630	c0 8a 00 00 61 8b 00 00 68 e4 00 00 70 8b 00 00 	0000a000h000p000
  0x12640	80 8b 00 00 40 e4 00 00 90 8b 00 00 a9 8b 00 00 	0000@00000000000
  0x12650	40 e4 00 00 b0 8b 00 00 21 8d 00 00 e8 ea 00 00 	@0000000!0000000
  0x12660	30 8d 00 00 42 8d 00 00 40 e4 00 00 60 8d 00 00 	0000B000@000`000
  0x12670	81 8d 00 00 28 eb 00 00 94 8d 00 00 b1 8d 00 00 	0000(00000000000
  0x12680	2c eb 00 00 b8 8d 00 00 f1 8d 00 00 40 e4 00 00 	,00000000000@000
  0x12690	f8 8d 00 00 41 8e 00 00 68 e4 00 00 48 8e 00 00 	0000A000h000H000
  0x126a0	f8 8e 00 00 68 e4 00 00 00 8f 00 00 98 8f 00 00 	0000h00000000000
  0x126b0	90 eb 00 00 a0 8f 00 00 c4 8f 00 00 68 e4 00 00 	000000000000h000
  0x126c0	cc 8f 00 00 f5 8f 00 00 68 e4 00 00 fc 8f 00 00 	00000000h0000000
  0x126d0	4b 90 00 00 68 e4 00 00 54 90 00 00 6b 90 00 00 	K000h000T000k000
  0x126e0	40 e4 00 00 80 90 00 00 dd 90 00 00 68 e4 00 00 	@00000000000h000
  0x126f0	f0 90 00 00 c2 91 00 00 b8 eb 00 00 c8 91 00 00 	0000000000000000
  0x12700	39 92 00 00 c0 eb 00 00 40 92 00 00 66 92 00 00 	90000000@000f000
  0x12710	68 e4 00 00 6c 92 00 00 18 93 00 00 cc eb 00 00 	h000l00000000000
  0x12720	7c 93 00 00 97 93 00 00 40 e4 00 00 d0 93 00 00 	|0000000@0000000
  0x12730	1b 95 00 00 e0 eb 00 00 24 95 00 00 5e 95 00 00 	00000000$000^000
  0x12740	d8 eb 00 00 70 95 00 00 c2 95 00 00 40 e4 00 00 	0000p0000000@000
  0x12750	e0 95 00 00 18 96 00 00 40 e4 00 00 20 96 00 00 	00000000@000 000
  0x12760	5c 96 00 00 70 e4 00 00 70 96 00 00 ac 96 00 00 	0000p000p0000000
  0x12770	70 e4 00 00 c0 96 00 00 fc 96 00 00 68 e4 00 00 	p00000000000h000
  0x12780	04 97 00 00 7f 98 00 00 f0 eb 00 00 a8 98 00 00 	0000000000000000
  0x12790	e4 98 00 00 68 e4 00 00 10 99 00 00 4c 99 00 00 	0000h0000000L000
  0x127a0	68 e4 00 00 a0 99 00 00 dd 99 00 00 70 e4 00 00 	h00000000000p000
  0x127b0	e4 99 00 00 04 9a 00 00 1c e5 00 00 0c 9a 00 00 	0000000000000000
  0x127c0	2c 9a 00 00 1c e5 00 00 d8 9b 00 00 3a 9c 00 00 	,00000000000:000
  0x127d0	04 ec 00 00 40 9c 00 00 a8 9c 00 00 18 ec 00 00 	0000@00000000000
  0x127e0	ba 9c 00 00 31 9d 00 00 2c ec 00 00 c3 9d 00 00 	00001000,0000000
  0x127f0	3a 9e 00 00 34 ec 00 00 44 9e 00 00 92 9e 00 00 	:0004000D0000000
  0x12800	40 e4 00 00 a4 9e 00 00 1b 9f 00 00 3c ec 00 00 	@00000000000<000
  0x12810	3c 9f 00 00 59 9f 00 00 40 e4 00 00 60 9f 00 00 	<000Y000@000`000
  0x12820	bb 9f 00 00 44 ec 00 00 c4 9f 00 00 43 a0 00 00 	0000D0000000C000
  0x12830	e0 e6 00 00 4c a0 00 00 cb a0 00 00 e0 e6 00 00 	0000L00000000000
  0x12840	e0 a0 00 00 31 a1 00 00 50 ec 00 00 50 a1 00 00 	00001000P000P000
  0x12850	52 a1 00 00 00 ec 00 00 d2 a2 00 00 f0 a2 00 00 	R000000000000000
  0x12860	1c eb 00 00 f6 a2 00 00 11 a3 00 00 80 eb 00 00 	0000000000000000
  0x12870	17 a3 00 00 2f a3 00 00 b0 eb 00 00 40 a3 00 00 	0000/0000000@000
  0x12880	73 a3 00 00 40 e4 00 00 80 a3 00 00 b3 a3 00 00 	s000@00000000000
  0x12890	40 e4 00 00 c0 a3 00 00 db a3 00 00 40 e4 00 00 	@00000000000@000
  0x128a0	f0 a3 00 00 5b a4 00 00 98 e4 00 00 00 00 00 00 	0000[00000000000
  0x128b0	00 00 00 00 00 00 00 00 00 00 00 00 00 00 00 00 	0000000000000000
  0x128c0	00 00 00 00 00 00 00 00 00 00 00 00 00 00 00 00 	0000000000000000
  0x128d0	00 00 00 00 00 00 00 00 00 00 00 00 00 00 00 00 	0000000000000000
  0x128e0	00 00 00 00 00 00 00 00 00 00 00 00 00 00 00 00 	0000000000000000
  0x128f0	00 00 00 00 00 00 00 00 00 00 00 00 00 00 00 00 	0000000000000000
  0x12900	00 00 00 00 00 00 00 00 00 00 00 00 00 00 00 00 	0000000000000000
  0x12910	00 00 00 00 00 00 00 00 00 00 00 00 00 00 00 00 	0000000000000000
  0x12920	00 00 00 00 00 00 00 00 00 00 00 00 00 00 00 00 	0000000000000000
  0x12930	00 00 00 00 00 00 00 00 00 00 00 00 00 00 00 00 	0000000000000000
  0x12940	00 00 00 00 00 00 00 00 00 00 00 00 00 00 00 00 	0000000000000000
  0x12950	00 00 00 00 00 00 00 00 00 00 00 00 00 00 00 00 	0000000000000000
  0x12960	00 00 00 00 00 00 00 00 00 00 00 00 00 00 00 00 	0000000000000000
  0x12970	00 00 00 00 00 00 00 00 00 00 00 00 00 00 00 00 	0000000000000000
  0x12980	00 00 00 00 00 00 00 00 00 00 00 00 00 00 00 00 	0000000000000000
  0x12990	00 00 00 00 00 00 00 00 00 00 00 00 00 00 00 00 	0000000000000000
  0x129a0	00 00 00 00 00 00 00 00 00 00 00 00 00 00 00 00 	0000000000000000
  0x129b0	00 00 00 00 00 00 00 00 00 00 00 00 00 00 00 00 	0000000000000000
  0x129c0	00 00 00 00 00 00 00 00 00 00 00 00 00 00 00 00 	0000000000000000
  0x129d0	00 00 00 00 00 00 00 00 00 00 00 00 00 00 00 00 	0000000000000000
  0x129e0	00 00 00 00 00 00 00 00 00 00 00 00 00 00 00 00 	0000000000000000
  0x129f0	00 00 00 00 00 00 00 00 00 00 00 00 00 00 00 00 	0000000000000000
=== DATA BLOCK END ===
