===== Assembly blocks =====

=== CODE BLOCK ADDRESS 0x1000 ===
=== CODE BLOCK END ===

=== DATA BLOCK ADDRESS 0x7000 ===
  0x7000	80 a0 00 40 01 00 00 00 20 a1 00 40 01 00 00 00 	000@0000 00@0000
  0x7010	f0 1e 00 40 01 00 00 00 00 1f 00 40 01 00 00 00 	000@0000000@0000
  0x7020	10 1f 00 40 01 00 00 00 b0 1f 00 40 01 00 00 00 	000@0000000@0000
  0x7030	20 22 00 40 01 00 00 00 b0 22 00 40 01 00 00 00 	 "0@00000"0@0000
  0x7040	90 23 00 40 01 00 00 00 d0 23 00 40 01 00 00 00 	0#0@00000#0@0000
  0x7050	e0 24 00 40 01 00 00 00 a0 25 00 40 01 00 00 00 	0$0@00000%0@0000
  0x7060	00 26 00 40 01 00 00 00 40 26 00 40 01 00 00 00 	0&0@0000@&0@0000
  0x7070	80 26 00 40 01 00 00 00 00 27 00 40 01 00 00 00 	0&0@00000'0@0000
  0x7080	50 27 00 40 01 00 00 00 d0 27 00 40 01 00 00 00 	P'0@00000'0@0000
  0x7090	20 28 00 40 01 00 00 00 10 10 00 40 01 00 00 00 	 (0@0000000@0000
  0x70a0	c0 10 00 40 01 00 00 00 f0 10 00 40 01 00 00 00 	000@0000000@0000
  0x70b0	e0 12 00 40 01 00 00 00 d0 13 00 40 01 00 00 00 	000@0000000@0000
  0x70c0	b0 14 00 40 01 00 00 00 c0 15 00 40 01 00 00 00 	000@0000000@0000
  0x70d0	40 18 00 40 01 00 00 00 90 17 00 40 01 00 00 00 	@00@0000000@0000
  0x70e0	f0 17 00 40 01 00 00 00 80 1b 00 40 01 00 00 00 	000@0000000@0000
  0x70f0	00 1c 00 40 01 00 00 00 10 1c 00 40 01 00 00 00 	000@0000000@0000
  0x7100	20 1c 00 40 01 00 00 00 20 1d 00 40 01 00 00 00 	 00@0000 00@0000
  0x7110	b0 2e 00 40 01 00 00 00 30 2f 00 40 01 00 00 00 	0.0@00000/0@0000
  0x7120	50 2f 00 40 01 00 00 00 10 44 00 40 01 00 00 00 	P/0@00000D0@0000
  0x7130	90 40 00 40 01 00 00 00 20 41 00 40 01 00 00 00 	0@0@0000 A0@0000
  0x7140	a0 41 00 40 01 00 00 00 30 42 00 40 01 00 00 00 	0A0@00000B0@0000
  0x7150	c0 43 00 40 01 00 00 00 b0 42 00 40 01 00 00 00 	0C0@00000B0@0000
  0x7160	e0 42 00 40 01 00 00 00 50 43 00 40 01 00 00 00 	0B0@0000PC0@0000
  0x7170	90 43 00 40 01 00 00 00 d0 43 00 40 01 00 00 00 	0C0@00000C0@0000
  0x7180	b0 2e 00 40 01 00 00 00 30 2f 00 40 01 00 00 00 	0.0@00000/0@0000
  0x7190	e0 2f 00 40 01 00 00 00 b0 46 00 40 01 00 00 00 	0/0@00000F0@0000
  0x71a0	b0 45 00 40 01 00 00 00 20 41 00 40 01 00 00 00 	0E0@0000 A0@0000
  0x71b0	c0 43 00 40 01 00 00 00 c0 43 00 40 01 00 00 00 	0C0@00000C0@0000
  0x71c0	c0 43 00 40 01 00 00 00 b0 42 00 40 01 00 00 00 	0C0@00000B0@0000
  0x71d0	e0 42 00 40 01 00 00 00 50 43 00 40 01 00 00 00 	0B0@0000PC0@0000
  0x71e0	90 43 00 40 01 00 00 00 d0 43 00 40 01 00 00 00 	0C0@00000C0@0000
  0x71f0	70 5a 00 40 01 00 00 00 00 00 00 00 00 00 00 00 	pZ0@000000000000
  0x7200	18 01 00 00 00 00 00 00 00 00 00 00 00 00 00 00 	0000000000000000
  0x7210	00 00 00 00 00 00 00 00 00 00 00 00 00 00 00 00 	0000000000000000
  0x7220	00 00 00 00 00 00 00 00 00 00 00 00 00 00 00 00 	0000000000000000
  0x7230	00 00 00 00 00 00 00 00 00 00 00 00 00 00 00 00 	0000000000000000
  0x7240	00 00 00 00 00 00 00 00 00 00 00 00 00 00 00 00 	0000000000000000
  0x7250	00 00 00 00 00 00 00 00 18 a0 00 40 01 00 00 00 	00000000000@0000
  0x7260	00 00 00 00 00 00 00 00 00 00 00 00 00 00 00 00 	0000000000000000
  0x7270	d8 76 00 40 01 00 00 00 e0 76 00 40 01 00 00 00 	0v0@00000v0@0000
  0x7280	30 77 00 40 01 00 00 00 3a 00 00 00 00 00 00 00 	0w0@0000:0000000
  0x7290	00 75 01 00 00 00 00 00 00 00 00 00 00 00 00 00 	0u00000000000000
  0x72a0	00 00 00 00 00 00 00 00 00 00 00 00 00 00 00 00 	0000000000000000
  0x72b0	00 00 00 00 00 00 00 00 00 00 00 00 00 00 00 00 	0000000000000000
  0x72c0	00 00 00 00 00 00 00 00 00 00 00 00 00 00 00 00 	0000000000000000
  0x72d0	00 00 00 00 00 00 00 00 00 00 00 00 00 00 00 00 	0000000000000000
  0x72e0	00 00 00 00 00 00 00 00 00 00 00 00 00 00 00 00 	0000000000000000
  0x72f0	00 00 00 00 00 00 00 00 00 00 00 00 00 00 00 00 	0000000000000000
  0x7300	00 00 00 00 00 00 00 00 00 00 00 00 00 00 00 00 	0000000000000000
  0x7310	00 00 00 00 00 00 00 00 2c 89 00 40 01 00 00 00 	00000000,00@0000
  0x7320	34 89 00 40 01 00 00 00 00 a6 00 40 01 00 00 00 	400@0000000@0000
  0x7330	28 77 00 40 01 00 00 00 00 00 00 00 00 00 30 00 	(w0@000000000000
  0x7340	26 94 00 00 00 00 00 00 36 94 00 00 00 00 00 00 	&000000060000000
  0x7350	46 94 00 00 00 00 00 00 5a 94 00 00 00 00 00 00 	F0000000Z0000000
  0x7360	6c 94 00 00 00 00 00 00 7e 94 00 00 00 00 00 00 	l0000000~0000000
  0x7370	18 94 00 00 00 00 00 00 00 00 00 00 00 00 00 00 	0000000000000000
  0x7380	8e 99 00 00 00 00 00 00 00 00 00 00 00 00 00 00 	0000000000000000
  0x7390	c0 94 00 00 00 00 00 00 d2 94 00 00 00 00 00 00 	0000000000000000
  0x73a0	e0 94 00 00 00 00 00 00 f2 94 00 00 00 00 00 00 	0000000000000000
  0x73b0	fe 94 00 00 00 00 00 00 0a 95 00 00 00 00 00 00 	0000000000000000
  0x73c0	1c 95 00 00 00 00 00 00 28 95 00 00 00 00 00 00 	00000000(0000000
  0x73d0	36 95 00 00 00 00 00 00 4c 95 00 00 00 00 00 00 	60000000L0000000
  0x73e0	5a 95 00 00 00 00 00 00 68 95 00 00 00 00 00 00 	Z0000000h0000000
  0x73f0	74 95 00 00 00 00 00 00 80 95 00 00 00 00 00 00 	t000000000000000
  0x7400	8c 95 00 00 00 00 00 00 9a 95 00 00 00 00 00 00 	0000000000000000
  0x7410	a6 95 00 00 00 00 00 00 9a 94 00 00 00 00 00 00 	0000000000000000
  0x7420	ca 95 00 00 00 00 00 00 d6 95 00 00 00 00 00 00 	0000000000000000
  0x7430	e6 95 00 00 00 00 00 00 02 96 00 00 00 00 00 00 	0000000000000000
  0x7440	18 96 00 00 00 00 00 00 2a 96 00 00 00 00 00 00 	00000000*0000000
  0x7450	3a 96 00 00 00 00 00 00 4a 96 00 00 00 00 00 00 	:0000000J0000000
  0x7460	60 96 00 00 00 00 00 00 7e 96 00 00 00 00 00 00 	`0000000~0000000
  0x7470	8a 96 00 00 00 00 00 00 9a 96 00 00 00 00 00 00 	0000000000000000
  0x7480	ac 96 00 00 00 00 00 00 ba 96 00 00 00 00 00 00 	0000000000000000
  0x7490	cc 96 00 00 00 00 00 00 e0 96 00 00 00 00 00 00 	0000000000000000
  0x74a0	f6 96 00 00 00 00 00 00 08 97 00 00 00 00 00 00 	0000000000000000
  0x74b0	ba 9a 00 00 00 00 00 00 b2 9a 00 00 00 00 00 00 	0000000000000000
  0x74c0	aa 94 00 00 00 00 00 00 b8 95 00 00 00 00 00 00 	0000000000000000
  0x74d0	e0 9a 00 00 00 00 00 00 cc 9a 00 00 00 00 00 00 	0000000000000000
  0x74e0	fa 9a 00 00 00 00 00 00 0e 9b 00 00 00 00 00 00 	0000000000000000
  0x74f0	2a 9b 00 00 00 00 00 00 48 9b 00 00 00 00 00 00 	*0000000H0000000
  0x7500	5c 9b 00 00 00 00 00 00 70 9b 00 00 00 00 00 00 	00000000p0000000
  0x7510	8a 9b 00 00 00 00 00 00 a0 9b 00 00 00 00 00 00 	0000000000000000
  0x7520	ba 9b 00 00 00 00 00 00 00 00 00 00 00 00 00 00 	0000000000000000
  0x7530	06 00 00 00 00 00 00 80 00 00 00 00 00 00 00 00 	0000000000000000
  0x7540	2e 9a 00 00 00 00 00 00 b4 99 00 00 00 00 00 00 	.000000000000000
  0x7550	d4 99 00 00 00 00 00 00 f2 99 00 00 00 00 00 00 	0000000000000000
  0x7560	16 9a 00 00 00 00 00 00 5e 9a 00 00 00 00 00 00 	00000000^0000000
  0x7570	46 9a 00 00 00 00 00 00 00 00 00 00 00 00 00 00 	F000000000000000
  0x7580	90 9a 00 00 00 00 00 00 00 00 00 00 00 00 00 00 	0000000000000000
  0x7590	72 97 00 00 00 00 00 00 3c 97 00 00 00 00 00 00 	r0000000<0000000
  0x75a0	64 97 00 00 00 00 00 00 50 97 00 00 00 00 00 00 	d0000000P0000000
  0x75b0	2a 97 00 00 00 00 00 00 00 00 00 00 00 00 00 00 	*000000000000000
  0x75c0	02 98 00 00 00 00 00 00 f4 97 00 00 00 00 00 00 	0000000000000000
  0x75d0	e6 97 00 00 00 00 00 00 24 98 00 00 00 00 00 00 	00000000$0000000
  0x75e0	d2 97 00 00 00 00 00 00 c8 97 00 00 00 00 00 00 	0000000000000000
  0x75f0	be 97 00 00 00 00 00 00 a2 97 00 00 00 00 00 00 	0000000000000000
  0x7600	8a 97 00 00 00 00 00 00 12 98 00 00 00 00 00 00 	0000000000000000
  0x7610	ac 98 00 00 00 00 00 00 ca 9b 00 00 00 00 00 00 	0000000000000000
  0x7620	98 98 00 00 00 00 00 00 80 98 00 00 00 00 00 00 	0000000000000000
  0x7630	76 98 00 00 00 00 00 00 6c 98 00 00 00 00 00 00 	v0000000l0000000
  0x7640	60 98 00 00 00 00 00 00 4c 98 00 00 00 00 00 00 	`0000000L0000000
  0x7650	3e 98 00 00 00 00 00 00 34 98 00 00 00 00 00 00 	>000000040000000
  0x7660	de 97 00 00 00 00 00 00 2c 98 00 00 00 00 00 00 	00000000,0000000
  0x7670	b0 97 00 00 00 00 00 00 d4 9b 00 00 00 00 00 00 	0000000000000000
  0x7680	00 00 00 00 00 00 00 00 5a 99 00 00 00 00 00 00 	00000000Z0000000
  0x7690	42 99 00 00 00 00 00 00 2a 99 00 00 00 00 00 00 	B0000000*0000000
  0x76a0	72 99 00 00 00 00 00 00 06 99 00 00 00 00 00 00 	r000000000000000
  0x76b0	f4 98 00 00 00 00 00 00 e0 98 00 00 00 00 00 00 	0000000000000000
  0x76c0	d0 98 00 00 00 00 00 00 1a 99 00 00 00 00 00 00 	0000000000000000
  0x76d0	00 00 00 00 00 00 00 00 20 65 00 40 01 00 00 00 	00000000 e0@0000
  0x76e0	a0 66 00 40 01 00 00 00 00 00 00 00 00 00 00 00 	0f0@000000000000
  0x76f0	40 5d 00 40 01 00 00 00 00 00 00 00 00 00 00 00 	@]0@000000000000
  0x7700	00 00 00 00 00 00 00 00 60 5c 00 40 01 00 00 00 	00000000`00@0000
  0x7710	60 62 00 40 01 00 00 00 00 00 00 00 00 00 00 00 	`b0@000000000000
  0x7720	00 00 00 00 00 00 00 00 00 00 00 00 00 00 00 00 	0000000000000000
  0x7730	10 10 00 00 c0 10 00 00 f0 10 00 00 e0 12 00 00 	0000000000000000
  0x7740	d0 13 00 00 b0 14 00 00 c0 15 00 00 90 17 00 00 	0000000000000000
  0x7750	f0 17 00 00 40 18 00 00 80 1b 00 00 00 1c 00 00 	0000@00000000000
  0x7760	10 1c 00 00 20 1c 00 00 20 1d 00 00 f0 1e 00 00 	0000 000 0000000
  0x7770	00 1f 00 00 10 1f 00 00 b0 1f 00 00 20 22 00 00 	000000000000 "00
  0x7780	b0 22 00 00 90 23 00 00 d0 23 00 00 e0 24 00 00 	0"000#000#000$00
  0x7790	a0 25 00 00 00 26 00 00 40 26 00 00 80 26 00 00 	0%000&00@&000&00
  0x77a0	00 27 00 00 50 27 00 00 d0 27 00 00 20 28 00 00 	0'00P'000'00 (00
  0x77b0	b0 2e 00 00 30 2f 00 00 50 2f 00 00 e0 2f 00 00 	0.000/00P/000/00
  0x77c0	90 40 00 00 20 41 00 00 a0 41 00 00 30 42 00 00 	0@00 A000A000B00
  0x77d0	b0 42 00 00 e0 42 00 00 50 43 00 00 90 43 00 00 	0B000B00PC000C00
  0x77e0	c0 43 00 00 d0 43 00 00 10 44 00 00 b0 45 00 00 	0C000C000D000E00
  0x77f0	b0 46 00 00 70 5a 00 00 60 5c 00 00 40 5d 00 00 	0F00pZ00`000@]00
  0x7800	90 5d 00 00 70 60 00 00 20 62 00 00 60 62 00 00 	0]00p`00 b00`b00
  0x7810	40 63 00 00 20 65 00 00 00 00 00 00 00 00 00 00 	@c00 e0000000000
  0x7820	00 00 00 00 00 00 00 00 22 05 93 19 02 00 00 00 	00000000"0000000
  0x7830	54 8f 00 00 01 00 00 00 64 8f 00 00 01 00 00 00 	T0000000d0000000
  0x7840	90 8f 00 00 20 00 00 00 00 00 00 00 01 00 00 00 	0000 00000000000
  0x7850	00 00 00 00 00 00 00 00 c0 00 00 00 00 00 00 46 	000000000000000F
  0x7860	01 00 00 00 00 00 00 00 c0 00 00 00 00 00 00 46 	000000000000000F
  0x7870	4b 03 00 00 00 00 00 00 c0 00 00 00 00 00 00 46 	K00000000000000F
  0x7880	5b 01 00 00 00 00 00 00 c0 00 00 00 00 00 00 46 	[00000000000000F
  0x7890	a0 e8 b5 98 cc 29 1a 49 aa c0 e6 db 4f dc ce b6 	00000)0I0000O000
  0x78a0	65 8e b6 7b 26 f4 98 46 a0 b7 d2 af 28 b1 ba 81 	e00{&00F0000(000
  0x78b0	98 2a 33 e5 fd 80 3c 46 80 e4 a8 e3 70 75 29 06 	0*3000<F0000pu)0
  0x78c0	57 00 69 00 61 00 44 00 69 00 61 00 6c 00 6f 00 	W0i0a0D0i0a0l0o0
  0x78d0	67 00 45 00 78 00 74 00 65 00 6e 00 73 00 69 00 	g0E0x0t0e0n0s0i0
  0x78e0	6f 00 6e 00 48 00 61 00 6e 00 64 00 6c 00 65 00 	o0n0H0a0n0d0l0e0
  0x78f0	72 00 73 00 00 00 00 00 73 00 74 00 69 00 2e 00 	r0s00000s0t0i0.0
  0x7900	64 00 6c 00 6c 00 00 00 53 65 6c 65 63 74 44 65 	d0l0l000SelectDe
  0x7910	76 69 63 65 44 69 61 6c 6f 67 32 00 00 00 00 00 	viceDialog200000
  0x7920	60 b4 9b 0c ac 51 d0 11 90 ea 00 aa 00 60 f8 6c 	`0000Q0000000`0l
  0x7930	60 98 8a 12 dc 52 d0 11 9e df 44 45 53 54 00 00 	`0000R0000DEST00
  0x7940	d7 00 56 30 88 50 d7 46 9a 15 b7 7b 09 cd ba 7a 	00V00P0F000{000z
  0x7950	13 91 31 da ee 50 80 4c b4 60 57 d0 05 d4 4a 2c 	00100P0L0`W000J,
  0x7960	c6 1f dd 6b 0f 81 d0 11 be c7 08 00 2b e2 09 2f 	000k00000000+00/
  0x7970	3c ad 67 4f ea 19 e9 4c 80 e2 3a de 50 d5 02 a2 	<0gO000L00:0P000
  0x7980	29 11 62 d1 c4 45 ad 41 a1 d1 af 7e af ab ee dc 	)0b00E0A000~0000
  0x7990	b2 95 13 5e 85 b6 e3 44 8a ed e2 30 4d 85 ac d1 	000^000D0000M000
  0x79a0	53 00 54 00 49 00 57 00 4f 00 57 00 36 00 34 00 	S0T0I0W0O0W06040
  0x79b0	00 00 00 00 00 00 00 00 00 00 00 00 00 00 00 00 	0000000000000000
  0x79c0	4c 00 6f 00 61 00 64 00 69 00 6e 00 67 00 20 00 	L0o0a0d0i0n0g0 0
  0x79d0	55 00 53 00 44 00 2c 00 20 00 63 00 61 00 6e 00 	U0S0D0,0 0c0a0n0
  0x79e0	6e 00 6f 00 74 00 20 00 6f 00 70 00 65 00 6e 00 	n0o0t0 0o0p0e0n0
  0x79f0	20 00 64 00 65 00 76 00 69 00 63 00 65 00 20 00 	 0d0e0v0i0c0e0 0
  0x7a00	72 00 65 00 67 00 69 00 73 00 74 00 72 00 79 00 	r0e0g0i0s0t0r0y0
  0x7a10	20 00 6b 00 65 00 79 00 2e 00 00 00 00 00 00 00 	 0k0e0y0.0000000
  0x7a20	43 00 72 00 65 00 61 00 74 00 65 00 46 00 69 00 	C0r0e0a0t0e0F0i0
  0x7a30	6c 00 65 00 4e 00 61 00 6d 00 65 00 00 00 00 00 	l0e0N0a0m0e00000
  0x7a40	48 00 61 00 72 00 64 00 77 00 61 00 72 00 65 00 	H0a0r0d0w0a0r0e0
  0x7a50	43 00 6f 00 6e 00 66 00 69 00 67 00 00 00 00 00 	C0o0n0f0i0g00000
  0x7a60	4c 00 6f 00 61 00 64 00 69 00 6e 00 67 00 20 00 	L0o0a0d0i0n0g0 0
  0x7a70	55 00 53 00 44 00 2c 00 20 00 63 00 61 00 6e 00 	U0S0D0,0 0c0a0n0
  0x7a80	6e 00 6f 00 74 00 20 00 72 00 65 00 61 00 64 00 	n0o0t0 0r0e0a0d0
  0x7a90	20 00 64 00 65 00 76 00 69 00 63 00 65 00 20 00 	 0d0e0v0i0c0e0 0
  0x7aa0	6e 00 61 00 6d 00 65 00 20 00 66 00 72 00 6f 00 	n0a0m0e0 0f0r0o0
  0x7ab0	6d 00 20 00 72 00 65 00 67 00 69 00 73 00 74 00 	m0 0r0e0g0i0s0t0
  0x7ac0	72 00 79 00 2e 00 00 00 00 00 00 00 00 00 00 00 	r0y0.00000000000
  0x7ad0	4c 00 6f 00 61 00 64 00 69 00 6e 00 67 00 20 00 	L0o0a0d0i0n0g0 0
  0x7ae0	55 00 53 00 44 00 2c 00 20 00 66 00 61 00 69 00 	U0S0D0,0 0f0a0i0
  0x7af0	6c 00 65 00 64 00 20 00 74 00 6f 00 20 00 63 00 	l0e0d0 0t0o0 0c0
  0x7b00	72 00 65 00 61 00 74 00 65 00 20 00 64 00 65 00 	r0e0a0t0e0 0d0e0
  0x7b10	76 00 69 00 63 00 65 00 20 00 63 00 6f 00 6e 00 	v0i0c0e0 0c0o0n0
  0x7b20	74 00 72 00 6f 00 6c 00 20 00 62 00 6c 00 6f 00 	t0r0o0l0 0b0l0o0
  0x7b30	63 00 6b 00 2e 00 20 00 45 00 72 00 72 00 6f 00 	c0k0.0 0E0r0r0o0
  0x7b40	72 00 20 00 63 00 6f 00 64 00 65 00 20 00 28 00 	r0 0c0o0d0e0 0(0
  0x7b50	68 00 65 00 78 00 29 00 3d 00 25 00 31 00 21 00 	h0e0x0)0=0%010!0
  0x7b60	78 00 21 00 2e 00 00 00 43 00 4c 00 53 00 49 00 	x0!0.000C0L0S0I0
  0x7b70	44 00 5c 00 25 00 77 00 73 00 5c 00 73 00 68 00 	D000%0w0s000s0h0
  0x7b80	65 00 6c 00 6c 00 65 00 78 00 5c 00 25 00 73 00 	e0l0l0e0x000%0s0
  0x7b90	00 00 00 00 00 00 00 00 53 00 75 00 62 00 43 00 	00000000S0u0b0C0
  0x7ba0	6c 00 61 00 73 00 73 00 00 00 00 00 00 00 00 00 	l0a0s0s000000000
  0x7bb0	53 00 74 00 69 00 6c 00 6c 00 49 00 6d 00 61 00 	S0t0i0l0l0I0m0a0
  0x7bc0	67 00 65 00 00 00 00 00 44 00 65 00 76 00 69 00 	g0e00000D0e0v0i0
  0x7bd0	63 00 65 00 49 00 44 00 00 00 00 00 00 00 00 00 	c0e0I0D000000000
  0x7be0	57 00 69 00 61 00 43 00 72 00 65 00 61 00 74 00 	W0i0a0C0r0e0a0t0
  0x7bf0	65 00 44 00 65 00 76 00 69 00 63 00 65 00 52 00 	e0D0e0v0i0c0e0R0
  0x7c00	65 00 67 00 69 00 73 00 74 00 72 00 79 00 4c 00 	e0g0i0s0t0r0y0L0
  0x7c10	69 00 73 00 74 00 20 00 66 00 61 00 69 00 6c 00 	i0s0t0 0f0a0i0l0
  0x7c20	65 00 64 00 00 00 00 00 43 00 4c 00 53 00 49 00 	e0d00000C0L0S0I0
  0x7c30	44 00 5c 00 25 00 73 00 5c 00 49 00 6e 00 50 00 	D000%0s000I0n0P0
  0x7c40	72 00 6f 00 63 00 53 00 65 00 72 00 76 00 65 00 	r0o0c0S0e0r0v0e0
  0x7c50	72 00 33 00 32 00 00 00 54 00 68 00 72 00 65 00 	r0302000T0h0r0e0
  0x7c60	61 00 64 00 69 00 6e 00 67 00 4d 00 6f 00 64 00 	a0d0i0n0g0M0o0d0
  0x7c70	65 00 6c 00 00 00 00 00 42 00 6f 00 74 00 68 00 	e0l00000B0o0t0h0
  0x7c80	00 00 00 00 00 00 00 00 46 00 72 00 65 00 65 00 	00000000F0r0e0e0
  0x7c90	00 00 00 00 00 00 00 00 44 6c 6c 47 65 74 43 6c 	00000000DllGetCl
  0x7ca0	61 73 73 4f 62 6a 65 63 74 00 00 00 00 00 00 00 	assObject0000000
  0x7cb0	4d 00 79 00 43 00 6f 00 43 00 72 00 65 00 61 00 	M0y0C0o0C0r0e0a0
  0x7cc0	74 00 65 00 49 00 6e 00 73 00 74 00 61 00 6e 00 	t0e0I0n0s0t0a0n0
  0x7cd0	63 00 65 00 57 00 2c 00 20 00 44 00 4c 00 4c 00 	c0e0W0,0 0D0L0L0
  0x7ce0	20 00 64 00 6f 00 65 00 73 00 20 00 6e 00 6f 00 	 0d0o0e0s0 0n0o0
  0x7cf0	74 00 20 00 65 00 78 00 70 00 6f 00 72 00 74 00 	t0 0e0x0p0o0r0t0
  0x7d00	20 00 47 00 65 00 74 00 43 00 6c 00 61 00 73 00 	 0G0e0t0C0l0a0s0
  0x7d10	73 00 4f 00 62 00 6a 00 65 00 63 00 74 00 00 00 	s0O0b0j0e0c0t000
  0x7d20	4d 00 79 00 43 00 6f 00 43 00 72 00 65 00 61 00 	M0y0C0o0C0r0e0a0
  0x7d30	74 00 65 00 49 00 6e 00 73 00 74 00 61 00 6e 00 	t0e0I0n0s0t0a0n0
  0x7d40	63 00 65 00 57 00 2c 00 20 00 44 00 4c 00 4c 00 	c0e0W0,0 0D0L0L0
  0x7d50	20 00 64 00 6f 00 65 00 73 00 20 00 6e 00 6f 00 	 0d0o0e0s0 0n0o0
  0x7d60	74 00 20 00 65 00 78 00 69 00 73 00 74 00 00 00 	t0 0e0x0i0s0t000
  0x7d70	4d 00 79 00 43 00 6f 00 43 00 72 00 65 00 61 00 	M0y0C0o0C0r0e0a0
  0x7d80	74 00 65 00 49 00 6e 00 73 00 74 00 61 00 6e 00 	t0e0I0n0s0t0a0n0
  0x7d90	63 00 65 00 57 00 2c 00 20 00 4e 00 6f 00 20 00 	c0e0W0,0 0N0o0 0
  0x7da0	74 00 68 00 72 00 65 00 61 00 64 00 69 00 6e 00 	t0h0r0e0a0d0i0n0
  0x7db0	67 00 20 00 6d 00 6f 00 64 00 65 00 6c 00 20 00 	g0 0m0o0d0e0l0 0
  0x7dc0	6f 00 72 00 20 00 62 00 61 00 64 00 20 00 74 00 	o0r0 0b0a0d0 0t0
  0x7dd0	68 00 72 00 65 00 61 00 64 00 69 00 6e 00 67 00 	h0r0e0a0d0i0n0g0
  0x7de0	20 00 6d 00 6f 00 64 00 65 00 6c 00 00 00 00 00 	 0m0o0d0e0l00000
  0x7df0	4d 00 79 00 43 00 6f 00 43 00 72 00 65 00 61 00 	M0y0C0o0C0r0e0a0
  0x7e00	74 00 65 00 49 00 6e 00 73 00 74 00 61 00 6e 00 	t0e0I0n0s0t0a0n0
  0x7e10	63 00 65 00 57 00 2c 00 20 00 4e 00 6f 00 20 00 	c0e0W0,0 0N0o0 0
  0x7e20	49 00 6e 00 70 00 72 00 6f 00 63 00 53 00 65 00 	I0n0p0r0o0c0S0e0
  0x7e30	72 00 76 00 65 00 72 00 33 00 32 00 00 00 00 00 	r0v0e0r030200000
  0x7e40	4d 00 79 00 43 00 6f 00 43 00 72 00 65 00 61 00 	M0y0C0o0C0r0e0a0
  0x7e50	74 00 65 00 49 00 6e 00 73 00 74 00 61 00 6e 00 	t0e0I0n0s0t0a0n0
  0x7e60	63 00 65 00 57 00 2c 00 20 00 43 00 4c 00 53 00 	c0e0W0,0 0C0L0S0
  0x7e70	49 00 44 00 20 00 6e 00 6f 00 74 00 20 00 72 00 	I0D0 0n0o0t0 0r0
  0x7e80	65 00 67 00 69 00 73 00 74 00 65 00 72 00 65 00 	e0g0i0s0t0e0r0e0
  0x7e90	64 00 00 00 00 00 00 00 53 00 74 00 72 00 69 00 	d0000000S0t0r0i0
  0x7ea0	6e 00 67 00 43 00 62 00 50 00 72 00 69 00 6e 00 	n0g0C0b0P0r0i0n0
  0x7eb0	74 00 66 00 2c 00 20 00 46 00 61 00 69 00 6c 00 	t0f0,0 0F0a0i0l0
  0x7ec0	65 00 64 00 00 00 00 00 00 00 00 00 00 00 00 00 	e0d0000000000000
  0x7ed0	4d 00 79 00 43 00 6f 00 43 00 72 00 65 00 61 00 	M0y0C0o0C0r0e0a0
  0x7ee0	74 00 65 00 49 00 6e 00 73 00 74 00 61 00 6e 00 	t0e0I0n0s0t0a0n0
  0x7ef0	63 00 65 00 57 00 2c 00 20 00 49 00 6e 00 76 00 	c0e0W0,0 0I0n0v0
  0x7f00	61 00 6c 00 69 00 64 00 20 00 43 00 4c 00 53 00 	a0l0i0d0 0C0L0S0
  0x7f10	49 00 44 00 20 00 73 00 74 00 72 00 69 00 6e 00 	I0D0 0s0t0r0i0n0
  0x7f20	67 00 00 00 00 00 00 00 00 00 00 00 00 00 00 00 	g000000000000000
  0x7f30	41 00 74 00 74 00 65 00 6d 00 70 00 74 00 69 00 	A0t0t0e0m0p0t0i0
  0x7f40	6e 00 67 00 20 00 74 00 6f 00 20 00 6c 00 6f 00 	n0g0 0t0o0 0l0o0
  0x7f50	61 00 64 00 20 00 75 00 73 00 65 00 72 00 2d 00 	a0d0 0u0s0e0r0-0
  0x7f60	6d 00 6f 00 64 00 65 00 20 00 64 00 72 00 69 00 	m0o0d0e0 0d0r0i0
  0x7f70	76 00 65 00 72 00 20 00 28 00 55 00 53 00 44 00 	v0e0r0 0(0U0S0D0
  0x7f80	29 00 20 00 66 00 6f 00 72 00 20 00 74 00 68 00 	)0 0f0o0r0 0t0h0
  0x7f90	65 00 20 00 64 00 65 00 76 00 69 00 63 00 65 00 	e0 0d0e0v0i0c0e0
  0x7fa0	2e 00 00 00 00 00 00 00 55 00 53 00 44 00 43 00 	.0000000U0S0D0C0
  0x7fb0	6c 00 61 00 73 00 73 00 00 00 00 00 00 00 00 00 	l0a0s0s000000000
  0x7fc0	43 00 6f 00 75 00 6c 00 64 00 20 00 6e 00 6f 00 	C0o0u0l0d0 0n0o0
  0x7fd0	74 00 20 00 63 00 72 00 65 00 61 00 74 00 65 00 	t0 0c0r0e0a0t0e0
  0x7fe0	20 00 69 00 6e 00 73 00 74 00 61 00 6e 00 63 00 	 0i0n0s0t0a0n0c0
  0x7ff0	65 00 20 00 66 00 6f 00 72 00 20 00 72 00 65 00 	e0 0f0o0r0 0r0e0
  0x8000	67 00 69 00 73 00 74 00 65 00 72 00 65 00 64 00 	g0i0s0t0e0r0e0d0
  0x8010	20 00 55 00 53 00 44 00 2c 00 20 00 70 00 6f 00 	 0U0S0D0,0 0p0o0
  0x8020	73 00 73 00 69 00 62 00 6c 00 79 00 20 00 69 00 	s0s0i0b0l0y0 0i0
  0x8030	6e 00 63 00 6f 00 72 00 72 00 65 00 63 00 74 00 	n0c0o0r0r0e0c0t0
  0x8040	20 00 63 00 6c 00 61 00 73 00 73 00 20 00 49 00 	 0c0l0a0s0s0 0I0
  0x8050	44 00 20 00 6f 00 72 00 20 00 70 00 72 00 6f 00 	D0 0o0r0 0p0r0o0
  0x8060	62 00 6c 00 65 00 6d 00 73 00 20 00 6c 00 6f 00 	b0l0e0m0s0 0l0o0
  0x8070	61 00 64 00 69 00 6e 00 67 00 20 00 44 00 4c 00 	a0d0i0n0g0 0D0L0
  0x8080	4c 00 00 00 00 00 00 00 00 00 00 00 00 00 00 00 	L000000000000000
  0x8090	43 00 6f 00 6d 00 70 00 6c 00 65 00 74 00 65 00 	C0o0m0p0l0e0t0e0
  0x80a0	64 00 20 00 6c 00 6f 00 61 00 64 00 69 00 6e 00 	d0 0l0o0a0d0i0n0
  0x80b0	67 00 20 00 55 00 53 00 44 00 2c 00 20 00 63 00 	g0 0U0S0D0,0 0c0
  0x80c0	61 00 6c 00 6c 00 69 00 6e 00 67 00 20 00 69 00 	a0l0l0i0n0g0 0i0
  0x80d0	6e 00 69 00 74 00 69 00 61 00 6c 00 69 00 7a 00 	n0i0t0i0a0l0i0z0
  0x80e0	61 00 74 00 69 00 6f 00 6e 00 20 00 72 00 6f 00 	a0t0i0o0n0 0r0o0
  0x80f0	75 00 74 00 69 00 6e 00 65 00 2e 00 00 00 00 00 	u0t0i0n0e0.00000
  0x8100	53 00 75 00 63 00 63 00 65 00 73 00 73 00 66 00 	S0u0c0c0e0s0s0f0
  0x8110	75 00 6c 00 6c 00 79 00 20 00 6c 00 6f 00 61 00 	u0l0l0y0 0l0o0a0
  0x8120	64 00 65 00 64 00 20 00 75 00 73 00 65 00 72 00 	d0e0d0 0u0s0e0r0
  0x8130	20 00 6d 00 6f 00 64 00 65 00 20 00 64 00 72 00 	 0m0o0d0e0 0d0r0
  0x8140	69 00 76 00 65 00 72 00 2e 00 00 00 00 00 00 00 	i0v0e0r0.0000000
  0x8150	56 00 65 00 72 00 73 00 69 00 6f 00 6e 00 20 00 	V0e0r0s0i0o0n0 0
  0x8160	6f 00 66 00 20 00 55 00 53 00 44 00 20 00 69 00 	o0f0 0U0S0D0 0i0
  0x8170	73 00 20 00 65 00 69 00 74 00 68 00 65 00 72 00 	s0 0e0i0t0h0e0r0
  0x8180	20 00 74 00 6f 00 6f 00 20 00 6f 00 6c 00 64 00 	 0t0o0o0 0o0l0d0
  0x8190	20 00 6f 00 72 00 20 00 74 00 6f 00 6f 00 20 00 	 0o0r0 0t0o0o0 0
  0x81a0	6e 00 65 00 77 00 20 00 2c 00 20 00 77 00 69 00 	n0e0w0 0,0 0w0i0
  0x81b0	6c 00 6c 00 20 00 6e 00 6f 00 74 00 20 00 77 00 	l0l0 0n0o0t0 0w0
  0x81c0	6f 00 72 00 6b 00 20 00 77 00 69 00 74 00 68 00 	o0r0k0 0w0i0t0h0
  0x81d0	20 00 74 00 68 00 69 00 73 00 20 00 76 00 65 00 	 0t0h0i0s0 0v0e0
  0x81e0	72 00 73 00 69 00 6f 00 6e 00 20 00 6f 00 66 00 	r0s0i0o0n0 0o0f0
  0x81f0	20 00 73 00 74 00 69 00 20 00 64 00 6c 00 6c 00 	 0s0t0i0 0d0l0l0
  0x8200	2e 00 00 00 00 00 00 00 00 00 00 00 00 00 00 00 	.000000000000000
  0x8210	55 00 53 00 44 00 20 00 66 00 61 00 69 00 6c 00 	U0S0D0 0f0a0i0l0
  0x8220	65 00 64 00 20 00 49 00 6e 00 69 00 74 00 69 00 	e0d0 0I0n0i0t0i0
  0x8230	61 00 6c 00 69 00 7a 00 65 00 20 00 6d 00 65 00 	a0l0i0z0e0 0m0e0
  0x8240	74 00 68 00 6f 00 64 00 2c 00 20 00 72 00 65 00 	t0h0o0d0,0 0r0e0
  0x8250	74 00 75 00 72 00 6e 00 65 00 64 00 20 00 65 00 	t0u0r0n0e0d0 0e0
  0x8260	72 00 72 00 6f 00 72 00 20 00 63 00 6f 00 64 00 	r0r0o0r0 0c0o0d0
  0x8270	65 00 20 00 28 00 68 00 65 00 78 00 29 00 3d 00 	e0 0(0h0e0x0)0=0
  0x8280	25 00 31 00 21 00 78 00 21 00 2e 00 00 00 00 00 	%010!0x0!0.00000
  0x8290	46 00 61 00 69 00 6c 00 65 00 64 00 20 00 74 00 	F0a0i0l0e0d0 0t0
  0x82a0	6f 00 20 00 63 00 72 00 65 00 61 00 74 00 65 00 	o0 0c0r0e0a0t0e0
  0x82b0	20 00 69 00 6e 00 73 00 74 00 61 00 6e 00 63 00 	 0i0n0s0t0a0n0c0
  0x82c0	65 00 20 00 6f 00 66 00 20 00 55 00 53 00 44 00 	e0 0o0f0 0U0S0D0
  0x82d0	20 00 6f 00 62 00 6a 00 65 00 63 00 74 00 20 00 	 0o0b0j0e0c0t0 0
  0x82e0	00 00 00 00 00 00 00 00 00 00 00 00 00 00 00 00 	0000000000000000
  0x82f0	53 00 79 00 73 00 74 00 65 00 6d 00 5c 00 43 00 	S0y0s0t0e0m000C0
  0x8300	75 00 72 00 72 00 65 00 6e 00 74 00 43 00 6f 00 	u0r0r0e0n0t0C0o0
  0x8310	6e 00 74 00 72 00 6f 00 6c 00 53 00 65 00 74 00 	n0t0r0o0l0S0e0t0
  0x8320	5c 00 53 00 65 00 72 00 76 00 69 00 63 00 65 00 	00S0e0r0v0i0c0e0
  0x8330	73 00 5c 00 43 00 6c 00 61 00 73 00 73 00 00 00 	s000C0l0a0s0s000
  0x8340	5c 00 00 00 00 00 00 00 00 00 00 00 00 00 00 00 	0000000000000000
  0x8350	53 00 79 00 73 00 74 00 65 00 6d 00 5c 00 43 00 	S0y0s0t0e0m000C0
  0x8360	75 00 72 00 72 00 65 00 6e 00 74 00 43 00 6f 00 	u0r0r0e0n0t0C0o0
  0x8370	6e 00 74 00 72 00 6f 00 6c 00 53 00 65 00 74 00 	n0t0r0o0l0S0e0t0
  0x8380	5c 00 43 00 6f 00 6e 00 74 00 72 00 6f 00 6c 00 	00C0o0n0t0r0o0l0
  0x8390	5c 00 53 00 74 00 69 00 6c 00 6c 00 49 00 6d 00 	00S0t0i0l0l0I0m0
  0x83a0	61 00 67 00 65 00 5c 00 4c 00 6f 00 67 00 67 00 	a0g0e000L0o0g0g0
  0x83b0	69 00 6e 00 67 00 00 00 4d 00 61 00 78 00 53 00 	i0n0g000M0a0x0S0
  0x83c0	69 00 7a 00 65 00 00 00 4c 00 65 00 76 00 65 00 	i0z0e000L0e0v0e0
  0x83d0	6c 00 00 00 00 00 00 00 4d 00 6f 00 64 00 65 00 	l0000000M0o0d0e0
  0x83e0	00 00 00 00 00 00 00 00 25 00 55 00 53 00 45 00 	00000000%0U0S0E0
  0x83f0	52 00 50 00 52 00 4f 00 46 00 49 00 4c 00 45 00 	R0P0R0O0F0I0L0E0
  0x8400	25 00 00 00 20 00 00 00 5b 00 25 00 23 00 73 00 	%000 000[0%0#0s0
  0x8410	3a 00 3a 00 25 00 23 00 6c 00 78 00 5d 00 20 00 	:0:0%0#0l0x0]0 0
  0x8420	00 00 00 00 09 00 00 00 0d 00 0a 00 00 00 00 00 	0000000000000000
  0x8430	0d 00 0a 00 2a 00 2a 00 2a 00 2a 00 2a 00 2a 00 	0000*0*0*0*0*0*0
  0x8440	20 00 4f 00 70 00 65 00 6e 00 65 00 64 00 20 00 	 0O0p0e0n0e0d0 0
  0x8450	66 00 69 00 6c 00 65 00 20 00 6c 00 6f 00 67 00 	f0i0l0e0 0l0o0g0
  0x8460	20 00 61 00 74 00 20 00 25 00 73 00 20 00 25 00 	 0a0t0 0%0s0 0%0
  0x8470	73 00 20 00 2e 00 54 00 72 00 61 00 63 00 65 00 	s0 0.0T0r0a0c0e0
  0x8480	72 00 20 00 28 00 25 00 73 00 29 00 20 00 2c 00 	r0 0(0%0s0)0 0,0
  0x8490	20 00 63 00 61 00 6c 00 6c 00 65 00 64 00 20 00 	 0c0a0l0l0e0d0 0
  0x84a0	66 00 72 00 6f 00 6d 00 20 00 5b 00 25 00 23 00 	f0r0o0m0 0[0%0#0
  0x84b0	73 00 3a 00 3a 00 25 00 23 00 6c 00 78 00 5d 00 	s0:0:0%0#0l0x0]0
  0x84c0	0d 00 0a 00 00 00 00 00 00 00 00 00 00 00 00 00 	0000000000000000
  0x84d0	53 00 65 00 76 00 65 00 72 00 69 00 74 00 79 00 	S0e0v0e0r0i0t0y0
  0x84e0	20 00 54 00 72 00 61 00 63 00 65 00 72 00 4e 00 	 0T0r0a0c0e0r0N0
  0x84f0	61 00 6d 00 65 00 20 00 5b 00 50 00 72 00 6f 00 	a0m0e0 0[0P0r0o0
  0x8500	63 00 65 00 73 00 73 00 3a 00 3a 00 54 00 68 00 	c0e0s0s0:0:0T0h0
  0x8510	72 00 65 00 61 00 64 00 49 00 64 00 5d 00 20 00 	r0e0a0d0I0d0]0 0
  0x8520	54 00 69 00 6d 00 65 00 20 00 4d 00 65 00 73 00 	T0i0m0e0 0M0e0s0
  0x8530	73 00 61 00 67 00 65 00 54 00 65 00 78 00 74 00 	s0a0g0e0T0e0x0t0
  0x8540	0d 00 0a 00 0d 00 0a 00 00 00 00 00 00 00 00 00 	0000000000000000
  0x8550	53 00 74 00 69 00 5f 00 54 00 72 00 61 00 63 00 	S0t0i0_0T0r0a0c0
  0x8560	65 00 2e 00 6c 00 6f 00 67 00 00 00 00 00 00 00 	e0.0l0o0g0000000
  0x8570	0d 00 0a 00 2a 00 2a 00 2a 00 2a 00 2a 00 2a 00 	0000*0*0*0*0*0*0
  0x8580	43 00 6c 00 6f 00 73 00 65 00 64 00 20 00 74 00 	C0l0o0s0e0d0 0t0
  0x8590	72 00 61 00 63 00 65 00 20 00 6c 00 6f 00 67 00 	r0a0c0e0 0l0o0g0
  0x85a0	20 00 6f 00 6e 00 20 00 25 00 73 00 20 00 25 00 	 0o0n0 0%0s0 0%0
  0x85b0	73 00 20 00 54 00 72 00 61 00 63 00 65 00 72 00 	s0 0T0r0a0c0e0r0
  0x85c0	20 00 28 00 25 00 73 00 29 00 20 00 2c 00 20 00 	 0(0%0s0)0 0,0 0
  0x85d0	63 00 61 00 6c 00 6c 00 65 00 64 00 20 00 66 00 	c0a0l0l0e0d0 0f0
  0x85e0	72 00 6f 00 6d 00 20 00 5b 00 25 00 23 00 73 00 	r0o0m0 0[0%0#0s0
  0x85f0	3a 00 3a 00 25 00 23 00 6c 00 78 00 5d 00 0d 00 	:0:0%0#0l0x0]000
  0x8600	0a 00 00 00 00 00 00 00 00 00 00 00 00 00 00 00 	0000000000000000
  0x8610	00 00 00 00 ff b8 30 3f 00 00 00 00 02 00 00 00 	0000000?00000000
  0x8620	25 00 00 00 68 86 00 00 68 72 00 00 00 00 00 00 	%000h000hr000000
  0x8630	ff b8 30 3f 00 00 00 00 0d 00 00 00 78 02 00 00 	000?00000000x000
  0x8640	90 86 00 00 90 72 00 00 00 00 00 00 ff b8 30 3f 	00000r000000000?
  0x8650	00 00 00 00 10 00 00 00 24 00 00 00 08 89 00 00 	00000000$0000000
  0x8660	08 75 00 00 00 00 00 00 52 53 44 53 94 1e a3 b2 	0u000000RSDS0000
  0x8670	d3 33 88 ac e1 46 32 e0 66 8b 21 70 01 00 00 00 	03000F20f0!p0000
  0x8680	77 69 61 77 6f 77 36 34 2e 70 64 62 00 00 00 00 	wiawow64.pdb0000
  0x8690	47 43 54 4c 00 10 00 00 90 56 00 00 2e 74 65 78 	GCTL00000V00.tex
  0x86a0	74 24 6d 6e 00 00 00 00 90 66 00 00 20 00 00 00 	t$mn00000f00 000
  0x86b0	2e 74 65 78 74 24 6d 6e 24 30 30 00 b0 66 00 00 	.text$mn$0000f00
  0x86c0	76 00 00 00 2e 74 65 78 74 24 78 00 00 70 00 00 	v000.text$x00p00
  0x86d0	18 03 00 00 2e 72 64 61 74 61 24 62 72 63 00 00 	0000.rdata$brc00
  0x86e0	18 73 00 00 28 00 00 00 2e 72 64 61 74 61 24 54 	0s00(000.rdata$T
  0x86f0	24 62 72 63 00 00 00 00 40 73 00 00 98 03 00 00 	$brc0000@s000000
  0x8700	2e 69 64 61 74 61 24 35 00 00 00 00 d8 76 00 00 	.idata$500000v00
  0x8710	10 00 00 00 2e 30 30 63 66 67 00 00 e8 76 00 00 	0000.00cfg000v00
  0x8720	08 00 00 00 2e 43 52 54 24 58 43 41 00 00 00 00 	0000.CRT$XCA0000
  0x8730	f0 76 00 00 08 00 00 00 2e 43 52 54 24 58 43 41 	0v000000.CRT$XCA
  0x8740	41 00 00 00 f8 76 00 00 08 00 00 00 2e 43 52 54 	A0000v000000.CRT
  0x8750	24 58 43 5a 00 00 00 00 00 77 00 00 08 00 00 00 	$XCZ00000w000000
  0x8760	2e 43 52 54 24 58 49 41 00 00 00 00 08 77 00 00 	.CRT$XIA00000w00
  0x8770	08 00 00 00 2e 43 52 54 24 58 49 41 41 00 00 00 	0000.CRT$XIAA000
  0x8780	10 77 00 00 08 00 00 00 2e 43 52 54 24 58 49 59 	0w000000.CRT$XIY
  0x8790	00 00 00 00 18 77 00 00 08 00 00 00 2e 43 52 54 	00000w000000.CRT
  0x87a0	24 58 49 5a 00 00 00 00 20 77 00 00 08 00 00 00 	$XIZ0000 w000000
  0x87b0	2e 43 52 54 24 58 4c 41 00 00 00 00 28 77 00 00 	.CRT$XLA0000(w00
  0x87c0	08 00 00 00 2e 43 52 54 24 58 4c 5a 00 00 00 00 	0000.CRT$XLZ0000
  0x87d0	30 77 00 00 f0 00 00 00 2e 67 66 69 64 73 00 00 	0w000000.gfids00
  0x87e0	20 78 00 00 48 0e 00 00 2e 72 64 61 74 61 00 00 	 x00H000.rdata00
  0x87f0	68 86 00 00 c4 02 00 00 2e 72 64 61 74 61 24 7a 	h0000000.rdata$z
  0x8800	7a 7a 64 62 67 00 00 00 2c 89 00 00 04 00 00 00 	zzdbg000,0000000
  0x8810	2e 74 6c 73 00 00 00 00 30 89 00 00 04 00 00 00 	.tls000000000000
  0x8820	2e 74 6c 73 24 00 00 00 34 89 00 00 04 00 00 00 	.tls$00040000000
  0x8830	2e 74 6c 73 24 5a 5a 5a 00 00 00 00 38 89 00 00 	.tls$ZZZ00008000
  0x8840	7c 06 00 00 2e 78 64 61 74 61 00 00 b4 8f 00 00 	|000.xdata000000
  0x8850	b4 00 00 00 2e 69 64 61 74 61 24 32 00 00 00 00 	0000.idata$20000
  0x8860	68 90 00 00 18 00 00 00 2e 69 64 61 74 61 24 33 	h0000000.idata$3
  0x8870	00 00 00 00 80 90 00 00 98 03 00 00 2e 69 64 61 	000000000000.ida
  0x8880	74 61 24 34 00 00 00 00 18 94 00 00 c6 07 00 00 	ta$4000000000000
  0x8890	2e 69 64 61 74 61 24 36 00 00 00 00 00 a0 00 00 	.idata$600000000
  0x88a0	10 00 00 00 2e 64 61 74 61 24 62 72 63 00 00 00 	0000.data$brc000
  0x88b0	10 a0 00 00 30 00 00 00 2e 64 61 74 61 00 00 00 	00000000.data000
  0x88c0	40 a0 00 00 70 06 00 00 2e 62 73 73 00 00 00 00 	@000p000.bss0000
  0x88d0	00 b0 00 00 74 04 00 00 2e 70 64 61 74 61 00 00 	0000t000.pdata00
  0x88e0	00 c0 00 00 60 00 00 00 2e 72 73 72 63 24 30 31 	0000`000.rsrc$01
  0x88f0	00 00 00 00 60 c0 00 00 c8 03 00 00 2e 72 73 72 	0000`0000000.rsr
  0x8900	63 24 30 32 00 00 00 00 20 00 00 00 94 1e a3 b2 	c$020000 0000000
  0x8910	d3 33 88 ac e1 46 32 e0 66 8b 21 70 a1 99 62 6d 	03000F20f0!p00bm
  0x8920	66 aa 5f fa 0d 0f c6 c2 ff b8 30 3f 00 00 00 00 	f0_00000000?0000
  0x8930	00 00 00 80 00 00 00 00 01 06 02 00 06 32 02 30 	0000000000000200
  0x8940	01 0a 04 00 0a 34 06 00 0a 32 06 70 01 17 08 00 	00000400020p0000
  0x8950	17 74 11 00 17 64 10 00 17 34 0f 00 17 b2 10 50 	0t000d000400000P
  0x8960	01 18 0a 00 18 64 0e 00 18 54 0d 00 18 34 0c 00 	00000d000T000400
  0x8970	18 72 14 f0 12 e0 10 70 01 19 0a 00 19 74 0d 00 	0r00000p00000t00
  0x8980	19 64 0c 00 19 54 0b 00 19 34 0a 00 19 72 15 e0 	0d000T0004000r00
  0x8990	01 18 0a 00 18 64 11 00 18 54 10 00 18 34 0e 00 	00000d000T000400
  0x89a0	18 92 14 f0 12 e0 10 70 01 0d 04 00 0d 34 0c 00 	0000000p00000400
  0x89b0	0d 92 06 50 01 10 04 00 10 34 09 00 10 52 0c 70 	000P000004000R0p
  0x89c0	01 10 04 00 10 34 07 00 10 32 0c 70 01 07 01 00 	00000400020p0000
  0x89d0	07 a2 00 00 01 1b 09 00 1b 74 16 00 1b 64 15 00 	000000000t000d00
  0x89e0	1b 34 14 00 1b 01 12 00 10 50 00 00 01 14 08 00 	040000000P000000
  0x89f0	14 64 08 00 14 54 07 00 14 34 06 00 14 32 10 70 	0d000T000400020p
  0x8a00	01 04 01 00 04 42 00 00 01 0e 03 00 0e 01 12 00 	00000B0000000000
  0x8a10	02 50 00 00 01 05 02 00 05 34 01 00 01 16 08 00 	0P00000004000000
  0x8a20	16 74 12 00 16 34 10 00 16 b2 0f f0 0d c0 0b 50 	0t0004000000000P
  0x8a30	09 0a 02 00 0a 52 06 30 24 60 00 00 01 00 00 00 	00000R00$`000000
  0x8a40	64 22 00 00 83 22 00 00 01 00 00 00 83 22 00 00 	d"000"0000000"00
  0x8a50	19 15 02 00 06 92 02 30 ec 65 00 00 01 00 00 00 	000000000e000000
  0x8a60	1b 23 00 00 3a 23 00 00 01 00 00 00 3a 23 00 00 	0#00:#000000:#00
  0x8a70	49 00 00 00 09 04 01 00 04 62 00 00 24 60 00 00 	I00000000b00$`00
  0x8a80	01 00 00 00 ac 23 00 00 bf 23 00 00 01 00 00 00 	00000#000#000000
  0x8a90	bf 23 00 00 19 24 07 00 12 64 51 00 12 34 50 00 	0#000$000dQ004P0
  0x8aa0	12 01 4c 00 0b 70 00 00 ec 65 00 00 01 00 00 00 	00L00p000e000000
  0x8ab0	5f 24 00 00 7d 24 00 00 01 00 00 00 7d 24 00 00 	_$00}$000000}$00
  0x8ac0	51 02 00 00 09 0f 06 00 0f 64 0d 00 0f 34 0c 00 	Q00000000d000400
  0x8ad0	0f 92 0b 70 24 60 00 00 01 00 00 00 29 25 00 00 	000p$`000000)%00
  0x8ae0	70 25 00 00 01 00 00 00 70 25 00 00 09 04 01 00 	p%000000p%000000
  0x8af0	04 62 00 00 24 60 00 00 01 00 00 00 cc 25 00 00 	0b00$`0000000%00
  0x8b00	e3 25 00 00 01 00 00 00 e3 25 00 00 09 04 01 00 	0%0000000%000000
  0x8b10	04 62 00 00 24 60 00 00 01 00 00 00 1c 26 00 00 	0b00$`0000000&00
  0x8b20	2f 26 00 00 01 00 00 00 2f 26 00 00 09 04 01 00 	/&000000/&000000
  0x8b30	04 62 00 00 24 60 00 00 01 00 00 00 5c 26 00 00 	0b00$`0000000&00
  0x8b40	6f 26 00 00 01 00 00 00 6f 26 00 00 09 0a 04 00 	o&000000o&000000
  0x8b50	0a 34 0a 00 0a 72 06 70 24 60 00 00 01 00 00 00 	04000r0p$`000000
  0x8b60	bb 26 00 00 df 26 00 00 01 00 00 00 df 26 00 00 	0&000&0000000&00
  0x8b70	09 04 01 00 04 82 00 00 24 60 00 00 01 00 00 00 	00000000$`000000
  0x8b80	1c 27 00 00 32 27 00 00 01 00 00 00 32 27 00 00 	0'002'0000002'00
  0x8b90	09 0a 04 00 0a 34 0a 00 0a 72 06 70 24 60 00 00 	000004000r0p$`00
  0x8ba0	01 00 00 00 8b 27 00 00 af 27 00 00 01 00 00 00 	00000'000'000000
  0x8bb0	af 27 00 00 09 04 01 00 04 82 00 00 24 60 00 00 	0'0000000000$`00
  0x8bc0	01 00 00 00 ec 27 00 00 02 28 00 00 01 00 00 00 	00000'000(000000
  0x8bd0	02 28 00 00 19 24 07 00 12 64 4f 00 12 34 4e 00 	0(000$000dO004N0
  0x8be0	12 01 4a 00 0b 70 00 00 ec 65 00 00 01 00 00 00 	00J00p000e000000
  0x8bf0	93 28 00 00 b4 28 00 00 01 00 00 00 b4 28 00 00 	0(000(0000000(00
  0x8c00	41 02 00 00 01 12 05 00 12 42 0e 70 0d 60 0c 50 	A00000000B0p0`0P
  0x8c10	0b 30 00 00 19 27 07 00 16 01 50 01 07 c0 05 70 	00000'0000P0000p
  0x8c20	04 60 03 30 02 50 00 00 64 65 00 00 70 0a 00 00 	0`000P00de00p000
  0x8c30	19 2b 07 00 1a 74 54 00 1a 34 53 00 1a 01 50 00 	0+000tT004S000P0
  0x8c40	0b 50 00 00 64 65 00 00 70 02 00 00 01 0e 06 00 	0P00de00p0000000
  0x8c50	0e 34 0b 00 0e 52 0a 70 09 60 08 50 19 31 0d 00 	04000R0p0`0P0100
  0x8c60	23 74 1e 00 23 64 1d 00 23 34 1c 00 23 01 16 00 	#t00#d00#400#000
  0x8c70	18 f0 16 e0 14 d0 12 c0 10 50 00 00 64 65 00 00 	000000000P00de00
  0x8c80	a0 00 00 00 01 0f 04 00 0f 34 06 00 0f 32 0b 70 	000000000400020p
  0x8c90	19 1f 05 00 0d 34 4f 00 0d 01 4c 00 06 70 00 00 	000004O000L00p00
  0x8ca0	64 65 00 00 50 02 00 00 19 2b 0b 00 19 54 3b 00 	de00P0000+000T;0
  0x8cb0	19 34 39 00 19 01 32 00 12 f0 10 e0 0e c0 0c 70 	049000200000000p
  0x8cc0	0b 60 00 00 64 65 00 00 80 01 00 00 19 2c 09 00 	0`00de0000000,00
  0x8cd0	1b 34 78 00 1b 01 70 00 0c f0 0a e0 08 70 07 60 	04x000p000000p0`
  0x8ce0	06 50 00 00 64 65 00 00 70 03 00 00 09 20 0a 00 	0P00de00p0000 00
  0x8cf0	20 64 11 00 20 34 10 00 20 92 1c f0 1a e0 18 d0 	 d00 400 0000000
  0x8d00	16 c0 14 70 24 60 00 00 02 00 00 00 88 3d 00 00 	000p$`0000000=00
  0x8d10	ae 3d 00 00 01 00 00 00 ae 3d 00 00 c4 3d 00 00 	0=0000000=000=00
  0x8d20	e7 3d 00 00 01 00 00 00 e7 3d 00 00 01 19 0a 00 	0=0000000=000000
  0x8d30	19 74 0b 00 19 64 0a 00 19 54 09 00 19 34 08 00 	0t000d000T000400
  0x8d40	19 52 15 e0 01 0f 06 00 0f 64 09 00 0f 34 08 00 	0R0000000d000400
  0x8d50	0f 52 0b 70 01 0a 04 00 0a 34 08 00 0a 52 06 70 	0R0p000004000R0p
  0x8d60	01 0f 06 00 0f 64 07 00 0f 34 06 00 0f 32 0b 70 	00000d000400020p
  0x8d70	19 27 09 00 15 54 52 00 15 34 51 00 15 01 4c 00 	0'000TR004Q000L0
  0x8d80	0e f0 0c 70 0b 60 00 00 64 65 00 00 50 02 00 00 	000p0`00de00P000
  0x8d90	19 18 05 00 09 e2 05 70 04 60 03 50 02 30 00 00 	0000000p0`0P0000
  0x8da0	64 65 00 00 68 00 00 00 19 27 09 00 15 54 56 00 	de00h0000'000TV0
  0x8db0	15 34 55 00 15 01 50 00 0e e0 0c 70 0b 60 00 00 	04U000P0000p0`00
  0x8dc0	64 65 00 00 70 02 00 00 01 19 06 00 19 32 15 e0 	de00p00000000200
  0x8dd0	13 70 12 60 11 50 10 30 19 32 0b 00 21 64 5a 00 	0p0`0P000200!dZ0
  0x8de0	21 34 59 00 21 01 52 00 12 f0 10 e0 0e c0 0c 70 	!4Y0!0R00000000p
  0x8df0	0b 50 00 00 64 65 00 00 80 02 00 00 19 1b 03 00 	0P00de0000000000
  0x8e00	09 01 3c 00 02 30 00 00 64 65 00 00 d0 01 00 00 	00<00000de000000
  0x8e10	19 30 0b 00 1f 34 8f 01 1f 01 86 01 10 f0 0e e0 	0000040000000000
  0x8e20	0c d0 0a c0 08 70 07 60 06 50 00 00 64 65 00 00 	00000p0`0P00de00
  0x8e30	20 0c 00 00 19 26 09 00 18 34 1e 00 18 01 16 00 	 0000&0004000000
  0x8e40	0c f0 0a e0 08 70 07 60 06 50 00 00 64 65 00 00 	00000p0`0P00de00
  0x8e50	a0 00 00 00 19 1b 03 00 09 01 3a 00 02 30 00 00 	0000000000:00000
  0x8e60	64 65 00 00 c0 01 00 00 01 0e 01 00 0e 42 00 00 	de00000000000B00
  0x8e70	01 19 0a 00 19 74 09 00 19 64 08 00 19 54 07 00 	00000t000d000T00
  0x8e80	19 34 06 00 19 32 15 e0 19 1f 05 00 0d 34 30 00 	0400020000000400
  0x8e90	0d 01 2c 00 06 70 00 00 64 65 00 00 50 01 00 00 	00,00p00de00P000
  0x8ea0	01 0c 04 00 0c 34 0b 00 0c 72 08 70 01 04 01 00 	000004000r0p0000
  0x8eb0	04 62 00 00 09 13 07 00 13 74 19 00 13 34 18 00 	0b0000000t000400
  0x8ec0	13 01 16 00 0c e0 00 00 24 60 00 00 01 00 00 00 	00000000$`000000
  0x8ed0	cc 5d 00 00 a7 5f 00 00 b0 66 00 00 a7 5f 00 00 	0]000_000f000_00
  0x8ee0	01 06 02 00 06 32 02 50 01 00 00 00 01 0c 02 00 	0000020P00000000
  0x8ef0	0c 01 11 00 09 04 01 00 04 22 00 00 24 60 00 00 	000000000"00$`00
  0x8f00	01 00 00 00 9c 62 00 00 d2 62 00 00 01 00 00 00 	00000b000b000000
  0x8f10	d2 62 00 00 09 0a 04 00 0a 34 06 00 0a 32 06 70 	0b0000000400020p
  0x8f20	24 60 00 00 01 00 00 00 ad 63 00 00 e0 63 00 00 	$`0000000c000c00
  0x8f30	e0 66 00 00 e0 63 00 00 01 0d 04 00 0d 34 09 00 	0f000c0000000400
  0x8f40	0d 32 06 50 19 0d 01 00 04 62 00 00 56 65 00 00 	020P00000b00Ve00
  0x8f50	28 78 00 00 ff ff ff ff 00 00 00 00 ff ff ff ff 	(x00000000000000
  0x8f60	00 00 00 00 00 00 00 00 00 00 00 00 01 00 00 00 	0000000000000000
  0x8f70	01 00 00 00 78 8f 00 00 40 00 00 00 00 00 00 00 	0000x000@0000000
  0x8f80	00 00 00 00 06 67 00 00 38 00 00 00 00 00 00 00 	00000g0080000000
  0x8f90	39 65 00 00 00 00 00 00 19 0a 02 00 0a 32 06 50 	9e0000000000020P
  0x8fa0	56 65 00 00 28 78 00 00 01 00 00 00 01 02 01 00 	Ve00(x0000000000
  0x8fb0	02 30 00 00 80 90 00 00 00 00 00 00 00 00 00 00 	0000000000000000
  0x8fc0	8c 94 00 00 40 73 00 00 d0 90 00 00 00 00 00 00 	0000@s0000000000
  0x8fd0	00 00 00 00 1c 97 00 00 90 73 00 00 d0 92 00 00 	000000000s000000
  0x8fe0	00 00 00 00 00 00 00 00 7e 97 00 00 90 75 00 00 	00000000~0000u00
  0x8ff0	00 93 00 00 00 00 00 00 00 00 00 00 8c 98 00 00 	0000000000000000
  0x9000	c0 75 00 00 70 92 00 00 00 00 00 00 00 00 00 00 	0u00p00000000000
  0x9010	c2 98 00 00 30 75 00 00 c8 93 00 00 00 00 00 00 	00000u0000000000
  0x9020	00 00 00 00 84 99 00 00 88 76 00 00 c0 90 00 00 	000000000v000000
  0x9030	00 00 00 00 00 00 00 00 a6 99 00 00 80 73 00 00 	0000000000000s00
  0x9040	80 92 00 00 00 00 00 00 00 00 00 00 82 9a 00 00 	0000000000000000
  0x9050	40 75 00 00 c0 92 00 00 00 00 00 00 00 00 00 00 	@u00000000000000
  0x9060	a2 9a 00 00 80 75 00 00 00 00 00 00 00 00 00 00 	00000u0000000000
  0x9070	00 00 00 00 00 00 00 00 00 00 00 00 00 00 00 00 	0000000000000000
  0x9080	26 94 00 00 00 00 00 00 36 94 00 00 00 00 00 00 	&000000060000000
  0x9090	46 94 00 00 00 00 00 00 5a 94 00 00 00 00 00 00 	F0000000Z0000000
  0x90a0	6c 94 00 00 00 00 00 00 7e 94 00 00 00 00 00 00 	l0000000~0000000
  0x90b0	18 94 00 00 00 00 00 00 00 00 00 00 00 00 00 00 	0000000000000000
  0x90c0	8e 99 00 00 00 00 00 00 00 00 00 00 00 00 00 00 	0000000000000000
  0x90d0	c0 94 00 00 00 00 00 00 d2 94 00 00 00 00 00 00 	0000000000000000
  0x90e0	e0 94 00 00 00 00 00 00 f2 94 00 00 00 00 00 00 	0000000000000000
  0x90f0	fe 94 00 00 00 00 00 00 0a 95 00 00 00 00 00 00 	0000000000000000
  0x9100	1c 95 00 00 00 00 00 00 28 95 00 00 00 00 00 00 	00000000(0000000
  0x9110	36 95 00 00 00 00 00 00 4c 95 00 00 00 00 00 00 	60000000L0000000
  0x9120	5a 95 00 00 00 00 00 00 68 95 00 00 00 00 00 00 	Z0000000h0000000
  0x9130	74 95 00 00 00 00 00 00 80 95 00 00 00 00 00 00 	t000000000000000
  0x9140	8c 95 00 00 00 00 00 00 9a 95 00 00 00 00 00 00 	0000000000000000
  0x9150	a6 95 00 00 00 00 00 00 9a 94 00 00 00 00 00 00 	0000000000000000
  0x9160	ca 95 00 00 00 00 00 00 d6 95 00 00 00 00 00 00 	0000000000000000
  0x9170	e6 95 00 00 00 00 00 00 02 96 00 00 00 00 00 00 	0000000000000000
  0x9180	18 96 00 00 00 00 00 00 2a 96 00 00 00 00 00 00 	00000000*0000000
  0x9190	3a 96 00 00 00 00 00 00 4a 96 00 00 00 00 00 00 	:0000000J0000000
  0x91a0	60 96 00 00 00 00 00 00 7e 96 00 00 00 00 00 00 	`0000000~0000000
  0x91b0	8a 96 00 00 00 00 00 00 9a 96 00 00 00 00 00 00 	0000000000000000
  0x91c0	ac 96 00 00 00 00 00 00 ba 96 00 00 00 00 00 00 	0000000000000000
  0x91d0	cc 96 00 00 00 00 00 00 e0 96 00 00 00 00 00 00 	0000000000000000
  0x91e0	f6 96 00 00 00 00 00 00 08 97 00 00 00 00 00 00 	0000000000000000
  0x91f0	ba 9a 00 00 00 00 00 00 b2 9a 00 00 00 00 00 00 	0000000000000000
  0x9200	aa 94 00 00 00 00 00 00 b8 95 00 00 00 00 00 00 	0000000000000000
  0x9210	e0 9a 00 00 00 00 00 00 cc 9a 00 00 00 00 00 00 	0000000000000000
  0x9220	fa 9a 00 00 00 00 00 00 0e 9b 00 00 00 00 00 00 	0000000000000000
  0x9230	2a 9b 00 00 00 00 00 00 48 9b 00 00 00 00 00 00 	*0000000H0000000
  0x9240	5c 9b 00 00 00 00 00 00 70 9b 00 00 00 00 00 00 	00000000p0000000
  0x9250	8a 9b 00 00 00 00 00 00 a0 9b 00 00 00 00 00 00 	0000000000000000
  0x9260	ba 9b 00 00 00 00 00 00 00 00 00 00 00 00 00 00 	0000000000000000
  0x9270	06 00 00 00 00 00 00 80 00 00 00 00 00 00 00 00 	0000000000000000
  0x9280	2e 9a 00 00 00 00 00 00 b4 99 00 00 00 00 00 00 	.000000000000000
  0x9290	d4 99 00 00 00 00 00 00 f2 99 00 00 00 00 00 00 	0000000000000000
  0x92a0	16 9a 00 00 00 00 00 00 5e 9a 00 00 00 00 00 00 	00000000^0000000
  0x92b0	46 9a 00 00 00 00 00 00 00 00 00 00 00 00 00 00 	F000000000000000
  0x92c0	90 9a 00 00 00 00 00 00 00 00 00 00 00 00 00 00 	0000000000000000
  0x92d0	72 97 00 00 00 00 00 00 3c 97 00 00 00 00 00 00 	r0000000<0000000
  0x92e0	64 97 00 00 00 00 00 00 50 97 00 00 00 00 00 00 	d0000000P0000000
  0x92f0	2a 97 00 00 00 00 00 00 00 00 00 00 00 00 00 00 	*000000000000000
  0x9300	02 98 00 00 00 00 00 00 f4 97 00 00 00 00 00 00 	0000000000000000
  0x9310	e6 97 00 00 00 00 00 00 24 98 00 00 00 00 00 00 	00000000$0000000
  0x9320	d2 97 00 00 00 00 00 00 c8 97 00 00 00 00 00 00 	0000000000000000
  0x9330	be 97 00 00 00 00 00 00 a2 97 00 00 00 00 00 00 	0000000000000000
  0x9340	8a 97 00 00 00 00 00 00 12 98 00 00 00 00 00 00 	0000000000000000
  0x9350	ac 98 00 00 00 00 00 00 ca 9b 00 00 00 00 00 00 	0000000000000000
  0x9360	98 98 00 00 00 00 00 00 80 98 00 00 00 00 00 00 	0000000000000000
  0x9370	76 98 00 00 00 00 00 00 6c 98 00 00 00 00 00 00 	v0000000l0000000
  0x9380	60 98 00 00 00 00 00 00 4c 98 00 00 00 00 00 00 	`0000000L0000000
  0x9390	3e 98 00 00 00 00 00 00 34 98 00 00 00 00 00 00 	>000000040000000
  0x93a0	de 97 00 00 00 00 00 00 2c 98 00 00 00 00 00 00 	00000000,0000000
  0x93b0	b0 97 00 00 00 00 00 00 d4 9b 00 00 00 00 00 00 	0000000000000000
  0x93c0	00 00 00 00 00 00 00 00 5a 99 00 00 00 00 00 00 	00000000Z0000000
  0x93d0	42 99 00 00 00 00 00 00 2a 99 00 00 00 00 00 00 	B0000000*0000000
  0x93e0	72 99 00 00 00 00 00 00 06 99 00 00 00 00 00 00 	r000000000000000
  0x93f0	f4 98 00 00 00 00 00 00 e0 98 00 00 00 00 00 00 	0000000000000000
  0x9400	d0 98 00 00 00 00 00 00 1a 99 00 00 00 00 00 00 	0000000000000000
  0x9410	00 00 00 00 00 00 00 00 5b 02 52 65 67 43 6c 6f 	00000000[0RegClo
  0x9420	73 65 4b 65 79 00 8c 02 52 65 67 4f 70 65 6e 4b 	seKey000RegOpenK
  0x9430	65 79 45 78 57 00 7a 02 52 65 67 45 6e 75 6d 4b 	eyExW0z0RegEnumK
  0x9440	65 79 45 78 57 00 99 02 52 65 67 51 75 65 72 79 	eyExW000RegQuery
  0x9450	56 61 6c 75 65 45 78 57 00 00 64 02 52 65 67 43 	ValueExW00d0RegC
  0x9460	72 65 61 74 65 4b 65 79 45 78 57 00 9a 02 52 65 	reateKeyExW000Re
  0x9470	67 51 75 65 72 79 56 61 6c 75 65 57 00 00 8f 02 	gQueryValueW0000
  0x9480	52 65 67 4f 70 65 6e 4b 65 79 57 00 41 44 56 41 	RegOpenKeyW0ADVA
  0x9490	50 49 33 32 2e 64 6c 6c 00 00 69 02 47 65 74 4c 	PI32.dll00i0GetL
  0x94a0	61 73 74 45 72 72 6f 72 00 00 58 03 48 65 61 70 	astError00X0Heap
  0x94b0	53 65 74 49 6e 66 6f 72 6d 61 74 69 6f 6e 00 00 	SetInformation00
  0x94c0	b7 02 47 65 74 50 72 6f 63 41 64 64 72 65 73 73 	00GetProcAddress
  0x94d0	00 00 b3 01 46 72 65 65 4c 69 62 72 61 72 79 00 	0000FreeLibrary0
  0x94e0	c9 03 4c 6f 61 64 4c 69 62 72 61 72 79 45 78 57 	00LoadLibraryExW
  0x94f0	00 00 d5 03 4c 6f 63 61 6c 46 72 65 65 00 51 06 	0000LocalFree0Q0
  0x9500	6c 73 74 72 6c 65 6e 57 00 00 9d 00 43 6f 6d 70 	lstrlenW0000Comp
  0x9510	61 72 65 53 74 72 69 6e 67 57 00 00 42 04 50 75 	areStringW00B0Pu
  0x9520	72 67 65 43 6f 6d 6d 00 d0 03 4c 6f 63 61 6c 41 	rgeComm000LocalA
  0x9530	6c 6c 6f 63 00 00 64 01 45 73 63 61 70 65 43 6f 	lloc00d0EscapeCo
  0x9540	6d 6d 46 75 6e 63 74 69 6f 6e 00 00 88 00 43 6c 	mmFunction0000Cl
  0x9550	6f 73 65 48 61 6e 64 6c 65 00 ee 04 53 65 74 43 	oseHandle000SetC
  0x9560	6f 6d 6d 4d 61 73 6b 00 48 06 6c 73 74 72 63 6d 	ommMask0H0lstrcm
  0x9570	70 69 57 00 78 04 52 65 61 64 46 69 6c 65 00 00 	piW0x0ReadFile00
  0x9580	23 06 57 72 69 74 65 46 69 6c 65 00 cd 00 43 72 	#0WriteFile000Cr
  0x9590	65 61 74 65 46 69 6c 65 57 00 89 05 53 65 74 75 	eateFileW000Setu
  0x95a0	70 43 6f 6d 6d 00 86 00 43 6c 65 61 72 43 6f 6d 	pComm000ClearCom
  0x95b0	6d 45 72 72 6f 72 00 00 f0 04 53 65 74 43 6f 6d 	mError0000SetCom
  0x95c0	6d 54 69 6d 65 6f 75 74 73 00 54 03 48 65 61 70 	mTimeouts0T0Heap
  0x95d0	46 72 65 65 00 00 40 05 53 65 74 4c 61 73 74 45 	Free00@0SetLastE
  0x95e0	72 72 6f 72 00 00 6a 01 45 78 70 61 6e 64 45 6e 	rror00j0ExpandEn
  0x95f0	76 69 72 6f 6e 6d 65 6e 74 53 74 72 69 6e 67 73 	vironmentStrings
  0x9600	57 00 7c 02 47 65 74 4d 6f 64 75 6c 65 46 69 6c 	W0|0GetModuleFil
  0x9610	65 4e 61 6d 65 57 00 00 31 05 53 65 74 46 69 6c 	eNameW0010SetFil
  0x9620	65 50 6f 69 6e 74 65 72 00 00 1f 05 53 65 74 45 	ePointer0000SetE
  0x9630	6e 64 4f 66 46 69 6c 65 00 00 c0 05 55 6e 6c 6f 	ndOfFile0000Unlo
  0x9640	63 6b 46 69 6c 65 45 78 00 00 24 02 47 65 74 43 	ckFileEx00$0GetC
  0x9650	75 72 72 65 6e 74 54 68 72 65 61 64 49 64 00 00 	urrentThreadId00
  0x9660	50 02 47 65 74 46 69 6c 65 49 6e 66 6f 72 6d 61 	P0GetFileInforma
  0x9670	74 69 6f 6e 42 79 48 61 6e 64 6c 65 00 00 50 03 	tionByHandle00P0
  0x9680	48 65 61 70 41 6c 6c 6f 63 00 6a 02 47 65 74 4c 	HeapAlloc0j0GetL
  0x9690	6f 63 61 6c 54 69 6d 65 00 00 15 03 47 65 74 54 	ocalTime0000GetT
  0x96a0	69 6d 65 46 6f 72 6d 61 74 57 00 00 e0 03 4c 6f 	imeFormatW0000Lo
  0x96b0	63 6b 46 69 6c 65 45 78 00 00 bd 02 47 65 74 50 	ckFileEx0000GetP
  0x96c0	72 6f 63 65 73 73 48 65 61 70 00 00 80 02 47 65 	rocessHeap0000Ge
  0x96d0	74 4d 6f 64 75 6c 65 48 61 6e 64 6c 65 57 00 00 	tModuleHandleW00
  0x96e0	0f 06 57 69 64 65 43 68 61 72 54 6f 4d 75 6c 74 	00WideCharToMult
  0x96f0	69 42 79 74 65 00 2a 02 47 65 74 44 61 74 65 46 	iByte0*0GetDateF
  0x9700	6f 72 6d 61 74 57 00 00 a7 01 46 6c 75 73 68 46 	ormatW0000FlushF
  0x9710	69 6c 65 42 75 66 66 65 72 73 00 00 4b 45 52 4e 	ileBuffers00KERN
  0x9720	45 4c 33 32 2e 64 6c 6c 00 00 b0 02 50 6f 73 74 	EL32.dll0000Post
  0x9730	51 75 69 74 4d 65 73 73 61 67 65 00 ac 03 54 72 	QuitMessage000Tr
  0x9740	61 6e 73 6c 61 74 65 4d 65 73 73 61 67 65 00 00 	anslateMessage00
  0x9750	bd 00 44 69 73 70 61 74 63 68 4d 65 73 73 61 67 	00DispatchMessag
  0x9760	65 57 00 00 89 01 47 65 74 4d 65 73 73 61 67 65 	eW0000GetMessage
  0x9770	57 00 34 00 43 68 61 72 4e 65 78 74 57 00 55 53 	W040CharNextW0US
  0x9780	45 52 33 32 2e 64 6c 6c 00 00 57 00 5f 5f 43 5f 	ER32.dll00W0__C_
  0x9790	73 70 65 63 69 66 69 63 5f 68 61 6e 64 6c 65 72 	specific_handler
  0x97a0	00 00 69 03 5f 76 73 6e 77 70 72 69 6e 74 66 00 	00i0_vsnwprintf0
  0x97b0	60 03 5f 76 73 63 77 70 72 69 6e 74 66 00 10 05 	`0_vscwprintf000
  0x97c0	77 63 73 72 63 68 72 00 86 04 6d 61 6c 6c 6f 63 	wcsrchr000malloc
  0x97d0	00 00 bf 00 5f 63 61 6c 6c 6e 65 77 68 00 4c 04 	0000_callnewh0L0
  0x97e0	66 72 65 65 00 00 55 00 5f 58 63 70 74 46 69 6c 	free00U0_XcptFil
  0x97f0	74 65 72 00 ae 00 5f 61 6d 73 67 5f 65 78 69 74 	ter000_amsg_exit
  0x9800	00 00 7f 00 5f 5f 67 65 74 6d 61 69 6e 61 72 67 	0000__getmainarg
  0x9810	73 00 8e 00 5f 5f 73 65 74 5f 61 70 70 5f 74 79 	s000__set_app_ty
  0x9820	70 65 00 00 32 04 65 78 69 74 00 00 0e 01 5f 65 	pe0020exit0000_e
  0x9830	78 69 74 00 c1 00 5f 63 65 78 69 74 00 00 99 01 	xit000_cexit0000
  0x9840	5f 69 73 6d 62 62 6c 65 61 64 00 00 90 00 5f 5f 	_ismbblead0000__
  0x9850	73 65 74 75 73 65 72 6d 61 74 68 65 72 72 00 00 	setusermatherr00
  0x9860	7d 01 5f 69 6e 69 74 74 65 72 6d 00 a2 00 5f 61 	}0_initterm000_a
  0x9870	63 6d 64 6c 6e 00 27 01 5f 66 6d 6f 64 65 00 00 	cmdln0'0_fmode00
  0x9880	d2 00 5f 63 6f 6d 6d 6f 64 65 00 00 6d 73 76 63 	00_commode00msvc
  0x9890	72 74 2e 64 6c 6c 00 00 2f 00 3f 74 65 72 6d 69 	rt.dll00/0?termi
  0x98a0	6e 61 74 65 40 40 59 41 58 58 5a 00 5b 00 5f 5f 	nate@@YAXXZ0[0__
  0x98b0	43 78 78 46 72 61 6d 65 48 61 6e 64 6c 65 72 33 	CxxFrameHandler3
  0x98c0	00 00 4f 4c 45 41 55 54 33 32 2e 64 6c 6c 00 00 	00OLEAUT32.dll00
  0x98d0	60 00 43 6f 49 6e 69 74 69 61 6c 69 7a 65 00 00 	`0CoInitialize00
  0x98e0	cf 01 50 72 6f 70 56 61 72 69 61 6e 74 43 6c 65 	00PropVariantCle
  0x98f0	61 72 00 00 90 00 43 6f 55 6e 69 6e 69 74 69 61 	ar0000CoUninitia
  0x9900	6c 69 7a 65 00 00 2b 00 43 6f 43 72 65 61 74 65 	lize00+0CoCreate
  0x9910	49 6e 73 74 61 6e 63 65 00 00 8c 00 43 6f 54 61 	Instance0000CoTa
  0x9920	73 6b 4d 65 6d 46 72 65 65 00 76 00 43 6f 52 65 	skMemFree0v0CoRe
  0x9930	67 69 73 74 65 72 43 6c 61 73 73 4f 62 6a 65 63 	gisterClassObjec
  0x9940	74 00 62 00 43 6f 49 6e 69 74 69 61 6c 69 7a 65 	t0b0CoInitialize
  0x9950	53 65 63 75 72 69 74 79 00 00 b9 00 46 72 65 65 	Security0000Free
  0x9960	50 72 6f 70 56 61 72 69 61 6e 74 41 72 72 61 79 	PropVariantArray
  0x9970	00 00 10 00 43 4c 53 49 44 46 72 6f 6d 53 74 72 	0000CLSIDFromStr
  0x9980	69 6e 67 00 6f 6c 65 33 32 2e 64 6c 6c 00 5e 00 	ing0ole32.dll0^0
  0x9990	43 4d 5f 47 65 74 5f 44 65 76 4e 6f 64 65 5f 53 	CM_Get_DevNode_S
  0x99a0	74 61 74 75 73 00 43 46 47 4d 47 52 33 32 2e 64 	tatus0CFGMGR32.d
  0x99b0	6c 6c 00 00 3d 01 53 65 74 75 70 44 69 44 65 73 	ll00=0SetupDiDes
  0x99c0	74 72 6f 79 44 65 76 69 63 65 49 6e 66 6f 4c 69 	troyDeviceInfoLi
  0x99d0	73 74 00 00 41 01 53 65 74 75 70 44 69 45 6e 75 	st00A0SetupDiEnu
  0x99e0	6d 44 65 76 69 63 65 49 6e 74 65 72 66 61 63 65 	mDeviceInterface
  0x99f0	73 00 95 01 53 65 74 75 70 44 69 4f 70 65 6e 44 	s000SetupDiOpenD
  0x9a00	65 76 69 63 65 49 6e 74 65 72 66 61 63 65 52 65 	eviceInterfaceRe
  0x9a10	67 4b 65 79 00 00 91 01 53 65 74 75 70 44 69 4f 	gKey0000SetupDiO
  0x9a20	70 65 6e 44 65 76 52 65 67 4b 65 79 00 00 40 01 	penDevRegKey00@0
  0x9a30	53 65 74 75 70 44 69 45 6e 75 6d 44 65 76 69 63 	SetupDiEnumDevic
  0x9a40	65 49 6e 66 6f 00 54 01 53 65 74 75 70 44 69 47 	eInfo0T0SetupDiG
  0x9a50	65 74 43 6c 61 73 73 44 65 76 73 57 00 00 6c 01 	etClassDevsW00l0
  0x9a60	53 65 74 75 70 44 69 47 65 74 44 65 76 69 63 65 	SetupDiGetDevice
  0x9a70	49 6e 74 65 72 66 61 63 65 44 65 74 61 69 6c 57 	InterfaceDetailW
  0x9a80	00 00 53 45 54 55 50 41 50 49 2e 64 6c 6c 00 00 	00SETUPAPI.dll00
  0x9a90	03 00 47 65 74 49 6d 61 67 65 44 69 61 6c 6f 67 	00GetImageDialog
  0x9aa0	00 00 53 63 61 6e 53 65 74 74 69 6e 67 2e 44 4c 	00ScanSetting.DL
  0x9ab0	4c 00 8d 05 53 6c 65 65 70 00 d9 02 47 65 74 53 	L000Sleep000GetS
  0x9ac0	74 61 72 74 75 70 49 6e 66 6f 57 00 d4 04 52 74 	tartupInfoW000Rt
  0x9ad0	6c 43 61 70 74 75 72 65 43 6f 6e 74 65 78 74 00 	lCaptureContext0
  0x9ae0	db 04 52 74 6c 4c 6f 6f 6b 75 70 46 75 6e 63 74 	00RtlLookupFunct
  0x9af0	69 6f 6e 45 6e 74 72 79 00 00 e2 04 52 74 6c 56 	ionEntry0000RtlV
  0x9b00	69 72 74 75 61 6c 55 6e 77 69 6e 64 00 00 be 05 	irtualUnwind0000
  0x9b10	55 6e 68 61 6e 64 6c 65 64 45 78 63 65 70 74 69 	UnhandledExcepti
  0x9b20	6f 6e 46 69 6c 74 65 72 00 00 7d 05 53 65 74 55 	onFilter00}0SetU
  0x9b30	6e 68 61 6e 64 6c 65 64 45 78 63 65 70 74 69 6f 	nhandledExceptio
  0x9b40	6e 46 69 6c 74 65 72 00 1f 02 47 65 74 43 75 72 	nFilter000GetCur
  0x9b50	72 65 6e 74 50 72 6f 63 65 73 73 00 9c 05 54 65 	rentProcess000Te
  0x9b60	72 6d 69 6e 61 74 65 50 72 6f 63 65 73 73 00 00 	rminateProcess00
  0x9b70	51 04 51 75 65 72 79 50 65 72 66 6f 72 6d 61 6e 	Q0QueryPerforman
  0x9b80	63 65 43 6f 75 6e 74 65 72 00 20 02 47 65 74 43 	ceCounter0 0GetC
  0x9b90	75 72 72 65 6e 74 50 72 6f 63 65 73 73 49 64 00 	urrentProcessId0
  0x9ba0	f2 02 47 65 74 53 79 73 74 65 6d 54 69 6d 65 41 	00GetSystemTimeA
  0x9bb0	73 46 69 6c 65 54 69 6d 65 00 10 03 47 65 74 54 	sFileTime000GetT
  0x9bc0	69 63 6b 43 6f 75 6e 74 00 00 92 04 6d 65 6d 63 	ickCount0000memc
  0x9bd0	70 79 00 00 96 04 6d 65 6d 73 65 74 00 00 00 00 	py0000memset0000
  0x9be0	00 00 00 00 00 00 00 00 00 00 00 00 00 00 00 00 	0000000000000000
  0x9bf0	00 00 00 00 00 00 00 00 00 00 00 00 00 00 00 00 	0000000000000000
=== DATA BLOCK END ===

=== DATA BLOCK ADDRESS 0xa000 ===
  0xa000	e8 70 00 40 01 00 00 00 00 00 00 00 00 00 00 00 	0p0@000000000000
  0xa010	01 00 00 00 00 00 00 00 32 a2 df 2d 99 2b 00 00 	00000000200-0+00
  0xa020	cd 5d 20 d2 66 d4 ff ff 00 00 00 00 00 00 00 00 	0] 0f00000000000
  0xa030	ff ff ff ff ff ff ff ff 00 00 00 00 00 00 00 00 	0000000000000000
  0xa040	00 00 00 00 00 00 00 00 00 00 00 00 00 00 00 00 	0000000000000000
  0xa050	00 00 00 00 00 00 00 00 00 00 00 00 00 00 00 00 	0000000000000000
  0xa060	00 00 00 00 00 00 00 00 00 00 00 00 00 00 00 00 	0000000000000000
  0xa070	00 00 00 00 00 00 00 00 00 00 00 00 00 00 00 00 	0000000000000000
  0xa080	00 00 00 00 00 00 00 00 00 00 00 00 00 00 00 00 	0000000000000000
  0xa090	00 00 00 00 00 00 00 00 00 00 00 00 00 00 00 00 	0000000000000000
  0xa0a0	00 00 00 00 00 00 00 00 00 00 00 00 00 00 00 00 	0000000000000000
  0xa0b0	00 00 00 00 00 00 00 00 00 00 00 00 00 00 00 00 	0000000000000000
  0xa0c0	00 00 00 00 00 00 00 00 00 00 00 00 00 00 00 00 	0000000000000000
  0xa0d0	00 00 00 00 00 00 00 00 00 00 00 00 00 00 00 00 	0000000000000000
  0xa0e0	00 00 00 00 00 00 00 00 00 00 00 00 00 00 00 00 	0000000000000000
  0xa0f0	00 00 00 00 00 00 00 00 00 00 00 00 00 00 00 00 	0000000000000000
  0xa100	00 00 00 00 00 00 00 00 00 00 00 00 00 00 00 00 	0000000000000000
  0xa110	00 00 00 00 00 00 00 00 00 00 00 00 00 00 00 00 	0000000000000000
  0xa120	00 00 00 00 00 00 00 00 00 00 00 00 00 00 00 00 	0000000000000000
  0xa130	00 00 00 00 00 00 00 00 00 00 00 00 00 00 00 00 	0000000000000000
  0xa140	00 00 00 00 00 00 00 00 00 00 00 00 00 00 00 00 	0000000000000000
  0xa150	00 00 00 00 00 00 00 00 00 00 00 00 00 00 00 00 	0000000000000000
  0xa160	00 00 00 00 00 00 00 00 00 00 00 00 00 00 00 00 	0000000000000000
  0xa170	00 00 00 00 00 00 00 00 00 00 00 00 00 00 00 00 	0000000000000000
  0xa180	00 00 00 00 00 00 00 00 00 00 00 00 00 00 00 00 	0000000000000000
  0xa190	00 00 00 00 00 00 00 00 00 00 00 00 00 00 00 00 	0000000000000000
  0xa1a0	00 00 00 00 00 00 00 00 00 00 00 00 00 00 00 00 	0000000000000000
  0xa1b0	00 00 00 00 00 00 00 00 00 00 00 00 00 00 00 00 	0000000000000000
  0xa1c0	00 00 00 00 00 00 00 00 00 00 00 00 00 00 00 00 	0000000000000000
  0xa1d0	00 00 00 00 00 00 00 00 00 00 00 00 00 00 00 00 	0000000000000000
  0xa1e0	00 00 00 00 00 00 00 00 00 00 00 00 00 00 00 00 	0000000000000000
  0xa1f0	00 00 00 00 00 00 00 00 00 00 00 00 00 00 00 00 	0000000000000000
=== DATA BLOCK END ===

=== DATA BLOCK ADDRESS 0xb000 ===
  0xb000	10 10 00 00 b6 10 00 00 38 89 00 00 f0 10 00 00 	0000000080000000
  0xb010	fc 11 00 00 40 89 00 00 04 12 00 00 cf 12 00 00 	0000@00000000000
  0xb020	4c 89 00 00 e0 12 00 00 bd 13 00 00 60 89 00 00 	L00000000000`000
  0xb030	d0 13 00 00 a0 14 00 00 78 89 00 00 b0 14 00 00 	00000000x0000000
  0xb040	b4 15 00 00 90 89 00 00 c0 15 00 00 6a 16 00 00 	000000000000j000
  0xb050	a8 89 00 00 70 16 00 00 ed 16 00 00 b4 89 00 00 	0000p00000000000
  0xb060	f4 16 00 00 84 17 00 00 c0 89 00 00 90 17 00 00 	0000000000000000
  0xb070	dc 17 00 00 cc 89 00 00 f0 17 00 00 30 18 00 00 	0000000000000000
  0xb080	cc 89 00 00 40 18 00 00 07 1a 00 00 d4 89 00 00 	0000@00000000000
  0xb090	10 1a 00 00 9d 1a 00 00 c0 89 00 00 a4 1a 00 00 	0000000000000000
  0xb0a0	6f 1b 00 00 ec 89 00 00 80 1b 00 00 f8 1b 00 00 	o000000000000000
  0xb0b0	38 89 00 00 20 1c 00 00 13 1d 00 00 ec 89 00 00 	8000 00000000000
  0xb0c0	20 1d 00 00 57 1d 00 00 00 8a 00 00 60 1d 00 00 	 000W0000000`000
  0xb0d0	dd 1e 00 00 08 8a 00 00 20 1f 00 00 a6 1f 00 00 	00000000 0000000
  0xb0e0	14 8a 00 00 b0 1f 00 00 14 22 00 00 1c 8a 00 00 	000000000"000000
  0xb0f0	20 22 00 00 a4 22 00 00 30 8a 00 00 b0 22 00 00 	 "000"0000000"00
  0xb100	7e 23 00 00 50 8a 00 00 90 23 00 00 c9 23 00 00 	~#00P0000#000#00
  0xb110	74 8a 00 00 d0 23 00 00 d5 24 00 00 94 8a 00 00 	t0000#000$000000
  0xb120	e0 24 00 00 8c 25 00 00 c4 8a 00 00 a0 25 00 00 	0$000%0000000%00
  0xb130	ed 25 00 00 ec 8a 00 00 00 26 00 00 39 26 00 00 	0%0000000&009&00
  0xb140	0c 8b 00 00 40 26 00 00 79 26 00 00 2c 8b 00 00 	0000@&00y&00,000
  0xb150	80 26 00 00 f6 26 00 00 4c 8b 00 00 00 27 00 00 	0&000&00L0000'00
  0xb160	3c 27 00 00 70 8b 00 00 50 27 00 00 c6 27 00 00 	<'00p000P'000'00
  0xb170	90 8b 00 00 d0 27 00 00 0c 28 00 00 b4 8b 00 00 	00000'000(000000
  0xb180	20 28 00 00 0b 29 00 00 d4 8b 00 00 14 29 00 00 	 (000)0000000)00
  0xb190	97 29 00 00 14 8a 00 00 a0 29 00 00 21 2a 00 00 	0)0000000)00!*00
  0xb1a0	04 8c 00 00 28 2a 00 00 01 2c 00 00 14 8c 00 00 	0000(*000,000000
  0xb1b0	08 2c 00 00 54 2d 00 00 30 8c 00 00 5c 2d 00 00 	0,00T-0000000-00
  0xb1c0	a8 2e 00 00 30 8c 00 00 b0 2e 00 00 28 2f 00 00 	0.0000000.00(/00
  0xb1d0	38 89 00 00 50 2f 00 00 d9 2f 00 00 40 89 00 00 	8000P/000/00@000
  0xb1e0	e0 2f 00 00 85 30 00 00 40 89 00 00 8c 30 00 00 	0/000000@0000000
  0xb1f0	7f 31 00 00 4c 8c 00 00 88 31 00 00 30 36 00 00 	0100L00001000600
  0xb200	5c 8c 00 00 38 36 00 00 89 36 00 00 84 8c 00 00 	0000860006000000
  0xb210	90 36 00 00 69 37 00 00 90 8c 00 00 70 37 00 00 	0600i7000000p700
  0xb220	41 39 00 00 a8 8c 00 00 48 39 00 00 4c 3c 00 00 	A9000000H900L<00
  0xb230	cc 8c 00 00 54 3c 00 00 b8 3e 00 00 ec 8c 00 00 	0000T<000>000000
  0xb240	c0 3e 00 00 de 3f 00 00 2c 8d 00 00 90 40 00 00 	0>000?00,0000@00
  0xb250	0c 41 00 00 44 8d 00 00 20 41 00 00 9a 41 00 00 	0A00D000 A000A00
  0xb260	54 8d 00 00 a0 41 00 00 1c 42 00 00 44 8d 00 00 	T0000A000B00D000
  0xb270	30 42 00 00 aa 42 00 00 54 8d 00 00 e0 42 00 00 	0B000B00T0000B00
  0xb280	47 43 00 00 60 8d 00 00 d0 43 00 00 00 44 00 00 	GC00`0000C000D00
  0xb290	38 89 00 00 10 44 00 00 a0 45 00 00 70 8d 00 00 	80000D000E00p000
  0xb2a0	b0 45 00 00 a7 46 00 00 90 8d 00 00 b0 46 00 00 	0E000F0000000F00
  0xb2b0	66 48 00 00 a8 8d 00 00 6c 48 00 00 27 49 00 00 	fH000000lH00'I00
  0xb2c0	c8 8d 00 00 30 49 00 00 c4 4c 00 00 d8 8d 00 00 	00000I000L000000
  0xb2d0	cc 4c 00 00 f4 4d 00 00 fc 8d 00 00 fc 4d 00 00 	0L000M0000000M00
  0xb2e0	42 52 00 00 10 8e 00 00 48 52 00 00 73 54 00 00 	BR000000HR00sT00
  0xb2f0	34 8e 00 00 7c 54 00 00 dc 55 00 00 54 8e 00 00 	4000|T000U00T000
  0xb300	e4 55 00 00 37 56 00 00 68 8e 00 00 40 56 00 00 	0U007V00h000@V00
  0xb310	40 57 00 00 70 8e 00 00 48 57 00 00 99 57 00 00 	@W00p000HW000W00
  0xb320	38 89 00 00 a0 57 00 00 e4 57 00 00 38 89 00 00 	80000W000W008000
  0xb330	ec 57 00 00 2d 59 00 00 70 8e 00 00 34 59 00 00 	0W00-Y00p0004Y00
  0xb340	64 5a 00 00 88 8e 00 00 70 5a 00 00 a0 5a 00 00 	dZ000000pZ000Z00
  0xb350	40 89 00 00 a8 5a 00 00 40 5b 00 00 60 8d 00 00 	@0000Z00@[00`000
  0xb360	9c 5b 00 00 09 5c 00 00 a0 8e 00 00 10 5c 00 00 	0[00000000000000
  0xb370	49 5c 00 00 40 89 00 00 60 5c 00 00 33 5d 00 00 	I000@000`0003]00
  0xb380	00 8a 00 00 40 5d 00 00 89 5d 00 00 ac 8e 00 00 	0000@]000]000000
  0xb390	90 5d 00 00 a2 5d 00 00 00 8a 00 00 a8 5d 00 00 	0]000]0000000]00
  0xb3a0	ea 5f 00 00 b4 8e 00 00 00 60 00 00 1e 60 00 00 	0_0000000`000`00
  0xb3b0	e8 8e 00 00 30 60 00 00 64 60 00 00 38 89 00 00 	00000`00d`008000
  0xb3c0	70 60 00 00 e1 61 00 00 ec 8e 00 00 20 62 00 00 	p`000a000000 b00
  0xb3d0	59 62 00 00 00 8a 00 00 60 62 00 00 78 62 00 00 	Yb000000`b00xb00
  0xb3e0	00 8a 00 00 8c 62 00 00 e0 62 00 00 f4 8e 00 00 	00000b000b000000
  0xb3f0	e8 62 00 00 2d 63 00 00 38 89 00 00 a0 63 00 00 	0b00-c0080000c00
  0xb400	ed 63 00 00 14 8f 00 00 34 64 00 00 08 65 00 00 	0c0000004d000e00
  0xb410	38 8f 00 00 2c 65 00 00 4b 65 00 00 44 8f 00 00 	8000,e00Ke00D000
  0xb420	64 65 00 00 81 65 00 00 00 8a 00 00 88 65 00 00 	de000e0000000e00
  0xb430	e3 65 00 00 ac 8f 00 00 ec 65 00 00 72 66 00 00 	0e0000000e00rf00
  0xb440	70 8e 00 00 a0 66 00 00 a2 66 00 00 a8 8f 00 00 	p0000f000f000000
  0xb450	b0 66 00 00 ce 66 00 00 e0 8e 00 00 e0 66 00 00 	0f000f0000000f00
  0xb460	00 67 00 00 e0 8e 00 00 06 67 00 00 26 67 00 00 	0g0000000g00&g00
  0xb470	98 8f 00 00 00 00 00 00 00 00 00 00 00 00 00 00 	0000000000000000
  0xb480	00 00 00 00 00 00 00 00 00 00 00 00 00 00 00 00 	0000000000000000
  0xb490	00 00 00 00 00 00 00 00 00 00 00 00 00 00 00 00 	0000000000000000
  0xb4a0	00 00 00 00 00 00 00 00 00 00 00 00 00 00 00 00 	0000000000000000
  0xb4b0	00 00 00 00 00 00 00 00 00 00 00 00 00 00 00 00 	0000000000000000
  0xb4c0	00 00 00 00 00 00 00 00 00 00 00 00 00 00 00 00 	0000000000000000
  0xb4d0	00 00 00 00 00 00 00 00 00 00 00 00 00 00 00 00 	0000000000000000
  0xb4e0	00 00 00 00 00 00 00 00 00 00 00 00 00 00 00 00 	0000000000000000
  0xb4f0	00 00 00 00 00 00 00 00 00 00 00 00 00 00 00 00 	0000000000000000
  0xb500	00 00 00 00 00 00 00 00 00 00 00 00 00 00 00 00 	0000000000000000
  0xb510	00 00 00 00 00 00 00 00 00 00 00 00 00 00 00 00 	0000000000000000
  0xb520	00 00 00 00 00 00 00 00 00 00 00 00 00 00 00 00 	0000000000000000
  0xb530	00 00 00 00 00 00 00 00 00 00 00 00 00 00 00 00 	0000000000000000
  0xb540	00 00 00 00 00 00 00 00 00 00 00 00 00 00 00 00 	0000000000000000
  0xb550	00 00 00 00 00 00 00 00 00 00 00 00 00 00 00 00 	0000000000000000
  0xb560	00 00 00 00 00 00 00 00 00 00 00 00 00 00 00 00 	0000000000000000
  0xb570	00 00 00 00 00 00 00 00 00 00 00 00 00 00 00 00 	0000000000000000
  0xb580	00 00 00 00 00 00 00 00 00 00 00 00 00 00 00 00 	0000000000000000
  0xb590	00 00 00 00 00 00 00 00 00 00 00 00 00 00 00 00 	0000000000000000
  0xb5a0	00 00 00 00 00 00 00 00 00 00 00 00 00 00 00 00 	0000000000000000
  0xb5b0	00 00 00 00 00 00 00 00 00 00 00 00 00 00 00 00 	0000000000000000
  0xb5c0	00 00 00 00 00 00 00 00 00 00 00 00 00 00 00 00 	0000000000000000
  0xb5d0	00 00 00 00 00 00 00 00 00 00 00 00 00 00 00 00 	0000000000000000
  0xb5e0	00 00 00 00 00 00 00 00 00 00 00 00 00 00 00 00 	0000000000000000
  0xb5f0	00 00 00 00 00 00 00 00 00 00 00 00 00 00 00 00 	0000000000000000
=== DATA BLOCK END ===
