===== Assembly blocks =====

=== CODE BLOCK ADDRESS 0x1000 ===
=== CODE BLOCK END ===

=== DATA BLOCK ADDRESS 0x10000 ===
  0x10000	80 51 01 40 01 00 00 00 20 52 01 40 01 00 00 00 	0Q0@0000 R0@0000
  0x10010	b0 ea 00 40 01 00 00 00 30 f1 00 40 01 00 00 00 	000@0000000@0000
  0x10020	40 f7 00 40 01 00 00 00 00 f3 00 40 01 00 00 00 	@00@0000000@0000
  0x10030	30 f1 00 40 01 00 00 00 40 f7 00 40 01 00 00 00 	000@0000@00@0000
  0x10040	c0 f2 00 40 01 00 00 00 30 f1 00 40 01 00 00 00 	000@0000000@0000
  0x10050	40 f7 00 40 01 00 00 00 40 f3 00 40 01 00 00 00 	@00@0000@00@0000
  0x10060	b0 44 00 40 01 00 00 00 c0 44 00 40 01 00 00 00 	0D0@00000D0@0000
  0x10070	a0 44 00 40 01 00 00 00 60 35 00 40 01 00 00 00 	0D0@0000`50@0000
  0x10080	80 37 00 40 01 00 00 00 50 38 00 40 01 00 00 00 	070@0000P80@0000
  0x10090	60 38 00 40 01 00 00 00 80 44 00 40 01 00 00 00 	`80@00000D0@0000
  0x100a0	90 44 00 40 01 00 00 00 d0 44 00 40 01 00 00 00 	0D0@00000D0@0000
  0x100b0	20 35 00 40 01 00 00 00 40 35 00 40 01 00 00 00 	 50@0000@50@0000
  0x100c0	10 35 00 40 01 00 00 00 80 3c 00 40 01 00 00 00 	050@00000<0@0000
  0x100d0	b0 32 00 40 01 00 00 00 70 33 00 40 01 00 00 00 	020@0000p30@0000
  0x100e0	90 33 00 40 01 00 00 00 e0 34 00 40 01 00 00 00 	030@0000040@0000
  0x100f0	10 35 00 40 01 00 00 00 a0 a1 00 40 01 00 00 00 	050@0000000@0000
  0x10100	90 a1 00 40 01 00 00 00 90 a1 00 40 01 00 00 00 	000@0000000@0000
  0x10110	f0 91 00 40 01 00 00 00 90 92 00 40 01 00 00 00 	000@0000000@0000
  0x10120	10 35 00 40 01 00 00 00 10 35 00 40 01 00 00 00 	050@0000050@0000
  0x10130	b0 49 00 40 01 00 00 00 c0 92 00 40 01 00 00 00 	0I0@0000000@0000
  0x10140	d0 90 00 40 01 00 00 00 10 35 00 40 01 00 00 00 	000@0000050@0000
  0x10150	10 35 00 40 01 00 00 00 a0 91 00 40 01 00 00 00 	050@0000000@0000
  0x10160	e0 c7 00 40 01 00 00 00 80 c9 00 40 01 00 00 00 	000@0000000@0000
  0x10170	60 cb 00 40 01 00 00 00 40 ce 00 40 01 00 00 00 	`00@0000@00@0000
  0x10180	90 cf 00 40 01 00 00 00 90 e2 00 40 01 00 00 00 	000@0000000@0000
  0x10190	80 ea 00 40 01 00 00 00 10 e3 00 40 01 00 00 00 	000@0000000@0000
  0x101a0	18 01 00 00 00 00 00 00 00 00 00 00 00 00 00 00 	0000000000000000
  0x101b0	00 00 00 00 00 00 00 00 00 00 00 00 00 00 00 00 	0000000000000000
  0x101c0	00 00 00 00 00 00 00 00 00 00 00 00 00 00 00 00 	0000000000000000
  0x101d0	00 00 00 00 00 00 00 00 00 00 00 00 00 00 00 00 	0000000000000000
  0x101e0	00 00 00 00 00 00 00 00 00 00 00 00 00 00 00 00 	0000000000000000
  0x101f0	00 00 00 00 00 00 00 00 28 51 01 40 01 00 00 00 	00000000(Q0@0000
  0x10200	00 00 00 00 00 00 00 00 00 00 00 00 00 00 00 00 	0000000000000000
  0x10210	20 0a 01 40 01 00 00 00 28 0a 01 40 01 00 00 00 	 00@0000(00@0000
  0x10220	88 0a 01 40 01 00 00 00 4b 00 00 00 00 00 00 00 	000@0000K0000000
  0x10230	00 75 01 00 00 00 00 00 00 00 00 00 00 00 00 00 	0u00000000000000
  0x10240	b4 0b 01 40 01 00 00 00 01 00 00 00 00 00 00 00 	000@000000000000
  0x10250	00 00 00 00 00 00 00 00 00 00 00 00 00 00 00 00 	0000000000000000
  0x10260	00 00 00 00 00 00 00 00 00 00 00 00 00 00 00 00 	0000000000000000
  0x10270	00 00 00 00 00 00 00 00 00 00 00 00 00 00 00 00 	0000000000000000
  0x10280	00 00 00 00 00 00 00 00 00 00 00 00 00 00 00 00 	0000000000000000
  0x10290	00 00 00 00 00 00 00 00 00 00 00 00 00 00 00 00 	0000000000000000
  0x102a0	00 00 00 00 00 00 00 00 00 00 00 00 00 00 00 00 	0000000000000000
  0x102b0	00 00 00 00 00 00 00 00 08 34 01 00 00 00 00 00 	0000000004000000
  0x102c0	1a 34 01 00 00 00 00 00 28 34 01 00 00 00 00 00 	04000000(4000000
  0x102d0	38 34 01 00 00 00 00 00 4a 34 01 00 00 00 00 00 	84000000J4000000
  0x102e0	5a 34 01 00 00 00 00 00 70 34 01 00 00 00 00 00 	Z4000000p4000000
  0x102f0	86 34 01 00 00 00 00 00 96 34 01 00 00 00 00 00 	0400000004000000
  0x10300	a6 34 01 00 00 00 00 00 00 00 00 00 00 00 00 00 	0400000000000000
  0x10310	2e 3d 01 00 00 00 00 00 16 3d 01 00 00 00 00 00 	.=0000000=000000
  0x10320	00 00 00 00 00 00 00 00 5a 3e 01 00 00 00 00 00 	00000000Z>000000
  0x10330	46 3e 01 00 00 00 00 00 00 00 00 00 00 00 00 00 	F>00000000000000
  0x10340	86 38 01 00 00 00 00 00 78 38 01 00 00 00 00 00 	08000000x8000000
  0x10350	68 38 01 00 00 00 00 00 96 38 01 00 00 00 00 00 	h800000008000000
  0x10360	00 00 00 00 00 00 00 00 0c 36 01 00 00 00 00 00 	0000000006000000
  0x10370	22 36 01 00 00 00 00 00 34 36 01 00 00 00 00 00 	"600000046000000
  0x10380	4a 36 01 00 00 00 00 00 5c 36 01 00 00 00 00 00 	J600000006000000
  0x10390	6a 36 01 00 00 00 00 00 7a 36 01 00 00 00 00 00 	j6000000z6000000
  0x103a0	86 36 01 00 00 00 00 00 ac 36 01 00 00 00 00 00 	0600000006000000
  0x103b0	ca 36 01 00 00 00 00 00 ea 36 01 00 00 00 00 00 	0600000006000000
  0x103c0	02 37 01 00 00 00 00 00 1a 37 01 00 00 00 00 00 	0700000007000000
  0x103d0	30 37 01 00 00 00 00 00 42 37 01 00 00 00 00 00 	07000000B7000000
  0x103e0	58 37 01 00 00 00 00 00 f4 35 01 00 00 00 00 00 	X700000005000000
  0x103f0	72 37 01 00 00 00 00 00 ee 34 01 00 00 00 00 00 	r700000004000000
  0x10400	8c 37 01 00 00 00 00 00 9c 37 01 00 00 00 00 00 	0700000007000000
  0x10410	ac 37 01 00 00 00 00 00 88 35 01 00 00 00 00 00 	0700000005000000
  0x10420	18 35 01 00 00 00 00 00 d6 37 01 00 00 00 00 00 	0500000007000000
  0x10430	ec 37 01 00 00 00 00 00 fe 37 01 00 00 00 00 00 	0700000007000000
  0x10440	0e 38 01 00 00 00 00 00 20 38 01 00 00 00 00 00 	08000000 8000000
  0x10450	36 38 01 00 00 00 00 00 46 38 01 00 00 00 00 00 	68000000F8000000
  0x10460	c6 42 01 00 00 00 00 00 e4 35 01 00 00 00 00 00 	0B00000005000000
  0x10470	d0 35 01 00 00 00 00 00 c2 35 01 00 00 00 00 00 	0500000005000000
  0x10480	b2 35 01 00 00 00 00 00 66 37 01 00 00 00 00 00 	05000000f7000000
  0x10490	b0 42 01 00 00 00 00 00 96 42 01 00 00 00 00 00 	0B0000000B000000
  0x104a0	8a 42 01 00 00 00 00 00 7a 42 01 00 00 00 00 00 	0B000000zB000000
  0x104b0	60 42 01 00 00 00 00 00 46 42 01 00 00 00 00 00 	`B000000FB000000
  0x104c0	32 42 01 00 00 00 00 00 1e 42 01 00 00 00 00 00 	2B0000000B000000
  0x104d0	00 42 01 00 00 00 00 00 e4 41 01 00 00 00 00 00 	0B0000000A000000
  0x104e0	d2 41 01 00 00 00 00 00 ca 41 01 00 00 00 00 00 	0A0000000A000000
  0x104f0	d8 34 01 00 00 00 00 00 9c 35 01 00 00 00 00 00 	0400000005000000
  0x10500	78 35 01 00 00 00 00 00 66 35 01 00 00 00 00 00 	x5000000f5000000
  0x10510	52 35 01 00 00 00 00 00 44 35 01 00 00 00 00 00 	R5000000D5000000
  0x10520	b6 37 01 00 00 00 00 00 2e 35 01 00 00 00 00 00 	07000000.5000000
  0x10530	0c 35 01 00 00 00 00 00 ca 37 01 00 00 00 00 00 	0500000007000000
  0x10540	fa 34 01 00 00 00 00 00 c6 34 01 00 00 00 00 00 	0400000004000000
  0x10550	7e 37 01 00 00 00 00 00 00 00 00 00 00 00 00 00 	~700000000000000
  0x10560	90 3f 01 00 00 00 00 00 00 00 00 00 00 00 00 00 	0?00000000000000
  0x10570	66 41 01 00 00 00 00 00 90 41 01 00 00 00 00 00 	fA0000000A000000
  0x10580	00 00 00 00 00 00 00 00 5a 43 01 00 00 00 00 00 	00000000ZC000000
  0x10590	4a 43 01 00 00 00 00 00 00 00 00 00 00 00 00 00 	JC00000000000000
  0x105a0	c0 3d 01 00 00 00 00 00 be 00 00 00 00 00 00 80 	0=00000000000000
  0x105b0	96 3d 01 00 00 00 00 00 9b 00 00 00 00 00 00 80 	0=00000000000000
  0x105c0	02 01 00 00 00 00 00 80 62 3d 01 00 00 00 00 00 	00000000b=000000
  0x105d0	4e 3d 01 00 00 00 00 00 f0 3d 01 00 00 00 00 00 	N=0000000=000000
  0x105e0	d6 3d 01 00 00 00 00 00 78 3d 01 00 00 00 00 00 	0=000000x=000000
  0x105f0	16 3e 01 00 00 00 00 00 00 3e 01 00 00 00 00 00 	0>0000000>000000
  0x10600	a8 3d 01 00 00 00 00 00 00 00 00 00 00 00 00 00 	0=00000000000000
  0x10610	ae 00 00 00 00 00 00 80 e8 3e 01 00 00 00 00 00 	000000000>000000
  0x10620	a6 3e 01 00 00 00 00 00 b4 3e 01 00 00 00 00 00 	0>0000000>000000
  0x10630	80 3e 01 00 00 00 00 00 d4 3e 01 00 00 00 00 00 	0>0000000>000000
  0x10640	c8 3e 01 00 00 00 00 00 fe 3e 01 00 00 00 00 00 	0>0000000>000000
  0x10650	22 3f 01 00 00 00 00 00 0e 3f 01 00 00 00 00 00 	"?0000000?000000
  0x10660	90 3e 01 00 00 00 00 00 00 00 00 00 00 00 00 00 	0>00000000000000
  0x10670	86 3a 01 00 00 00 00 00 e4 39 01 00 00 00 00 00 	0:00000009000000
  0x10680	78 3a 01 00 00 00 00 00 d4 39 01 00 00 00 00 00 	x:00000009000000
  0x10690	c0 39 01 00 00 00 00 00 b4 39 01 00 00 00 00 00 	0900000009000000
  0x106a0	a4 39 01 00 00 00 00 00 6a 3a 01 00 00 00 00 00 	09000000j:000000
  0x106b0	58 3a 01 00 00 00 00 00 40 3a 01 00 00 00 00 00 	X:000000@:000000
  0x106c0	96 39 01 00 00 00 00 00 86 39 01 00 00 00 00 00 	0900000009000000
  0x106d0	72 39 01 00 00 00 00 00 f4 39 01 00 00 00 00 00 	r900000009000000
  0x106e0	4e 39 01 00 00 00 00 00 46 39 01 00 00 00 00 00 	N9000000F9000000
  0x106f0	3a 39 01 00 00 00 00 00 26 39 01 00 00 00 00 00 	:9000000&9000000
  0x10700	12 39 01 00 00 00 00 00 04 39 01 00 00 00 00 00 	0900000009000000
  0x10710	f8 38 01 00 00 00 00 00 ec 38 01 00 00 00 00 00 	0800000008000000
  0x10720	da 38 01 00 00 00 00 00 c4 38 01 00 00 00 00 00 	0800000008000000
  0x10730	2e 3a 01 00 00 00 00 00 1c 3a 01 00 00 00 00 00 	.:0000000:000000
  0x10740	06 3a 01 00 00 00 00 00 b6 38 01 00 00 00 00 00 	0:00000008000000
  0x10750	5c 39 01 00 00 00 00 00 00 00 00 00 00 00 00 00 	0900000000000000
  0x10760	05 00 00 00 00 00 00 80 0a 00 00 00 00 00 00 80 	0000000000000000
  0x10770	7a 3f 01 00 00 00 00 00 60 3f 01 00 00 00 00 00 	z?000000`?000000
  0x10780	56 3f 01 00 00 00 00 00 44 3f 01 00 00 00 00 00 	V?000000D?000000
  0x10790	0d 00 00 00 00 00 00 80 06 00 00 00 00 00 00 80 	0000000000000000
  0x107a0	02 00 00 00 00 00 00 80 73 00 00 00 00 00 00 80 	00000000s0000000
  0x107b0	74 00 00 00 00 00 00 80 03 00 00 00 00 00 00 80 	t000000000000000
  0x107c0	17 00 00 00 00 00 00 80 15 00 00 00 00 00 00 80 	0000000000000000
  0x107d0	6f 00 00 00 00 00 00 80 04 00 00 00 00 00 00 80 	o000000000000000
  0x107e0	00 00 00 00 00 00 00 00 02 41 01 00 00 00 00 00 	000000000A000000
  0x107f0	e8 40 01 00 00 00 00 00 ce 40 01 00 00 00 00 00 	0@0000000@000000
  0x10800	1c 41 01 00 00 00 00 00 38 41 01 00 00 00 00 00 	0A0000008A000000
  0x10810	00 00 00 00 00 00 00 00 8c 43 01 00 00 00 00 00 	000000000C000000
  0x10820	82 43 01 00 00 00 00 00 b6 3c 01 00 00 00 00 00 	0C0000000<000000
  0x10830	52 3c 01 00 00 00 00 00 48 3c 01 00 00 00 00 00 	R<000000H<000000
  0x10840	3c 3c 01 00 00 00 00 00 28 3c 01 00 00 00 00 00 	<<000000(<000000
  0x10850	20 43 01 00 00 00 00 00 9e 3c 01 00 00 00 00 00 	 C0000000<000000
  0x10860	f4 42 01 00 00 00 00 00 de 42 01 00 00 00 00 00 	0B0000000B000000
  0x10870	d4 42 01 00 00 00 00 00 1a 3c 01 00 00 00 00 00 	0B0000000<000000
  0x10880	10 3c 01 00 00 00 00 00 94 3c 01 00 00 00 00 00 	0<0000000<000000
  0x10890	86 3c 01 00 00 00 00 00 7c 3c 01 00 00 00 00 00 	0<000000|<000000
  0x108a0	74 3c 01 00 00 00 00 00 14 43 01 00 00 00 00 00 	t<0000000C000000
  0x108b0	5c 3c 01 00 00 00 00 00 08 3c 01 00 00 00 00 00 	0<0000000<000000
  0x108c0	00 3c 01 00 00 00 00 00 ee 3b 01 00 00 00 00 00 	0<0000000;000000
  0x108d0	d0 3b 01 00 00 00 00 00 c2 3b 01 00 00 00 00 00 	0;0000000;000000
  0x108e0	ac 3b 01 00 00 00 00 00 a0 3b 01 00 00 00 00 00 	0;0000000;000000
  0x108f0	82 3b 01 00 00 00 00 00 6a 3b 01 00 00 00 00 00 	0;000000j;000000
  0x10900	4c 3b 01 00 00 00 00 00 2c 3b 01 00 00 00 00 00 	L;000000,;000000
  0x10910	22 3b 01 00 00 00 00 00 1a 3b 01 00 00 00 00 00 	";0000000;000000
  0x10920	0c 3b 01 00 00 00 00 00 fe 3a 01 00 00 00 00 00 	0;0000000:000000
  0x10930	f4 3a 01 00 00 00 00 00 e6 3a 01 00 00 00 00 00 	0:0000000:000000
  0x10940	dc 3a 01 00 00 00 00 00 c4 3a 01 00 00 00 00 00 	0:0000000:000000
  0x10950	b8 3a 01 00 00 00 00 00 ac 3a 01 00 00 00 00 00 	0:0000000:000000
  0x10960	9e 3a 01 00 00 00 00 00 78 43 01 00 00 00 00 00 	0:000000xC000000
  0x10970	de 3b 01 00 00 00 00 00 96 43 01 00 00 00 00 00 	0;0000000C000000
  0x10980	00 00 00 00 00 00 00 00 ca 3c 01 00 00 00 00 00 	000000000<000000
  0x10990	f8 3c 01 00 00 00 00 00 38 43 01 00 00 00 00 00 	0<0000008C000000
  0x109a0	de 3c 01 00 00 00 00 00 00 00 00 00 00 00 00 00 	0<00000000000000
  0x109b0	42 40 01 00 00 00 00 00 2a 40 01 00 00 00 00 00 	B@000000*@000000
  0x109c0	02 40 01 00 00 00 00 00 68 40 01 00 00 00 00 00 	0@000000h@000000
  0x109d0	ce 3f 01 00 00 00 00 00 7a 40 01 00 00 00 00 00 	0?000000z@000000
  0x109e0	ba 3f 01 00 00 00 00 00 a8 3f 01 00 00 00 00 00 	0?0000000?000000
  0x109f0	58 40 01 00 00 00 00 00 8c 40 01 00 00 00 00 00 	X@0000000@000000
  0x10a00	b0 40 01 00 00 00 00 00 a0 40 01 00 00 00 00 00 	0@0000000@000000
  0x10a10	f0 3f 01 00 00 00 00 00 00 00 00 00 00 00 00 00 	0?00000000000000
  0x10a20	f0 ed 00 40 01 00 00 00 a0 f9 00 40 01 00 00 00 	000@0000000@0000
  0x10a30	00 00 00 00 00 00 00 00 f0 e4 00 40 01 00 00 00 	00000000000@0000
  0x10a40	30 11 00 40 01 00 00 00 50 11 00 40 01 00 00 00 	000@0000P00@0000
  0x10a50	70 11 00 40 01 00 00 00 b0 11 00 40 01 00 00 00 	p00@0000000@0000
  0x10a60	00 00 00 00 00 00 00 00 00 00 00 00 00 00 00 00 	0000000000000000
  0x10a70	10 e4 00 40 01 00 00 00 30 eb 00 40 01 00 00 00 	000@0000000@0000
  0x10a80	00 00 00 00 00 00 00 00 10 10 00 00 30 11 00 00 	0000000000000000
  0x10a90	50 11 00 00 70 11 00 00 b0 11 00 00 60 15 00 00 	P000p0000000`000
  0x10aa0	e0 16 00 00 30 17 00 00 50 17 00 00 c0 29 00 00 	00000000P0000)00
  0x10ab0	20 2b 00 00 a0 2b 00 00 b0 32 00 00 70 33 00 00 	 +000+000200p300
  0x10ac0	90 33 00 00 e0 34 00 00 10 35 00 00 20 35 00 00 	030004000500 500
  0x10ad0	40 35 00 00 60 35 00 00 80 37 00 00 50 38 00 00 	@500`5000700P800
  0x10ae0	60 38 00 00 80 38 00 00 60 3c 00 00 80 3c 00 00 	`8000800`<000<00
  0x10af0	80 44 00 00 90 44 00 00 a0 44 00 00 b0 44 00 00 	0D000D000D000D00
  0x10b00	c0 44 00 00 d0 44 00 00 b0 49 00 00 a0 51 00 00 	0D000D000I000Q00
  0x10b10	80 5c 00 00 b0 5d 00 00 70 61 00 00 50 66 00 00 	00000]00pa00Pf00
  0x10b20	10 67 00 00 d0 67 00 00 90 68 00 00 00 70 00 00 	0g000g000h000p00
  0x10b30	90 78 00 00 30 81 00 00 d0 90 00 00 a0 91 00 00 	0x00000000000000
  0x10b40	f0 91 00 00 90 92 00 00 c0 92 00 00 90 a1 00 00 	0000000000000000
  0x10b50	a0 a1 00 00 e0 c7 00 00 80 c9 00 00 60 cb 00 00 	000000000000`000
  0x10b60	40 ce 00 00 90 cf 00 00 90 e2 00 00 10 e3 00 00 	@000000000000000
  0x10b70	10 e4 00 00 f0 e4 00 00 40 e5 00 00 10 e8 00 00 	00000000@0000000
  0x10b80	80 ea 00 00 b0 ea 00 00 f0 ea 00 00 30 eb 00 00 	0000000000000000
  0x10b90	10 ec 00 00 f0 ed 00 00 30 f1 00 00 c0 f2 00 00 	0000000000000000
  0x10ba0	00 f3 00 00 40 f3 00 00 40 f7 00 00 d0 fc 00 00 	0000@000@0000000
  0x10bb0	00 fd 00 00 88 08 01 00 00 00 00 00 00 00 00 00 	0000000000000000
  0x10bc0	e6 14 02 00 00 00 00 00 c0 00 00 00 00 00 00 46 	000000000000000F
  0x10bd0	f1 14 02 00 00 00 00 00 c0 00 00 00 00 00 00 46 	000000000000000F
  0x10be0	01 14 02 00 00 00 00 00 c0 00 00 00 00 00 00 46 	000000000000000F
  0x10bf0	e0 61 eb 72 72 86 03 43 91 75 f2 e4 c6 8b 2e 7c 	0a0rr00C0u0000.|
  0x10c00	75 55 d0 3a 57 88 50 48 92 77 11 b8 5b db 8e 09 	uU0:W0PH0w00[000
  0x10c10	0e 01 00 00 00 00 00 00 c0 00 00 00 00 00 00 46 	000000000000000F
  0x10c20	85 63 f9 71 d6 dd d3 48 a0 c1 ae 06 e8 b0 55 fb 	0c0q000H000000U0
  0x10c30	d0 9a d3 fd 8f 23 af 46 ad b4 6c 85 48 03 69 c7 	00000#0F00l0H0i0
  0x10c40	00 00 00 00 00 00 00 00 22 05 93 19 01 00 00 00 	00000000"0000000
  0x10c50	60 27 01 00 00 00 00 00 00 00 00 00 02 00 00 00 	`'00000000000000
  0x10c60	68 27 01 00 20 00 00 00 00 00 00 00 01 00 00 00 	h'00 00000000000
  0x10c70	22 05 93 19 01 00 00 00 60 27 01 00 00 00 00 00 	"0000000`'000000
  0x10c80	00 00 00 00 02 00 00 00 90 27 01 00 20 00 00 00 	000000000'00 000
  0x10c90	00 00 00 00 01 00 00 00 22 05 93 19 04 00 00 00 	00000000"0000000
  0x10ca0	d0 25 01 00 02 00 00 00 c8 27 01 00 05 00 00 00 	0%0000000'000000
  0x10cb0	18 28 01 00 20 00 00 00 00 00 00 00 01 00 00 00 	0(00 00000000000
  0x10cc0	22 05 93 19 01 00 00 00 64 28 01 00 00 00 00 00 	"0000000d(000000
  0x10cd0	00 00 00 00 02 00 00 00 70 28 01 00 20 00 00 00 	00000000p(00 000
  0x10ce0	00 00 00 00 01 00 00 00 22 05 93 19 01 00 00 00 	00000000"0000000
  0x10cf0	64 28 01 00 00 00 00 00 00 00 00 00 02 00 00 00 	d(00000000000000
  0x10d00	98 28 01 00 20 00 00 00 00 00 00 00 01 00 00 00 	0(00 00000000000
  0x10d10	22 05 93 19 01 00 00 00 64 28 01 00 00 00 00 00 	"0000000d(000000
  0x10d20	00 00 00 00 02 00 00 00 c0 28 01 00 20 00 00 00 	000000000(00 000
  0x10d30	00 00 00 00 01 00 00 00 22 05 93 19 01 00 00 00 	00000000"0000000
  0x10d40	64 28 01 00 00 00 00 00 00 00 00 00 02 00 00 00 	d(00000000000000
  0x10d50	e8 28 01 00 20 00 00 00 00 00 00 00 01 00 00 00 	0(00 00000000000
  0x10d60	22 05 93 19 01 00 00 00 64 28 01 00 00 00 00 00 	"0000000d(000000
  0x10d70	00 00 00 00 02 00 00 00 10 29 01 00 20 00 00 00 	000000000)00 000
  0x10d80	00 00 00 00 01 00 00 00 73 74 72 69 6e 67 20 74 	00000000string t
  0x10d90	6f 6f 20 6c 6f 6e 67 00 69 6e 76 61 6c 69 64 20 	oo long0invalid 
  0x10da0	73 74 72 69 6e 67 20 70 6f 73 69 74 69 6f 6e 00 	string position0
  0x10db0	22 05 93 19 02 00 00 00 38 29 01 00 01 00 00 00 	"00000008)000000
  0x10dc0	48 29 01 00 01 00 00 00 70 29 01 00 20 00 00 00 	H)000000p)00 000
  0x10dd0	00 00 00 00 01 00 00 00 5c 00 00 00 00 00 00 00 	0000000000000000
  0x10de0	6c f0 cb e0 8b cd 47 46 bb 8a 26 3b 43 f0 f9 74 	l00000GF00&;C00t
  0x10df0	06 e0 2c 3b 61 5e de 4f ba b8 9b 8a ac 9b 26 df 	00,;a^0O000000&0
  0x10e00	05 00 00 00 00 00 00 00 ab 96 59 a3 cf 11 35 49 	0000000000Y0005I
  0x10e10	8b 61 a6 76 10 81 ec df 10 00 00 00 00 00 00 00 	0a0v000000000000
  0x10e20	62 61 64 20 61 6c 6c 6f 63 61 74 69 6f 6e 00 00 	bad allocation00
  0x10e30	45 78 63 65 70 74 69 6f 6e 00 00 00 00 00 00 00 	Exception0000000
  0x10e40	52 65 74 75 72 6e 48 72 00 00 00 00 4c 6f 67 48 	ReturnHr0000LogH
  0x10e50	72 00 00 00 00 00 00 00 46 61 69 6c 46 61 73 74 	r0000000FailFast
  0x10e60	00 00 00 00 00 00 00 00 25 00 68 00 73 00 28 00 	00000000%0h0s0(0
  0x10e70	25 00 75 00 29 00 5c 00 25 00 68 00 73 00 21 00 	%0u0)000%0h0s0!0
  0x10e80	25 00 70 00 3a 00 20 00 00 00 00 00 00 00 00 00 	%0p0:0 000000000
  0x10e90	25 00 68 00 73 00 21 00 25 00 70 00 3a 00 20 00 	%0h0s0!0%0p0:0 0
  0x10ea0	00 00 00 00 00 00 00 00 28 00 63 00 61 00 6c 00 	00000000(0c0a0l0
  0x10eb0	6c 00 65 00 72 00 3a 00 20 00 25 00 70 00 29 00 	l0e0r0:0 0%0p0)0
  0x10ec0	20 00 00 00 00 00 00 00 25 00 68 00 73 00 28 00 	 0000000%0h0s0(0
  0x10ed0	25 00 64 00 29 00 20 00 74 00 69 00 64 00 28 00 	%0d0)0 0t0i0d0(0
  0x10ee0	25 00 78 00 29 00 20 00 25 00 30 00 38 00 58 00 	%0x0)0 0%00080X0
  0x10ef0	20 00 25 00 77 00 73 00 00 00 00 00 00 00 00 00 	 0%0w0s000000000
  0x10f00	20 00 20 00 20 00 20 00 00 00 00 00 00 00 00 00 	 0 0 0 000000000
  0x10f10	4d 00 73 00 67 00 3a 00 5b 00 25 00 77 00 73 00 	M0s0g0:0[0%0w0s0
  0x10f20	5d 00 20 00 00 00 00 00 43 00 61 00 6c 00 6c 00 	]0 00000C0a0l0l0
  0x10f30	43 00 6f 00 6e 00 74 00 65 00 78 00 74 00 3a 00 	C0o0n0t0e0x0t0:0
  0x10f40	5b 00 25 00 68 00 73 00 5d 00 20 00 00 00 00 00 	[0%0h0s0]0 00000
  0x10f50	5b 00 25 00 68 00 73 00 28 00 25 00 68 00 73 00 	[0%0h0s0(0%0h0s0
  0x10f60	29 00 5d 00 0a 00 00 00 5b 00 25 00 68 00 73 00 	)0]00000[0%0h0s0
  0x10f70	5d 00 0a 00 00 00 00 00 0a 00 00 00 00 00 00 00 	]000000000000000
  0x10f80	6b 00 65 00 72 00 6e 00 65 00 6c 00 62 00 61 00 	k0e0r0n0e0l0b0a0
  0x10f90	73 00 65 00 2e 00 64 00 6c 00 6c 00 00 00 00 00 	s0e0.0d0l0l00000
  0x10fa0	52 61 69 73 65 46 61 69 6c 46 61 73 74 45 78 63 	RaiseFailFastExc
  0x10fb0	65 70 74 69 6f 6e 00 00 77 69 6c 00 00 00 00 00 	eption00wil00000
  0x10fc0	6f 6e 65 63 6f 72 65 5c 69 6e 74 65 72 6e 61 6c 	onecore0internal
  0x10fd0	5c 73 64 6b 5c 69 6e 63 5c 77 69 6c 5c 6f 70 65 	0sdk0inc0wil0ope
  0x10fe0	6e 73 6f 75 72 63 65 5c 77 69 6c 5c 72 65 73 6f 	nsource0wil0reso
  0x10ff0	75 72 63 65 2e 68 00 00 5f 00 70 00 30 00 00 00 	urce.h00_0p00000
  0x11000	68 00 00 00 00 00 00 00 57 69 6c 45 72 72 6f 72 	h0000000WilError
  0x11010	5f 30 33 00 00 00 00 00 6e 00 74 00 64 00 6c 00 	_0300000n0t0d0l0
  0x11020	6c 00 2e 00 64 00 6c 00 6c 00 00 00 00 00 00 00 	l0.0d0l0l0000000
  0x11030	52 74 6c 44 6c 6c 53 68 75 74 64 6f 77 6e 49 6e 	RtlDllShutdownIn
  0x11040	50 72 6f 67 72 65 73 73 00 00 00 00 00 00 00 00 	Progress00000000
  0x11050	52 74 6c 44 69 73 6f 77 6e 4d 6f 64 75 6c 65 48 	RtlDisownModuleH
  0x11060	65 61 70 41 6c 6c 6f 63 61 74 69 6f 6e 00 00 00 	eapAllocation000
  0x11070	40 00 25 00 73 00 2c 00 2d 00 25 00 75 00 00 00 	@0%0s0,0-0%0u000
  0x11080	2e 00 4c 00 4e 00 4b 00 00 00 00 00 00 00 00 00 	.0L0N0K000000000
  0x11090	43 00 6f 00 6e 00 74 00 72 00 6f 00 6c 00 20 00 	C0o0n0t0r0o0l0 0
  0x110a0	50 00 61 00 6e 00 65 00 6c 00 5c 00 42 00 6c 00 	P0a0n0e0l000B0l0
  0x110b0	75 00 65 00 74 00 6f 00 6f 00 74 00 68 00 5c 00 	u0e0t0o0o0t0h000
  0x110c0	46 00 69 00 6c 00 65 00 53 00 71 00 75 00 69 00 	F0i0l0e0S0q0u0i0
  0x110d0	72 00 74 00 49 00 6e 00 73 00 74 00 61 00 6c 00 	r0t0I0n0s0t0a0l0
  0x110e0	6c 00 65 00 64 00 00 00 5c 00 2a 00 2e 00 6c 00 	l0e0d00000*0.0l0
  0x110f0	6e 00 6b 00 00 00 00 00 25 00 77 00 73 00 00 00 	n0k00000%0w0s000
  0x11100	2d 73 65 6e 64 00 00 00 4c 00 6f 00 63 00 61 00 	-send000L0o0c0a0
  0x11110	6c 00 5c 00 53 00 4d 00 30 00 3a 00 25 00 64 00 	l000S0M000:0%0d0
  0x11120	3a 00 25 00 64 00 3a 00 25 00 68 00 73 00 00 00 	:0%0d0:0%0h0s000
  0x11130	a7 d8 ce 57 4a 3f 2c 43 93 50 30 f2 44 83 f7 4f 	000WJ?,C0P00D00O
  0x11140	0e 01 00 00 00 00 00 00 c0 00 00 00 00 00 00 46 	000000000000000F
  0x11150	f8 95 29 d9 5e cf 76 4a bf 59 ea d3 9e a2 b9 7e 	00)0^0vJ0Y00000~
  0x11160	22 01 00 00 00 00 00 00 c0 00 00 00 00 00 00 46 	"00000000000000F
  0x11170	01 00 00 00 00 00 00 00 c0 00 00 00 00 00 00 46 	000000000000000F
  0x11180	00 00 00 00 00 00 00 00 c0 00 00 00 00 00 00 46 	000000000000000F
  0x11190	0b 01 00 00 00 00 00 00 c0 00 00 00 00 00 00 46 	000000000000000F
  0x111a0	f9 14 02 00 00 00 00 00 c0 00 00 00 00 00 00 46 	000000000000000F
  0x111b0	a0 a9 7e 04 bb 93 5f 41 a1 c3 d7 ae b3 dd 50 87 	00~000_A000000P0
  0x111c0	00 00 00 00 00 00 00 00 2d 52 65 67 69 73 74 65 	00000000-Registe
  0x111d0	72 00 00 00 00 00 00 00 2d 55 6e 52 65 67 69 73 	r0000000-UnRegis
  0x111e0	74 65 72 00 00 00 00 00 2d 45 6d 62 65 64 64 69 	ter00000-Embeddi
  0x111f0	6e 67 00 00 00 00 00 00 2d 72 65 63 65 69 76 65 	ng000000-receive
  0x11200	00 00 00 00 00 00 00 00 00 00 00 00 00 00 00 00 	0000000000000000
  0x11210	73 00 68 00 65 00 6c 00 6c 00 3a 00 3a 00 3a 00 	s0h0e0l0l0:0:0:0
  0x11220	7b 00 41 00 45 00 45 00 32 00 34 00 32 00 30 00 	{0A0E0E020402000
  0x11230	46 00 2d 00 44 00 35 00 30 00 45 00 2d 00 34 00 	F0-0D05000E0-040
  0x11240	30 00 35 00 43 00 2d 00 38 00 37 00 38 00 34 00 	0050C0-080708040
  0x11250	2d 00 33 00 36 00 33 00 43 00 35 00 38 00 32 00 	-0306030C0508020
  0x11260	42 00 46 00 34 00 35 00 41 00 7d 00 2c 00 51 00 	B0F04050A0}0,0Q0
  0x11270	75 00 65 00 72 00 79 00 3d 00 3c 00 44 00 65 00 	u0e0r0y0=0<0D0e0
  0x11280	76 00 69 00 63 00 65 00 51 00 75 00 65 00 72 00 	v0i0c0e0Q0u0e0r0
  0x11290	79 00 46 00 69 00 6c 00 74 00 65 00 72 00 45 00 	y0F0i0l0t0e0r0E0
  0x112a0	78 00 70 00 72 00 65 00 73 00 73 00 69 00 6f 00 	x0p0r0e0s0s0i0o0
  0x112b0	6e 00 73 00 3e 00 25 00 73 00 00 00 00 00 00 00 	n0s0>0%0s0000000
  0x112c0	2a 00 2e 00 2a 00 00 00 00 00 00 00 00 00 00 00 	*0.0*00000000000
  0x112d0	53 00 6f 00 66 00 74 00 77 00 61 00 72 00 65 00 	S0o0f0t0w0a0r0e0
  0x112e0	5c 00 4d 00 69 00 63 00 72 00 6f 00 73 00 6f 00 	00M0i0c0r0o0s0o0
  0x112f0	66 00 74 00 5c 00 46 00 69 00 6c 00 65 00 53 00 	f0t000F0i0l0e0S0
  0x11300	71 00 75 00 69 00 72 00 74 00 00 00 00 00 00 00 	q0u0i0r0t0000000
  0x11310	4c 00 61 00 73 00 74 00 52 00 65 00 63 00 65 00 	L0a0s0t0R0e0c0e0
  0x11320	69 00 76 00 65 00 46 00 6f 00 6c 00 64 00 65 00 	i0v0e0F0o0l0d0e0
  0x11330	72 00 00 00 00 00 00 00 53 00 74 00 72 00 69 00 	r0000000S0t0r0i0
  0x11340	6e 00 67 00 00 00 00 00 00 00 00 00 00 00 00 00 	n0g0000000000000
  0x11350	41 00 20 00 66 00 69 00 6c 00 65 00 20 00 74 00 	A0 0f0i0l0e0 0t0
  0x11360	72 00 61 00 6e 00 73 00 66 00 65 00 72 00 20 00 	r0a0n0s0f0e0r0 0
  0x11370	74 00 61 00 73 00 6b 00 20 00 69 00 73 00 20 00 	t0a0s0k0 0i0s0 0
  0x11380	69 00 6e 00 20 00 70 00 72 00 6f 00 67 00 72 00 	i0n0 0p0r0o0g0r0
  0x11390	65 00 73 00 73 00 2e 00 2e 00 2e 00 00 00 00 00 	e0s0s0.0.0.00000
  0x113a0	46 00 53 00 51 00 5f 00 25 00 30 00 38 00 67 00 	F0S0Q0_0%00080g0
  0x113b0	00 00 00 00 00 00 00 00 5f 00 54 00 6d 00 70 00 	00000000_0T0m0p0
  0x113c0	5f 00 46 00 73 00 71 00 00 00 00 00 00 00 00 00 	_0F0s0q000000000
  0x113d0	5f ab 7a 94 5c 0a 13 4c b4 d6 4b f7 83 6f c9 f8 	_0z0000L00K00o00
  0x113e0	e6 14 02 00 00 00 00 00 c0 00 00 00 00 00 00 46 	000000000000000F
  0x113f0	16 95 33 10 94 28 d2 11 90 39 00 c0 4f 8e eb 3e 	00300(000900O00>
  0x11400	f1 14 02 00 00 00 00 00 c0 00 00 00 00 00 00 46 	000000000000000F
  0x11410	c1 40 51 6d 36 74 ce 11 80 34 00 aa 00 60 09 fa 	0@Qm6t0004000`00
  0x11420	1e 6d 82 43 18 e7 ee 42 bc 55 a1 e2 61 c3 7b fe 	0m0C000B0U00a0{0
  0x11430	b5 b6 d3 df 0c c1 e9 4b 85 f6 a6 69 69 f4 02 f6 	0000000K000ii000
  0x11440	d3 b0 9f 7e 9f 91 07 43 ab 2e 9b 18 60 31 0c 93 	000~000C0.00`100
  0x11450	67 a4 f3 1a 4f 21 98 42 90 8e 06 b0 3e 0b 39 f9 	g000O!0B0000>090
  0x11460	16 09 00 00 42 27 07 80 1c 09 00 00 41 27 07 80 	0000B'000000A'00
  0x11470	1d 09 00 00 ca 04 07 80 19 09 00 00 04 40 00 80 	0000000000000@00
  0x11480	31 09 00 00 26 27 07 80 00 00 00 00 00 00 00 00 	1000&'0000000000
  0x11490	0f 09 00 00 49 00 04 80 17 09 00 00 53 00 04 80 	0000I0000000S000
  0x114a0	29 09 00 00 43 00 04 80 29 09 00 00 4c 00 04 80 	)000C000)000L000
  0x114b0	29 09 00 00 4f 00 04 80 2a 09 00 00 60 00 04 80 	)000O000*000`000
  0x114c0	20 09 00 00 ff 00 04 80 2c 09 00 00 50 27 07 80 	 0000000,000P'00
  0x114d0	31 09 00 00 61 03 00 d0 f9 45 02 67 25 6e 79 41 	1000a0000E0g%nyA
  0x114e0	85 c1 98 1c 33 b9 d3 b7 03 00 00 00 00 00 00 00 	0000300000000000
  0x114f0	1e 31 44 97 51 79 2e 4b b6 f0 ec b2 93 ca c1 19 	01D0Qy.K00000000
  0x11500	01 00 00 00 00 00 00 00 25 00 77 00 73 00 25 00 	00000000%0w0s0%0
  0x11510	30 00 34 00 64 00 2e 00 25 00 77 00 73 00 00 00 	0040d0.0%0w0s000
  0x11520	25 00 77 00 73 00 25 00 30 00 34 00 64 00 00 00 	%0w0s0%00040d000
  0x11530	4f 42 45 58 20 4f 62 6a 65 63 74 20 50 75 73 68 	OBEX Object Push
  0x11540	00 00 00 00 00 00 00 00 4c 58 e0 e3 88 b7 5a 4a 	00000000LX0000ZJ
  0x11550	bb 20 7f 5a 44 c9 ac dd 07 00 00 00 00 00 00 00 	0 0ZD00000000000
  0x11560	30 f1 25 b7 ef 47 1a 10 a5 f1 02 60 8c 9e eb ac 	00%00G00000`0000
  0x11570	0a 00 00 00 00 00 00 00 a6 6a 63 28 3d 95 d2 11 	000000000jc(=000
  0x11580	b5 d6 00 c0 4f d9 18 d0 18 00 00 00 00 00 00 00 	0000O00000000000
  0x11590	05 11 00 00 00 00 00 10 80 00 00 80 5f 9b 34 fb 	000000000000_040
  0x115a0	20 00 00 00 00 00 00 00 25 00 30 00 32 00 78 00 	 0000000%00020x0
  0x115b0	3a 00 25 00 30 00 32 00 78 00 3a 00 25 00 30 00 	:0%00020x0:0%000
  0x115c0	32 00 78 00 3a 00 25 00 30 00 32 00 78 00 3a 00 	20x0:0%00020x0:0
  0x115d0	25 00 30 00 32 00 78 00 3a 00 25 00 30 00 32 00 	%00020x0:0%00020
  0x115e0	78 00 00 00 00 00 00 00 08 e7 30 5b e5 84 b0 38 	x0000000000[0008
  0x115f0	f2 43 a1 47 75 8f 8a 10 25 00 64 00 00 00 00 00 	0C0Gu000%0d00000
  0x11600	2c 00 25 00 64 00 2c 00 00 00 00 00 00 00 00 00 	,0%0d0,000000000
  0x11610	2c 00 25 00 64 00 2c 00 25 00 64 00 2c 00 25 00 	,0%0d0,0%0d0,0%0
  0x11620	64 00 00 00 2c 00 00 00 00 00 00 00 00 00 00 00 	d000,00000000000
  0x11630	25 00 30 00 32 00 78 00 25 00 30 00 32 00 78 00 	%00020x0%00020x0
  0x11640	25 00 30 00 32 00 78 00 25 00 30 00 32 00 78 00 	%00020x0%00020x0
  0x11650	25 00 30 00 32 00 78 00 25 00 30 00 32 00 78 00 	%00020x0%00020x0
  0x11660	25 00 30 00 32 00 78 00 25 00 30 00 32 00 78 00 	%00020x0%00020x0
  0x11670	00 00 00 00 00 00 00 00 25 00 30 00 32 00 78 00 	00000000%00020x0
  0x11680	00 00 00 00 00 00 00 00 00 00 00 00 00 40 7f 40 	0000000000000@0@
  0x11690	00 00 e0 ff ff ff ef 41 22 05 93 19 04 00 00 00 	0000000A"0000000
  0x116a0	d0 25 01 00 02 00 00 00 f0 25 01 00 06 00 00 00 	0%0000000%000000
  0x116b0	40 26 01 00 20 00 00 00 00 00 00 00 01 00 00 00 	@&00 00000000000
  0x116c0	22 05 93 19 00 00 00 00 00 00 00 00 00 00 00 00 	"000000000000000
  0x116d0	00 00 00 00 00 00 00 00 00 00 00 00 20 00 00 00 	000000000000 000
  0x116e0	00 00 00 00 05 00 00 00 22 05 93 19 04 00 00 00 	00000000"0000000
  0x116f0	1c 25 01 00 01 00 00 00 3c 25 01 00 06 00 00 00 	0%000000<%000000
  0x11700	68 25 01 00 80 00 00 00 00 00 00 00 01 00 00 00 	h%00000000000000
  0x11710	00 00 00 00 a5 62 67 65 00 00 00 00 02 00 00 00 	00000bge00000000
  0x11720	24 00 00 00 84 19 01 00 84 0b 01 00 00 00 00 00 	$000000000000000
  0x11730	a5 62 67 65 00 00 00 00 0d 00 00 00 e8 02 00 00 	0bge000000000000
  0x11740	a8 19 01 00 a8 0b 01 00 00 00 00 00 a5 62 67 65 	0000000000000bge
  0x11750	00 00 00 00 10 00 00 00 24 00 00 00 90 1c 01 00 	00000000$0000000
  0x11760	90 0e 01 00 00 00 00 00 45 54 57 30 10 00 00 01 	00000000ETW00000
  0x11770	86 0e 04 88 2b 05 8a bb 06 0b 05 00 00 00 00 00 	0000+00000000000
  0x11780	00 40 00 00 76 00 00 46 69 6c 65 54 72 61 6e 73 	0@00v00FileTrans
  0x11790	66 65 72 45 6e 64 65 64 00 50 61 72 74 41 5f 50 	ferEnded0PartA_P
  0x117a0	72 69 76 54 61 67 73 00 0a 46 69 6c 65 54 72 61 	rivTags00FileTra
  0x117b0	6e 73 66 65 72 44 69 72 65 63 74 69 6f 6e 53 65 	nsferDirectionSe
  0x117c0	6e 74 00 07 46 69 6c 65 53 69 7a 65 49 6e 42 79 	nt00FileSizeInBy
  0x117d0	74 65 73 00 08 46 69 6c 65 54 79 70 65 00 01 54 	tes00FileType00T
  0x117e0	72 61 6e 73 66 65 72 54 69 6d 65 49 6e 4d 53 00 	ransferTimeInMS0
  0x117f0	0a 48 52 65 73 75 6c 74 00 07 06 0b 05 00 00 00 	0HResult00000000
  0x11800	00 00 00 40 00 00 3b 00 00 46 69 6c 65 57 61 69 	000@00;00FileWai
  0x11810	74 69 6e 67 45 6e 64 65 64 00 50 61 72 74 41 5f 	tingEnded0PartA_
  0x11820	50 72 69 76 54 61 67 73 00 0a 57 61 69 74 54 69 	PrivTags00WaitTi
  0x11830	6d 65 49 6e 4d 53 00 0a 48 52 65 73 75 6c 74 00 	meInMS00HResult0
  0x11840	07 06 0b 05 00 00 00 00 00 00 40 00 00 8e 00 00 	0000000000@00000
  0x11850	46 69 6c 65 54 72 61 6e 73 66 65 72 45 6e 64 65 	FileTransferEnde
  0x11860	64 00 50 61 72 74 41 5f 50 72 69 76 54 61 67 73 	d0PartA_PrivTags
  0x11870	00 0a 46 69 6c 65 54 72 61 6e 73 66 65 72 44 69 	00FileTransferDi
  0x11880	72 65 63 74 69 6f 6e 53 65 6e 74 00 07 46 69 6c 	rectionSent00Fil
  0x11890	65 53 69 7a 65 49 6e 42 79 74 65 73 00 08 46 69 	eSizeInBytes00Fi
  0x118a0	6c 65 54 79 70 65 00 01 54 72 61 6e 73 66 65 72 	leType00Transfer
  0x118b0	54 69 6d 65 49 6e 4d 53 00 0a 41 75 74 68 65 6e 	TimeInMS00Authen
  0x118c0	74 69 63 61 74 69 6f 6e 52 65 71 75 69 72 65 64 	ticationRequired
  0x118d0	00 07 48 52 65 73 75 6c 74 00 07 06 0b 05 00 00 	00HResult0000000
  0x118e0	00 00 00 00 40 00 00 57 00 00 46 69 6c 65 54 72 	0000@00W00FileTr
  0x118f0	61 6e 73 66 65 72 45 6e 64 65 64 00 50 61 72 74 	ansferEnded0Part
  0x11900	41 5f 50 72 69 76 54 61 67 73 00 0a 41 75 74 68 	A_PrivTags00Auth
  0x11910	65 6e 74 69 63 61 74 69 6f 6e 52 65 71 75 69 72 	enticationRequir
  0x11920	65 64 00 07 48 52 65 73 75 6c 74 00 07 42 54 44 	ed00HResult00BTD
  0x11930	65 76 69 63 65 41 64 64 72 65 73 73 00 01 04 3f 	eviceAddress000?
  0x11940	cb 51 d9 ba 2c 1c 4a 94 36 6c f2 e9 04 dd e8 31 	0Q00,0J06l000001
  0x11950	00 4d 69 63 72 6f 73 6f 66 74 2e 57 69 6e 64 6f 	0Microsoft.Windo
  0x11960	77 73 2e 42 6c 75 65 74 6f 6f 74 68 00 13 00 01 	ws.Bluetooth0000
  0x11970	1a 73 50 4f cf 89 82 47 b3 e0 dc e8 c9 04 76 ba 	0sPO000G000000v0
  0x11980	01 00 00 00 52 53 44 53 08 1a 8e 92 ff 78 c3 52 	0000RSDS00000x0R
  0x11990	fc 45 c8 49 de 5b 91 08 01 00 00 00 66 73 71 75 	0E0I0[000000fsqu
  0x119a0	69 72 74 2e 70 64 62 00 47 43 54 4c 00 10 00 00 	irt.pdb0GCTL0000
  0x119b0	30 01 00 00 2e 74 65 78 74 00 00 00 30 11 00 00 	0000.text0000000
  0x119c0	d0 00 00 00 2e 74 65 78 74 24 64 69 00 00 00 00 	0000.text$di0000
  0x119d0	00 12 00 00 90 e7 00 00 2e 74 65 78 74 24 6d 6e 	00000000.text$mn
  0x119e0	00 00 00 00 90 f9 00 00 80 00 00 00 2e 74 65 78 	000000000000.tex
  0x119f0	74 24 6d 6e 24 30 30 00 10 fa 00 00 b0 02 00 00 	t$mn$00000000000
  0x11a00	2e 74 65 78 74 24 78 00 c0 fc 00 00 ab 00 00 00 	.text$x000000000
  0x11a10	2e 74 65 78 74 24 79 64 00 00 00 00 00 00 01 00 	.text$yd00000000
  0x11a20	b8 02 00 00 2e 72 64 61 74 61 24 62 72 63 00 00 	0000.rdata$brc00
  0x11a30	b8 02 01 00 68 07 00 00 2e 69 64 61 74 61 24 35 	0000h000.idata$5
  0x11a40	00 00 00 00 20 0a 01 00 10 00 00 00 2e 30 30 63 	0000 0000000.00c
  0x11a50	66 67 00 00 30 0a 01 00 08 00 00 00 2e 43 52 54 	fg0000000000.CRT
  0x11a60	24 58 43 41 00 00 00 00 38 0a 01 00 08 00 00 00 	$XCA000080000000
  0x11a70	2e 43 52 54 24 58 43 41 41 00 00 00 40 0a 01 00 	.CRT$XCAA000@000
  0x11a80	20 00 00 00 2e 43 52 54 24 58 43 55 00 00 00 00 	 000.CRT$XCU0000
  0x11a90	60 0a 01 00 08 00 00 00 2e 43 52 54 24 58 43 5a 	`0000000.CRT$XCZ
  0x11aa0	00 00 00 00 68 0a 01 00 08 00 00 00 2e 43 52 54 	0000h0000000.CRT
  0x11ab0	24 58 49 41 00 00 00 00 70 0a 01 00 08 00 00 00 	$XIA0000p0000000
  0x11ac0	2e 43 52 54 24 58 49 41 41 00 00 00 78 0a 01 00 	.CRT$XIAA000x000
  0x11ad0	08 00 00 00 2e 43 52 54 24 58 49 59 00 00 00 00 	0000.CRT$XIY0000
  0x11ae0	80 0a 01 00 08 00 00 00 2e 43 52 54 24 58 49 5a 	00000000.CRT$XIZ
  0x11af0	00 00 00 00 88 0a 01 00 2c 01 00 00 2e 67 66 69 	00000000,000.gfi
  0x11b00	64 73 00 00 b4 0b 01 00 0c 00 00 00 2e 67 69 61 	ds0000000000.gia
  0x11b10	74 73 00 00 c0 0b 01 00 a8 0b 00 00 2e 72 64 61 	ts0000000000.rda
  0x11b20	74 61 00 00 68 17 01 00 10 00 00 00 2e 72 64 61 	ta00h0000000.rda
  0x11b30	74 61 24 7a 45 54 57 30 00 00 00 00 78 17 01 00 	ta$zETW00000x000
  0x11b40	c6 01 00 00 2e 72 64 61 74 61 24 7a 45 54 57 31 	0000.rdata$zETW1
  0x11b50	00 00 00 00 3e 19 01 00 42 00 00 00 2e 72 64 61 	0000>000B000.rda
  0x11b60	74 61 24 7a 45 54 57 32 00 00 00 00 80 19 01 00 	ta$zETW200000000
  0x11b70	04 00 00 00 2e 72 64 61 74 61 24 7a 45 54 57 39 	0000.rdata$zETW9
  0x11b80	00 00 00 00 84 19 01 00 34 03 00 00 2e 72 64 61 	000000004000.rda
  0x11b90	74 61 24 7a 7a 7a 64 62 67 00 00 00 b8 1c 01 00 	ta$zzzdbg0000000
  0x11ba0	e0 0c 00 00 2e 78 64 61 74 61 00 00 98 29 01 00 	0000.xdata000)00
  0x11bb0	b4 01 00 00 2e 78 64 61 74 61 24 78 00 00 00 00 	0000.xdata$x0000
  0x11bc0	4c 2b 01 00 40 01 00 00 2e 69 64 61 74 61 24 32 	L+00@000.idata$2
  0x11bd0	00 00 00 00 8c 2c 01 00 14 00 00 00 2e 69 64 61 	00000,000000.ida
  0x11be0	74 61 24 33 00 00 00 00 a0 2c 01 00 68 07 00 00 	ta$300000,00h000
  0x11bf0	2e 69 64 61 74 61 24 34 00 00 00 00 08 34 01 00 	.idata$400000400
  0x11c00	98 0f 00 00 2e 69 64 61 74 61 24 36 00 00 00 00 	0000.idata$60000
  0x11c10	00 50 01 00 58 00 00 00 2e 64 61 74 61 24 62 72 	0P00X000.data$br
  0x11c20	63 00 00 00 58 50 01 00 c8 00 00 00 2e 64 61 74 	c000XP000000.dat
  0x11c30	61 24 72 24 62 72 63 00 20 51 01 00 30 00 00 00 	a$r$brc0 Q000000
  0x11c40	2e 64 61 74 61 00 00 00 50 51 01 00 e8 07 00 00 	.data000PQ000000
  0x11c50	2e 62 73 73 00 00 00 00 00 60 01 00 48 09 00 00 	.bss00000`00H000
  0x11c60	2e 70 64 61 74 61 00 00 00 70 01 00 e0 07 00 00 	.pdata000p000000
  0x11c70	2e 72 73 72 63 24 30 31 00 00 00 00 e0 77 01 00 	.rsrc$0100000w00
  0x11c80	c0 f1 00 00 2e 72 73 72 63 24 30 32 00 00 00 00 	0000.rsrc$020000
  0x11c90	20 00 00 00 08 1a 8e 92 ff 78 c3 52 fc 45 c8 49 	 00000000x0R0E0I
  0x11ca0	de 5b 91 08 f4 4f a4 c5 d0 fe 73 fd e3 7d c5 84 	0[000O0000s00}00
  0x11cb0	a5 62 67 65 00 00 00 00 01 11 04 00 11 32 0d 70 	0bge00000000020p
  0x11cc0	0c 60 0b 30 19 25 09 00 13 34 53 00 13 01 4a 00 	0`000%0004S000J0
  0x11cd0	0c f0 0a e0 08 70 07 60 06 50 00 00 9c f7 00 00 	00000p0`0P000000
  0x11ce0	40 02 00 00 01 04 01 00 04 42 00 00 19 21 07 00 	@00000000B000!00
  0x11cf0	0f 34 31 00 0f 01 2a 00 08 70 07 60 06 50 00 00 	041000*00p0`0P00
  0x11d00	9c f7 00 00 40 01 00 00 01 0f 06 00 0f 64 07 00 	0000@00000000d00
  0x11d10	0f 34 06 00 0f 32 0b 70 01 04 01 00 04 82 00 00 	0400020p00000000
  0x11d20	01 20 0c 00 20 64 11 00 20 54 10 00 20 34 0f 00 	0 00 d00 T00 400
  0x11d30	20 72 1c f0 1a e0 18 d0 16 c0 14 70 01 09 03 00 	 r000000000p0000
  0x11d40	09 01 18 00 02 30 00 00 19 22 04 00 10 01 a5 02 	000000000"000000
  0x11d50	03 70 02 30 9c f7 00 00 10 15 00 00 01 04 01 00 	0p00000000000000
  0x11d60	04 a2 00 00 01 14 08 00 14 64 0e 00 14 54 0d 00 	000000000d000T00
  0x11d70	14 34 0c 00 14 92 10 70 19 32 0b 00 21 64 52 00 	0400000p0200!dR0
  0x11d80	21 34 50 00 21 01 4a 00 12 f0 10 e0 0e c0 0c 70 	!4P0!0J00000000p
  0x11d90	0b 50 00 00 9c f7 00 00 40 02 00 00 01 0a 04 00 	0P000000@0000000
  0x11da0	0a 64 06 00 0a 32 06 70 01 1c 0c 00 1c 64 0c 00 	0d00020p00000d00
  0x11db0	1c 54 0b 00 1c 34 0a 00 1c 32 18 f0 16 e0 14 d0 	0T00040002000000
  0x11dc0	12 c0 10 70 01 14 08 00 14 64 08 00 14 54 07 00 	000p00000d000T00
  0x11dd0	14 34 06 00 14 32 10 70 01 1d 0c 00 1d 74 0b 00 	0400020p00000t00
  0x11de0	1d 64 0a 00 1d 54 09 00 1d 34 08 00 1d 32 19 f0 	0d000T0004000200
  0x11df0	17 e0 15 c0 01 0a 04 00 0a 34 06 00 0a 32 06 70 	000000000400020p
  0x11e00	01 19 0a 00 19 74 09 00 19 64 08 00 19 54 07 00 	00000t000d000T00
  0x11e10	19 34 06 00 19 32 15 e0 01 06 02 00 06 32 02 30 	0400020000000200
  0x11e20	19 2b 07 00 1a 64 19 01 1a 34 18 01 1a 01 16 01 	0+000d0004000000
  0x11e30	0b 50 00 00 9c f7 00 00 a0 08 00 00 19 2f 09 00 	0P00000000000/00
  0x11e40	1e 74 ec 01 1e 64 eb 01 1e 34 ea 01 1e 01 e8 01 	0t000d0004000000
  0x11e50	10 50 00 00 9c f7 00 00 30 0f 00 00 19 25 09 00 	0P00000000000%00
  0x11e60	13 34 75 00 13 01 6c 00 0c f0 0a e0 08 70 07 60 	04u000l000000p0`
  0x11e70	06 50 00 00 9c f7 00 00 50 03 00 00 19 1b 03 00 	0P000000P0000000
  0x11e80	09 01 86 00 02 30 00 00 9c f7 00 00 20 04 00 00 	000000000000 000
  0x11e90	19 37 0d 00 26 74 eb 00 26 64 ea 00 26 34 e9 00 	0700&t00&d00&400
  0x11ea0	26 01 e2 00 18 f0 16 e0 14 d0 12 c0 10 50 00 00 	&000000000000P00
  0x11eb0	9c f7 00 00 00 07 00 00 01 15 08 00 15 74 08 00 	0000000000000t00
  0x11ec0	15 64 07 00 15 34 06 00 15 32 11 e0 01 06 02 00 	0d00040002000000
  0x11ed0	06 b2 02 30 19 22 07 00 10 34 52 00 10 01 4c 00 	00000"0004R000L0
  0x11ee0	09 e0 07 70 06 60 00 00 9c f7 00 00 50 02 00 00 	000p0`000000P000
  0x11ef0	01 18 0a 00 18 64 0a 00 18 54 09 00 18 34 08 00 	00000d000T000400
  0x11f00	18 32 14 f0 12 e0 10 70 19 29 0b 00 17 34 54 00 	0200000p0)0004T0
  0x11f10	17 01 4c 00 10 f0 0e e0 0c d0 0a c0 08 70 07 60 	00L0000000000p0`
  0x11f20	06 50 00 00 9c f7 00 00 50 02 00 00 01 05 02 00 	0P000000P0000000
  0x11f30	05 34 01 00 01 12 05 00 12 42 0e 70 0d 60 0c 50 	040000000B0p0`0P
  0x11f40	0b 30 00 00 01 06 02 00 06 72 02 30 19 2f 09 00 	000000000r000/00
  0x11f50	1e 74 e7 00 1e 64 e5 00 1e 34 e4 00 1e 01 e2 00 	0t000d0004000000
  0x11f60	10 50 00 00 9c f7 00 00 00 07 00 00 19 30 0b 00 	0P00000000000000
  0x11f70	1f 34 89 00 1f 01 80 00 10 f0 0e e0 0c d0 0a c0 	0400000000000000
  0x11f80	08 70 07 60 06 50 00 00 9c f7 00 00 f0 03 00 00 	0p0`0P0000000000
  0x11f90	19 27 09 00 15 54 21 00 15 34 20 00 15 01 1a 00 	0'000T!004 00000
  0x11fa0	0e e0 0c 70 0b 60 00 00 9c f7 00 00 c0 00 00 00 	000p0`0000000000
  0x11fb0	19 2c 0b 00 1a 64 61 00 1a 34 60 00 1a 01 58 00 	0,000da004`000X0
  0x11fc0	13 f0 11 e0 0f d0 0d c0 0b 70 00 00 d4 f8 00 00 	000000000p000000
  0x11fd0	01 00 00 00 79 53 00 00 15 56 00 00 13 fa 00 00 	0000yS000V000000
  0x11fe0	00 00 00 00 b2 02 00 00 01 06 02 00 06 52 02 50 	0000000000000R0P
  0x11ff0	19 2a 09 00 18 74 4f 00 18 64 4e 00 18 34 4d 00 	0*000tO00dN004M0
  0x12000	18 01 4a 00 11 e0 00 00 d4 f8 00 00 01 00 00 00 	00J0000000000000
  0x12010	7f 58 00 00 d2 5b 00 00 61 fa 00 00 00 00 00 00 	0X000[00a0000000
  0x12020	42 02 00 00 01 14 08 00 14 64 0a 00 14 54 09 00 	B00000000d000T00
  0x12030	14 34 08 00 14 52 10 70 19 2c 09 00 1b 34 03 01 	04000R0p0,000400
  0x12040	1b 01 fc 00 0c f0 0a e0 08 70 07 60 06 50 00 00 	000000000p0`0P00
  0x12050	9c f7 00 00 d0 07 00 00 19 21 07 00 0f 34 0b 01 	000000000!000400
  0x12060	0f 01 06 01 08 70 07 60 06 50 00 00 9c f7 00 00 	00000p0`0P000000
  0x12070	20 08 00 00 01 0f 06 00 0f 64 09 00 0f 34 08 00 	 00000000d000400
  0x12080	0f 52 0b 70 01 10 06 00 10 54 0c 00 10 34 0a 00 	0R0p00000T000400
  0x12090	10 72 0c 70 19 30 0b 00 1f 34 a1 00 1f 01 98 00 	0r0p000004000000
  0x120a0	10 f0 0e e0 0c d0 0a c0 08 70 07 60 06 50 00 00 	000000000p0`0P00
  0x120b0	9c f7 00 00 b0 04 00 00 19 2d 09 00 1c 34 d3 01 	000000000-000400
  0x120c0	1c 01 cc 01 0d f0 0b e0 09 c0 07 60 06 50 00 00 	00000000000`0P00
  0x120d0	9c f7 00 00 50 0e 00 00 19 29 09 00 17 64 73 00 	0000P0000)000ds0
  0x120e0	17 54 72 00 17 34 71 00 17 01 6e 00 10 70 00 00 	0Tr004q000n00p00
  0x120f0	9c f7 00 00 60 03 00 00 19 30 0b 00 1f 34 cb 00 	0000`00000000400
  0x12100	1f 01 c0 00 10 f0 0e e0 0c d0 0a c0 08 70 07 60 	0000000000000p0`
  0x12110	06 50 00 00 9c f7 00 00 f0 05 00 00 01 13 08 00 	0P00000000000000
  0x12120	13 54 10 00 13 34 0f 00 13 92 0f e0 0d 70 0c 60 	0T00040000000p0`
  0x12130	19 37 0d 00 26 74 c7 00 26 64 c6 00 26 34 c5 00 	0700&t00&d00&400
  0x12140	26 01 be 00 18 f0 16 e0 14 d0 12 c0 10 50 00 00 	&000000000000P00
  0x12150	9c f7 00 00 e0 05 00 00 19 28 09 00 1a 64 1c 00 	000000000(000d00
  0x12160	1a 34 1b 00 1a 01 16 00 0e e0 0c 70 0b 50 00 00 	04000000000p0P00
  0x12170	9c f7 00 00 a0 00 00 00 19 1b 03 00 09 01 a8 00 	0000000000000000
  0x12180	02 30 00 00 9c f7 00 00 30 05 00 00 19 37 0d 00 	0000000000000700
  0x12190	26 74 49 00 26 64 48 00 26 34 47 00 26 01 40 00 	&tI0&dH0&4G0&0@0
  0x121a0	18 f0 16 e0 14 d0 12 c0 10 50 00 00 9c f7 00 00 	000000000P000000
  0x121b0	f0 01 00 00 19 1f 05 00 0d 34 49 00 0d 01 46 00 	0000000004I000F0
  0x121c0	06 70 00 00 9c f7 00 00 20 02 00 00 19 27 09 00 	0p000000 0000'00
  0x121d0	15 54 4c 00 15 34 4b 00 15 01 46 00 0e e0 0c 70 	0TL004K000F0000p
  0x121e0	0b 60 00 00 9c f7 00 00 20 02 00 00 01 0a 04 00 	0`000000 0000000
  0x121f0	0a 34 08 00 0a 52 06 70 19 33 0b 00 22 74 57 00 	04000R0p0300"tW0
  0x12200	22 64 56 00 22 34 54 00 22 01 50 00 14 f0 12 e0 	"dV0"4T0"0P00000
  0x12210	10 50 00 00 9c f7 00 00 70 02 00 00 01 15 08 00 	0P000000p0000000
  0x12220	15 64 10 00 15 34 0e 00 15 92 0e e0 0c 70 0b 50 	0d00040000000p0P
  0x12230	19 30 0b 00 1f 34 99 00 1f 01 8e 00 10 f0 0e e0 	0000040000000000
  0x12240	0c d0 0a c0 08 70 07 60 06 50 00 00 9c f7 00 00 	00000p0`0P000000
  0x12250	60 04 00 00 19 25 0a 00 16 54 16 00 16 34 15 00 	`0000%000T000400
  0x12260	16 d2 12 e0 10 d0 0e c0 0c 70 0b 60 9c f7 00 00 	000000000p0`0000
  0x12270	68 00 00 00 01 13 01 00 13 42 00 00 01 20 0c 00 	h00000000B000 00
  0x12280	20 64 0c 00 20 54 0b 00 20 34 0a 00 20 32 1c f0 	 d00 T00 400 200
  0x12290	1a e0 18 d0 16 c0 14 70 01 18 0a 00 18 64 0c 00 	0000000p00000d00
  0x122a0	18 54 0b 00 18 34 0a 00 18 52 14 f0 12 e0 10 70 	0T0004000R00000p
  0x122b0	19 2d 0a 00 1c 01 5b 00 0d f0 0b e0 09 d0 07 c0 	0-0000[000000000
  0x122c0	05 70 04 60 03 30 02 50 9c f7 00 00 c0 02 00 00 	0p0`000P00000000
  0x122d0	19 29 0b 00 17 34 56 00 17 01 4e 00 10 f0 0e e0 	0)0004V000N00000
  0x122e0	0c d0 0a c0 08 70 07 60 06 50 00 00 9c f7 00 00 	00000p0`0P000000
  0x122f0	60 02 00 00 19 33 0b 00 22 74 73 00 22 64 72 00 	`0000300"ts0"dr0
  0x12300	22 34 71 00 22 01 6c 00 14 f0 12 e0 10 50 00 00 	"4q0"0l000000P00
  0x12310	9c f7 00 00 50 03 00 00 19 20 06 00 12 74 10 00 	0000P0000 000t00
  0x12320	12 34 0f 00 12 b2 0b 50 9c f7 00 00 50 00 00 00 	0400000P0000P000
  0x12330	01 1c 0a 00 1c 34 13 00 1c 92 15 f0 13 e0 11 d0 	0000040000000000
  0x12340	0f c0 0d 70 0c 60 0b 50 19 39 0b 00 28 74 13 02 	000p0`0P0900(t00
  0x12350	28 64 12 02 28 34 11 02 28 01 0c 02 14 f0 12 e0 	(d00(400(0000000
  0x12360	10 50 00 00 9c f7 00 00 50 10 00 00 01 21 0a 00 	0P000000P0000!00
  0x12370	21 34 10 00 21 72 1a f0 18 e0 16 d0 14 c0 12 70 	!400!r000000000p
  0x12380	11 60 10 50 01 1b 0a 00 1b 74 13 00 1b 64 11 00 	0`0P00000t000d00
  0x12390	1b 34 10 00 1b b2 14 f0 12 e0 10 50 01 0c 04 00 	04000000000P0000
  0x123a0	0c 34 0b 00 0c 72 08 70 19 33 0b 00 22 74 53 00 	04000r0p0300"tS0
  0x123b0	22 64 52 00 22 34 51 00 22 01 4c 00 14 f0 12 e0 	"dR0"4Q0"0L00000
  0x123c0	10 50 00 00 9c f7 00 00 50 02 00 00 19 20 06 00 	0P000000P0000 00
  0x123d0	12 74 0e 00 12 34 0d 00 12 92 0b 50 9c f7 00 00 	0t000400000P0000
  0x123e0	48 00 00 00 01 12 06 00 12 74 0c 00 12 34 0a 00 	H00000000t000400
  0x123f0	12 72 0b 50 01 1f 0c 00 1f 74 11 00 1f 64 10 00 	0r0P00000t000d00
  0x12400	1f 34 0f 00 1f 72 18 f0 16 e0 14 d0 12 c0 10 50 	04000r000000000P
  0x12410	01 1f 0c 00 1f 74 10 00 1f 64 0f 00 1f 34 0e 00 	00000t000d000400
  0x12420	1f 72 18 f0 16 e0 14 d0 12 c0 10 50 19 22 08 00 	0r000000000P0"00
  0x12430	13 54 13 00 13 34 12 00 13 b2 0f e0 0d d0 0b 60 	0T0004000000000`
  0x12440	9c f7 00 00 58 00 00 00 19 28 09 00 1a 64 18 00 	0000X0000(000d00
  0x12450	1a 34 17 00 1a 01 12 00 0e f0 0c 70 0b 50 00 00 	04000000000p0P00
  0x12460	9c f7 00 00 88 00 00 00 01 1a 09 00 1a 64 17 00 	0000000000000d00
  0x12470	1a 34 16 00 1a 01 12 00 0e e0 0c 70 0b 50 00 00 	04000000000p0P00
  0x12480	01 1a 08 00 1a 74 15 00 1a 64 14 00 1a 34 13 00 	00000t000d000400
  0x12490	1a f2 10 50 19 2c 0b 00 1e 64 29 00 1e 34 28 00 	000P0,000d)004(0
  0x124a0	1e 01 20 00 12 f0 10 e0 0e c0 0c 70 0b 50 00 00 	00 00000000p0P00
  0x124b0	9c f7 00 00 f0 00 00 00 19 29 08 00 18 01 5f 00 	000000000)0000_0
  0x124c0	09 f0 07 e0 05 70 04 60 03 30 02 50 9c f7 00 00 	00000p0`000P0000
  0x124d0	e0 02 00 00 19 22 09 00 14 c2 0d f0 0b e0 09 d0 	00000"0000000000
  0x124e0	07 c0 05 70 04 60 03 30 02 50 00 00 9c f7 00 00 	000p0`000P000000
  0x124f0	58 00 00 00 19 38 0b 00 26 64 41 00 22 34 3e 00 	X0000800&dA0"4>0
  0x12500	13 01 38 00 0c f0 0a e0 08 d0 06 c0 04 70 00 00 	0080000000000p00
  0x12510	24 f8 00 00 e8 16 01 00 b3 01 00 00 ff ff ff ff 	$000000000000000
  0x12520	00 00 00 00 00 00 00 00 ce fa 00 00 00 00 00 00 	0000000000000000
  0x12530	70 f7 00 00 ff ff ff ff 00 00 00 00 00 00 00 00 	p000000000000000
  0x12540	02 00 00 00 03 00 00 00 01 00 00 00 50 25 01 00 	000000000000P%00
  0x12550	40 00 00 00 00 00 00 00 00 00 00 00 9d fa 00 00 	@000000000000000
  0x12560	78 00 00 00 00 00 00 00 3b da 00 00 00 00 00 00 	x0000000;0000000
  0x12570	a0 da 00 00 01 00 00 00 c6 dd 00 00 02 00 00 00 	0000000000000000
  0x12580	f2 dd 00 00 ff ff ff ff 19 de 00 00 01 00 00 00 	0000000000000000
  0x12590	43 de 00 00 ff ff ff ff 19 0a 02 00 0a b2 06 50 	C00000000000000P
  0x125a0	55 f7 00 00 e8 16 01 00 19 0f 02 00 06 52 02 30 	U000000000000R00
  0x125b0	55 f7 00 00 c0 16 01 00 19 22 06 00 1a b2 16 f0 	U00000000"000000
  0x125c0	14 e0 12 70 11 60 10 30 55 f7 00 00 98 16 01 00 	000p0`00U0000000
  0x125d0	ff ff ff ff 00 00 00 00 ff ff ff ff 00 00 00 00 	0000000000000000
  0x125e0	01 00 00 00 00 00 00 00 01 00 00 00 00 00 00 00 	0000000000000000
  0x125f0	00 00 00 00 00 00 00 00 03 00 00 00 01 00 00 00 	0000000000000000
  0x12600	18 26 01 00 02 00 00 00 02 00 00 00 03 00 00 00 	0&00000000000000
  0x12610	01 00 00 00 2c 26 01 00 40 00 00 00 00 00 00 00 	0000,&00@0000000
  0x12620	00 00 00 00 e0 fa 00 00 38 00 00 00 40 00 00 00 	000000008000@000
  0x12630	00 00 00 00 00 00 00 00 48 fb 00 00 38 00 00 00 	00000000H0008000
  0x12640	be e1 00 00 00 00 00 00 21 e2 00 00 ff ff ff ff 	00000000!0000000
  0x12650	7e e2 00 00 00 00 00 00 26 fb 00 00 02 00 00 00 	~0000000&0000000
  0x12660	3a fb 00 00 00 00 00 00 61 fb 00 00 03 00 00 00 	:0000000a0000000
  0x12670	19 0a 02 00 0a 32 06 50 55 f7 00 00 98 16 01 00 	0000020PU0000000
  0x12680	01 0a 02 00 0a 32 06 30 01 04 01 00 04 62 00 00 	0000020000000b00
  0x12690	09 13 07 00 13 74 19 00 13 34 18 00 13 01 16 00 	00000t0004000000
  0x126a0	0c e0 00 00 45 ea 00 00 01 00 00 00 7c e5 00 00 	0000E0000000|000
  0x126b0	57 e7 00 00 76 fb 00 00 57 e7 00 00 01 06 02 00 	W000v000W0000000
  0x126c0	06 32 02 50 00 00 00 00 01 00 00 00 01 0c 02 00 	020P000000000000
  0x126d0	0c 01 11 00 11 06 02 00 06 32 02 30 45 ea 00 00 	000000000200E000
  0x126e0	01 00 00 00 cd e9 00 00 12 ea 00 00 9a fb 00 00 	0000000000000000
  0x126f0	00 00 00 00 09 04 01 00 04 22 00 00 45 ea 00 00 	000000000"00E000
  0x12700	01 00 00 00 6c eb 00 00 a2 eb 00 00 01 00 00 00 	0000l00000000000
  0x12710	a2 eb 00 00 09 0a 04 00 0a 34 06 00 0a 32 06 70 	000000000400020p
  0x12720	45 ea 00 00 01 00 00 00 7d ec 00 00 b0 ec 00 00 	E0000000}0000000
  0x12730	c0 fb 00 00 b0 ec 00 00 01 0d 04 00 0d 34 09 00 	0000000000000400
  0x12740	0d 32 06 50 00 00 00 00 01 00 00 00 19 22 02 00 	020P000000000"00
  0x12750	07 01 15 00 24 f8 00 00 48 0c 01 00 92 00 00 00 	0000$000H0000000
  0x12760	ff ff ff ff 8b fc 00 00 12 f4 00 00 ff ff ff ff 	0000000000000000
  0x12770	22 f4 00 00 00 00 00 00 19 22 02 00 07 01 15 00 	"00000000"000000
  0x12780	24 f8 00 00 70 0c 01 00 92 00 00 00 00 00 00 00 	$000p00000000000
  0x12790	6e f4 00 00 ff ff ff ff 81 f4 00 00 00 00 00 00 	n000000000000000
  0x127a0	19 13 01 00 04 e2 00 00 9c f7 00 00 60 00 00 00 	000000000000`000
  0x127b0	19 20 05 00 18 c2 14 e0 12 70 11 60 10 30 00 00 	0 0000000p0`0000
  0x127c0	55 f7 00 00 98 0c 01 00 00 00 00 00 00 00 00 00 	U000000000000000
  0x127d0	03 00 00 00 01 00 00 00 f0 27 01 00 02 00 00 00 	000000000'000000
  0x127e0	02 00 00 00 03 00 00 00 01 00 00 00 04 28 01 00 	0000000000000(00
  0x127f0	40 00 00 00 00 00 00 00 00 00 00 00 f8 fb 00 00 	@000000000000000
  0x12800	38 00 00 00 40 00 00 00 00 00 00 00 00 00 00 00 	8000@00000000000
  0x12810	5d fc 00 00 38 00 00 00 06 f2 00 00 00 00 00 00 	]000800000000000
  0x12820	b6 f2 00 00 ff ff ff ff 3e fc 00 00 02 00 00 00 	00000000>0000000
  0x12830	4f fc 00 00 00 00 00 00 7f fc 00 00 03 00 00 00 	O000000000000000
  0x12840	19 0a 02 00 0a 32 06 50 55 f7 00 00 98 0c 01 00 	0000020PU0000000
  0x12850	11 18 04 00 18 34 09 00 0a 52 06 70 55 f7 00 00 	000004000R0pU000
  0x12860	c0 0c 01 00 ff ff ff ff e6 fb 00 00 00 00 00 00 	0000000000000000
  0x12870	6e ef 00 00 ff ff ff ff 9e ef 00 00 00 00 00 00 	n000000000000000
  0x12880	11 1c 06 00 1c 64 0a 00 18 34 09 00 0c 52 08 70 	00000d0004000R0p
  0x12890	55 f7 00 00 e8 0c 01 00 fa ee 00 00 ff ff ff ff 	U000000000000000
  0x128a0	26 ef 00 00 00 00 00 00 11 18 04 00 18 34 09 00 	&000000000000400
  0x128b0	0a 52 06 70 55 f7 00 00 10 0d 01 00 00 00 00 00 	0R0pU00000000000
  0x128c0	82 ee 00 00 ff ff ff ff b2 ee 00 00 00 00 00 00 	0000000000000000
  0x128d0	11 1c 06 00 1c 64 0a 00 18 34 09 00 0c 52 08 70 	00000d0004000R0p
  0x128e0	55 f7 00 00 38 0d 01 00 4e f0 00 00 ff ff ff ff 	U0008000N0000000
  0x128f0	7a f0 00 00 00 00 00 00 11 18 04 00 18 34 09 00 	z000000000000400
  0x12900	0a 52 06 70 55 f7 00 00 60 0d 01 00 00 00 00 00 	0R0pU000`0000000
  0x12910	d6 ef 00 00 ff ff ff ff 06 f0 00 00 00 00 00 00 	0000000000000000
  0x12920	01 02 01 00 02 30 00 00 19 0d 01 00 04 62 00 00 	0000000000000b00
  0x12930	55 f7 00 00 b0 0d 01 00 ff ff ff ff 00 00 00 00 	U000000000000000
  0x12940	ff ff ff ff 00 00 00 00 00 00 00 00 00 00 00 00 	0000000000000000
  0x12950	01 00 00 00 01 00 00 00 5c 29 01 00 40 00 00 00 	000000000)00@000
  0x12960	00 00 00 00 00 00 00 00 9d fc 00 00 38 00 00 00 	0000000000008000
  0x12970	b9 f8 00 00 00 00 00 00 19 0a 02 00 0a 32 06 50 	000000000000020P
  0x12980	55 f7 00 00 b0 0d 01 00 02 04 03 00 01 16 00 06 	U000000000000000
  0x12990	04 12 00 00 00 00 00 00 00 00 00 00 dc f0 00 00 	0000000000000000
  0x129a0	00 00 00 00 b8 29 01 00 00 00 00 00 00 00 00 00 	00000)0000000000
  0x129b0	00 00 00 00 00 00 00 00 02 00 00 00 d0 29 01 00 	0000000000000)00
  0x129c0	f0 2a 01 00 00 00 00 00 00 00 00 00 00 00 00 00 	0*00000000000000
  0x129d0	00 00 00 00 58 50 01 00 00 00 00 00 ff ff ff ff 	0000XP0000000000
  0x129e0	00 00 00 00 40 00 00 00 50 ef 00 00 00 00 00 00 	0000@000P0000000
  0x129f0	00 00 00 00 00 00 00 00 00 00 00 00 dc f0 00 00 	0000000000000000
  0x12a00	00 00 00 00 18 2a 01 00 00 00 00 00 00 00 00 00 	00000*0000000000
  0x12a10	00 00 00 00 00 00 00 00 03 00 00 00 38 2a 01 00 	0000000000008*00
  0x12a20	d0 29 01 00 f0 2a 01 00 00 00 00 00 00 00 00 00 	0)000*0000000000
  0x12a30	00 00 00 00 00 00 00 00 00 00 00 00 80 50 01 00 	0000000000000P00
  0x12a40	00 00 00 00 ff ff ff ff 00 00 00 00 40 00 00 00 	000000000000@000
  0x12a50	64 ee 00 00 00 00 00 00 00 00 00 00 00 00 00 00 	d000000000000000
  0x12a60	00 00 00 00 dc f0 00 00 00 00 00 00 80 2a 01 00 	0000000000000*00
  0x12a70	00 00 00 00 00 00 00 00 00 00 00 00 00 00 00 00 	0000000000000000
  0x12a80	03 00 00 00 a0 2a 01 00 d0 29 01 00 f0 2a 01 00 	00000*000)000*00
  0x12a90	00 00 00 00 00 00 00 00 00 00 00 00 00 00 00 00 	0000000000000000
  0x12aa0	00 00 00 00 a8 50 01 00 00 00 00 00 ff ff ff ff 	00000P0000000000
  0x12ab0	00 00 00 00 40 00 00 00 b8 ef 00 00 00 00 00 00 	0000@00000000000
  0x12ac0	00 00 00 00 00 00 00 00 10 00 00 00 d0 50 01 00 	0000000000000P00
  0x12ad0	00 00 00 00 ff ff ff ff 00 00 00 00 18 00 00 00 	0000000000000000
  0x12ae0	e8 e2 00 00 00 00 00 00 00 00 00 00 00 00 00 00 	0000000000000000
  0x12af0	00 00 00 00 f8 50 01 00 00 00 00 00 ff ff ff ff 	00000P0000000000
  0x12b00	00 00 00 00 18 00 00 00 5d ea 00 00 00 00 00 00 	00000000]0000000
  0x12b10	00 00 00 00 00 00 00 00 02 00 00 00 c8 2a 01 00 	0000000000000*00
  0x12b20	f0 2a 01 00 00 00 00 00 00 00 00 00 00 00 00 00 	0*00000000000000
  0x12b30	00 00 00 00 d0 e2 00 00 00 00 00 00 18 2b 01 00 	0000000000000+00
  0x12b40	00 00 00 00 00 00 00 00 00 00 00 00 a0 2c 01 00 	0000000000000,00
  0x12b50	00 00 00 00 00 00 00 00 b8 34 01 00 b8 02 01 00 	0000000004000000
  0x12b60	50 2d 01 00 00 00 00 00 00 00 00 00 5a 38 01 00 	P-0000000000Z800
  0x12b70	68 03 01 00 28 2d 01 00 00 00 00 00 00 00 00 00 	h000(-0000000000
  0x12b80	ac 38 01 00 40 03 01 00 58 30 01 00 00 00 00 00 	0800@000X0000000
  0x12b90	00 00 00 00 92 3a 01 00 70 06 01 00 00 32 01 00 	00000:00p0000200
  0x12ba0	00 00 00 00 00 00 00 00 68 3c 01 00 18 08 01 00 	00000000h<000000
  0x12bb0	70 33 01 00 00 00 00 00 00 00 00 00 0c 3d 01 00 	p300000000000=00
  0x12bc0	88 09 01 00 f8 2c 01 00 00 00 00 00 00 00 00 00 	00000,0000000000
  0x12bd0	40 3d 01 00 10 03 01 00 88 2f 01 00 00 00 00 00 	@=0000000/000000
  0x12be0	00 00 00 00 3a 3e 01 00 a0 05 01 00 10 2d 01 00 	0000:>0000000-00
  0x12bf0	00 00 00 00 00 00 00 00 72 3e 01 00 28 03 01 00 	00000000r>00(000
  0x12c00	f8 2f 01 00 00 00 00 00 00 00 00 00 38 3f 01 00 	0/00000000008?00
  0x12c10	10 06 01 00 48 31 01 00 00 00 00 00 00 00 00 00 	0000H10000000000
  0x12c20	84 3f 01 00 60 07 01 00 48 2f 01 00 00 00 00 00 	0?00`000H/000000
  0x12c30	00 00 00 00 9c 3f 01 00 60 05 01 00 98 33 01 00 	00000?00`0000300
  0x12c40	00 00 00 00 00 00 00 00 c4 40 01 00 b0 09 01 00 	000000000@000000
  0x12c50	d0 31 01 00 00 00 00 00 00 00 00 00 58 41 01 00 	010000000000XA00
  0x12c60	e8 07 01 00 58 2f 01 00 00 00 00 00 00 00 00 00 	0000X/0000000000
  0x12c70	bc 41 01 00 70 05 01 00 70 2f 01 00 00 00 00 00 	0A00p000p/000000
  0x12c80	00 00 00 00 6c 43 01 00 88 05 01 00 00 00 00 00 	0000lC0000000000
  0x12c90	00 00 00 00 00 00 00 00 00 00 00 00 00 00 00 00 	0000000000000000
  0x12ca0	08 34 01 00 00 00 00 00 1a 34 01 00 00 00 00 00 	0400000004000000
  0x12cb0	28 34 01 00 00 00 00 00 38 34 01 00 00 00 00 00 	(400000084000000
  0x12cc0	4a 34 01 00 00 00 00 00 5a 34 01 00 00 00 00 00 	J4000000Z4000000
  0x12cd0	70 34 01 00 00 00 00 00 86 34 01 00 00 00 00 00 	p400000004000000
  0x12ce0	96 34 01 00 00 00 00 00 a6 34 01 00 00 00 00 00 	0400000004000000
  0x12cf0	00 00 00 00 00 00 00 00 2e 3d 01 00 00 00 00 00 	00000000.=000000
  0x12d00	16 3d 01 00 00 00 00 00 00 00 00 00 00 00 00 00 	0=00000000000000
  0x12d10	5a 3e 01 00 00 00 00 00 46 3e 01 00 00 00 00 00 	Z>000000F>000000
  0x12d20	00 00 00 00 00 00 00 00 86 38 01 00 00 00 00 00 	0000000008000000
  0x12d30	78 38 01 00 00 00 00 00 68 38 01 00 00 00 00 00 	x8000000h8000000
  0x12d40	96 38 01 00 00 00 00 00 00 00 00 00 00 00 00 00 	0800000000000000
  0x12d50	0c 36 01 00 00 00 00 00 22 36 01 00 00 00 00 00 	06000000"6000000
  0x12d60	34 36 01 00 00 00 00 00 4a 36 01 00 00 00 00 00 	46000000J6000000
  0x12d70	5c 36 01 00 00 00 00 00 6a 36 01 00 00 00 00 00 	06000000j6000000
  0x12d80	7a 36 01 00 00 00 00 00 86 36 01 00 00 00 00 00 	z600000006000000
  0x12d90	ac 36 01 00 00 00 00 00 ca 36 01 00 00 00 00 00 	0600000006000000
  0x12da0	ea 36 01 00 00 00 00 00 02 37 01 00 00 00 00 00 	0600000007000000
  0x12db0	1a 37 01 00 00 00 00 00 30 37 01 00 00 00 00 00 	0700000007000000
  0x12dc0	42 37 01 00 00 00 00 00 58 37 01 00 00 00 00 00 	B7000000X7000000
  0x12dd0	f4 35 01 00 00 00 00 00 72 37 01 00 00 00 00 00 	05000000r7000000
  0x12de0	ee 34 01 00 00 00 00 00 8c 37 01 00 00 00 00 00 	0400000007000000
  0x12df0	9c 37 01 00 00 00 00 00 ac 37 01 00 00 00 00 00 	0700000007000000
  0x12e00	88 35 01 00 00 00 00 00 18 35 01 00 00 00 00 00 	0500000005000000
  0x12e10	d6 37 01 00 00 00 00 00 ec 37 01 00 00 00 00 00 	0700000007000000
  0x12e20	fe 37 01 00 00 00 00 00 0e 38 01 00 00 00 00 00 	0700000008000000
  0x12e30	20 38 01 00 00 00 00 00 36 38 01 00 00 00 00 00 	 800000068000000
  0x12e40	46 38 01 00 00 00 00 00 c6 42 01 00 00 00 00 00 	F80000000B000000
  0x12e50	e4 35 01 00 00 00 00 00 d0 35 01 00 00 00 00 00 	0500000005000000
  0x12e60	c2 35 01 00 00 00 00 00 b2 35 01 00 00 00 00 00 	0500000005000000
  0x12e70	66 37 01 00 00 00 00 00 b0 42 01 00 00 00 00 00 	f70000000B000000
  0x12e80	96 42 01 00 00 00 00 00 8a 42 01 00 00 00 00 00 	0B0000000B000000
  0x12e90	7a 42 01 00 00 00 00 00 60 42 01 00 00 00 00 00 	zB000000`B000000
  0x12ea0	46 42 01 00 00 00 00 00 32 42 01 00 00 00 00 00 	FB0000002B000000
  0x12eb0	1e 42 01 00 00 00 00 00 00 42 01 00 00 00 00 00 	0B0000000B000000
  0x12ec0	e4 41 01 00 00 00 00 00 d2 41 01 00 00 00 00 00 	0A0000000A000000
  0x12ed0	ca 41 01 00 00 00 00 00 d8 34 01 00 00 00 00 00 	0A00000004000000
  0x12ee0	9c 35 01 00 00 00 00 00 78 35 01 00 00 00 00 00 	05000000x5000000
  0x12ef0	66 35 01 00 00 00 00 00 52 35 01 00 00 00 00 00 	f5000000R5000000
  0x12f00	44 35 01 00 00 00 00 00 b6 37 01 00 00 00 00 00 	D500000007000000
  0x12f10	2e 35 01 00 00 00 00 00 0c 35 01 00 00 00 00 00 	.500000005000000
  0x12f20	ca 37 01 00 00 00 00 00 fa 34 01 00 00 00 00 00 	0700000004000000
  0x12f30	c6 34 01 00 00 00 00 00 7e 37 01 00 00 00 00 00 	04000000~7000000
  0x12f40	00 00 00 00 00 00 00 00 90 3f 01 00 00 00 00 00 	000000000?000000
  0x12f50	00 00 00 00 00 00 00 00 66 41 01 00 00 00 00 00 	00000000fA000000
  0x12f60	90 41 01 00 00 00 00 00 00 00 00 00 00 00 00 00 	0A00000000000000
  0x12f70	5a 43 01 00 00 00 00 00 4a 43 01 00 00 00 00 00 	ZC000000JC000000
  0x12f80	00 00 00 00 00 00 00 00 c0 3d 01 00 00 00 00 00 	000000000=000000
  0x12f90	be 00 00 00 00 00 00 80 96 3d 01 00 00 00 00 00 	000000000=000000
  0x12fa0	9b 00 00 00 00 00 00 80 02 01 00 00 00 00 00 80 	0000000000000000
  0x12fb0	62 3d 01 00 00 00 00 00 4e 3d 01 00 00 00 00 00 	b=000000N=000000
  0x12fc0	f0 3d 01 00 00 00 00 00 d6 3d 01 00 00 00 00 00 	0=0000000=000000
  0x12fd0	78 3d 01 00 00 00 00 00 16 3e 01 00 00 00 00 00 	x=0000000>000000
  0x12fe0	00 3e 01 00 00 00 00 00 a8 3d 01 00 00 00 00 00 	0>0000000=000000
  0x12ff0	00 00 00 00 00 00 00 00 ae 00 00 00 00 00 00 80 	0000000000000000
  0x13000	e8 3e 01 00 00 00 00 00 a6 3e 01 00 00 00 00 00 	0>0000000>000000
  0x13010	b4 3e 01 00 00 00 00 00 80 3e 01 00 00 00 00 00 	0>0000000>000000
  0x13020	d4 3e 01 00 00 00 00 00 c8 3e 01 00 00 00 00 00 	0>0000000>000000
  0x13030	fe 3e 01 00 00 00 00 00 22 3f 01 00 00 00 00 00 	0>000000"?000000
  0x13040	0e 3f 01 00 00 00 00 00 90 3e 01 00 00 00 00 00 	0?0000000>000000
  0x13050	00 00 00 00 00 00 00 00 86 3a 01 00 00 00 00 00 	000000000:000000
  0x13060	e4 39 01 00 00 00 00 00 78 3a 01 00 00 00 00 00 	09000000x:000000
  0x13070	d4 39 01 00 00 00 00 00 c0 39 01 00 00 00 00 00 	0900000009000000
  0x13080	b4 39 01 00 00 00 00 00 a4 39 01 00 00 00 00 00 	0900000009000000
  0x13090	6a 3a 01 00 00 00 00 00 58 3a 01 00 00 00 00 00 	j:000000X:000000
  0x130a0	40 3a 01 00 00 00 00 00 96 39 01 00 00 00 00 00 	@:00000009000000
  0x130b0	86 39 01 00 00 00 00 00 72 39 01 00 00 00 00 00 	09000000r9000000
  0x130c0	f4 39 01 00 00 00 00 00 4e 39 01 00 00 00 00 00 	09000000N9000000
  0x130d0	46 39 01 00 00 00 00 00 3a 39 01 00 00 00 00 00 	F9000000:9000000
  0x130e0	26 39 01 00 00 00 00 00 12 39 01 00 00 00 00 00 	&900000009000000
  0x130f0	04 39 01 00 00 00 00 00 f8 38 01 00 00 00 00 00 	0900000008000000
  0x13100	ec 38 01 00 00 00 00 00 da 38 01 00 00 00 00 00 	0800000008000000
  0x13110	c4 38 01 00 00 00 00 00 2e 3a 01 00 00 00 00 00 	08000000.:000000
  0x13120	1c 3a 01 00 00 00 00 00 06 3a 01 00 00 00 00 00 	0:0000000:000000
  0x13130	b6 38 01 00 00 00 00 00 5c 39 01 00 00 00 00 00 	0800000009000000
  0x13140	00 00 00 00 00 00 00 00 05 00 00 00 00 00 00 80 	0000000000000000
  0x13150	0a 00 00 00 00 00 00 80 7a 3f 01 00 00 00 00 00 	00000000z?000000
  0x13160	60 3f 01 00 00 00 00 00 56 3f 01 00 00 00 00 00 	`?000000V?000000
  0x13170	44 3f 01 00 00 00 00 00 0d 00 00 00 00 00 00 80 	D?00000000000000
  0x13180	06 00 00 00 00 00 00 80 02 00 00 00 00 00 00 80 	0000000000000000
  0x13190	73 00 00 00 00 00 00 80 74 00 00 00 00 00 00 80 	s0000000t0000000
  0x131a0	03 00 00 00 00 00 00 80 17 00 00 00 00 00 00 80 	0000000000000000
  0x131b0	15 00 00 00 00 00 00 80 6f 00 00 00 00 00 00 80 	00000000o0000000
  0x131c0	04 00 00 00 00 00 00 80 00 00 00 00 00 00 00 00 	0000000000000000
  0x131d0	02 41 01 00 00 00 00 00 e8 40 01 00 00 00 00 00 	0A0000000@000000
  0x131e0	ce 40 01 00 00 00 00 00 1c 41 01 00 00 00 00 00 	0@0000000A000000
  0x131f0	38 41 01 00 00 00 00 00 00 00 00 00 00 00 00 00 	8A00000000000000
  0x13200	8c 43 01 00 00 00 00 00 82 43 01 00 00 00 00 00 	0C0000000C000000
  0x13210	b6 3c 01 00 00 00 00 00 52 3c 01 00 00 00 00 00 	0<000000R<000000
  0x13220	48 3c 01 00 00 00 00 00 3c 3c 01 00 00 00 00 00 	H<000000<<000000
  0x13230	28 3c 01 00 00 00 00 00 20 43 01 00 00 00 00 00 	(<000000 C000000
  0x13240	9e 3c 01 00 00 00 00 00 f4 42 01 00 00 00 00 00 	0<0000000B000000
  0x13250	de 42 01 00 00 00 00 00 d4 42 01 00 00 00 00 00 	0B0000000B000000
  0x13260	1a 3c 01 00 00 00 00 00 10 3c 01 00 00 00 00 00 	0<0000000<000000
  0x13270	94 3c 01 00 00 00 00 00 86 3c 01 00 00 00 00 00 	0<0000000<000000
  0x13280	7c 3c 01 00 00 00 00 00 74 3c 01 00 00 00 00 00 	|<000000t<000000
  0x13290	14 43 01 00 00 00 00 00 5c 3c 01 00 00 00 00 00 	0C0000000<000000
  0x132a0	08 3c 01 00 00 00 00 00 00 3c 01 00 00 00 00 00 	0<0000000<000000
  0x132b0	ee 3b 01 00 00 00 00 00 d0 3b 01 00 00 00 00 00 	0;0000000;000000
  0x132c0	c2 3b 01 00 00 00 00 00 ac 3b 01 00 00 00 00 00 	0;0000000;000000
  0x132d0	a0 3b 01 00 00 00 00 00 82 3b 01 00 00 00 00 00 	0;0000000;000000
  0x132e0	6a 3b 01 00 00 00 00 00 4c 3b 01 00 00 00 00 00 	j;000000L;000000
  0x132f0	2c 3b 01 00 00 00 00 00 22 3b 01 00 00 00 00 00 	,;000000";000000
  0x13300	1a 3b 01 00 00 00 00 00 0c 3b 01 00 00 00 00 00 	0;0000000;000000
  0x13310	fe 3a 01 00 00 00 00 00 f4 3a 01 00 00 00 00 00 	0:0000000:000000
  0x13320	e6 3a 01 00 00 00 00 00 dc 3a 01 00 00 00 00 00 	0:0000000:000000
  0x13330	c4 3a 01 00 00 00 00 00 b8 3a 01 00 00 00 00 00 	0:0000000:000000
  0x13340	ac 3a 01 00 00 00 00 00 9e 3a 01 00 00 00 00 00 	0:0000000:000000
  0x13350	78 43 01 00 00 00 00 00 de 3b 01 00 00 00 00 00 	xC0000000;000000
  0x13360	96 43 01 00 00 00 00 00 00 00 00 00 00 00 00 00 	0C00000000000000
  0x13370	ca 3c 01 00 00 00 00 00 f8 3c 01 00 00 00 00 00 	0<0000000<000000
  0x13380	38 43 01 00 00 00 00 00 de 3c 01 00 00 00 00 00 	8C0000000<000000
  0x13390	00 00 00 00 00 00 00 00 42 40 01 00 00 00 00 00 	00000000B@000000
  0x133a0	2a 40 01 00 00 00 00 00 02 40 01 00 00 00 00 00 	*@0000000@000000
  0x133b0	68 40 01 00 00 00 00 00 ce 3f 01 00 00 00 00 00 	h@0000000?000000
  0x133c0	7a 40 01 00 00 00 00 00 ba 3f 01 00 00 00 00 00 	z@0000000?000000
  0x133d0	a8 3f 01 00 00 00 00 00 58 40 01 00 00 00 00 00 	0?000000X@000000
  0x133e0	8c 40 01 00 00 00 00 00 b0 40 01 00 00 00 00 00 	0@0000000@000000
  0x133f0	a0 40 01 00 00 00 00 00 f0 3f 01 00 00 00 00 00 	0@0000000?000000
  0x13400	00 00 00 00 00 00 00 00 64 02 52 65 67 43 72 65 	00000000d0RegCre
  0x13410	61 74 65 4b 65 79 45 78 57 00 5b 02 52 65 67 43 	ateKeyExW0[0RegC
  0x13420	6c 6f 73 65 4b 65 79 00 6f 02 52 65 67 44 65 6c 	loseKey0o0RegDel
  0x13430	65 74 65 4b 65 79 57 00 23 01 45 76 65 6e 74 55 	eteKeyW0#0EventU
  0x13440	6e 72 65 67 69 73 74 65 72 00 21 01 45 76 65 6e 	nregister0!0Even
  0x13450	74 52 65 67 69 73 74 65 72 00 22 01 45 76 65 6e 	tRegister0"0Even
  0x13460	74 53 65 74 49 6e 66 6f 72 6d 61 74 69 6f 6e 00 	tSetInformation0
  0x13470	29 01 45 76 65 6e 74 57 72 69 74 65 54 72 61 6e 	)0EventWriteTran
  0x13480	73 66 65 72 00 00 8c 02 52 65 67 4f 70 65 6e 4b 	sfer0000RegOpenK
  0x13490	65 79 45 78 57 00 81 02 52 65 67 47 65 74 56 61 	eyExW000RegGetVa
  0x134a0	6c 75 65 57 00 00 a9 02 52 65 67 53 65 74 56 61 	lueW0000RegSetVa
  0x134b0	6c 75 65 45 78 57 00 00 41 44 56 41 50 49 33 32 	lueExW00ADVAPI32
  0x134c0	2e 64 6c 6c 00 00 af 01 46 6f 72 6d 61 74 4d 65 	.dll0000FormatMe
  0x134d0	73 73 61 67 65 57 00 00 24 02 47 65 74 43 75 72 	ssageW00$0GetCur
  0x134e0	72 65 6e 74 54 68 72 65 61 64 49 64 00 00 50 03 	rentThreadId00P0
  0x134f0	48 65 61 70 41 6c 6c 6f 63 00 bd 02 47 65 74 50 	HeapAlloc000GetP
  0x13500	72 6f 63 65 73 73 48 65 61 70 00 00 54 03 48 65 	rocessHeap00T0He
  0x13510	61 70 46 72 65 65 00 00 7f 02 47 65 74 4d 6f 64 	apFree0000GetMod
  0x13520	75 6c 65 48 61 6e 64 6c 65 45 78 57 00 00 7b 02 	uleHandleExW00{0
  0x13530	47 65 74 4d 6f 64 75 6c 65 46 69 6c 65 4e 61 6d 	GetModuleFileNam
  0x13540	65 41 00 00 09 01 44 65 62 75 67 42 72 65 61 6b 	eA0000DebugBreak
  0x13550	00 00 80 02 47 65 74 4d 6f 64 75 6c 65 48 61 6e 	0000GetModuleHan
  0x13560	64 6c 65 57 00 00 b7 02 47 65 74 50 72 6f 63 41 	dleW0000GetProcA
  0x13570	64 64 72 65 73 73 00 00 69 02 47 65 74 4c 61 73 	ddress00i0GetLas
  0x13580	74 45 72 72 6f 72 00 00 84 03 49 73 44 65 62 75 	tError0000IsDebu
  0x13590	67 67 65 72 50 72 65 73 65 6e 74 00 1d 04 4f 75 	ggerPresent000Ou
  0x135a0	74 70 75 74 44 65 62 75 67 53 74 72 69 6e 67 57 	tputDebugStringW
  0x135b0	00 00 40 05 53 65 74 4c 61 73 74 45 72 72 6f 72 	00@0SetLastError
  0x135c0	00 00 88 00 43 6c 6f 73 65 48 61 6e 64 6c 65 00 	0000CloseHandle0
  0x135d0	b9 04 52 65 6c 65 61 73 65 53 65 6d 61 70 68 6f 	00ReleaseSemapho
  0x135e0	72 65 00 00 b5 04 52 65 6c 65 61 73 65 4d 75 74 	re0000ReleaseMut
  0x135f0	65 78 00 00 e9 05 57 61 69 74 46 6f 72 53 69 6e 	ex0000WaitForSin
  0x13600	67 6c 65 4f 62 6a 65 63 74 45 78 00 e8 05 57 61 	gleObjectEx000Wa
  0x13610	69 74 46 6f 72 53 69 6e 67 6c 65 4f 62 6a 65 63 	itForSingleObjec
  0x13620	74 00 15 04 4f 70 65 6e 53 65 6d 61 70 68 6f 72 	t000OpenSemaphor
  0x13630	65 57 00 00 7c 02 47 65 74 4d 6f 64 75 6c 65 46 	eW00|0GetModuleF
  0x13640	69 6c 65 4e 61 6d 65 57 00 00 88 01 46 69 6e 64 	ileNameW0000Find
  0x13650	46 69 72 73 74 46 69 6c 65 57 00 00 18 01 44 65 	FirstFileW0000De
  0x13660	6c 65 74 65 46 69 6c 65 57 00 94 01 46 69 6e 64 	leteFileW000Find
  0x13670	4e 65 78 74 46 69 6c 65 57 00 7d 01 46 69 6e 64 	NextFileW0}0Find
  0x13680	43 6c 6f 73 65 00 90 00 43 6c 6f 73 65 54 68 72 	Close000CloseThr
  0x13690	65 61 64 70 6f 6f 6c 43 6c 65 61 6e 75 70 47 72 	eadpoolCleanupGr
  0x136a0	6f 75 70 4d 65 6d 62 65 72 73 00 00 8f 00 43 6c 	oupMembers0000Cl
  0x136b0	6f 73 65 54 68 72 65 61 64 70 6f 6f 6c 43 6c 65 	oseThreadpoolCle
  0x136c0	61 6e 75 70 47 72 6f 75 70 00 f6 00 43 72 65 61 	anupGroup000Crea
  0x136d0	74 65 54 68 72 65 61 64 70 6f 6f 6c 43 6c 65 61 	teThreadpoolClea
  0x136e0	6e 75 70 47 72 6f 75 70 00 00 fa 00 43 72 65 61 	nupGroup0000Crea
  0x136f0	74 65 54 68 72 65 61 64 70 6f 6f 6c 57 6f 72 6b 	teThreadpoolWork
  0x13700	00 00 94 05 53 75 62 6d 69 74 54 68 72 65 61 64 	0000SubmitThread
  0x13710	70 6f 6f 6c 57 6f 72 6b 00 00 20 02 47 65 74 43 	poolWork00 0GetC
  0x13720	75 72 72 65 6e 74 50 72 6f 63 65 73 73 49 64 00 	urrentProcessId0
  0x13730	db 00 43 72 65 61 74 65 4d 75 74 65 78 45 78 57 	00CreateMutexExW
  0x13740	00 00 ed 00 43 72 65 61 74 65 53 65 6d 61 70 68 	0000CreateSemaph
  0x13750	6f 72 65 45 78 57 00 00 cd 00 43 72 65 61 74 65 	oreExW0000Create
  0x13760	46 69 6c 65 57 00 23 06 57 72 69 74 65 46 69 6c 	FileW0#0WriteFil
  0x13770	65 00 25 05 53 65 74 45 76 65 6e 74 00 00 cb 04 	e0%0SetEvent0000
  0x13780	52 65 73 65 74 45 76 65 6e 74 00 00 c1 00 43 72 	ResetEvent0000Cr
  0x13790	65 61 74 65 45 76 65 6e 74 57 00 00 f4 00 43 72 	eateEventW0000Cr
  0x137a0	65 61 74 65 54 68 72 65 61 64 00 00 f4 03 4d 75 	eateThread0000Mu
  0x137b0	6c 44 69 76 00 00 be 04 52 65 6d 6f 76 65 44 69 	lDiv0000RemoveDi
  0x137c0	72 65 63 74 6f 72 79 57 00 00 d5 03 4c 6f 63 61 	rectoryW0000Loca
  0x137d0	6c 46 72 65 65 00 29 04 50 6f 77 65 72 43 72 65 	lFree0)0PowerCre
  0x137e0	61 74 65 52 65 71 75 65 73 74 00 00 2a 04 50 6f 	ateRequest00*0Po
  0x137f0	77 65 72 53 65 74 52 65 71 75 65 73 74 00 55 02 	werSetRequest0U0
  0x13800	47 65 74 46 69 6c 65 53 69 7a 65 45 78 00 11 03 	GetFileSizeEx000
  0x13810	47 65 74 54 69 63 6b 43 6f 75 6e 74 36 34 00 00 	GetTickCount6400
  0x13820	4e 02 47 65 74 46 69 6c 65 41 74 74 72 69 62 75 	N0GetFileAttribu
  0x13830	74 65 73 57 00 00 ff 02 47 65 74 54 65 6d 70 50 	tesW0000GetTempP
  0x13840	61 74 68 57 00 00 bc 00 43 72 65 61 74 65 44 69 	athW0000CreateDi
  0x13850	72 65 63 74 6f 72 79 57 00 00 4b 45 52 4e 45 4c 	rectoryW00KERNEL
  0x13860	33 32 2e 64 6c 6c 00 00 83 01 44 65 6c 65 74 65 	32.dll0000Delete
  0x13870	4f 62 6a 65 63 74 00 00 ad 02 47 65 74 4f 62 6a 	Object0000GetObj
  0x13880	65 63 74 57 00 00 7b 02 47 65 74 44 65 76 69 63 	ectW00{0GetDevic
  0x13890	65 43 61 70 73 00 43 00 43 72 65 61 74 65 46 6f 	eCaps0C0CreateFo
  0x138a0	6e 74 49 6e 64 69 72 65 63 74 57 00 47 44 49 33 	ntIndirectW0GDI3
  0x138b0	32 2e 64 6c 6c 00 67 02 4c 6f 61 64 53 74 72 69 	2.dll0g0LoadStri
  0x138c0	6e 67 57 00 b2 02 50 6f 73 74 54 68 72 65 61 64 	ngW000PostThread
  0x138d0	4d 65 73 73 61 67 65 57 00 00 b0 02 50 6f 73 74 	MessageW0000Post
  0x138e0	51 75 69 74 4d 65 73 73 61 67 65 00 50 02 4b 69 	QuitMessage0P0Ki
  0x138f0	6c 6c 54 69 6d 65 72 00 6b 03 53 65 74 54 69 6d 	llTimer0k0SetTim
  0x13900	65 72 00 00 89 01 47 65 74 4d 65 73 73 61 67 65 	er0000GetMessage
  0x13910	57 00 ac 03 54 72 61 6e 73 6c 61 74 65 4d 65 73 	W000TranslateMes
  0x13920	73 61 67 65 00 00 bd 00 44 69 73 70 61 74 63 68 	sage0000Dispatch
  0x13930	4d 65 73 73 61 67 65 57 00 00 fc 02 52 65 6c 65 	MessageW0000Rele
  0x13940	61 73 65 44 43 00 42 01 47 65 74 44 43 00 5c 02 	aseDC0B0GetDC000
  0x13950	4c 6f 61 64 49 6d 61 67 65 57 00 00 0f 03 53 65 	LoadImageW0000Se
  0x13960	6e 64 44 6c 67 49 74 65 6d 4d 65 73 73 61 67 65 	ndDlgItemMessage
  0x13970	57 00 78 03 53 65 74 57 69 6e 64 6f 77 4c 6f 6e 	W0x0SetWindowLon
  0x13980	67 50 74 72 57 00 ef 00 45 6e 61 62 6c 65 57 69 	gPtrW000EnableWi
  0x13990	6e 64 6f 77 00 00 4c 01 47 65 74 44 6c 67 49 74 	ndow00L0GetDlgIt
  0x139a0	65 6d 00 00 af 02 50 6f 73 74 4d 65 73 73 61 67 	em0000PostMessag
  0x139b0	65 57 00 00 90 01 47 65 74 50 61 72 65 6e 74 00 	eW0000GetParent0
  0x139c0	e8 01 47 65 74 57 69 6e 64 6f 77 4c 6f 6e 67 50 	00GetWindowLongP
  0x139d0	74 72 57 00 18 03 53 65 6e 64 4d 65 73 73 61 67 	trW000SendMessag
  0x139e0	65 57 00 00 f0 01 47 65 74 57 69 6e 64 6f 77 52 	eW0000GetWindowR
  0x139f0	65 63 74 00 80 02 4d 61 70 57 69 6e 64 6f 77 50 	ect000MapWindowP
  0x13a00	6f 69 6e 74 73 00 38 03 53 65 74 46 6f 72 65 67 	oints080SetForeg
  0x13a10	72 6f 75 6e 64 57 69 6e 64 6f 77 00 79 03 53 65 	roundWindow0y0Se
  0x13a20	74 57 69 6e 64 6f 77 4c 6f 6e 67 57 00 00 80 03 	tWindowLongW0000
  0x13a30	53 65 74 57 69 6e 64 6f 77 54 65 78 74 57 00 00 	SetWindowTextW00
  0x13a40	f6 01 47 65 74 57 69 6e 64 6f 77 54 65 78 74 4c 	00GetWindowTextL
  0x13a50	65 6e 67 74 68 57 00 00 34 03 53 65 74 44 6c 67 	engthW0040SetDlg
  0x13a60	49 74 65 6d 54 65 78 74 57 00 8c 03 53 68 6f 77 	ItemTextW000Show
  0x13a70	57 69 6e 64 6f 77 00 00 8c 02 4d 65 73 73 61 67 	Window0000Messag
  0x13a80	65 42 6f 78 57 00 34 00 43 68 61 72 4e 65 78 74 	eBoxW040CharNext
  0x13a90	57 00 55 53 45 52 33 32 2e 64 6c 6c 00 00 69 03 	W0USER32.dll00i0
  0x13aa0	5f 76 73 6e 77 70 72 69 6e 74 66 00 93 04 6d 65 	_vsnwprintf000me
  0x13ab0	6d 63 70 79 5f 73 00 00 8a 03 5f 77 63 73 69 63 	mcpy_s0000_wcsic
  0x13ac0	6d 70 00 00 57 00 5f 5f 43 5f 73 70 65 63 69 66 	mp00W0__C_specif
  0x13ad0	69 63 5f 68 61 6e 64 6c 65 72 00 00 1b 05 77 63 	ic_handler0000wc
  0x13ae0	73 74 6f 75 6c 00 37 03 5f 75 69 36 34 74 6f 77 	stoul070_ui64tow
  0x13af0	5f 73 00 00 a8 04 72 61 6e 64 5f 73 00 00 bd 02 	_s0000rand_s0000
  0x13b00	5f 73 65 74 5f 65 72 72 6e 6f 00 00 51 01 5f 67 	_set_errno00Q0_g
  0x13b10	65 74 5f 65 72 72 6e 6f 00 00 4c 04 66 72 65 65 	et_errno00L0free
  0x13b20	00 00 86 04 6d 61 6c 6c 6f 63 00 00 0b 00 3f 3f 	0000malloc0000??
  0x13b30	30 65 78 63 65 70 74 69 6f 6e 40 40 51 45 41 41 	0exception@@QEAA
  0x13b40	40 41 45 42 51 45 42 44 48 40 5a 00 0c 00 3f 3f 	@AEBQEBDH@Z000??
  0x13b50	30 65 78 63 65 70 74 69 6f 6e 40 40 51 45 41 41 	0exception@@QEAA
  0x13b60	40 41 45 42 56 30 40 40 5a 00 11 00 3f 3f 31 65 	@AEBV0@@Z000??1e
  0x13b70	78 63 65 70 74 69 6f 6e 40 40 55 45 41 41 40 58 	xception@@UEAA@X
  0x13b80	5a 00 31 00 3f 77 68 61 74 40 65 78 63 65 70 74 	Z010?what@except
  0x13b90	69 6f 6e 40 40 55 45 42 41 50 45 42 44 58 5a 00 	ion@@UEBAPEBDXZ0
  0x13ba0	bf 00 5f 63 61 6c 6c 6e 65 77 68 00 4b 00 5f 43 	00_callnewh0K0_C
  0x13bb0	78 78 54 68 72 6f 77 45 78 63 65 70 74 69 6f 6e 	xxThrowException
  0x13bc0	00 00 55 00 5f 58 63 70 74 46 69 6c 74 65 72 00 	00U0_XcptFilter0
  0x13bd0	ae 00 5f 61 6d 73 67 5f 65 78 69 74 00 00 7f 00 	00_amsg_exit0000
  0x13be0	5f 5f 67 65 74 6d 61 69 6e 61 72 67 73 00 8e 00 	__getmainargs000
  0x13bf0	5f 5f 73 65 74 5f 61 70 70 5f 74 79 70 65 00 00 	__set_app_type00
  0x13c00	32 04 65 78 69 74 00 00 0e 01 5f 65 78 69 74 00 	20exit0000_exit0
  0x13c10	c1 00 5f 63 65 78 69 74 00 00 99 01 5f 69 73 6d 	00_cexit0000_ism
  0x13c20	62 62 6c 65 61 64 00 00 90 00 5f 5f 73 65 74 75 	bblead0000__setu
  0x13c30	73 65 72 6d 61 74 68 65 72 72 00 00 7d 01 5f 69 	sermatherr00}0_i
  0x13c40	6e 69 74 74 65 72 6d 00 a2 00 5f 61 63 6d 64 6c 	nitterm000_acmdl
  0x13c50	6e 00 27 01 5f 66 6d 6f 64 65 00 00 d2 00 5f 63 	n0'0_fmode0000_c
  0x13c60	6f 6d 6d 6f 64 65 00 00 6d 73 76 63 72 74 2e 64 	ommode00msvcrt.d
  0x13c70	6c 6c 00 00 e6 01 5f 6c 6f 63 6b 00 41 03 5f 75 	ll0000_lock0A0_u
  0x13c80	6e 6c 6f 63 6b 00 7b 00 5f 5f 64 6c 6c 6f 6e 65 	nlock0{0__dllone
  0x13c90	78 69 74 00 90 02 5f 6f 6e 65 78 69 74 00 12 00 	xit000_onexit000
  0x13ca0	3f 3f 31 74 79 70 65 5f 69 6e 66 6f 40 40 55 45 	??1type_info@@UE
  0x13cb0	41 41 40 58 5a 00 2f 00 3f 74 65 72 6d 69 6e 61 	AA@XZ0/0?termina
  0x13cc0	74 65 40 40 59 41 58 58 5a 00 f2 02 52 74 6c 43 	te@@YAXXZ000RtlC
  0x13cd0	61 70 74 75 72 65 43 6f 6e 74 65 78 74 00 e8 04 	aptureContext000
  0x13ce0	52 74 6c 4c 6f 6f 6b 75 70 46 75 6e 63 74 69 6f 	RtlLookupFunctio
  0x13cf0	6e 45 6e 74 72 79 00 00 27 06 52 74 6c 56 69 72 	nEntry00'0RtlVir
  0x13d00	74 75 61 6c 55 6e 77 69 6e 64 00 00 6e 74 64 6c 	tualUnwind00ntdl
  0x13d10	6c 2e 64 6c 6c 00 7c 00 49 6e 69 74 43 6f 6d 6d 	l.dll0|0InitComm
  0x13d20	6f 6e 43 6f 6e 74 72 6f 6c 73 45 78 00 00 86 00 	onControlsEx0000
  0x13d30	50 72 6f 70 65 72 74 79 53 68 65 65 74 57 00 00 	PropertySheetW00
  0x13d40	43 4f 4d 43 54 4c 33 32 2e 64 6c 6c 00 00 4f 01 	COMCTL32.dll00O0
  0x13d50	53 48 47 65 74 46 6f 6c 64 65 72 50 61 74 68 57 	SHGetFolderPathW
  0x13d60	00 00 94 01 53 48 53 65 74 4c 6f 63 61 6c 69 7a 	0000SHSetLocaliz
  0x13d70	65 64 4e 61 6d 65 00 00 a0 00 53 48 43 72 65 61 	edName0000SHCrea
  0x13d80	74 65 49 74 65 6d 46 72 6f 6d 50 61 72 73 69 6e 	teItemFromParsin
  0x13d90	67 4e 61 6d 65 00 85 00 53 48 42 69 6e 64 54 6f 	gName000SHBindTo
  0x13da0	50 61 72 65 6e 74 00 00 58 01 53 48 47 65 74 4b 	Parent00X0SHGetK
  0x13db0	6e 6f 77 6e 46 6f 6c 64 65 72 49 74 65 6d 00 00 	nownFolderItem00
  0x13dc0	88 00 53 48 42 72 6f 77 73 65 46 6f 72 46 6f 6c 	00SHBrowseForFol
  0x13dd0	64 65 72 57 00 00 9f 00 53 48 43 72 65 61 74 65 	derW0000SHCreate
  0x13de0	49 74 65 6d 46 72 6f 6d 49 44 4c 69 73 74 00 00 	ItemFromIDList00
  0x13df0	ae 01 53 68 65 6c 6c 45 78 65 63 75 74 65 57 00 	00ShellExecuteW0
  0x13e00	42 01 53 48 47 65 74 44 65 73 6b 74 6f 70 46 6f 	B0SHGetDesktopFo
  0x13e10	6c 64 65 72 00 00 ad 00 53 48 43 72 65 61 74 65 	lder0000SHCreate
  0x13e20	53 68 65 6c 6c 49 74 65 6d 41 72 72 61 79 46 72 	ShellItemArrayFr
  0x13e30	6f 6d 49 44 4c 69 73 74 73 00 53 48 45 4c 4c 33 	omIDLists0SHELL3
  0x13e40	32 2e 64 6c 6c 00 0c 00 47 65 74 4f 70 65 6e 46 	2.dll000GetOpenF
  0x13e50	69 6c 65 4e 61 6d 65 57 00 00 04 00 43 6f 6d 6d 	ileNameW0000Comm
  0x13e60	44 6c 67 45 78 74 65 6e 64 65 64 45 72 72 6f 72 	DlgExtendedError
  0x13e70	00 00 43 4f 4d 44 4c 47 33 32 2e 64 6c 6c 00 00 	00COMDLG32.dll00
  0x13e80	48 01 53 74 72 52 65 74 54 6f 42 75 66 57 00 00 	H0StrRetToBufW00
  0x13e90	8f 00 50 61 74 68 52 65 6d 6f 76 65 46 69 6c 65 	00PathRemoveFile
  0x13ea0	53 70 65 63 57 00 37 00 50 61 74 68 41 70 70 65 	SpecW070PathAppe
  0x13eb0	6e 64 57 00 35 00 50 61 74 68 41 64 64 45 78 74 	ndW050PathAddExt
  0x13ec0	65 6e 73 69 6f 6e 57 00 4e 01 53 74 72 53 74 72 	ensionW0N0StrStr
  0x13ed0	49 41 00 00 4d 00 50 61 74 68 46 69 6e 64 46 69 	IA00M0PathFindFi
  0x13ee0	6c 65 4e 61 6d 65 57 00 35 01 53 74 72 46 6f 72 	leNameW050StrFor
  0x13ef0	6d 61 74 42 79 74 65 53 69 7a 65 57 00 00 3d 00 	matByteSizeW00=0
  0x13f00	50 61 74 68 43 6f 6d 62 69 6e 65 57 00 00 5f 00 	PathCombineW00_0
  0x13f10	50 61 74 68 49 73 44 69 72 65 63 74 6f 72 79 57 	PathIsDirectoryW
  0x13f20	00 00 4b 00 50 61 74 68 46 69 6e 64 45 78 74 65 	00K0PathFindExte
  0x13f30	6e 73 69 6f 6e 57 00 00 53 48 4c 57 41 50 49 2e 	nsionW00SHLWAPI.
  0x13f40	64 6c 6c 00 55 00 57 53 41 53 65 74 53 65 72 76 	dll0U0WSASetServ
  0x13f50	69 63 65 57 00 00 4d 00 57 53 41 53 65 6e 64 00 	iceW00M0WSASend0
  0x13f60	30 00 57 53 41 47 65 74 4f 76 65 72 6c 61 70 70 	00WSAGetOverlapp
  0x13f70	65 64 52 65 73 75 6c 74 00 00 48 00 57 53 41 52 	edResult00H0WSAR
  0x13f80	65 63 76 00 57 53 32 5f 33 32 2e 64 6c 6c 00 00 	ecv0WS2_32.dll00
  0x13f90	00 00 41 63 63 65 70 74 45 78 00 00 4d 53 57 53 	00AcceptEx00MSWS
  0x13fa0	4f 43 4b 2e 64 6c 6c 00 61 00 43 6f 49 6e 69 74 	OCK.dll0a0CoInit
  0x13fb0	69 61 6c 69 7a 65 45 78 00 00 2b 00 43 6f 43 72 	ializeEx00+0CoCr
  0x13fc0	65 61 74 65 49 6e 73 74 61 6e 63 65 00 00 50 00 	eateInstance00P0
  0x13fd0	43 6f 47 65 74 49 6e 74 65 72 66 61 63 65 41 6e 	CoGetInterfaceAn
  0x13fe0	64 52 65 6c 65 61 73 65 53 74 72 65 61 6d 00 00 	dReleaseStream00
  0x13ff0	90 00 43 6f 55 6e 69 6e 69 74 69 61 6c 69 7a 65 	00CoUninitialize
  0x14000	00 00 6b 00 43 6f 4d 61 72 73 68 61 6c 49 6e 74 	00k0CoMarshalInt
  0x14010	65 72 54 68 72 65 61 64 49 6e 74 65 72 66 61 63 	erThreadInterfac
  0x14020	65 49 6e 53 74 72 65 61 6d 00 76 00 43 6f 52 65 	eInStream0v0CoRe
  0x14030	67 69 73 74 65 72 43 6c 61 73 73 4f 62 6a 65 63 	gisterClassObjec
  0x14040	74 00 82 00 43 6f 52 65 76 6f 6b 65 43 6c 61 73 	t000CoRevokeClas
  0x14050	73 4f 62 6a 65 63 74 00 ab 01 4f 6c 65 49 6e 69 	sObject000OleIni
  0x14060	74 69 61 6c 69 7a 65 00 c8 01 4f 6c 65 55 6e 69 	tialize000OleUni
  0x14070	6e 69 74 69 61 6c 69 7a 65 00 8b 00 43 6f 54 61 	nitialize000CoTa
  0x14080	73 6b 4d 65 6d 41 6c 6c 6f 63 00 00 cf 01 50 72 	skMemAlloc0000Pr
  0x14090	6f 70 56 61 72 69 61 6e 74 43 6c 65 61 72 00 00 	opVariantClear00
  0x140a0	8c 00 43 6f 54 61 73 6b 4d 65 6d 46 72 65 65 00 	00CoTaskMemFree0
  0x140b0	8d 00 43 6f 54 61 73 6b 4d 65 6d 52 65 61 6c 6c 	00CoTaskMemReall
  0x140c0	6f 63 00 00 6f 6c 65 33 32 2e 64 6c 6c 00 12 00 	oc00ole32.dll000
  0x140d0	42 6c 75 65 74 6f 6f 74 68 46 69 6e 64 46 69 72 	BluetoothFindFir
  0x140e0	73 74 52 61 64 69 6f 00 20 00 42 6c 75 65 74 6f 	stRadio0 0Blueto
  0x140f0	6f 74 68 46 69 6e 64 52 61 64 69 6f 43 6c 6f 73 	othFindRadioClos
  0x14100	65 00 22 00 42 6c 75 65 74 6f 6f 74 68 47 65 74 	e0"0BluetoothGet
  0x14110	44 65 76 69 63 65 49 6e 66 6f 00 00 06 00 42 6c 	DeviceInfo0000Bl
  0x14120	75 65 74 6f 6f 74 68 45 6e 61 62 6c 65 44 69 73 	uetoothEnableDis
  0x14130	63 6f 76 65 72 79 00 00 01 00 42 6c 75 65 74 6f 	covery0000Blueto
  0x14140	6f 74 68 41 75 74 68 65 6e 74 69 63 61 74 65 44 	othAuthenticateD
  0x14150	65 76 69 63 65 45 78 00 62 74 68 70 72 6f 70 73 	eviceEx0bthprops
  0x14160	2e 63 70 6c 00 00 4d 00 50 6f 77 65 72 52 65 67 	.cpl00M0PowerReg
  0x14170	69 73 74 65 72 53 75 73 70 65 6e 64 52 65 73 75 	isterSuspendResu
  0x14180	6d 65 4e 6f 74 69 66 69 63 61 74 69 6f 6e 00 00 	meNotification00
  0x14190	61 00 50 6f 77 65 72 55 6e 72 65 67 69 73 74 65 	a0PowerUnregiste
  0x141a0	72 53 75 73 70 65 6e 64 52 65 73 75 6d 65 4e 6f 	rSuspendResumeNo
  0x141b0	74 69 66 69 63 61 74 69 6f 6e 00 00 50 4f 57 52 	tification00POWR
  0x141c0	50 52 4f 46 2e 64 6c 6c 00 00 8d 05 53 6c 65 65 	PROF.dll0000Slee
  0x141d0	70 00 d9 02 47 65 74 53 74 61 72 74 75 70 49 6e 	p000GetStartupIn
  0x141e0	66 6f 57 00 be 05 55 6e 68 61 6e 64 6c 65 64 45 	foW000UnhandledE
  0x141f0	78 63 65 70 74 69 6f 6e 46 69 6c 74 65 72 00 00 	xceptionFilter00
  0x14200	7d 05 53 65 74 55 6e 68 61 6e 64 6c 65 64 45 78 	}0SetUnhandledEx
  0x14210	63 65 70 74 69 6f 6e 46 69 6c 74 65 72 00 1f 02 	ceptionFilter000
  0x14220	47 65 74 43 75 72 72 65 6e 74 50 72 6f 63 65 73 	GetCurrentProces
  0x14230	73 00 9c 05 54 65 72 6d 69 6e 61 74 65 50 72 6f 	s000TerminatePro
  0x14240	63 65 73 73 00 00 51 04 51 75 65 72 79 50 65 72 	cess00Q0QueryPer
  0x14250	66 6f 72 6d 61 6e 63 65 43 6f 75 6e 74 65 72 00 	formanceCounter0
  0x14260	f2 02 47 65 74 53 79 73 74 65 6d 54 69 6d 65 41 	00GetSystemTimeA
  0x14270	73 46 69 6c 65 54 69 6d 65 00 10 03 47 65 74 54 	sFileTime000GetT
  0x14280	69 63 6b 43 6f 75 6e 74 00 00 78 04 52 65 61 64 	ickCount00x0Read
  0x14290	46 69 6c 65 00 00 e6 05 57 61 69 74 46 6f 72 4d 	File0000WaitForM
  0x142a0	75 6c 74 69 70 6c 65 4f 62 6a 65 63 74 73 00 00 	ultipleObjects00
  0x142b0	a1 02 47 65 74 4f 76 65 72 6c 61 70 70 65 64 52 	00GetOverlappedR
  0x142c0	65 73 75 6c 74 00 57 03 48 65 61 70 52 65 41 6c 	esult0W0HeapReAl
  0x142d0	6c 6f 63 00 dd 04 73 77 73 63 61 6e 66 00 5b 00 	loc000swscanf0[0
  0x142e0	5f 5f 43 78 78 46 72 61 6d 65 48 61 6e 64 6c 65 	__CxxFrameHandle
  0x142f0	72 33 00 00 0a 00 3f 3f 30 65 78 63 65 70 74 69 	r30000??0excepti
  0x14300	6f 6e 40 40 51 45 41 41 40 41 45 42 51 45 42 44 	on@@QEAA@AEBQEBD
  0x14310	40 5a 00 00 95 04 6d 65 6d 6d 6f 76 65 5f 73 00 	@Z0000memmove_s0
  0x14320	0d 00 3f 3f 30 65 78 63 65 70 74 69 6f 6e 40 40 	00??0exception@@
  0x14330	51 45 41 41 40 58 5a 00 54 00 45 74 77 54 72 61 	QEAA@XZ0T0EtwTra
  0x14340	63 65 4d 65 73 73 61 67 65 00 26 02 55 75 69 64 	ceMessage0&0Uuid
  0x14350	54 6f 53 74 72 69 6e 67 57 00 14 02 52 70 63 53 	ToStringW000RpcS
  0x14360	74 72 69 6e 67 46 72 65 65 57 00 00 52 50 43 52 	tringFreeW00RPCR
  0x14370	54 34 2e 64 6c 6c 00 00 92 04 6d 65 6d 63 70 79 	T4.dll0000memcpy
  0x14380	00 00 94 04 6d 65 6d 6d 6f 76 65 00 96 04 6d 65 	0000memmove000me
  0x14390	6d 73 65 74 00 00 c2 04 73 74 72 63 6d 70 00 00 	mset0000strcmp00
  0x143a0	00 00 00 00 00 00 00 00 00 00 00 00 00 00 00 00 	0000000000000000
  0x143b0	00 00 00 00 00 00 00 00 00 00 00 00 00 00 00 00 	0000000000000000
  0x143c0	00 00 00 00 00 00 00 00 00 00 00 00 00 00 00 00 	0000000000000000
  0x143d0	00 00 00 00 00 00 00 00 00 00 00 00 00 00 00 00 	0000000000000000
  0x143e0	00 00 00 00 00 00 00 00 00 00 00 00 00 00 00 00 	0000000000000000
  0x143f0	00 00 00 00 00 00 00 00 00 00 00 00 00 00 00 00 	0000000000000000
=== DATA BLOCK END ===

=== DATA BLOCK ADDRESS 0x15000 ===
  0x15000	20 0e 01 40 01 00 00 00 00 00 00 00 00 00 00 00 	 00@000000000000
  0x15010	4f 19 01 40 01 00 00 00 00 00 00 00 00 00 00 00 	O00@000000000000
  0x15020	00 00 00 00 00 00 00 00 00 00 00 00 00 00 00 00 	0000000000000000
  0x15030	00 00 00 00 00 00 00 00 00 00 00 00 00 00 00 00 	0000000000000000
  0x15040	40 50 01 40 01 00 00 00 08 10 01 40 01 00 00 00 	@P0@0000000@0000
  0x15050	00 00 00 00 00 00 00 00 10 00 01 40 01 00 00 00 	00000000000@0000
  0x15060	00 00 00 00 00 00 00 00 2e 3f 41 56 6c 6f 67 69 	00000000.?AVlogi
  0x15070	63 5f 65 72 72 6f 72 40 73 74 64 40 40 00 00 00 	c_error@std@@000
  0x15080	10 00 01 40 01 00 00 00 00 00 00 00 00 00 00 00 	000@000000000000
  0x15090	2e 3f 41 56 6c 65 6e 67 74 68 5f 65 72 72 6f 72 	.?AVlength_error
  0x150a0	40 73 74 64 40 40 00 00 10 00 01 40 01 00 00 00 	@std@@00000@0000
  0x150b0	00 00 00 00 00 00 00 00 2e 3f 41 56 6f 75 74 5f 	00000000.?AVout_
  0x150c0	6f 66 5f 72 61 6e 67 65 40 73 74 64 40 40 00 00 	of_range@std@@00
  0x150d0	10 00 01 40 01 00 00 00 00 00 00 00 00 00 00 00 	000@000000000000
  0x150e0	2e 3f 41 56 62 61 64 5f 61 6c 6c 6f 63 40 73 74 	.?AVbad_alloc@st
  0x150f0	64 40 40 00 00 00 00 00 10 00 01 40 01 00 00 00 	d@@00000000@0000
  0x15100	00 00 00 00 00 00 00 00 2e 3f 41 56 65 78 63 65 	00000000.?AVexce
  0x15110	70 74 69 6f 6e 40 40 00 00 00 00 00 00 00 00 00 	ption@@000000000
  0x15120	01 00 00 00 00 00 00 00 32 a2 df 2d 99 2b 00 00 	00000000200-0+00
  0x15130	cd 5d 20 d2 66 d4 ff ff 00 00 00 00 00 00 00 00 	0] 0f00000000000
  0x15140	01 00 00 00 01 00 00 00 01 01 00 00 00 00 00 00 	0000000000000000
  0x15150	00 00 00 00 00 00 00 00 00 00 00 00 00 00 00 00 	0000000000000000
  0x15160	00 00 00 00 00 00 00 00 00 00 00 00 00 00 00 00 	0000000000000000
  0x15170	00 00 00 00 00 00 00 00 00 00 00 00 00 00 00 00 	0000000000000000
  0x15180	00 00 00 00 00 00 00 00 00 00 00 00 00 00 00 00 	0000000000000000
  0x15190	00 00 00 00 00 00 00 00 00 00 00 00 00 00 00 00 	0000000000000000
  0x151a0	00 00 00 00 00 00 00 00 00 00 00 00 00 00 00 00 	0000000000000000
  0x151b0	00 00 00 00 00 00 00 00 00 00 00 00 00 00 00 00 	0000000000000000
  0x151c0	00 00 00 00 00 00 00 00 00 00 00 00 00 00 00 00 	0000000000000000
  0x151d0	00 00 00 00 00 00 00 00 00 00 00 00 00 00 00 00 	0000000000000000
  0x151e0	00 00 00 00 00 00 00 00 00 00 00 00 00 00 00 00 	0000000000000000
  0x151f0	00 00 00 00 00 00 00 00 00 00 00 00 00 00 00 00 	0000000000000000
=== DATA BLOCK END ===

=== DATA BLOCK ADDRESS 0x16000 ===
  0x16000	10 10 00 00 89 10 00 00 44 1f 01 00 90 10 00 00 	00000000D0000000
  0x16010	25 11 00 00 18 1d 01 00 00 12 00 00 85 12 00 00 	%000000000000000
  0x16020	b8 1c 01 00 8c 12 00 00 f9 14 00 00 c4 1c 01 00 	0000000000000000
  0x16030	74 15 00 00 99 15 00 00 e4 1c 01 00 a0 15 00 00 	t000000000000000
  0x16040	da 16 00 00 ec 1c 01 00 e0 16 00 00 1d 17 00 00 	0000000000000000
  0x16050	e4 1c 01 00 50 17 00 00 b6 17 00 00 08 1d 01 00 	0000P00000000000
  0x16060	bc 17 00 00 19 18 00 00 18 1d 01 00 20 18 00 00 	000000000000 000
  0x16070	3c 18 00 00 e4 1c 01 00 44 18 00 00 02 1b 00 00 	<0000000D0000000
  0x16080	20 1d 01 00 08 1b 00 00 9c 1b 00 00 3c 1d 01 00 	 00000000000<000
  0x16090	a4 1b 00 00 aa 1c 00 00 48 1d 01 00 b0 1c 00 00 	00000000H0000000
  0x160a0	ef 1c 00 00 5c 1d 01 00 f8 1c 00 00 b0 1d 00 00 	0000000000000000
  0x160b0	64 1d 01 00 b8 1d 00 00 6e 1e 00 00 64 1d 01 00 	d0000000n000d000
  0x160c0	74 1e 00 00 aa 1e 00 00 18 1d 01 00 b0 1e 00 00 	t000000000000000
  0x160d0	c9 1e 00 00 18 1d 01 00 d0 1e 00 00 e9 1e 00 00 	0000000000000000
  0x160e0	18 1d 01 00 f0 1e 00 00 2e 1f 00 00 18 1d 01 00 	00000000.0000000
  0x160f0	44 1f 00 00 6e 1f 00 00 e4 1c 01 00 74 1f 00 00 	D000n0000000t000
  0x16100	9e 1f 00 00 e4 1c 01 00 a4 1f 00 00 a1 21 00 00 	0000000000000!00
  0x16110	78 1d 01 00 a8 21 00 00 1a 23 00 00 9c 1d 01 00 	x0000!000#000000
  0x16120	20 23 00 00 cb 25 00 00 a8 1d 01 00 d4 25 00 00 	 #000%0000000%00
  0x16130	7e 26 00 00 c4 1d 01 00 84 26 00 00 db 27 00 00 	~&0000000&000'00
  0x16140	d8 1d 01 00 e4 27 00 00 a9 28 00 00 f4 1d 01 00 	00000'000(000000
  0x16150	b0 28 00 00 ac 29 00 00 c4 1d 01 00 c0 29 00 00 	0(000)0000000)00
  0x16160	17 2b 00 00 00 1e 01 00 20 2b 00 00 8d 2b 00 00 	0+000000 +000+00
  0x16170	18 1e 01 00 a0 2b 00 00 2c 2c 00 00 08 1d 01 00 	00000+00,,000000
  0x16180	34 2c 00 00 8e 2f 00 00 20 1e 01 00 94 2f 00 00 	4,000/00 0000/00
  0x16190	aa 32 00 00 3c 1e 01 00 b0 32 00 00 5c 33 00 00 	0200<00002000300
  0x161a0	e4 1c 01 00 90 33 00 00 b6 33 00 00 18 1e 01 00 	0000030003000000
  0x161b0	bc 33 00 00 cc 34 00 00 c4 1d 01 00 60 35 00 00 	030004000000`500
  0x161c0	7a 37 00 00 5c 1e 01 00 80 37 00 00 3b 38 00 00 	z70000000700;800
  0x161d0	7c 1e 01 00 80 38 00 00 a7 38 00 00 18 1e 01 00 	|000080008000000
  0x161e0	b0 38 00 00 57 3c 00 00 90 1e 01 00 80 3c 00 00 	0800W<0000000<00
  0x161f0	8f 3d 00 00 b8 1e 01 00 98 3d 00 00 4d 3e 00 00 	0=0000000=00M>00
  0x16200	cc 1e 01 00 54 3e 00 00 ed 3f 00 00 d4 1e 01 00 	0000T>000?000000
  0x16210	f4 3f 00 00 e1 41 00 00 f0 1e 01 00 e8 41 00 00 	0?000A0000000A00
  0x16220	76 44 00 00 08 1f 01 00 e0 44 00 00 63 45 00 00 	vD0000000D00cE00
  0x16230	2c 1f 01 00 0c 46 00 00 8a 46 00 00 34 1f 01 00 	,0000F000F004000
  0x16240	9c 46 00 00 a5 49 00 00 4c 1f 01 00 c0 49 00 00 	0F000I00L0000I00
  0x16250	c4 4e 00 00 6c 1f 01 00 cc 4e 00 00 6a 4f 00 00 	0N00l0000N00jO00
  0x16260	08 1d 01 00 70 4f 00 00 95 51 00 00 90 1f 01 00 	0000pO000Q000000
  0x16270	a0 51 00 00 2c 53 00 00 08 1d 01 00 34 53 00 00 	0Q00,S0000004S00
  0x16280	21 58 00 00 b0 1f 01 00 28 58 00 00 23 5c 00 00 	!X000000(X00#000
  0x16290	f0 1f 01 00 2c 5c 00 00 7a 5c 00 00 18 1e 01 00 	0000,000z0000000
  0x162a0	80 5c 00 00 a9 5d 00 00 24 20 01 00 b0 5d 00 00 	00000]00$ 000]00
  0x162b0	5b 61 00 00 38 20 01 00 70 61 00 00 4a 63 00 00 	[a008 00pa00Jc00
  0x162c0	58 20 01 00 50 63 00 00 45 66 00 00 f4 1d 01 00 	X 00Pc00Ef000000
  0x162d0	50 66 00 00 07 67 00 00 74 20 01 00 10 67 00 00 	Pf000g00t 000g00
  0x162e0	c7 67 00 00 74 20 01 00 d0 67 00 00 8a 68 00 00 	0g00t 000g000h00
  0x162f0	84 20 01 00 90 68 00 00 f0 6f 00 00 94 20 01 00 	0 000h000o000 00
  0x16300	00 70 00 00 84 78 00 00 b8 20 01 00 90 78 00 00 	0p000x000 000x00
  0x16310	a1 78 00 00 e4 1c 01 00 a8 78 00 00 d6 7a 00 00 	0x0000000x000z00
  0x16320	d8 20 01 00 dc 7a 00 00 70 7f 00 00 f8 20 01 00 	0 000z00p0000 00
  0x16330	78 7f 00 00 9c 80 00 00 1c 21 01 00 a4 80 00 00 	x00000000!000000
  0x16340	28 81 00 00 f4 1d 01 00 30 81 00 00 5e 81 00 00 	(00000000000^000
  0x16350	e4 1c 01 00 64 81 00 00 cc 81 00 00 f4 1d 01 00 	0000d00000000000
  0x16360	d4 81 00 00 ca 88 00 00 30 21 01 00 d0 88 00 00 	000000000!000000
  0x16370	7e 8a 00 00 58 21 01 00 84 8a 00 00 28 8b 00 00 	~000X!000000(000
  0x16380	78 21 01 00 30 8b 00 00 1d 8f 00 00 8c 21 01 00 	x!00000000000!00
  0x16390	24 8f 00 00 d2 8f 00 00 b4 21 01 00 d8 8f 00 00 	$00000000!000000
  0x163a0	c0 90 00 00 cc 21 01 00 d0 90 00 00 8c 91 00 00 	00000!0000000000
  0x163b0	18 1e 01 00 a0 91 00 00 e8 91 00 00 e4 1c 01 00 	0000000000000000
  0x163c0	f0 91 00 00 80 92 00 00 ec 21 01 00 90 92 00 00 	000000000!000000
  0x163d0	b5 92 00 00 e4 1c 01 00 d0 92 00 00 76 95 00 00 	000000000000v000
  0x163e0	f8 21 01 00 7c 95 00 00 1c 97 00 00 1c 22 01 00 	0!00|00000000"00
  0x163f0	24 97 00 00 ba 9c 00 00 30 22 01 00 c0 9c 00 00 	$00000000"000000
  0x16400	07 9f 00 00 54 22 01 00 10 9f 00 00 32 9f 00 00 	0000T"0000002000
  0x16410	74 22 01 00 38 9f 00 00 81 a1 00 00 7c 22 01 00 	t"0080000000|"00
  0x16420	b0 a1 00 00 6c a2 00 00 08 1d 01 00 74 a2 00 00 	0000l0000000t000
  0x16430	36 a3 00 00 98 22 01 00 3c a3 00 00 a7 a8 00 00 	60000"00<0000000
  0x16440	b0 22 01 00 b0 a8 00 00 58 ab 00 00 d0 22 01 00 	0"000000X0000"00
  0x16450	60 ab 00 00 0a ac 00 00 f4 1d 01 00 10 ac 00 00 	`000000000000000
  0x16460	d0 ac 00 00 c4 1d 01 00 d8 ac 00 00 65 ad 00 00 	000000000000e000
  0x16470	f4 1d 01 00 6c ad 00 00 2c b0 00 00 f4 22 01 00 	0000l000,0000"00
  0x16480	34 b0 00 00 29 b1 00 00 18 23 01 00 30 b1 00 00 	4000)0000#000000
  0x16490	7e b3 00 00 30 23 01 00 84 b3 00 00 cd b4 00 00 	~0000#0000000000
  0x164a0	48 23 01 00 d4 b4 00 00 11 b6 00 00 6c 23 01 00 	H#0000000000l#00
  0x164b0	18 b6 00 00 17 b8 00 00 30 23 01 00 20 b8 00 00 	000000000#00 000
  0x164c0	76 b9 00 00 84 23 01 00 7c b9 00 00 fc b9 00 00 	v0000#00|0000000
  0x164d0	18 1e 01 00 04 ba 00 00 7f ba 00 00 9c 23 01 00 	0000000000000#00
  0x164e0	88 ba 00 00 55 bc 00 00 a8 23 01 00 5c bc 00 00 	0000U0000#000000
  0x164f0	1d bd 00 00 cc 23 01 00 24 bd 00 00 a8 bd 00 00 	00000#00$0000000
  0x16500	e4 23 01 00 b0 bd 00 00 92 c0 00 00 f4 23 01 00 	0#00000000000#00
  0x16510	98 c0 00 00 c8 c2 00 00 10 24 01 00 d0 c2 00 00 	000000000$000000
  0x16520	61 c3 00 00 e4 23 01 00 68 c3 00 00 d3 c4 00 00 	a0000#00h0000000
  0x16530	2c 24 01 00 dc c4 00 00 d3 c7 00 00 48 24 01 00 	,$0000000000H$00
  0x16540	e0 c7 00 00 77 c9 00 00 68 24 01 00 80 c9 00 00 	0000w000h$000000
  0x16550	54 cb 00 00 80 24 01 00 60 cb 00 00 34 ce 00 00 	T0000$00`0004000
  0x16560	94 24 01 00 40 ce 00 00 7c cf 00 00 b8 24 01 00 	0$00@000|0000$00
  0x16570	90 cf 00 00 a4 cf 00 00 e4 1c 01 00 ac cf 00 00 	0000000000000000
  0x16580	e7 cf 00 00 18 1e 01 00 f0 cf 00 00 35 d1 00 00 	0000000000005000
  0x16590	f0 1e 01 00 3c d1 00 00 75 d1 00 00 f4 1d 01 00 	0000<000u0000000
  0x165a0	7c d1 00 00 c6 d1 00 00 f4 1d 01 00 cc d1 00 00 	|000000000000000
  0x165b0	36 d2 00 00 f4 1d 01 00 3c d2 00 00 86 d2 00 00 	60000000<0000000
  0x165c0	08 1d 01 00 8c d2 00 00 0f d3 00 00 c4 1d 01 00 	0000000000000000
  0x165d0	18 d3 00 00 52 d3 00 00 2c 1f 01 00 a4 d3 00 00 	0000R000,0000000
  0x165e0	6e d4 00 00 00 1e 01 00 ec d4 00 00 af d5 00 00 	n000000000000000
  0x165f0	c4 1d 01 00 38 d6 00 00 86 d6 00 00 18 1d 01 00 	0000800000000000
  0x16600	8c d6 00 00 f0 d6 00 00 5c 1d 01 00 f8 d6 00 00 	0000000000000000
  0x16610	ca d9 00 00 d4 24 01 00 d0 d9 00 00 44 de 00 00 	00000$000000D000
  0x16620	f4 24 01 00 4c de 00 00 f9 df 00 00 f0 1e 01 00 	0$00L00000000000
  0x16630	00 e0 00 00 3c e0 00 00 a8 25 01 00 44 e0 00 00 	0000<0000%00D000
  0x16640	bc e0 00 00 c4 1d 01 00 c4 e0 00 00 39 e1 00 00 	0000000000009000
  0x16650	08 1d 01 00 40 e1 00 00 85 e2 00 00 b8 25 01 00 	0000@00000000%00
  0x16660	90 e2 00 00 ca e2 00 00 f4 1d 01 00 e8 e2 00 00 	0000000000000000
  0x16670	0a e3 00 00 18 1e 01 00 10 e3 00 00 33 e3 00 00 	0000000000003000
  0x16680	18 1d 01 00 3c e3 00 00 6e e3 00 00 80 26 01 00 	0000<000n0000&00
  0x16690	74 e3 00 00 a2 e3 00 00 18 1e 01 00 a8 e3 00 00 	t000000000000000
  0x166a0	ef e3 00 00 44 1f 01 00 10 e4 00 00 e3 e4 00 00 	0000D00000000000
  0x166b0	e4 1c 01 00 f0 e4 00 00 39 e5 00 00 88 26 01 00 	0000000090000&00
  0x166c0	40 e5 00 00 52 e5 00 00 e4 1c 01 00 58 e5 00 00 	@000R0000000X000
  0x166d0	9a e7 00 00 90 26 01 00 b0 e7 00 00 ce e7 00 00 	00000&0000000000
  0x166e0	c8 26 01 00 d4 e7 00 00 08 e8 00 00 18 1e 01 00 	0&00000000000000
  0x166f0	10 e8 00 00 81 e9 00 00 cc 26 01 00 94 e9 00 00 	000000000&000000
  0x16700	21 ea 00 00 d4 26 01 00 28 ea 00 00 3f ea 00 00 	!0000&00(000?000
  0x16710	e4 1c 01 00 b0 ea 00 00 e0 ea 00 00 f4 1d 01 00 	0000000000000000
  0x16720	f0 ea 00 00 29 eb 00 00 e4 1c 01 00 30 eb 00 00 	0000)00000000000
  0x16730	48 eb 00 00 e4 1c 01 00 5c eb 00 00 b0 eb 00 00 	H000000000000000
  0x16740	f4 26 01 00 b8 eb 00 00 fd eb 00 00 18 1e 01 00 	0&00000000000000
  0x16750	70 ec 00 00 bd ec 00 00 14 27 01 00 04 ed 00 00 	p00000000'000000
  0x16760	d8 ed 00 00 38 27 01 00 28 ee 00 00 5d ee 00 00 	00008'00(000]000
  0x16770	18 1e 01 00 64 ee 00 00 d0 ee 00 00 a8 28 01 00 	0000d00000000(00
  0x16780	d8 ee 00 00 49 ef 00 00 80 28 01 00 50 ef 00 00 	0000I0000(00P000
  0x16790	b2 ef 00 00 50 28 01 00 b8 ef 00 00 24 f0 00 00 	0000P(000000$000
  0x167a0	f8 28 01 00 2c f0 00 00 9d f0 00 00 d0 28 01 00 	0(00,00000000(00
  0x167b0	a4 f0 00 00 d4 f0 00 00 18 1e 01 00 dc f0 00 00 	0000000000000000
  0x167c0	1d f1 00 00 18 1e 01 00 30 f1 00 00 8e f1 00 00 	0000000000000000
  0x167d0	f4 1d 01 00 94 f1 00 00 b7 f2 00 00 b0 27 01 00 	0000000000000'00
  0x167e0	c0 f2 00 00 f2 f2 00 00 a0 27 01 00 00 f3 00 00 	000000000'000000
  0x167f0	32 f3 00 00 a0 27 01 00 40 f3 00 00 72 f3 00 00 	20000'00@000r000
  0x16800	a0 27 01 00 78 f3 00 00 dc f3 00 00 08 1d 01 00 	0'00x00000000000
  0x16810	e4 f3 00 00 39 f4 00 00 4c 27 01 00 40 f4 00 00 	00009000L'00@000
  0x16820	98 f4 00 00 78 27 01 00 a0 f4 00 00 98 f5 00 00 	0000x'0000000000
  0x16830	c4 1d 01 00 a0 f5 00 00 96 f6 00 00 c4 1d 01 00 	0000000000000000
  0x16840	9c f6 00 00 32 f7 00 00 08 1d 01 00 70 f7 00 00 	000020000000p000
  0x16850	7b f7 00 00 e4 1c 01 00 9c f7 00 00 b9 f7 00 00 	{000000000000000
  0x16860	e4 1c 01 00 c0 f7 00 00 1b f8 00 00 20 29 01 00 	000000000000 )00
  0x16870	24 f8 00 00 a3 f8 00 00 00 1e 01 00 ac f8 00 00 	$000000000000000
  0x16880	cb f8 00 00 28 29 01 00 d4 f8 00 00 5a f9 00 00 	0000()000000Z000
  0x16890	00 1e 01 00 a0 f9 00 00 a2 f9 00 00 48 27 01 00 	000000000000H'00
  0x168a0	c0 f9 00 00 0d fa 00 00 88 29 01 00 13 fa 00 00 	000000000)000000
  0x168b0	5b fa 00 00 e8 1f 01 00 61 fa 00 00 97 fa 00 00 	[0000000a0000000
  0x168c0	e8 1f 01 00 9d fa 00 00 c8 fa 00 00 98 25 01 00 	0000000000000%00
  0x168d0	e0 fa 00 00 48 fb 00 00 70 26 01 00 48 fb 00 00 	0000H000p&00H000
  0x168e0	70 fb 00 00 70 26 01 00 76 fb 00 00 94 fb 00 00 	p000p&00v0000000
  0x168f0	bc 26 01 00 9a fb 00 00 b5 fb 00 00 bc 26 01 00 	0&00000000000&00
  0x16900	c0 fb 00 00 e0 fb 00 00 bc 26 01 00 f8 fb 00 00 	000000000&000000
  0x16910	5d fc 00 00 40 28 01 00 5d fc 00 00 85 fc 00 00 	]000@(00]0000000
  0x16920	40 28 01 00 9d fc 00 00 bd fc 00 00 78 29 01 00 	@(0000000000x)00
  0x16930	d0 fc 00 00 eb fc 00 00 e4 1c 01 00 00 fd 00 00 	0000000000000000
  0x16940	6b fd 00 00 08 1d 01 00 00 00 00 00 00 00 00 00 	k000000000000000
  0x16950	00 00 00 00 00 00 00 00 00 00 00 00 00 00 00 00 	0000000000000000
  0x16960	00 00 00 00 00 00 00 00 00 00 00 00 00 00 00 00 	0000000000000000
  0x16970	00 00 00 00 00 00 00 00 00 00 00 00 00 00 00 00 	0000000000000000
  0x16980	00 00 00 00 00 00 00 00 00 00 00 00 00 00 00 00 	0000000000000000
  0x16990	00 00 00 00 00 00 00 00 00 00 00 00 00 00 00 00 	0000000000000000
  0x169a0	00 00 00 00 00 00 00 00 00 00 00 00 00 00 00 00 	0000000000000000
  0x169b0	00 00 00 00 00 00 00 00 00 00 00 00 00 00 00 00 	0000000000000000
  0x169c0	00 00 00 00 00 00 00 00 00 00 00 00 00 00 00 00 	0000000000000000
  0x169d0	00 00 00 00 00 00 00 00 00 00 00 00 00 00 00 00 	0000000000000000
  0x169e0	00 00 00 00 00 00 00 00 00 00 00 00 00 00 00 00 	0000000000000000
  0x169f0	00 00 00 00 00 00 00 00 00 00 00 00 00 00 00 00 	0000000000000000
=== DATA BLOCK END ===
