0,1
1,2
2,3
3,4
4,5
5,6
6,7
6,10
7,103
8,9
8,103
9,10
9,104
10,104
11,12
12,13
13,14
14,15
15,16
16,17
17,18
18,19
19,20
20,21
21,22
22,23
22,26
23,106
24,25
24,106
25,26
25,154
26,27
27,28
28,29
29,30
29,33
30,166
31,32
31,166
32,33
32,167
33,34
34,35
35,36
36,37
36,40
37,185
38,39
38,185
39,40
39,186
40,41
41,42
42,43
43,44
43,46
44,45
44,44
45,46
45,188
46,188
47,48
48,49
49,50
50,51
51,52
51,189
52,53
52,190
53,54
54,55
55,56
56,57
57,58
58,59
59,60
60,61
61,62
62,63
63,64
64,65
65,66
66,67
67,68
68,69
69,70
70,71
71,72
71,75
72,191
73,74
73,191
74,75
74,193
75,76
76,77
77,78
78,79
78,82
79,194
80,81
80,194
81,82
81,195
82,83
83,84
84,85
85,86
85,89
86,198
87,88
87,198
88,89
88,199
89,90
90,91
91,92
92,93
92,95
93,94
93,93
94,95
94,201
95,201
96,97
97,98
98,99
99,100
100,101
100,189
101,102
101,190
102,105
103,8
104,11
105,107
106,24
107,108
108,109
109,110
110,111
111,112
112,113
113,114
114,115
115,116
116,117
117,118
118,119
119,120
120,121
121,122
122,123
122,126
123,202
124,125
124,202
125,126
125,204
126,127
127,128
128,129
129,130
129,133
130,209
131,132
131,209
132,133
132,211
133,134
134,135
135,136
136,137
136,140
137,212
138,139
138,212
139,140
139,213
140,141
141,142
142,143
143,144
143,146
144,145
144,144
145,146
145,215
146,215
147,148
148,149
149,150
150,151
151,152
151,189
152,153
152,190
153,155
155,156
156,157
157,158
158,159
159,160
160,161
161,162
162,163
163,164
164,165
165,168
166,31
168,169
168,216
169,170
170,216
171,172
171,183
172,173
172,177
173,174
173,220
174,175
175,176
176,177
176,220
177,220
178,179
178,183
179,180
180,181
181,182
182,183
183,184
184,187
185,38
187,192
188,47
191,73
192,196
192,222
194,80
196,197
196,223
197,200
198,87
200,203
201,96
202,124
203,205
203,224
205,206
206,207
207,208
207,225
208,222
209,131
210,214
212,138
214,217
215,147
216,171
217,218
217,226
218,224
218,223
219,221
220,178
221,227
222,210
224,219
