===== Assembly blocks =====

=== CODE BLOCK ADDRESS 0x1000 ===
=== CODE BLOCK END ===

=== DATA BLOCK ADDRESS 0xc000 ===
  0xc000	60 f0 00 40 01 00 00 00 00 f1 00 40 01 00 00 00 	`00@0000000@0000
  0xc010	18 01 00 00 00 00 00 00 00 00 00 00 00 00 00 00 	0000000000000000
  0xc020	00 00 00 00 00 00 00 00 00 00 00 00 00 00 00 00 	0000000000000000
  0xc030	00 00 00 00 00 00 00 00 00 00 00 00 00 00 00 00 	0000000000000000
  0xc040	00 00 00 00 00 00 00 00 00 00 00 00 00 00 00 00 	0000000000000000
  0xc050	00 00 00 00 00 00 00 00 00 00 00 00 00 00 00 00 	0000000000000000
  0xc060	00 00 00 00 00 00 00 00 08 f0 00 40 01 00 00 00 	00000000000@0000
  0xc070	00 00 00 00 00 00 00 00 00 00 00 00 00 00 00 00 	0000000000000000
  0xc080	90 c5 00 40 01 00 00 00 98 c5 00 40 01 00 00 00 	000@0000000@0000
  0xc090	d8 c5 00 40 01 00 00 00 09 00 00 00 00 00 00 00 	000@000000000000
  0xc0a0	00 75 01 00 00 00 00 00 00 00 00 00 00 00 00 00 	0u00000000000000
  0xc0b0	fc c5 00 40 01 00 00 00 01 00 00 00 00 00 00 00 	000@000000000000
  0xc0c0	00 00 00 00 00 00 00 00 00 00 00 00 00 00 00 00 	0000000000000000
  0xc0d0	00 00 00 00 00 00 00 00 00 00 00 00 00 00 00 00 	0000000000000000
  0xc0e0	00 00 00 00 00 00 00 00 00 00 00 00 00 00 00 00 	0000000000000000
  0xc0f0	00 00 00 00 00 00 00 00 00 00 00 00 00 00 00 00 	0000000000000000
  0xc100	00 00 00 00 00 00 00 00 00 00 00 00 00 00 00 00 	0000000000000000
  0xc110	00 00 00 00 00 00 00 00 00 00 00 00 00 00 00 00 	0000000000000000
  0xc120	00 00 00 00 00 00 00 00 18 e0 00 00 00 00 00 00 	0000000000000000
  0xc130	00 00 00 00 00 00 00 00 74 00 00 00 00 00 00 80 	00000000t0000000
  0xc140	fc df 00 00 00 00 00 00 ec df 00 00 00 00 00 00 	0000000000000000
  0xc150	dc df 00 00 00 00 00 00 6f 00 00 00 00 00 00 80 	00000000o0000000
  0xc160	73 00 00 00 00 00 00 80 00 00 00 00 00 00 00 00 	s000000000000000
  0xc170	ce e1 00 00 00 00 00 00 7c e2 00 00 00 00 00 00 	00000000|0000000
  0xc180	5e e2 00 00 00 00 00 00 32 e2 00 00 00 00 00 00 	^000000020000000
  0xc190	14 e2 00 00 00 00 00 00 00 00 00 00 00 00 00 00 	0000000000000000
  0xc1a0	62 e3 00 00 00 00 00 00 00 00 00 00 00 00 00 00 	b000000000000000
  0xc1b0	4a e3 00 00 00 00 00 00 00 00 00 00 00 00 00 00 	J000000000000000
  0xc1c0	dc dd 00 00 00 00 00 00 f8 dc 00 00 00 00 00 00 	0000000000000000
  0xc1d0	a0 dc 00 00 00 00 00 00 4a dc 00 00 00 00 00 00 	00000000J0000000
  0xc1e0	00 00 00 00 00 00 00 00 c0 e1 00 00 00 00 00 00 	0000000000000000
  0xc1f0	80 dc 00 00 00 00 00 00 70 e2 00 00 00 00 00 00 	00000000p0000000
  0xc200	d4 dc 00 00 00 00 00 00 00 00 00 00 00 00 00 00 	0000000000000000
  0xc210	b0 dc 00 00 00 00 00 00 00 00 00 00 00 00 00 00 	0000000000000000
  0xc220	d4 e2 00 00 00 00 00 00 be dc 00 00 00 00 00 00 	0000000000000000
  0xc230	8c e2 00 00 00 00 00 00 9e e2 00 00 00 00 00 00 	0000000000000000
  0xc240	aa e2 00 00 00 00 00 00 c6 e2 00 00 00 00 00 00 	0000000000000000
  0xc250	ba e2 00 00 00 00 00 00 00 00 00 00 00 00 00 00 	0000000000000000
  0xc260	7a e1 00 00 00 00 00 00 00 00 00 00 00 00 00 00 	z000000000000000
  0xc270	9c e1 00 00 00 00 00 00 e0 e2 00 00 00 00 00 00 	0000000000000000
  0xc280	16 dd 00 00 00 00 00 00 00 00 00 00 00 00 00 00 	0000000000000000
  0xc290	68 e1 00 00 00 00 00 00 02 e2 00 00 00 00 00 00 	h000000000000000
  0xc2a0	5a dc 00 00 00 00 00 00 00 00 00 00 00 00 00 00 	Z000000000000000
  0xc2b0	0e e1 00 00 00 00 00 00 00 00 00 00 00 00 00 00 	0000000000000000
  0xc2c0	e0 e1 00 00 00 00 00 00 00 00 00 00 00 00 00 00 	0000000000000000
  0xc2d0	44 dd 00 00 00 00 00 00 5a dd 00 00 00 00 00 00 	D0000000Z0000000
  0xc2e0	24 e2 00 00 00 00 00 00 f8 dd 00 00 00 00 00 00 	$000000000000000
  0xc2f0	0c de 00 00 00 00 00 00 00 00 00 00 00 00 00 00 	0000000000000000
  0xc300	2a dd 00 00 00 00 00 00 00 00 00 00 00 00 00 00 	*000000000000000
  0xc310	e2 dc 00 00 00 00 00 00 70 dc 00 00 00 00 00 00 	00000000p0000000
  0xc320	36 dc 00 00 00 00 00 00 8e dc 00 00 00 00 00 00 	6000000000000000
  0xc330	00 00 00 00 00 00 00 00 b4 db 00 00 00 00 00 00 	0000000000000000
  0xc340	ca db 00 00 00 00 00 00 00 00 00 00 00 00 00 00 	0000000000000000
  0xc350	9a dd 00 00 00 00 00 00 c8 dd 00 00 00 00 00 00 	0000000000000000
  0xc360	ae dd 00 00 00 00 00 00 00 00 00 00 00 00 00 00 	0000000000000000
  0xc370	c0 e0 00 00 00 00 00 00 9e e0 00 00 00 00 00 00 	0000000000000000
  0xc380	fe db 00 00 00 00 00 00 aa e0 00 00 00 00 00 00 	0000000000000000
  0xc390	b4 e0 00 00 00 00 00 00 00 00 00 00 00 00 00 00 	0000000000000000
  0xc3a0	48 e2 00 00 00 00 00 00 f0 e1 00 00 00 00 00 00 	H000000000000000
  0xc3b0	aa e1 00 00 00 00 00 00 00 00 00 00 00 00 00 00 	0000000000000000
  0xc3c0	3c e3 00 00 00 00 00 00 00 00 00 00 00 00 00 00 	<000000000000000
  0xc3d0	ca e0 00 00 00 00 00 00 d6 e0 00 00 00 00 00 00 	0000000000000000
  0xc3e0	00 00 00 00 00 00 00 00 f0 dc 00 00 00 00 00 00 	0000000000000000
  0xc3f0	00 00 00 00 00 00 00 00 52 e1 00 00 00 00 00 00 	00000000R0000000
  0xc400	8a dd 00 00 00 00 00 00 70 dd 00 00 00 00 00 00 	00000000p0000000
  0xc410	00 00 00 00 00 00 00 00 86 e1 00 00 00 00 00 00 	0000000000000000
  0xc420	00 00 00 00 00 00 00 00 f6 e2 00 00 00 00 00 00 	0000000000000000
  0xc430	12 e3 00 00 00 00 00 00 2a e3 00 00 00 00 00 00 	00000000*0000000
  0xc440	00 00 00 00 00 00 00 00 70 da 00 00 00 00 00 00 	00000000p0000000
  0xc450	90 da 00 00 00 00 00 00 9a da 00 00 00 00 00 00 	0000000000000000
  0xc460	10 db 00 00 00 00 00 00 a6 da 00 00 00 00 00 00 	0000000000000000
  0xc470	ae da 00 00 00 00 00 00 b6 da 00 00 00 00 00 00 	0000000000000000
  0xc480	22 db 00 00 00 00 00 00 02 db 00 00 00 00 00 00 	"000000000000000
  0xc490	78 da 00 00 00 00 00 00 f4 da 00 00 00 00 00 00 	x000000000000000
  0xc4a0	36 e0 00 00 00 00 00 00 ea da 00 00 00 00 00 00 	6000000000000000
  0xc4b0	86 da 00 00 00 00 00 00 e0 da 00 00 00 00 00 00 	0000000000000000
  0xc4c0	5a e0 00 00 00 00 00 00 fa e4 00 00 00 00 00 00 	Z000000000000000
  0xc4d0	a0 db 00 00 00 00 00 00 64 e0 00 00 00 00 00 00 	00000000d0000000
  0xc4e0	6e e0 00 00 00 00 00 00 88 db 00 00 00 00 00 00 	n000000000000000
  0xc4f0	7e db 00 00 00 00 00 00 d6 da 00 00 00 00 00 00 	~000000000000000
  0xc500	66 db 00 00 00 00 00 00 94 e0 00 00 00 00 00 00 	f000000000000000
  0xc510	50 e0 00 00 00 00 00 00 5a db 00 00 00 00 00 00 	P0000000Z0000000
  0xc520	8a e0 00 00 00 00 00 00 46 db 00 00 00 00 00 00 	00000000F0000000
  0xc530	cc da 00 00 00 00 00 00 3c db 00 00 00 00 00 00 	00000000<0000000
  0xc540	78 e0 00 00 00 00 00 00 44 e0 00 00 00 00 00 00 	x0000000D0000000
  0xc550	34 db 00 00 00 00 00 00 c2 da 00 00 00 00 00 00 	4000000000000000
  0xc560	f0 e4 00 00 00 00 00 00 e6 e4 00 00 00 00 00 00 	0000000000000000
  0xc570	04 e5 00 00 00 00 00 00 00 00 00 00 00 00 00 00 	0000000000000000
  0xc580	c4 e4 00 00 00 00 00 00 00 00 00 00 00 00 00 00 	0000000000000000
  0xc590	60 ad 00 40 01 00 00 00 80 b2 00 40 01 00 00 00 	`00@0000000@0000
  0xc5a0	00 00 00 00 00 00 00 00 d0 a7 00 40 01 00 00 00 	00000000000@0000
  0xc5b0	00 00 00 00 00 00 00 00 00 00 00 00 00 00 00 00 	0000000000000000
  0xc5c0	f0 a6 00 40 01 00 00 00 90 aa 00 40 01 00 00 00 	000@0000000@0000
  0xc5d0	00 00 00 00 00 00 00 00 a0 a6 00 00 f0 a6 00 00 	0000000000000000
  0xc5e0	d0 a7 00 00 f0 a9 00 00 50 aa 00 00 90 aa 00 00 	00000000P0000000
  0xc5f0	70 ab 00 00 60 ad 00 00 b0 ad 00 00 a0 c1 00 00 	p000`00000000000
  0xc600	55 53 45 52 33 32 2e 64 6c 6c 00 00 00 00 00 00 	USER32.dll000000
  0xc610	6e 65 74 75 74 69 6c 73 2e 64 6c 6c 00 00 00 00 	netutils.dll0000
  0xc620	73 72 76 63 6c 69 2e 64 6c 6c 00 00 00 00 00 00 	srvcli.dll000000
  0xc630	4d 50 52 2e 64 6c 6c 00 00 00 00 00 6b 00 00 00 	MPR.dll00000k000
  0xc640	20 00 0a 00 09 00 0d 00 00 00 00 00 3a 00 00 00 	 00000000000:000
  0xc650	5c 00 5c 00 00 00 00 00 5c 00 00 00 72 00 00 00 	000000000000r000
  0xc660	0a 00 00 00 00 00 00 00 28 00 25 00 6c 00 64 00 	00000000(0%0l0d0
  0xc670	2c 00 25 00 6c 00 64 00 29 00 00 00 2e 00 0a 00 	,0%0l0d0)000.000
  0xc680	00 00 00 00 00 00 00 00 45 00 6e 00 76 00 69 00 	00000000E0n0v0i0
  0xc690	72 00 6f 00 6e 00 6d 00 65 00 6e 00 74 00 00 00 	r0o0n0m0e0n0t000
  0xc6a0	53 00 59 00 53 00 54 00 45 00 4d 00 5c 00 43 00 	S0Y0S0T0E0M000C0
  0xc6b0	75 00 72 00 72 00 65 00 6e 00 74 00 43 00 6f 00 	u0r0r0e0n0t0C0o0
  0xc6c0	6e 00 74 00 72 00 6f 00 6c 00 53 00 65 00 74 00 	n0t0r0o0l0S0e0t0
  0xc6d0	5c 00 43 00 6f 00 6e 00 74 00 72 00 6f 00 6c 00 	00C0o0n0t0r0o0l0
  0xc6e0	5c 00 53 00 65 00 73 00 73 00 69 00 6f 00 6e 00 	00S0e0s0s0i0o0n0
  0xc6f0	20 00 4d 00 61 00 6e 00 61 00 67 00 65 00 72 00 	 0M0a0n0a0g0e0r0
  0xc700	5c 00 45 00 6e 00 76 00 69 00 72 00 6f 00 6e 00 	00E0n0v0i0r0o0n0
  0xc710	6d 00 65 00 6e 00 74 00 00 00 00 00 00 00 00 00 	m0e0n0t000000000
  0xc720	48 00 4b 00 45 00 59 00 5f 00 4c 00 4f 00 43 00 	H0K0E0Y0_0L0O0C0
  0xc730	41 00 4c 00 5f 00 4d 00 41 00 43 00 48 00 49 00 	A0L0_0M0A0C0H0I0
  0xc740	4e 00 45 00 00 00 00 00 48 00 4b 00 4c 00 4d 00 	N0E00000H0K0L0M0
  0xc750	00 00 00 00 00 00 00 00 48 00 4b 00 45 00 59 00 	00000000H0K0E0Y0
  0xc760	5f 00 43 00 55 00 52 00 52 00 45 00 4e 00 54 00 	_0C0U0R0R0E0N0T0
  0xc770	5f 00 55 00 53 00 45 00 52 00 00 00 00 00 00 00 	_0U0S0E0R0000000
  0xc780	48 00 4b 00 43 00 55 00 00 00 00 00 00 00 00 00 	H0K0C0U000000000
  0xc790	25 00 75 00 00 00 00 00 22 00 25 00 73 00 22 00 	%0u00000"0%0s0"0
  0xc7a0	2e 00 00 00 3b 00 00 00 28 00 25 00 6c 00 64 00 	.000;000(0%0l0d0
  0xc7b0	2c 00 25 00 6c 00 64 00 20 00 25 00 73 00 29 00 	,0%0l0d0 0%0s0)0
  0xc7c0	00 00 00 00 73 00 00 00 75 00 00 00 70 00 00 00 	0000s000u000p000
  0xc7d0	6d 00 00 00 3f 00 00 00 66 00 00 00 78 00 00 00 	m000?000f000x000
  0xc7e0	61 00 00 00 64 00 00 00 50 41 52 53 45 52 32 00 	a000d000PARSER20
  0xc7f0	00 00 00 00 20 00 00 00 2a 00 00 00 00 00 00 00 	0000 000*0000000
  0xc800	6c 00 6f 00 63 00 61 00 6c 00 68 00 6f 00 73 00 	l0o0c0a0l0h0o0s0
  0xc810	74 00 00 00 00 00 00 00 20 00 5c 00 2f 00 5b 00 	t0000000 000/0[0
  0xc820	5d 00 3a 00 7c 00 3c 00 3e 00 2b 00 3d 00 3b 00 	]0:0|0<0>0+0=0;0
  0xc830	2c 00 3f 00 24 00 23 00 28 00 29 00 21 00 40 00 	,0?0$0#0(0)0!0@0
  0xc840	5e 00 22 00 60 00 7b 00 7d 00 2a 00 25 00 00 00 	^0"0`0{0}0*0%000
  0xc850	2e 00 00 00 00 00 00 00 5c 00 5c 00 25 00 73 00 	.00000000000%0s0
  0xc860	00 00 00 00 00 00 00 00 49 00 50 00 43 00 24 00 	00000000I0P0C0$0
  0xc870	00 00 00 00 00 00 00 00 5c 00 5c 00 25 00 73 00 	000000000000%0s0
  0xc880	5c 00 25 00 73 00 00 00 25 00 73 00 20 00 00 00 	00%0s000%0s0 000
  0xc890	7c 00 25 00 73 00 7c 00 00 00 00 00 20 00 09 00 	|0%0s0|00000 000
  0xc8a0	00 00 00 00 25 73 00 00 25 00 63 00 00 00 00 00 	0000%s00%0c00000
  0xc8b0	07 00 00 00 0a 00 0a 00 00 00 00 00 42 55 46 46 	000000000000BUFF
  0xc8c0	45 52 00 00 00 00 00 00 5c 00 56 00 61 00 72 00 	ER00000000V0a0r0
  0xc8d0	46 00 69 00 6c 00 65 00 49 00 6e 00 66 00 6f 00 	F0i0l0e0I0n0f0o0
  0xc8e0	5c 00 54 00 72 00 61 00 6e 00 73 00 6c 00 61 00 	00T0r0a0n0s0l0a0
  0xc8f0	74 00 69 00 6f 00 6e 00 00 00 00 00 00 00 00 00 	t0i0o0n000000000
  0xc900	5c 00 53 00 74 00 72 00 69 00 6e 00 67 00 46 00 	00S0t0r0i0n0g0F0
  0xc910	69 00 6c 00 65 00 49 00 6e 00 66 00 6f 00 5c 00 	i0l0e0I0n0f0o000
  0xc920	25 00 30 00 34 00 78 00 25 00 30 00 34 00 78 00 	%00040x0%00040x0
  0xc930	5c 00 49 00 6e 00 74 00 65 00 72 00 6e 00 61 00 	00I0n0t0e0r0n0a0
  0xc940	6c 00 4e 00 61 00 6d 00 65 00 00 00 00 00 00 00 	l0N0a0m0e0000000
  0xc950	2e 00 45 00 58 00 45 00 00 00 00 00 00 00 00 00 	.0E0X0E000000000
  0xc960	25 00 73 00 20 00 25 00 73 00 00 00 2f 00 00 00 	%0s0 0%0s000/000
  0xc970	50 41 52 53 45 52 32 00 2d 00 2f 00 00 00 00 00 	PARSER20-0/00000
  0xc980	00 00 00 00 00 00 00 00 00 00 00 00 00 00 00 00 	0000000000000000
  0xc990	00 00 00 00 6a 46 42 65 00 00 00 00 02 00 00 00 	0000jFBe00000000
  0xc9a0	21 00 00 00 e4 c9 00 00 e4 b1 00 00 00 00 00 00 	!000000000000000
  0xc9b0	6a 46 42 65 00 00 00 00 0d 00 00 00 78 02 00 00 	jFBe00000000x000
  0xc9c0	08 ca 00 00 08 b2 00 00 00 00 00 00 6a 46 42 65 	000000000000jFBe
  0xc9d0	00 00 00 00 10 00 00 00 24 00 00 00 80 cc 00 00 	00000000$0000000
  0xc9e0	80 b4 00 00 52 53 44 53 70 5f 9b b1 5c d3 d3 c4 	0000RSDSp_000000
  0xc9f0	f0 5e 61 fc 19 0f 83 11 01 00 00 00 73 65 74 78 	0^a000000000setx
  0xca00	2e 70 64 62 00 00 00 00 47 43 54 4c 00 10 00 00 	.pdb0000GCTL0000
  0xca10	70 a2 00 00 2e 74 65 78 74 24 6d 6e 00 00 00 00 	p000.text$mn0000
  0xca20	70 b2 00 00 80 00 00 00 2e 74 65 78 74 24 6d 6e 	p0000000.text$mn
  0xca30	24 30 30 00 f0 b2 00 00 50 00 00 00 2e 74 65 78 	$0000000P000.tex
  0xca40	74 24 78 00 00 c0 00 00 28 01 00 00 2e 72 64 61 	t$x00000(000.rda
  0xca50	74 61 24 62 72 63 00 00 28 c1 00 00 68 04 00 00 	ta$brc00(000h000
  0xca60	2e 69 64 61 74 61 24 35 00 00 00 00 90 c5 00 00 	.idata$500000000
  0xca70	10 00 00 00 2e 30 30 63 66 67 00 00 a0 c5 00 00 	0000.00cfg000000
  0xca80	08 00 00 00 2e 43 52 54 24 58 43 41 00 00 00 00 	0000.CRT$XCA0000
  0xca90	a8 c5 00 00 08 00 00 00 2e 43 52 54 24 58 43 41 	00000000.CRT$XCA
  0xcaa0	41 00 00 00 b0 c5 00 00 08 00 00 00 2e 43 52 54 	A00000000000.CRT
  0xcab0	24 58 43 5a 00 00 00 00 b8 c5 00 00 08 00 00 00 	$XCZ000000000000
  0xcac0	2e 43 52 54 24 58 49 41 00 00 00 00 c0 c5 00 00 	.CRT$XIA00000000
  0xcad0	08 00 00 00 2e 43 52 54 24 58 49 41 41 00 00 00 	0000.CRT$XIAA000
  0xcae0	c8 c5 00 00 08 00 00 00 2e 43 52 54 24 58 49 59 	00000000.CRT$XIY
  0xcaf0	00 00 00 00 d0 c5 00 00 08 00 00 00 2e 43 52 54 	000000000000.CRT
  0xcb00	24 58 49 5a 00 00 00 00 d8 c5 00 00 24 00 00 00 	$XIZ00000000$000
  0xcb10	2e 67 66 69 64 73 00 00 fc c5 00 00 04 00 00 00 	.gfids0000000000
  0xcb20	2e 67 69 61 74 73 00 00 00 c6 00 00 e4 03 00 00 	.giats0000000000
  0xcb30	2e 72 64 61 74 61 00 00 e4 c9 00 00 c4 02 00 00 	.rdata0000000000
  0xcb40	2e 72 64 61 74 61 24 7a 7a 7a 64 62 67 00 00 00 	.rdata$zzzdbg000
  0xcb50	a8 cc 00 00 3c 05 00 00 2e 78 64 61 74 61 00 00 	0000<000.xdata00
  0xcb60	e4 d1 00 00 80 00 00 00 2e 64 69 64 61 74 24 32 	00000000.didat$2
  0xcb70	00 00 00 00 64 d2 00 00 24 00 00 00 2e 64 69 64 	0000d000$000.did
  0xcb80	61 74 24 33 00 00 00 00 88 d2 00 00 50 00 00 00 	at$300000000P000
  0xcb90	2e 64 69 64 61 74 24 34 00 00 00 00 d8 d2 00 00 	.didat$400000000
  0xcba0	88 00 00 00 2e 64 69 64 61 74 24 36 00 00 00 00 	0000.didat$60000
  0xcbb0	60 d3 00 00 50 00 00 00 2e 64 69 64 61 74 24 37 	`000P000.didat$7
  0xcbc0	00 00 00 00 b0 d3 00 00 44 02 00 00 2e 69 64 61 	00000000D000.ida
  0xcbd0	74 61 24 32 00 00 00 00 f4 d5 00 00 14 00 00 00 	ta$2000000000000
  0xcbe0	2e 69 64 61 74 61 24 33 00 00 00 00 08 d6 00 00 	.idata$300000000
  0xcbf0	68 04 00 00 2e 69 64 61 74 61 24 34 00 00 00 00 	h000.idata$40000
  0xcc00	70 da 00 00 9e 0a 00 00 2e 69 64 61 74 61 24 36 	p0000000.idata$6
  0xcc10	00 00 00 00 00 f0 00 00 20 00 00 00 2e 64 61 74 	00000000 000.dat
  0xcc20	61 00 00 00 20 f0 00 00 a8 07 00 00 2e 62 73 73 	a000 0000000.bss
  0xcc30	00 00 00 00 00 00 01 00 f8 04 00 00 2e 70 64 61 	000000000000.pda
  0xcc40	74 61 00 00 00 10 01 00 50 00 00 00 2e 64 69 64 	ta000000P000.did
  0xcc50	61 74 24 35 00 00 00 00 00 20 01 00 f0 00 00 00 	at$500000 000000
  0xcc60	2e 72 73 72 63 24 30 31 00 00 00 00 f0 20 01 00 	.rsrc$0100000 00
  0xcc70	28 07 00 00 2e 72 73 72 63 24 30 32 00 00 00 00 	(000.rsrc$020000
  0xcc80	20 00 00 00 70 5f 9b b1 5c d3 d3 c4 f0 5e 61 fc 	 000p_0000000^a0
  0xcc90	19 0f 83 11 c9 56 f1 c6 c4 ab 49 df a1 67 7d ba 	00000V0000I00g}0
  0xcca0	6a 46 42 65 00 00 00 00 01 12 05 00 12 42 0e 70 	jFBe000000000B0p
  0xccb0	0d 60 0c 50 0b 30 00 00 19 36 0b 00 25 34 04 04 	0`0P00000600%400
  0xccc0	25 01 fa 03 10 f0 0e e0 0c d0 0a c0 08 70 07 60 	%000000000000p0`
  0xccd0	06 50 00 00 b8 b1 00 00 c0 1f 00 00 01 19 0a 00 	0P00000000000000
  0xcce0	19 64 11 00 19 34 10 00 19 92 12 f0 10 e0 0e c0 	0d00040000000000
  0xccf0	0c 70 0b 50 19 2d 0a 00 1c 01 13 01 0d f0 0b e0 	0p0P0-0000000000
  0xcd00	09 d0 07 c0 05 70 04 60 03 30 02 50 b8 b1 00 00 	00000p0`000P0000
  0xcd10	80 08 00 00 19 26 0a 00 14 01 c9 00 0d f0 0b e0 	00000&0000000000
  0xcd20	09 d0 07 c0 05 70 04 60 03 50 02 30 b8 b1 00 00 	00000p0`0P000000
  0xcd30	30 06 00 00 01 15 08 00 15 74 08 00 15 64 07 00 	000000000t000d00
  0xcd40	15 34 06 00 15 32 11 e0 01 1e 0a 00 1e 34 10 00 	0400020000000400
  0xcd50	1e 72 1a f0 18 e0 16 d0 14 c0 12 70 11 60 10 50 	0r000000000p0`0P
  0xcd60	19 32 09 00 21 01 aa 05 0c f0 0a e0 08 d0 06 c0 	0200!00000000000
  0xcd70	04 70 03 60 02 50 00 00 b8 b1 00 00 40 2d 00 00 	0p0`0P000000@-00
  0xcd80	19 2b 07 00 1a 74 ca 00 1a 34 c8 00 1a 01 c6 00 	0+000t0004000000
  0xcd90	0b 50 00 00 b8 b1 00 00 20 06 00 00 19 26 0a 00 	0P000000 0000&00
  0xcda0	14 01 49 00 0d f0 0b e0 09 d0 07 c0 05 70 04 60 	00I0000000000p0`
  0xcdb0	03 50 02 30 b8 b1 00 00 30 02 00 00 19 30 0b 00 	0P00000000000000
  0xcdc0	1f 34 ce 00 1f 01 c6 00 10 f0 0e e0 0c d0 0a c0 	0400000000000000
  0xcdd0	08 70 07 60 06 50 00 00 b8 b1 00 00 20 06 00 00 	0p0`0P000000 000
  0xcde0	01 04 01 00 04 42 00 00 01 14 08 00 14 64 08 00 	00000B0000000d00
  0xcdf0	14 54 07 00 14 34 06 00 14 32 10 70 01 0a 02 00 	0T000400020p0000
  0xce00	0a 32 06 30 01 18 0a 00 18 64 0a 00 18 54 09 00 	020000000d000T00
  0xce10	18 34 08 00 18 32 14 f0 12 e0 10 70 01 0f 04 00 	04000200000p0000
  0xce20	0f 34 07 00 0f 32 0b 70 01 0f 06 00 0f 64 08 00 	0400020p00000d00
  0xce30	0f 34 07 00 0f 32 0b 70 01 12 08 00 12 54 0a 00 	0400020p00000T00
  0xce40	12 34 09 00 12 32 0e e0 0c 70 0b 60 01 0a 04 00 	040002000p0`0000
  0xce50	0a 34 07 00 0a 32 06 70 01 0b 04 00 0b 68 02 00 	0400020p00000h00
  0xce60	06 52 02 30 01 14 06 00 14 64 08 00 14 34 07 00 	0R0000000d000400
  0xce70	14 32 10 70 01 0f 06 00 0f 64 07 00 0f 34 06 00 	020p00000d000400
  0xce80	0f 32 0b 70 01 19 0a 00 19 74 09 00 19 64 08 00 	020p00000t000d00
  0xce90	19 54 07 00 19 34 06 00 19 32 15 e0 01 0a 04 00 	0T00040002000000
  0xcea0	0a 34 06 00 0a 32 06 70 01 14 08 00 14 64 09 00 	0400020p00000d00
  0xceb0	14 54 08 00 14 34 07 00 14 32 10 70 19 15 02 00 	0T000400020p0000
  0xcec0	06 d2 02 30 b8 b1 00 00 60 00 00 00 19 1e 06 00 	00000000`0000000
  0xced0	0f 64 0c 00 0f 34 0b 00 0f 72 0b 70 b8 b1 00 00 	0d0004000r0p0000
  0xcee0	30 00 00 00 19 27 07 00 16 01 50 01 07 e0 05 70 	00000'0000P0000p
  0xcef0	04 60 03 30 02 50 00 00 b8 b1 00 00 70 0a 00 00 	0`000P000000p000
  0xcf00	01 0f 06 00 0f 64 0d 00 0f 34 0c 00 0f 92 0b 70 	00000d000400000p
  0xcf10	01 06 02 00 06 32 02 30 01 1d 0a 00 1d 74 0d 00 	0000020000000t00
  0xcf20	1d 64 0b 00 1d 34 0a 00 1d 52 19 f0 17 e0 15 c0 	0d0004000R000000
  0xcf30	01 12 08 00 12 54 0a 00 12 34 08 00 12 32 0e e0 	00000T0004000200
  0xcf40	0c 70 0b 60 01 1b 07 00 1b 62 17 e0 15 c0 13 70 	0p0`00000b00000p
  0xcf50	12 60 11 50 10 30 00 00 01 06 02 00 06 72 02 30 	0`0P000000000r00
  0xcf60	01 0f 06 00 0f 64 0a 00 0f 34 09 00 0f 52 0b 70 	00000d0004000R0p
  0xcf70	01 0f 06 00 0f 64 09 00 0f 34 08 00 0f 52 0b 70 	00000d0004000R0p
  0xcf80	01 0a 04 00 0a 34 08 00 0a 32 06 70 19 19 02 00 	00000400020p0000
  0xcf90	07 01 2b 00 b8 b1 00 00 40 01 00 00 01 17 08 00 	00+00000@0000000
  0xcfa0	17 54 0e 00 17 34 0d 00 17 72 13 e0 11 70 10 60 	0T0004000r000p0`
  0xcfb0	01 14 04 00 14 68 02 00 06 52 02 30 01 1c 0c 00 	00000h000R000000
  0xcfc0	1c 64 0c 00 1c 54 0b 00 1c 34 0a 00 1c 32 18 f0 	0d000T0004000200
  0xcfd0	16 e0 14 d0 12 c0 10 70 19 1f 08 00 10 34 0e 00 	0000000p00000400
  0xcfe0	10 52 0c f0 0a e0 08 70 07 60 06 50 b8 b1 00 00 	0R00000p0`0P0000
  0xcff0	28 00 00 00 01 14 08 00 14 64 0a 00 14 54 09 00 	(00000000d000T00
  0xd000	14 34 08 00 14 52 10 70 01 04 01 00 04 62 00 00 	04000R0p00000b00
  0xd010	01 16 0a 00 16 54 10 00 16 34 0f 00 16 72 12 f0 	00000T0004000r00
  0xd020	10 e0 0e d0 0c 70 0b 60 01 11 07 00 11 a2 0d f0 	00000p0`00000000
  0xd030	0b e0 09 70 08 60 07 50 06 30 00 00 19 30 0c 00 	000p0`0P00000000
  0xd040	22 74 19 00 22 64 18 00 22 34 17 00 22 f2 18 f0 	"t00"d00"400"000
  0xd050	16 e0 14 d0 12 c0 10 50 b8 b1 00 00 70 00 00 00 	0000000P0000p000
  0xd060	09 06 02 00 06 52 02 30 4a ad 00 00 01 00 00 00 	00000R00J0000000
  0xd070	d5 8e 00 00 f1 8e 00 00 01 00 00 00 f3 8e 00 00 	0000000000000000
  0xd080	09 0a 04 00 0a 34 06 00 0a 32 06 70 4a ad 00 00 	00000400020pJ000
  0xd090	01 00 00 00 c8 8f 00 00 10 90 00 00 01 00 00 00 	0000000000000000
  0xd0a0	1a 90 00 00 01 17 0a 00 17 34 12 00 17 92 10 f0 	0000000004000000
  0xd0b0	0e e0 0c d0 0a c0 08 70 07 60 06 50 01 1c 0c 00 	0000000p0`0P0000
  0xd0c0	1c 64 0e 00 1c 54 0d 00 1c 34 0c 00 1c 52 18 f0 	0d000T0004000R00
  0xd0d0	16 e0 14 d0 12 c0 10 70 01 37 0e 00 37 78 05 00 	0000000p07007x00
  0xd0e0	30 68 06 00 1a 34 16 00 1a d2 16 f0 14 e0 12 d0 	0h00040000000000
  0xd0f0	10 c0 0e 70 0d 60 0c 50 01 22 09 00 22 c2 1b f0 	000p0`0P0"00"000
  0xd100	19 e0 17 d0 15 c0 13 70 12 60 11 30 10 50 00 00 	0000000p0`000P00
  0xd110	09 15 08 00 15 74 0a 00 15 64 09 00 15 34 08 00 	00000t000d000400
  0xd120	15 52 11 f0 4a ad 00 00 01 00 00 00 35 a8 00 00 	0R00J00000005000
  0xd130	9b a9 00 00 f3 b2 00 00 9b a9 00 00 01 06 02 00 	0000000000000000
  0xd140	06 32 02 50 00 00 00 00 01 00 00 00 09 04 01 00 	020P000000000000
  0xd150	04 22 00 00 4a ad 00 00 01 00 00 00 cc aa 00 00 	0"00J00000000000
  0xd160	02 ab 00 00 01 00 00 00 02 ab 00 00 09 0a 04 00 	0000000000000000
  0xd170	0a 34 06 00 0a 32 06 70 4a ad 00 00 01 00 00 00 	0400020pJ0000000
  0xd180	dd ab 00 00 10 ac 00 00 20 b3 00 00 10 ac 00 00 	00000000 0000000
  0xd190	01 0d 04 00 0d 34 09 00 0d 32 06 50 01 0c 02 00 	00000400020P0000
  0xd1a0	0c 01 11 00 00 00 00 00 01 00 00 00 01 18 01 00 	0000000000000000
  0xd1b0	18 c2 00 00 01 18 01 00 18 c2 00 00 01 18 01 00 	0000000000000000
  0xd1c0	18 c2 00 00 01 18 01 00 18 c2 00 00 01 02 01 00 	0000000000000000
  0xd1d0	02 30 00 00 00 00 00 00 02 04 03 00 01 16 00 06 	0000000000000000
  0xd1e0	04 12 00 00 01 00 00 00 00 c6 00 00 d0 f5 00 00 	0000000000000000
  0xd1f0	20 10 01 00 a8 d2 00 00 60 d3 00 00 00 00 00 00 	 0000000`0000000
  0xd200	00 00 00 00 01 00 00 00 10 c6 00 00 d8 f5 00 00 	0000000000000000
  0xd210	30 10 01 00 b8 d2 00 00 70 d3 00 00 00 00 00 00 	00000000p0000000
  0xd220	00 00 00 00 01 00 00 00 20 c6 00 00 e0 f5 00 00 	00000000 0000000
  0xd230	40 10 01 00 c8 d2 00 00 80 d3 00 00 00 00 00 00 	@000000000000000
  0xd240	00 00 00 00 01 00 00 00 30 c6 00 00 e8 f5 00 00 	0000000000000000
  0xd250	00 10 01 00 88 d2 00 00 90 d3 00 00 00 00 00 00 	0000000000000000
  0xd260	00 00 00 00 00 00 00 00 00 00 00 00 00 00 00 00 	0000000000000000
  0xd270	00 00 00 00 00 00 00 00 00 00 00 00 00 00 00 00 	0000000000000000
  0xd280	00 00 00 00 00 00 00 00 2c d3 00 00 00 00 00 00 	00000000,0000000
  0xd290	16 d3 00 00 00 00 00 00 46 d3 00 00 00 00 00 00 	00000000F0000000
  0xd2a0	00 00 00 00 00 00 00 00 d8 d2 00 00 00 00 00 00 	0000000000000000
  0xd2b0	00 00 00 00 00 00 00 00 ee d2 00 00 00 00 00 00 	0000000000000000
  0xd2c0	00 00 00 00 00 00 00 00 02 d3 00 00 00 00 00 00 	0000000000000000
  0xd2d0	00 00 00 00 00 00 00 00 08 02 53 65 6e 64 4d 65 	0000000000SendMe
  0xd2e0	73 73 61 67 65 54 69 6d 65 6f 75 74 57 00 01 00 	ssageTimeoutW000
  0xd2f0	4e 65 74 41 70 69 42 75 66 66 65 72 46 72 65 65 	NetApiBufferFree
  0xd300	00 00 24 00 4e 65 74 53 65 72 76 65 72 47 65 74 	00$0NetServerGet
  0xd310	49 6e 66 6f 00 00 0d 00 57 4e 65 74 41 64 64 43 	Info0000WNetAddC
  0xd320	6f 6e 6e 65 63 74 69 6f 6e 32 57 00 15 00 57 4e 	onnection2W000WN
  0xd330	65 74 43 61 6e 63 65 6c 43 6f 6e 6e 65 63 74 69 	etCancelConnecti
  0xd340	6f 6e 32 57 00 00 32 00 57 4e 65 74 47 65 74 4c 	on2W0020WNetGetL
  0xd350	61 73 74 45 72 72 6f 72 57 00 00 00 00 00 00 00 	astErrorW0000000
  0xd360	00 00 00 00 00 00 00 00 00 00 00 00 00 00 00 00 	0000000000000000
  0xd370	00 00 00 00 00 00 00 00 00 00 00 00 00 00 00 00 	0000000000000000
  0xd380	00 00 00 00 00 00 00 00 00 00 00 00 00 00 00 00 	0000000000000000
  0xd390	00 00 00 00 00 00 00 00 00 00 00 00 00 00 00 00 	0000000000000000
  0xd3a0	00 00 00 00 00 00 00 00 00 00 00 00 00 00 00 00 	0000000000000000
  0xd3b0	28 d9 00 00 00 00 00 00 00 00 00 00 94 db 00 00 	(000000000000000
  0xd3c0	48 c4 00 00 18 d8 00 00 00 00 00 00 00 00 00 00 	H000000000000000
  0xd3d0	da db 00 00 38 c3 00 00 50 d8 00 00 00 00 00 00 	00008000P0000000
  0xd3e0	00 00 00 00 0a dc 00 00 70 c3 00 00 f0 d7 00 00 	00000000p0000000
  0xd3f0	00 00 00 00 00 00 00 00 20 de 00 00 10 c3 00 00 	00000000 0000000
  0xd400	a0 d6 00 00 00 00 00 00 00 00 00 00 44 de 00 00 	000000000000D000
  0xd410	c0 c1 00 00 70 d7 00 00 00 00 00 00 00 00 00 00 	0000p00000000000
  0xd420	6e de 00 00 90 c2 00 00 c8 d6 00 00 00 00 00 00 	n000000000000000
  0xd430	00 00 00 00 96 de 00 00 e8 c1 00 00 f0 d6 00 00 	0000000000000000
  0xd440	00 00 00 00 00 00 00 00 b6 de 00 00 10 c2 00 00 	0000000000000000
  0xd450	00 d7 00 00 00 00 00 00 00 00 00 00 d8 de 00 00 	0000000000000000
  0xd460	20 c2 00 00 c8 d8 00 00 00 00 00 00 00 00 00 00 	 000000000000000
  0xd470	f8 de 00 00 e8 c3 00 00 50 d7 00 00 00 00 00 00 	00000000P0000000
  0xd480	00 00 00 00 1a df 00 00 70 c2 00 00 e0 d7 00 00 	00000000p0000000
  0xd490	00 00 00 00 00 00 00 00 44 df 00 00 00 c3 00 00 	00000000D0000000
  0xd4a0	b0 d7 00 00 00 00 00 00 00 00 00 00 68 df 00 00 	000000000000h000
  0xd4b0	d0 c2 00 00 d8 d8 00 00 00 00 00 00 00 00 00 00 	0000000000000000
  0xd4c0	92 df 00 00 f8 c3 00 00 30 d8 00 00 00 00 00 00 	0000000000000000
  0xd4d0	00 00 00 00 b6 df 00 00 50 c3 00 00 18 d6 00 00 	00000000P0000000
  0xd4e0	00 00 00 00 00 00 00 00 0c e0 00 00 38 c1 00 00 	0000000000008000
  0xd4f0	08 d6 00 00 00 00 00 00 00 00 00 00 2a e0 00 00 	000000000000*000
  0xd500	28 c1 00 00 b0 d8 00 00 00 00 00 00 00 00 00 00 	(000000000000000
  0xd510	e2 e0 00 00 d0 c3 00 00 90 d7 00 00 00 00 00 00 	0000000000000000
  0xd520	00 00 00 00 20 e1 00 00 b0 c2 00 00 40 d7 00 00 	0000 0000000@000
  0xd530	00 00 00 00 00 00 00 00 7a e3 00 00 60 c2 00 00 	00000000z000`000
  0xd540	f8 d8 00 00 00 00 00 00 00 00 00 00 9a e3 00 00 	0000000000000000
  0xd550	18 c4 00 00 80 d8 00 00 00 00 00 00 00 00 00 00 	0000000000000000
  0xd560	be e3 00 00 a0 c3 00 00 50 d6 00 00 00 00 00 00 	00000000P0000000
  0xd570	00 00 00 00 e0 e3 00 00 70 c1 00 00 a0 d7 00 00 	00000000p0000000
  0xd580	00 00 00 00 00 00 00 00 04 e4 00 00 c0 c2 00 00 	0000000000000000
  0xd590	08 d9 00 00 00 00 00 00 00 00 00 00 32 e4 00 00 	0000000000002000
  0xd5a0	28 c4 00 00 a0 d8 00 00 00 00 00 00 00 00 00 00 	(000000000000000
  0xd5b0	56 e4 00 00 c0 c3 00 00 90 d6 00 00 00 00 00 00 	V000000000000000
  0xd5c0	00 00 00 00 78 e4 00 00 b0 c1 00 00 80 d6 00 00 	0000x00000000000
  0xd5d0	00 00 00 00 00 00 00 00 9e e4 00 00 a0 c1 00 00 	0000000000000000
  0xd5e0	60 da 00 00 00 00 00 00 00 00 00 00 dc e4 00 00 	`000000000000000
  0xd5f0	80 c5 00 00 00 00 00 00 00 00 00 00 00 00 00 00 	0000000000000000
  0xd600	00 00 00 00 00 00 00 00 18 e0 00 00 00 00 00 00 	0000000000000000
  0xd610	00 00 00 00 00 00 00 00 74 00 00 00 00 00 00 80 	00000000t0000000
  0xd620	fc df 00 00 00 00 00 00 ec df 00 00 00 00 00 00 	0000000000000000
  0xd630	dc df 00 00 00 00 00 00 6f 00 00 00 00 00 00 80 	00000000o0000000
  0xd640	73 00 00 00 00 00 00 80 00 00 00 00 00 00 00 00 	s000000000000000
  0xd650	ce e1 00 00 00 00 00 00 7c e2 00 00 00 00 00 00 	00000000|0000000
  0xd660	5e e2 00 00 00 00 00 00 32 e2 00 00 00 00 00 00 	^000000020000000
  0xd670	14 e2 00 00 00 00 00 00 00 00 00 00 00 00 00 00 	0000000000000000
  0xd680	62 e3 00 00 00 00 00 00 00 00 00 00 00 00 00 00 	b000000000000000
  0xd690	4a e3 00 00 00 00 00 00 00 00 00 00 00 00 00 00 	J000000000000000
  0xd6a0	dc dd 00 00 00 00 00 00 f8 dc 00 00 00 00 00 00 	0000000000000000
  0xd6b0	a0 dc 00 00 00 00 00 00 4a dc 00 00 00 00 00 00 	00000000J0000000
  0xd6c0	00 00 00 00 00 00 00 00 c0 e1 00 00 00 00 00 00 	0000000000000000
  0xd6d0	80 dc 00 00 00 00 00 00 70 e2 00 00 00 00 00 00 	00000000p0000000
  0xd6e0	d4 dc 00 00 00 00 00 00 00 00 00 00 00 00 00 00 	0000000000000000
  0xd6f0	b0 dc 00 00 00 00 00 00 00 00 00 00 00 00 00 00 	0000000000000000
  0xd700	d4 e2 00 00 00 00 00 00 be dc 00 00 00 00 00 00 	0000000000000000
  0xd710	8c e2 00 00 00 00 00 00 9e e2 00 00 00 00 00 00 	0000000000000000
  0xd720	aa e2 00 00 00 00 00 00 c6 e2 00 00 00 00 00 00 	0000000000000000
  0xd730	ba e2 00 00 00 00 00 00 00 00 00 00 00 00 00 00 	0000000000000000
  0xd740	7a e1 00 00 00 00 00 00 00 00 00 00 00 00 00 00 	z000000000000000
  0xd750	9c e1 00 00 00 00 00 00 e0 e2 00 00 00 00 00 00 	0000000000000000
  0xd760	16 dd 00 00 00 00 00 00 00 00 00 00 00 00 00 00 	0000000000000000
  0xd770	68 e1 00 00 00 00 00 00 02 e2 00 00 00 00 00 00 	h000000000000000
  0xd780	5a dc 00 00 00 00 00 00 00 00 00 00 00 00 00 00 	Z000000000000000
  0xd790	0e e1 00 00 00 00 00 00 00 00 00 00 00 00 00 00 	0000000000000000
  0xd7a0	e0 e1 00 00 00 00 00 00 00 00 00 00 00 00 00 00 	0000000000000000
  0xd7b0	44 dd 00 00 00 00 00 00 5a dd 00 00 00 00 00 00 	D0000000Z0000000
  0xd7c0	24 e2 00 00 00 00 00 00 f8 dd 00 00 00 00 00 00 	$000000000000000
  0xd7d0	0c de 00 00 00 00 00 00 00 00 00 00 00 00 00 00 	0000000000000000
  0xd7e0	2a dd 00 00 00 00 00 00 00 00 00 00 00 00 00 00 	*000000000000000
  0xd7f0	e2 dc 00 00 00 00 00 00 70 dc 00 00 00 00 00 00 	00000000p0000000
  0xd800	36 dc 00 00 00 00 00 00 8e dc 00 00 00 00 00 00 	6000000000000000
  0xd810	00 00 00 00 00 00 00 00 b4 db 00 00 00 00 00 00 	0000000000000000
  0xd820	ca db 00 00 00 00 00 00 00 00 00 00 00 00 00 00 	0000000000000000
  0xd830	9a dd 00 00 00 00 00 00 c8 dd 00 00 00 00 00 00 	0000000000000000
  0xd840	ae dd 00 00 00 00 00 00 00 00 00 00 00 00 00 00 	0000000000000000
  0xd850	c0 e0 00 00 00 00 00 00 9e e0 00 00 00 00 00 00 	0000000000000000
  0xd860	fe db 00 00 00 00 00 00 aa e0 00 00 00 00 00 00 	0000000000000000
  0xd870	b4 e0 00 00 00 00 00 00 00 00 00 00 00 00 00 00 	0000000000000000
  0xd880	48 e2 00 00 00 00 00 00 f0 e1 00 00 00 00 00 00 	H000000000000000
  0xd890	aa e1 00 00 00 00 00 00 00 00 00 00 00 00 00 00 	0000000000000000
  0xd8a0	3c e3 00 00 00 00 00 00 00 00 00 00 00 00 00 00 	<000000000000000
  0xd8b0	ca e0 00 00 00 00 00 00 d6 e0 00 00 00 00 00 00 	0000000000000000
  0xd8c0	00 00 00 00 00 00 00 00 f0 dc 00 00 00 00 00 00 	0000000000000000
  0xd8d0	00 00 00 00 00 00 00 00 52 e1 00 00 00 00 00 00 	00000000R0000000
  0xd8e0	8a dd 00 00 00 00 00 00 70 dd 00 00 00 00 00 00 	00000000p0000000
  0xd8f0	00 00 00 00 00 00 00 00 86 e1 00 00 00 00 00 00 	0000000000000000
  0xd900	00 00 00 00 00 00 00 00 f6 e2 00 00 00 00 00 00 	0000000000000000
  0xd910	12 e3 00 00 00 00 00 00 2a e3 00 00 00 00 00 00 	00000000*0000000
  0xd920	00 00 00 00 00 00 00 00 70 da 00 00 00 00 00 00 	00000000p0000000
  0xd930	90 da 00 00 00 00 00 00 9a da 00 00 00 00 00 00 	0000000000000000
  0xd940	10 db 00 00 00 00 00 00 a6 da 00 00 00 00 00 00 	0000000000000000
  0xd950	ae da 00 00 00 00 00 00 b6 da 00 00 00 00 00 00 	0000000000000000
  0xd960	22 db 00 00 00 00 00 00 02 db 00 00 00 00 00 00 	"000000000000000
  0xd970	78 da 00 00 00 00 00 00 f4 da 00 00 00 00 00 00 	x000000000000000
  0xd980	36 e0 00 00 00 00 00 00 ea da 00 00 00 00 00 00 	6000000000000000
  0xd990	86 da 00 00 00 00 00 00 e0 da 00 00 00 00 00 00 	0000000000000000
  0xd9a0	5a e0 00 00 00 00 00 00 fa e4 00 00 00 00 00 00 	Z000000000000000
  0xd9b0	a0 db 00 00 00 00 00 00 64 e0 00 00 00 00 00 00 	00000000d0000000
  0xd9c0	6e e0 00 00 00 00 00 00 88 db 00 00 00 00 00 00 	n000000000000000
  0xd9d0	7e db 00 00 00 00 00 00 d6 da 00 00 00 00 00 00 	~000000000000000
  0xd9e0	66 db 00 00 00 00 00 00 94 e0 00 00 00 00 00 00 	f000000000000000
  0xd9f0	50 e0 00 00 00 00 00 00 5a db 00 00 00 00 00 00 	P0000000Z0000000
  0xda00	8a e0 00 00 00 00 00 00 46 db 00 00 00 00 00 00 	00000000F0000000
  0xda10	cc da 00 00 00 00 00 00 3c db 00 00 00 00 00 00 	00000000<0000000
  0xda20	78 e0 00 00 00 00 00 00 44 e0 00 00 00 00 00 00 	x0000000D0000000
  0xda30	34 db 00 00 00 00 00 00 c2 da 00 00 00 00 00 00 	4000000000000000
  0xda40	f0 e4 00 00 00 00 00 00 e6 e4 00 00 00 00 00 00 	0000000000000000
  0xda50	04 e5 00 00 00 00 00 00 00 00 00 00 00 00 00 00 	0000000000000000
  0xda60	c4 e4 00 00 00 00 00 00 00 00 00 00 00 00 00 00 	0000000000000000
  0xda70	32 04 65 78 69 74 00 00 69 03 5f 76 73 6e 77 70 	20exit00i0_vsnwp
  0xda80	72 69 6e 74 66 00 18 05 77 63 73 74 6f 6c 00 00 	rintf000wcstol00
  0xda90	36 04 66 63 6c 6f 73 65 00 00 72 04 69 73 77 63 	60fclose00r0iswc
  0xdaa0	74 79 70 65 00 00 05 04 5f 77 74 6f 69 00 52 04 	type0000_wtoi0R0
  0xdab0	66 73 65 65 6b 00 98 03 5f 77 63 73 6e 73 65 74 	fseek000_wcsnset
  0xdac0	00 00 16 05 77 63 73 74 6f 6b 00 00 01 05 77 63 	0000wcstok0000wc
  0xdad0	73 63 68 72 00 00 c3 03 5f 77 66 6f 70 65 6e 00 	schr0000_wfopen0
  0xdae0	14 05 77 63 73 73 74 72 00 00 3e 04 66 67 65 74 	00wcsstr00>0fget
  0xdaf0	77 73 00 00 55 00 5f 58 63 70 74 46 69 6c 74 65 	ws00U0_XcptFilte
  0xdb00	72 00 ae 00 5f 61 6d 73 67 5f 65 78 69 74 00 00 	r000_amsg_exit00
  0xdb10	9d 00 5f 5f 77 67 65 74 6d 61 69 6e 61 72 67 73 	00__wgetmainargs
  0xdb20	00 00 8e 00 5f 5f 73 65 74 5f 61 70 70 5f 74 79 	0000__set_app_ty
  0xdb30	70 65 00 00 0e 01 5f 65 78 69 74 00 c1 00 5f 63 	pe0000_exit000_c
  0xdb40	65 78 69 74 00 00 90 00 5f 5f 73 65 74 75 73 65 	exit0000__setuse
  0xdb50	72 6d 61 74 68 65 72 72 00 00 7d 01 5f 69 6e 69 	rmatherr00}0_ini
  0xdb60	74 74 65 72 6d 00 57 00 5f 5f 43 5f 73 70 65 63 	tterm0W0__C_spec
  0xdb70	69 66 69 63 5f 68 61 6e 64 6c 65 72 00 00 27 01 	ific_handler00'0
  0xdb80	5f 66 6d 6f 64 65 00 00 d2 00 5f 63 6f 6d 6d 6f 	_fmode0000_commo
  0xdb90	64 65 00 00 6d 73 76 63 72 74 2e 64 6c 6c 00 00 	de00msvcrt.dll00
  0xdba0	2f 00 3f 74 65 72 6d 69 6e 61 74 65 40 40 59 41 	/0?terminate@@YA
  0xdbb0	58 58 5a 00 01 00 52 65 67 43 6f 6e 6e 65 63 74 	XXZ000RegConnect
  0xdbc0	52 65 67 69 73 74 72 79 57 00 06 00 52 65 67 43 	RegistryW000RegC
  0xdbd0	72 65 61 74 65 4b 65 79 57 00 61 70 69 2d 6d 73 	reateKeyW0api-ms
  0xdbe0	2d 77 69 6e 2d 63 6f 72 65 2d 72 65 67 69 73 74 	-win-core-regist
  0xdbf0	72 79 2d 6c 32 2d 31 2d 30 2e 64 6c 6c 00 3b 00 	ry-l2-1-0.dll0;0
  0xdc00	53 74 72 54 72 69 6d 57 00 00 61 70 69 2d 6d 73 	StrTrimW00api-ms
  0xdc10	2d 77 69 6e 2d 63 6f 72 65 2d 73 68 6c 77 61 70 	-win-core-shlwap
  0xdc20	69 2d 6f 62 73 6f 6c 65 74 65 2d 6c 31 2d 31 2d 	i-obsolete-l1-1-
  0xdc30	30 2e 64 6c 6c 00 25 00 52 65 67 51 75 65 72 79 	0.dll0%0RegQuery
  0xdc40	56 61 6c 75 65 45 78 57 00 00 0d 00 53 65 74 4c 	ValueExW0000SetL
  0xdc50	61 73 74 45 72 72 6f 72 00 00 3f 00 53 65 74 54 	astError00?0SetT
  0xdc60	68 72 65 61 64 55 49 4c 61 6e 67 75 61 67 65 00 	hreadUILanguage0
  0xdc70	1e 00 52 65 67 4f 70 65 6e 4b 65 79 45 78 57 00 	00RegOpenKeyExW0
  0xdc80	06 00 43 72 65 61 74 65 46 69 6c 65 57 00 2e 00 	00CreateFileW0.0
  0xdc90	52 65 67 53 65 74 56 61 6c 75 65 45 78 57 00 00 	RegSetValueExW00
  0xdca0	05 00 47 65 74 4c 61 73 74 45 72 72 6f 72 00 00 	00GetLastError00
  0xdcb0	00 00 43 6c 6f 73 65 48 61 6e 64 6c 65 00 0a 00 	00CloseHandle000
  0xdcc0	48 65 61 70 53 65 74 49 6e 66 6f 72 6d 61 74 69 	HeapSetInformati
  0xdcd0	6f 6e 00 00 2e 00 47 65 74 46 69 6c 65 53 69 7a 	on00.0GetFileSiz
  0xdce0	65 00 00 00 52 65 67 43 6c 6f 73 65 4b 65 79 00 	e000RegCloseKey0
  0xdcf0	2d 00 53 6c 65 65 70 00 0f 00 53 65 74 55 6e 68 	-0Sleep000SetUnh
  0xdd00	61 6e 64 6c 65 64 45 78 63 65 70 74 69 6f 6e 46 	andledExceptionF
  0xdd10	69 6c 74 65 72 00 14 00 47 65 74 4d 6f 64 75 6c 	ilter000GetModul
  0xdd20	65 48 61 6e 64 6c 65 57 00 00 00 00 51 75 65 72 	eHandleW0000Quer
  0xdd30	79 50 65 72 66 6f 72 6d 61 6e 63 65 43 6f 75 6e 	yPerformanceCoun
  0xdd40	74 65 72 00 0d 00 47 65 74 43 75 72 72 65 6e 74 	ter000GetCurrent
  0xdd50	50 72 6f 63 65 73 73 49 64 00 11 00 47 65 74 43 	ProcessId000GetC
  0xdd60	75 72 72 65 6e 74 54 68 72 65 61 64 49 64 00 00 	urrentThreadId00
  0xdd70	16 00 47 65 74 53 79 73 74 65 6d 54 69 6d 65 41 	00GetSystemTimeA
  0xdd80	73 46 69 6c 65 54 69 6d 65 00 1a 00 47 65 74 54 	sFileTime000GetT
  0xdd90	69 63 6b 43 6f 75 6e 74 00 00 02 00 52 74 6c 43 	ickCount0000RtlC
  0xdda0	61 70 74 75 72 65 43 6f 6e 74 65 78 74 00 0a 00 	aptureContext000
  0xddb0	52 74 6c 4c 6f 6f 6b 75 70 46 75 6e 63 74 69 6f 	RtlLookupFunctio
  0xddc0	6e 45 6e 74 72 79 00 00 10 00 52 74 6c 56 69 72 	nEntry0000RtlVir
  0xddd0	74 75 61 6c 55 6e 77 69 6e 64 00 00 11 00 55 6e 	tualUnwind0000Un
  0xdde0	68 61 6e 64 6c 65 64 45 78 63 65 70 74 69 6f 6e 	handledException
  0xddf0	46 69 6c 74 65 72 00 00 0c 00 47 65 74 43 75 72 	Filter0000GetCur
  0xde00	72 65 6e 74 50 72 6f 63 65 73 73 00 4e 00 54 65 	rentProcess0N0Te
  0xde10	72 6d 69 6e 61 74 65 50 72 6f 63 65 73 73 00 00 	rminateProcess00
  0xde20	61 70 69 2d 6d 73 2d 77 69 6e 2d 63 6f 72 65 2d 	api-ms-win-core-
  0xde30	72 65 67 69 73 74 72 79 2d 6c 31 2d 31 2d 30 2e 	registry-l1-1-0.
  0xde40	64 6c 6c 00 61 70 69 2d 6d 73 2d 77 69 6e 2d 63 	dll0api-ms-win-c
  0xde50	6f 72 65 2d 65 72 72 6f 72 68 61 6e 64 6c 69 6e 	ore-errorhandlin
  0xde60	67 2d 6c 31 2d 31 2d 30 2e 64 6c 6c 00 00 61 70 	g-l1-1-0.dll00ap
  0xde70	69 2d 6d 73 2d 77 69 6e 2d 63 6f 72 65 2d 6c 6f 	i-ms-win-core-lo
  0xde80	63 61 6c 69 7a 61 74 69 6f 6e 2d 6c 31 2d 32 2d 	calization-l1-2-
  0xde90	30 2e 64 6c 6c 00 61 70 69 2d 6d 73 2d 77 69 6e 	0.dll0api-ms-win
  0xdea0	2d 63 6f 72 65 2d 66 69 6c 65 2d 6c 31 2d 31 2d 	-core-file-l1-1-
  0xdeb0	30 2e 64 6c 6c 00 61 70 69 2d 6d 73 2d 77 69 6e 	0.dll0api-ms-win
  0xdec0	2d 63 6f 72 65 2d 68 61 6e 64 6c 65 2d 6c 31 2d 	-core-handle-l1-
  0xded0	31 2d 30 2e 64 6c 6c 00 61 70 69 2d 6d 73 2d 77 	1-0.dll0api-ms-w
  0xdee0	69 6e 2d 63 6f 72 65 2d 68 65 61 70 2d 6c 31 2d 	in-core-heap-l1-
  0xdef0	31 2d 30 2e 64 6c 6c 00 61 70 69 2d 6d 73 2d 77 	1-0.dll0api-ms-w
  0xdf00	69 6e 2d 63 6f 72 65 2d 73 79 6e 63 68 2d 6c 31 	in-core-synch-l1
  0xdf10	2d 32 2d 30 2e 64 6c 6c 00 00 61 70 69 2d 6d 73 	-2-0.dll00api-ms
  0xdf20	2d 77 69 6e 2d 63 6f 72 65 2d 6c 69 62 72 61 72 	-win-core-librar
  0xdf30	79 6c 6f 61 64 65 72 2d 6c 31 2d 32 2d 30 2e 64 	yloader-l1-2-0.d
  0xdf40	6c 6c 00 00 61 70 69 2d 6d 73 2d 77 69 6e 2d 63 	ll00api-ms-win-c
  0xdf50	6f 72 65 2d 70 72 6f 66 69 6c 65 2d 6c 31 2d 31 	ore-profile-l1-1
  0xdf60	2d 30 2e 64 6c 6c 00 00 61 70 69 2d 6d 73 2d 77 	-0.dll00api-ms-w
  0xdf70	69 6e 2d 63 6f 72 65 2d 70 72 6f 63 65 73 73 74 	in-core-processt
  0xdf80	68 72 65 61 64 73 2d 6c 31 2d 31 2d 30 2e 64 6c 	hreads-l1-1-0.dl
  0xdf90	6c 00 61 70 69 2d 6d 73 2d 77 69 6e 2d 63 6f 72 	l0api-ms-win-cor
  0xdfa0	65 2d 73 79 73 69 6e 66 6f 2d 6c 31 2d 31 2d 30 	e-sysinfo-l1-1-0
  0xdfb0	2e 64 6c 6c 00 00 61 70 69 2d 6d 73 2d 77 69 6e 	.dll00api-ms-win
  0xdfc0	2d 63 6f 72 65 2d 72 74 6c 73 75 70 70 6f 72 74 	-core-rtlsupport
  0xdfd0	2d 6c 31 2d 31 2d 30 2e 64 6c 6c 00 07 00 47 65 	-l1-1-0.dll000Ge
  0xdfe0	74 41 64 64 72 49 6e 66 6f 57 00 00 09 00 47 65 	tAddrInfoW0000Ge
  0xdff0	74 4e 61 6d 65 49 6e 66 6f 57 00 00 02 00 46 72 	tNameInfoW0000Fr
  0xe000	65 65 41 64 64 72 49 6e 66 6f 57 00 57 53 32 5f 	eeAddrInfoW0WS2_
  0xe010	33 32 2e 64 6c 6c 00 00 19 00 47 65 74 55 73 65 	32.dll0000GetUse
  0xe020	72 4e 61 6d 65 45 78 57 00 00 53 73 70 69 43 6c 	rNameExW00SspiCl
  0xe030	69 2e 64 6c 6c 00 81 00 5f 5f 69 6f 62 5f 66 75 	i.dll000__iob_fu
  0xe040	6e 63 00 00 82 02 5f 6d 65 6d 69 63 6d 70 00 00 	nc0000_memicmp00
  0xe050	05 01 5f 65 72 72 6e 6f 00 00 15 05 77 63 73 74 	00_errno0000wcst
  0xe060	6f 64 00 00 1b 05 77 63 73 74 6f 75 6c 00 1b 01 	od0000wcstoul000
  0xe070	5f 66 69 6c 65 6e 6f 00 55 01 5f 67 65 74 5f 6f 	_fileno0U0_get_o
  0xe080	73 66 68 61 6e 64 6c 65 00 00 45 04 66 70 72 69 	sfhandle00E0fpri
  0xe090	6e 74 66 00 39 04 66 66 6c 75 73 68 00 00 0a 00 	ntf090fflush0000
  0xe0a0	53 74 72 43 68 72 49 57 00 00 0d 00 53 74 72 43 	StrChrIW0000StrC
  0xe0b0	68 72 57 00 30 00 53 74 72 53 74 72 49 57 00 00 	hrW000StrStrIW00
  0xe0c0	33 00 53 74 72 53 74 72 57 00 0b 00 6c 73 74 72 	30StrStrW000lstr
  0xe0d0	6c 65 6e 57 00 00 0a 00 6c 73 74 72 6c 65 6e 41 	lenW0000lstrlenA
  0xe0e0	00 00 61 70 69 2d 6d 73 2d 77 69 6e 2d 63 6f 72 	00api-ms-win-cor
  0xe0f0	65 2d 73 74 72 69 6e 67 2d 6f 62 73 6f 6c 65 74 	e-string-obsolet
  0xe100	65 2d 6c 31 2d 31 2d 30 2e 64 6c 6c 00 00 00 00 	e-l1-1-0.dll0000
  0xe110	43 6f 6d 70 61 72 65 53 74 72 69 6e 67 41 00 00 	CompareStringA00
  0xe120	61 70 69 2d 6d 73 2d 77 69 6e 2d 63 6f 72 65 2d 	api-ms-win-core-
  0xe130	6c 6f 63 61 6c 69 7a 61 74 69 6f 6e 2d 6f 62 73 	localization-obs
  0xe140	6f 6c 65 74 65 2d 6c 31 2d 32 2d 30 2e 64 6c 6c 	olete-l1-2-0.dll
  0xe150	00 00 03 00 47 65 74 43 6f 6d 70 75 74 65 72 4e 	0000GetComputerN
  0xe160	61 6d 65 45 78 57 00 00 09 00 46 6f 72 6d 61 74 	ameExW0000Format
  0xe170	4d 65 73 73 61 67 65 57 00 00 03 00 4c 6f 63 61 	MessageW0000Loca
  0xe180	6c 46 72 65 65 00 2d 00 56 65 72 53 65 74 43 6f 	lFree0-0VerSetCo
  0xe190	6e 64 69 74 69 6f 6e 4d 61 73 6b 00 1c 00 4c 6f 	nditionMask000Lo
  0xe1a0	61 64 53 74 72 69 6e 67 57 00 07 00 57 69 64 65 	adStringW000Wide
  0xe1b0	43 68 61 72 54 6f 4d 75 6c 74 69 42 79 74 65 00 	CharToMultiByte0
  0xe1c0	31 00 47 65 74 46 69 6c 65 54 79 70 65 00 06 00 	10GetFileType000
  0xe1d0	47 65 74 43 6f 6e 73 6f 6c 65 4d 6f 64 65 00 00 	GetConsoleMode00
  0xe1e0	0c 00 47 65 74 53 74 64 48 61 6e 64 6c 65 00 00 	00GetStdHandle00
  0xe1f0	02 00 43 6f 6d 70 61 72 65 53 74 72 69 6e 67 57 	00CompareStringW
  0xe200	00 00 1e 00 47 65 74 54 68 72 65 61 64 4c 6f 63 	0000GetThreadLoc
  0xe210	61 6c 65 00 13 00 57 72 69 74 65 43 6f 6e 73 6f 	ale000WriteConso
  0xe220	6c 65 57 00 08 00 45 78 69 74 50 72 6f 63 65 73 	leW000ExitProces
  0xe230	73 00 07 00 47 65 74 43 6f 6e 73 6f 6c 65 4f 75 	s000GetConsoleOu
  0xe240	74 70 75 74 43 50 00 00 06 00 4d 75 6c 74 69 42 	tputCP0000MultiB
  0xe250	79 74 65 54 6f 57 69 64 65 43 68 61 72 00 11 00 	yteToWideChar000
  0xe260	53 65 74 43 6f 6e 73 6f 6c 65 4d 6f 64 65 00 00 	SetConsoleMode00
  0xe270	49 00 52 65 61 64 46 69 6c 65 00 00 0e 00 52 65 	I0ReadFile0000Re
  0xe280	61 64 43 6f 6e 73 6f 6c 65 57 00 00 00 00 47 65 	adConsoleW0000Ge
  0xe290	74 50 72 6f 63 65 73 73 48 65 61 70 00 00 06 00 	tProcessHeap0000
  0xe2a0	48 65 61 70 46 72 65 65 00 00 0d 00 48 65 61 70 	HeapFree0000Heap
  0xe2b0	56 61 6c 69 64 61 74 65 00 00 02 00 48 65 61 70 	Validate0000Heap
  0xe2c0	41 6c 6c 6f 63 00 09 00 48 65 61 70 52 65 41 6c 	Alloc000HeapReAl
  0xe2d0	6c 6f 63 00 0b 00 48 65 61 70 53 69 7a 65 00 00 	loc000HeapSize00
  0xe2e0	10 00 47 65 74 4d 6f 64 75 6c 65 46 69 6c 65 4e 	00GetModuleFileN
  0xe2f0	61 6d 65 57 00 00 01 00 47 65 74 46 69 6c 65 56 	ameW0000GetFileV
  0xe300	65 72 73 69 6f 6e 49 6e 66 6f 53 69 7a 65 45 78 	ersionInfoSizeEx
  0xe310	57 00 00 00 47 65 74 46 69 6c 65 56 65 72 73 69 	W000GetFileVersi
  0xe320	6f 6e 49 6e 66 6f 45 78 57 00 05 00 56 65 72 51 	onInfoExW000VerQ
  0xe330	75 65 72 79 56 61 6c 75 65 57 00 00 05 00 43 68 	ueryValueW0000Ch
  0xe340	61 72 55 70 70 65 72 57 00 00 01 00 52 65 73 6f 	arUpperW0000Reso
  0xe350	6c 76 65 44 65 6c 61 79 4c 6f 61 64 65 64 41 50 	lveDelayLoadedAP
  0xe360	49 00 00 00 44 65 6c 61 79 4c 6f 61 64 46 61 69 	I000DelayLoadFai
  0xe370	6c 75 72 65 48 6f 6f 6b 00 00 61 70 69 2d 6d 73 	lureHook00api-ms
  0xe380	2d 77 69 6e 2d 63 6f 72 65 2d 68 65 61 70 2d 6c 	-win-core-heap-l
  0xe390	32 2d 31 2d 30 2e 64 6c 6c 00 61 70 69 2d 6d 73 	2-1-0.dll0api-ms
  0xe3a0	2d 77 69 6e 2d 63 6f 72 65 2d 73 79 73 69 6e 66 	-win-core-sysinf
  0xe3b0	6f 2d 6c 31 2d 32 2d 30 2e 64 6c 6c 00 00 61 70 	o-l1-2-0.dll00ap
  0xe3c0	69 2d 6d 73 2d 77 69 6e 2d 63 6f 72 65 2d 73 74 	i-ms-win-core-st
  0xe3d0	72 69 6e 67 2d 6c 31 2d 31 2d 30 2e 64 6c 6c 00 	ring-l1-1-0.dll0
  0xe3e0	61 70 69 2d 6d 73 2d 77 69 6e 2d 63 6f 72 65 2d 	api-ms-win-core-
  0xe3f0	63 6f 6e 73 6f 6c 65 2d 6c 31 2d 31 2d 30 2e 64 	console-l1-1-0.d
  0xe400	6c 6c 00 00 61 70 69 2d 6d 73 2d 77 69 6e 2d 63 	ll00api-ms-win-c
  0xe410	6f 72 65 2d 70 72 6f 63 65 73 73 65 6e 76 69 72 	ore-processenvir
  0xe420	6f 6e 6d 65 6e 74 2d 6c 31 2d 31 2d 30 2e 64 6c 	onment-l1-1-0.dl
  0xe430	6c 00 61 70 69 2d 6d 73 2d 77 69 6e 2d 63 6f 72 	l0api-ms-win-cor
  0xe440	65 2d 76 65 72 73 69 6f 6e 2d 6c 31 2d 31 2d 30 	e-version-l1-1-0
  0xe450	2e 64 6c 6c 00 00 61 70 69 2d 6d 73 2d 77 69 6e 	.dll00api-ms-win
  0xe460	2d 63 6f 72 65 2d 73 74 72 69 6e 67 2d 6c 32 2d 	-core-string-l2-
  0xe470	31 2d 30 2e 64 6c 6c 00 61 70 69 2d 6d 73 2d 77 	1-0.dll0api-ms-w
  0xe480	69 6e 2d 63 6f 72 65 2d 64 65 6c 61 79 6c 6f 61 	in-core-delayloa
  0xe490	64 2d 6c 31 2d 31 2d 31 2e 64 6c 6c 00 00 61 70 	d-l1-1-1.dll00ap
  0xe4a0	69 2d 6d 73 2d 77 69 6e 2d 63 6f 72 65 2d 64 65 	i-ms-win-core-de
  0xe4b0	6c 61 79 6c 6f 61 64 2d 6c 31 2d 31 2d 30 2e 64 	layload-l1-1-0.d
  0xe4c0	6c 6c 00 00 26 06 52 74 6c 56 65 72 69 66 79 56 	ll00&0RtlVerifyV
  0xe4d0	65 72 73 69 6f 6e 49 6e 66 6f 00 00 6e 74 64 6c 	ersionInfo00ntdl
  0xe4e0	6c 2e 64 6c 6c 00 90 04 6d 65 6d 63 68 72 00 00 	l.dll000memchr00
  0xe4f0	92 04 6d 65 6d 63 70 79 00 00 94 04 6d 65 6d 6d 	00memcpy0000memm
  0xe500	6f 76 65 00 96 04 6d 65 6d 73 65 74 00 00 00 00 	ove000memset0000
  0xe510	00 00 00 00 00 00 00 00 00 00 00 00 00 00 00 00 	0000000000000000
  0xe520	00 00 00 00 00 00 00 00 00 00 00 00 00 00 00 00 	0000000000000000
  0xe530	00 00 00 00 00 00 00 00 00 00 00 00 00 00 00 00 	0000000000000000
  0xe540	00 00 00 00 00 00 00 00 00 00 00 00 00 00 00 00 	0000000000000000
  0xe550	00 00 00 00 00 00 00 00 00 00 00 00 00 00 00 00 	0000000000000000
  0xe560	00 00 00 00 00 00 00 00 00 00 00 00 00 00 00 00 	0000000000000000
  0xe570	00 00 00 00 00 00 00 00 00 00 00 00 00 00 00 00 	0000000000000000
  0xe580	00 00 00 00 00 00 00 00 00 00 00 00 00 00 00 00 	0000000000000000
  0xe590	00 00 00 00 00 00 00 00 00 00 00 00 00 00 00 00 	0000000000000000
  0xe5a0	00 00 00 00 00 00 00 00 00 00 00 00 00 00 00 00 	0000000000000000
  0xe5b0	00 00 00 00 00 00 00 00 00 00 00 00 00 00 00 00 	0000000000000000
  0xe5c0	00 00 00 00 00 00 00 00 00 00 00 00 00 00 00 00 	0000000000000000
  0xe5d0	00 00 00 00 00 00 00 00 00 00 00 00 00 00 00 00 	0000000000000000
  0xe5e0	00 00 00 00 00 00 00 00 00 00 00 00 00 00 00 00 	0000000000000000
  0xe5f0	00 00 00 00 00 00 00 00 00 00 00 00 00 00 00 00 	0000000000000000
=== DATA BLOCK END ===

=== DATA BLOCK ADDRESS 0xf000 ===
  0xf000	01 00 00 00 00 00 00 00 32 a2 df 2d 99 2b 00 00 	00000000200-0+00
  0xf010	cd 5d 20 d2 66 d4 ff ff 00 00 00 00 00 00 00 00 	0] 0f00000000000
  0xf020	00 00 00 00 00 00 00 00 00 00 00 00 00 00 00 00 	0000000000000000
  0xf030	00 00 00 00 00 00 00 00 00 00 00 00 00 00 00 00 	0000000000000000
  0xf040	00 00 00 00 00 00 00 00 00 00 00 00 00 00 00 00 	0000000000000000
  0xf050	00 00 00 00 00 00 00 00 00 00 00 00 00 00 00 00 	0000000000000000
  0xf060	00 00 00 00 00 00 00 00 00 00 00 00 00 00 00 00 	0000000000000000
  0xf070	00 00 00 00 00 00 00 00 00 00 00 00 00 00 00 00 	0000000000000000
  0xf080	00 00 00 00 00 00 00 00 00 00 00 00 00 00 00 00 	0000000000000000
  0xf090	00 00 00 00 00 00 00 00 00 00 00 00 00 00 00 00 	0000000000000000
  0xf0a0	00 00 00 00 00 00 00 00 00 00 00 00 00 00 00 00 	0000000000000000
  0xf0b0	00 00 00 00 00 00 00 00 00 00 00 00 00 00 00 00 	0000000000000000
  0xf0c0	00 00 00 00 00 00 00 00 00 00 00 00 00 00 00 00 	0000000000000000
  0xf0d0	00 00 00 00 00 00 00 00 00 00 00 00 00 00 00 00 	0000000000000000
  0xf0e0	00 00 00 00 00 00 00 00 00 00 00 00 00 00 00 00 	0000000000000000
  0xf0f0	00 00 00 00 00 00 00 00 00 00 00 00 00 00 00 00 	0000000000000000
  0xf100	00 00 00 00 00 00 00 00 00 00 00 00 00 00 00 00 	0000000000000000
  0xf110	00 00 00 00 00 00 00 00 00 00 00 00 00 00 00 00 	0000000000000000
  0xf120	00 00 00 00 00 00 00 00 00 00 00 00 00 00 00 00 	0000000000000000
  0xf130	00 00 00 00 00 00 00 00 00 00 00 00 00 00 00 00 	0000000000000000
  0xf140	00 00 00 00 00 00 00 00 00 00 00 00 00 00 00 00 	0000000000000000
  0xf150	00 00 00 00 00 00 00 00 00 00 00 00 00 00 00 00 	0000000000000000
  0xf160	00 00 00 00 00 00 00 00 00 00 00 00 00 00 00 00 	0000000000000000
  0xf170	00 00 00 00 00 00 00 00 00 00 00 00 00 00 00 00 	0000000000000000
  0xf180	00 00 00 00 00 00 00 00 00 00 00 00 00 00 00 00 	0000000000000000
  0xf190	00 00 00 00 00 00 00 00 00 00 00 00 00 00 00 00 	0000000000000000
  0xf1a0	00 00 00 00 00 00 00 00 00 00 00 00 00 00 00 00 	0000000000000000
  0xf1b0	00 00 00 00 00 00 00 00 00 00 00 00 00 00 00 00 	0000000000000000
  0xf1c0	00 00 00 00 00 00 00 00 00 00 00 00 00 00 00 00 	0000000000000000
  0xf1d0	00 00 00 00 00 00 00 00 00 00 00 00 00 00 00 00 	0000000000000000
  0xf1e0	00 00 00 00 00 00 00 00 00 00 00 00 00 00 00 00 	0000000000000000
  0xf1f0	00 00 00 00 00 00 00 00 00 00 00 00 00 00 00 00 	0000000000000000
=== DATA BLOCK END ===

=== DATA BLOCK ADDRESS 0x10000 ===
  0x10000	08 10 00 00 86 10 00 00 a8 cc 00 00 8c 10 00 00 	0000000000000000
  0x10010	c7 20 00 00 b8 cc 00 00 d0 20 00 00 e7 24 00 00 	0 0000000 000$00
  0x10020	dc cc 00 00 f0 24 00 00 91 2f 00 00 f4 cc 00 00 	00000$000/000000
  0x10030	98 2f 00 00 88 32 00 00 14 cd 00 00 90 32 00 00 	0/00020000000200
  0x10040	59 33 00 00 34 cd 00 00 60 33 00 00 39 38 00 00 	Y3004000`3009800
  0x10050	48 cd 00 00 40 38 00 00 38 3b 00 00 60 cd 00 00 	H000@8008;00`000
  0x10060	40 3b 00 00 de 3d 00 00 80 cd 00 00 e4 3d 00 00 	@;000=0000000=00
  0x10070	be 40 00 00 9c cd 00 00 c4 40 00 00 1d 53 00 00 	0@0000000@000S00
  0x10080	bc cd 00 00 24 53 00 00 3b 53 00 00 e0 cd 00 00 	0000$S00;S000000
  0x10090	84 53 00 00 16 54 00 00 e8 cd 00 00 1c 54 00 00 	0S000T0000000T00
  0x100a0	97 54 00 00 fc cd 00 00 a0 54 00 00 79 55 00 00 	0T0000000T00yU00
  0x100b0	04 ce 00 00 80 55 00 00 e2 55 00 00 1c ce 00 00 	00000U000U000000
  0x100c0	e8 55 00 00 5d 56 00 00 28 ce 00 00 64 56 00 00 	0U00]V00(000dV00
  0x100d0	f8 56 00 00 38 ce 00 00 00 57 00 00 63 57 00 00 	0V0080000W00cW00
  0x100e0	4c ce 00 00 6c 57 00 00 cf 57 00 00 4c ce 00 00 	L000lW000W00L000
  0x100f0	d8 57 00 00 3f 58 00 00 58 ce 00 00 48 58 00 00 	0W00?X00X000HX00
  0x10100	af 58 00 00 58 ce 00 00 b8 58 00 00 60 59 00 00 	0X00X0000X00`Y00
  0x10110	64 ce 00 00 68 59 00 00 bf 59 00 00 74 ce 00 00 	d000hY000Y00t000
  0x10120	c8 59 00 00 08 5a 00 00 e0 cd 00 00 10 5a 00 00 	0Y000Z0000000Z00
  0x10130	6f 5a 00 00 e0 cd 00 00 78 5a 00 00 4e 5b 00 00 	oZ000000xZ00N[00
  0x10140	84 ce 00 00 54 5b 00 00 a1 5b 00 00 e0 cd 00 00 	0000T[000[000000
  0x10150	a8 5b 00 00 20 5c 00 00 9c ce 00 00 28 5c 00 00 	0[00 0000000(000
  0x10160	26 5e 00 00 a8 ce 00 00 2c 5e 00 00 21 5f 00 00 	&^000000,^00!_00
  0x10170	bc ce 00 00 28 5f 00 00 2c 60 00 00 cc ce 00 00 	0000(_00,`000000
  0x10180	34 60 00 00 1f 62 00 00 e4 ce 00 00 28 62 00 00 	4`000b000000(b00
  0x10190	26 63 00 00 4c ce 00 00 2c 63 00 00 2e 65 00 00 	&c00L000,c00.e00
  0x101a0	00 cf 00 00 34 65 00 00 19 66 00 00 10 cf 00 00 	00004e000f000000
  0x101b0	20 66 00 00 02 69 00 00 18 cf 00 00 08 69 00 00 	 f000i0000000i00
  0x101c0	fb 69 00 00 10 cf 00 00 04 6a 00 00 6e 6a 00 00 	0i0000000j00nj00
  0x101d0	10 cf 00 00 74 6a 00 00 85 6c 00 00 30 cf 00 00 	0000tj000l000000
  0x101e0	cc 6c 00 00 61 6d 00 00 9c ce 00 00 68 6d 00 00 	0l00am000000hm00
  0x101f0	be 6e 00 00 44 cf 00 00 c4 6e 00 00 98 6f 00 00 	0n00D0000n000o00
  0x10200	58 cf 00 00 a0 6f 00 00 54 70 00 00 60 cf 00 00 	X0000o00Tp00`000
  0x10210	5c 70 00 00 92 70 00 00 10 cf 00 00 98 70 00 00 	0p000p0000000p00
  0x10220	5b 71 00 00 70 cf 00 00 64 71 00 00 a4 72 00 00 	[q00p000dq000r00
  0x10230	80 cf 00 00 ac 72 00 00 7d 73 00 00 8c cf 00 00 	00000r00}s000000
  0x10240	bc 73 00 00 26 76 00 00 9c cf 00 00 2c 76 00 00 	0s00&v000000,v00
  0x10250	1b 77 00 00 b0 cf 00 00 24 77 00 00 30 78 00 00 	0w000000$w000x00
  0x10260	10 cf 00 00 38 78 00 00 52 79 00 00 9c ce 00 00 	00008x00Ry000000
  0x10270	58 79 00 00 d2 79 00 00 9c ce 00 00 d8 79 00 00 	Xy000y0000000y00
  0x10280	14 7b 00 00 bc cf 00 00 1c 7b 00 00 da 7b 00 00 	0{0000000{000{00
  0x10290	e8 cd 00 00 e0 7b 00 00 a2 7c 00 00 e8 cd 00 00 	00000{000|000000
  0x102a0	a8 7c 00 00 e5 7d 00 00 d8 cf 00 00 ec 7d 00 00 	0|000}0000000}00
  0x102b0	48 7e 00 00 74 ce 00 00 50 7e 00 00 47 7f 00 00 	H~00t000P~00G000
  0x102c0	28 ce 00 00 50 7f 00 00 de 7f 00 00 e0 cd 00 00 	(000P00000000000
  0x102d0	e4 7f 00 00 9d 80 00 00 10 cf 00 00 a4 80 00 00 	0000000000000000
  0x102e0	af 81 00 00 9c ce 00 00 b8 81 00 00 58 82 00 00 	000000000000X000
  0x102f0	f4 cf 00 00 60 82 00 00 c0 82 00 00 08 d0 00 00 	0000`00000000000
  0x10300	c8 82 00 00 7c 86 00 00 10 d0 00 00 84 86 00 00 	0000|00000000000
  0x10310	ba 88 00 00 28 d0 00 00 c0 88 00 00 fa 89 00 00 	0000(00000000000
  0x10320	f4 cf 00 00 00 8a 00 00 78 8d 00 00 3c d0 00 00 	00000000x000<000
  0x10330	80 8d 00 00 1d 8e 00 00 9c ce 00 00 24 8e 00 00 	000000000000$000
  0x10340	88 8e 00 00 10 cf 00 00 90 8e 00 00 66 8f 00 00 	000000000000f000
  0x10350	60 d0 00 00 6c 8f 00 00 b5 90 00 00 80 d0 00 00 	`000l00000000000
  0x10360	bc 90 00 00 26 91 00 00 10 cf 00 00 2c 91 00 00 	0000&0000000,000
  0x10370	d4 94 00 00 a4 d0 00 00 dc 94 00 00 c0 95 00 00 	0000000000000000
  0x10380	74 ce 00 00 c8 95 00 00 d2 98 00 00 bc d0 00 00 	t000000000000000
  0x10390	d8 98 00 00 7a 9f 00 00 d8 d0 00 00 80 9f 00 00 	0000z00000000000
  0x103a0	b2 a0 00 00 34 cd 00 00 b8 a0 00 00 f8 a1 00 00 	0000400000000000
  0x103b0	04 ce 00 00 00 a2 00 00 b8 a2 00 00 e8 cd 00 00 	0000000000000000
  0x103c0	c0 a2 00 00 93 a6 00 00 f8 d0 00 00 a0 a6 00 00 	0000000000000000
  0x103d0	dd a6 00 00 08 d0 00 00 f0 a6 00 00 c3 a7 00 00 	0000000000000000
  0x103e0	e0 cd 00 00 d0 a7 00 00 19 a8 00 00 08 d0 00 00 	0000000000000000
  0x103f0	20 a8 00 00 de a9 00 00 10 d1 00 00 f0 a9 00 00 	 000000000000000
  0x10400	02 aa 00 00 e0 cd 00 00 20 aa 00 00 3e aa 00 00 	00000000 000>000
  0x10410	48 d1 00 00 50 aa 00 00 89 aa 00 00 e0 cd 00 00 	H000P00000000000
  0x10420	90 aa 00 00 a8 aa 00 00 e0 cd 00 00 bc aa 00 00 	0000000000000000
  0x10430	10 ab 00 00 4c d1 00 00 18 ab 00 00 5d ab 00 00 	0000L0000000]000
  0x10440	10 cf 00 00 d0 ab 00 00 1d ac 00 00 6c d1 00 00 	000000000000l000
  0x10450	64 ac 00 00 38 ad 00 00 90 d1 00 00 6c ad 00 00 	d00080000000l000
  0x10460	a0 ad 00 00 10 cf 00 00 b0 ad 00 00 21 af 00 00 	000000000000!000
  0x10470	9c d1 00 00 38 af 00 00 56 af 00 00 10 cf 00 00 	00008000V0000000
  0x10480	68 af 00 00 df af 00 00 ac d1 00 00 f3 af 00 00 	h000000000000000
  0x10490	6a b0 00 00 b4 d1 00 00 7e b0 00 00 f5 b0 00 00 	j0000000~0000000
  0x104a0	bc d1 00 00 09 b1 00 00 80 b1 00 00 c4 d1 00 00 	0000000000000000
  0x104b0	b8 b1 00 00 d5 b1 00 00 e0 cd 00 00 dc b1 00 00 	0000000000000000
  0x104c0	37 b2 00 00 cc d1 00 00 80 b2 00 00 82 b2 00 00 	7000000000000000
  0x104d0	a8 d1 00 00 a0 b2 00 00 ed b2 00 00 d8 d1 00 00 	0000000000000000
  0x104e0	f3 b2 00 00 11 b3 00 00 3c d1 00 00 20 b3 00 00 	00000000<000 000
  0x104f0	40 b3 00 00 3c d1 00 00 00 00 00 00 00 00 00 00 	@000<00000000000
  0x10500	00 00 00 00 00 00 00 00 00 00 00 00 00 00 00 00 	0000000000000000
  0x10510	00 00 00 00 00 00 00 00 00 00 00 00 00 00 00 00 	0000000000000000
  0x10520	00 00 00 00 00 00 00 00 00 00 00 00 00 00 00 00 	0000000000000000
  0x10530	00 00 00 00 00 00 00 00 00 00 00 00 00 00 00 00 	0000000000000000
  0x10540	00 00 00 00 00 00 00 00 00 00 00 00 00 00 00 00 	0000000000000000
  0x10550	00 00 00 00 00 00 00 00 00 00 00 00 00 00 00 00 	0000000000000000
  0x10560	00 00 00 00 00 00 00 00 00 00 00 00 00 00 00 00 	0000000000000000
  0x10570	00 00 00 00 00 00 00 00 00 00 00 00 00 00 00 00 	0000000000000000
  0x10580	00 00 00 00 00 00 00 00 00 00 00 00 00 00 00 00 	0000000000000000
  0x10590	00 00 00 00 00 00 00 00 00 00 00 00 00 00 00 00 	0000000000000000
  0x105a0	00 00 00 00 00 00 00 00 00 00 00 00 00 00 00 00 	0000000000000000
  0x105b0	00 00 00 00 00 00 00 00 00 00 00 00 00 00 00 00 	0000000000000000
  0x105c0	00 00 00 00 00 00 00 00 00 00 00 00 00 00 00 00 	0000000000000000
  0x105d0	00 00 00 00 00 00 00 00 00 00 00 00 00 00 00 00 	0000000000000000
  0x105e0	00 00 00 00 00 00 00 00 00 00 00 00 00 00 00 00 	0000000000000000
  0x105f0	00 00 00 00 00 00 00 00 00 00 00 00 00 00 00 00 	0000000000000000
=== DATA BLOCK END ===
