===== Assembly blocks =====

=== CODE BLOCK ADDRESS 0x1000 ===
  0x1000	int3   	
  0x1001	int3   	
  0x1002	int3   	
  0x1003	int3   	
  0x1004	int3   	
  === BLOCK LINK ===
    0x1005
=== CODE BLOCK END ===

=== CODE BLOCK ADDRESS 0x1005 ===
  0x1005	int3   	
  0x1006	int3   	
  0x1007	int3   	
  0x1008	int3   	
  0x1009	int3   	
  === BLOCK LINK ===
    0x100a
=== CODE BLOCK END ===

=== CODE BLOCK ADDRESS 0x100a ===
  0x100a	int3   	
  0x100b	int3   	
  0x100c	int3   	
  0x100d	int3   	
  0x100e	int3   	
  === BLOCK LINK ===
    0x100f
=== CODE BLOCK END ===

=== CODE BLOCK ADDRESS 0x100f ===
  0x100f	int3   	
  0x1010	dec    	eax
  0x1011	lea    	eax, [0xfa9]
  0x1017	dec    	eax
  0x1018	mov    	dword ptr [0x86ca], eax
  === BLOCK LINK ===
    0x101e
=== CODE BLOCK END ===

=== CODE BLOCK ADDRESS 0x101e ===
  0x101e	dec    	eax
  0x101f	lea    	eax, [0xfbb]
  0x1025	dec    	eax
  0x1026	mov    	dword ptr [0x86d4], eax
=== CODE BLOCK END ===

=== DATA BLOCK ADDRESS 0x6000 ===
  0x6000	f0 90 00 40 01 00 00 00 90 91 00 40 01 00 00 00 	000@0000000@0000
  0x6010	60 50 00 40 01 00 00 00 a0 1e 00 40 01 00 00 00 	`P0@0000000@0000
  0x6020	e0 1d 00 40 01 00 00 00 60 48 00 40 01 00 00 00 	000@0000`H0@0000
  0x6030	b0 50 00 40 01 00 00 00 40 40 00 40 01 00 00 00 	0P0@0000@@0@0000
  0x6040	00 40 00 40 01 00 00 00 00 00 00 00 00 00 00 00 	0@0@000000000000
  0x6050	00 62 00 40 01 00 00 00 90 40 00 40 01 00 00 00 	0b0@00000@0@0000
  0x6060	d0 40 00 40 01 00 00 00 a8 97 00 40 01 00 00 00 	0@0@0000000@0000
  0x6070	00 00 00 00 00 00 00 00 00 00 00 00 00 00 00 00 	0000000000000000
  0x6080	00 00 00 00 00 00 00 00 00 00 00 00 00 00 00 00 	0000000000000000
  0x6090	8a 6c 00 40 01 00 00 00 01 00 00 00 00 00 0a 00 	0l0@000000000000
  0x60a0	00 00 00 00 00 00 00 00 6e 02 01 08 00 00 00 00 	00000000n0000000
  0x60b0	00 00 00 00 00 00 00 00 00 00 00 00 00 00 00 00 	0000000000000000
  0x60c0	00 00 00 00 00 00 00 00 01 00 00 02 00 00 00 00 	0000000000000000
  0x60d0	00 00 00 00 00 00 00 00 e8 60 00 40 01 00 00 00 	000000000`0@0000
  0x60e0	00 00 00 00 00 00 00 00 50 60 00 40 01 00 00 00 	00000000P`0@0000
  0x60f0	52 6c 00 40 01 00 00 00 80 6c 00 40 01 00 00 00 	Rl0@00000l0@0000
  0x6100	38 6c 00 40 01 00 00 00 02 00 00 00 00 00 00 00 	8l0@000000000000
  0x6110	60 61 00 40 01 00 00 00 20 61 00 40 01 00 00 00 	`a0@0000 a0@0000
  0x6120	40 00 0c 01 18 00 00 00 00 00 00 00 08 00 00 00 	@000000000000000
  0x6130	00 00 00 00 02 00 08 00 72 00 00 00 00 00 00 00 	00000000r0000000
  0x6140	30 6c 00 40 01 00 00 00 0b 01 00 00 08 00 00 00 	0l0@000000000000
  0x6150	2c 6c 00 40 01 00 00 00 f0 00 00 00 10 00 00 00 	,l0@000000000000
  0x6160	04 5d 88 8a eb 1c c9 11 9f e8 08 00 2b 10 48 60 	0]0000000000+0H`
  0x6170	02 00 00 00 00 00 00 00 00 00 00 00 00 00 00 00 	0000000000000000
  0x6180	52 6c 00 40 01 00 00 00 80 6c 00 40 01 00 00 00 	Rl0@00000l0@0000
  0x6190	8a 6c 00 40 01 00 00 00 00 00 00 00 00 00 00 00 	0l0@000000000000
  0x61a0	00 00 00 00 00 00 00 00 00 00 00 00 00 00 00 00 	0000000000000000
  0x61b0	33 05 71 71 ba be 37 49 83 19 b5 db ef 9c cc 36 	30qq007I00000006
  0x61c0	01 00 00 00 00 00 00 00 00 00 00 00 00 00 00 00 	0000000000000000
  0x61d0	00 00 00 00 00 00 00 00 18 61 00 40 01 00 00 00 	000000000a0@0000
  0x61e0	00 00 00 00 00 00 00 00 00 00 00 00 00 00 00 00 	0000000000000000
  0x61f0	00 00 00 00 00 00 00 00 00 00 00 00 00 00 00 00 	0000000000000000
  0x6200	60 00 00 00 08 87 c9 f6 b8 c7 19 49 88 7c 2c e6 	`0000000000I0|,0
  0x6210	6e 78 b9 a0 01 00 00 00 04 5d 88 8a eb 1c c9 11 	nx0000000]000000
  0x6220	9f e8 08 00 2b 10 48 60 02 00 00 00 00 00 00 00 	0000+0H`00000000
  0x6230	00 00 00 00 00 00 00 00 00 00 00 00 00 00 00 00 	0000000000000000
  0x6240	00 00 00 00 00 00 00 00 00 00 00 00 00 00 00 00 	0000000000000000
  0x6250	e8 60 00 40 01 00 00 00 00 00 00 02 00 00 00 00 	0`0@000000000000
  0x6260	18 01 00 00 00 00 00 00 00 00 00 00 00 00 00 00 	0000000000000000
  0x6270	00 00 00 00 00 00 00 00 00 00 00 00 00 00 00 00 	0000000000000000
  0x6280	00 00 00 00 00 00 00 00 00 00 00 00 00 00 00 00 	0000000000000000
  0x6290	00 00 00 00 00 00 00 00 00 00 00 00 00 00 00 00 	0000000000000000
  0x62a0	00 00 00 00 00 00 00 00 00 00 00 00 00 00 00 00 	0000000000000000
  0x62b0	00 00 00 00 00 00 00 00 98 90 00 40 01 00 00 00 	00000000000@0000
  0x62c0	00 00 00 00 00 00 00 00 00 00 00 00 00 00 00 00 	0000000000000000
  0x62d0	e0 66 00 40 01 00 00 00 e8 66 00 40 01 00 00 00 	0f0@00000f0@0000
  0x62e0	70 67 00 40 01 00 00 00 23 00 00 00 00 00 00 00 	pg0@0000#0000000
  0x62f0	00 75 41 00 00 00 00 00 00 00 00 00 00 00 00 00 	0uA0000000000000
  0x6300	fc 67 00 40 01 00 00 00 01 00 00 00 00 00 00 00 	0g0@000000000000
  0x6310	00 00 00 00 00 00 00 00 00 00 00 00 00 00 00 00 	0000000000000000
  0x6320	00 00 00 00 00 00 00 00 00 00 00 00 00 00 00 00 	0000000000000000
  0x6330	00 00 00 00 00 00 00 00 00 00 00 00 00 00 00 00 	0000000000000000
  0x6340	00 00 00 00 00 00 00 00 00 00 00 00 00 00 00 00 	0000000000000000
  0x6350	00 00 00 00 00 00 00 00 00 00 00 00 00 00 00 00 	0000000000000000
  0x6360	00 00 00 00 00 00 00 00 58 67 00 40 01 00 00 00 	00000000Xg0@0000
  0x6370	06 00 00 00 00 00 00 00 b0 80 00 00 00 00 00 00 	0000000000000000
  0x6380	14 81 00 00 00 00 00 00 6c 80 00 00 00 00 00 00 	00000000l0000000
  0x6390	2c 80 00 00 00 00 00 00 3e 80 00 00 00 00 00 00 	,0000000>0000000
  0x63a0	14 82 00 00 00 00 00 00 50 80 00 00 00 00 00 00 	00000000P0000000
  0x63b0	00 00 00 00 00 00 00 00 50 7f 00 00 00 00 00 00 	00000000P0000000
  0x63c0	0a 80 00 00 00 00 00 00 18 80 00 00 00 00 00 00 	0000000000000000
  0x63d0	00 00 00 00 00 00 00 00 58 82 00 00 00 00 00 00 	00000000X0000000
  0x63e0	8a 81 00 00 00 00 00 00 40 7f 00 00 00 00 00 00 	00000000@0000000
  0x63f0	6e 81 00 00 00 00 00 00 b8 7e 00 00 00 00 00 00 	n00000000~000000
  0x6400	00 00 00 00 00 00 00 00 90 7f 00 00 00 00 00 00 	0000000000000000
  0x6410	00 00 00 00 00 00 00 00 ac 7e 00 00 00 00 00 00 	000000000~000000
  0x6420	e4 7f 00 00 00 00 00 00 9e 7f 00 00 00 00 00 00 	0000000000000000
  0x6430	00 00 00 00 00 00 00 00 8c 80 00 00 00 00 00 00 	0000000000000000
  0x6440	08 81 00 00 00 00 00 00 00 00 00 00 00 00 00 00 	0000000000000000
  0x6450	aa 7f 00 00 00 00 00 00 f6 7f 00 00 00 00 00 00 	0000000000000000
  0x6460	dc 7e 00 00 00 00 00 00 80 7e 00 00 00 00 00 00 	0~0000000~000000
  0x6470	00 00 00 00 00 00 00 00 2e 7f 00 00 00 00 00 00 	00000000.0000000
  0x6480	00 00 00 00 00 00 00 00 08 7f 00 00 00 00 00 00 	0000000000000000
  0x6490	ce 7f 00 00 00 00 00 00 a8 81 00 00 00 00 00 00 	0000000000000000
  0x64a0	bc 81 00 00 00 00 00 00 00 00 00 00 00 00 00 00 	0000000000000000
  0x64b0	d0 81 00 00 00 00 00 00 00 00 00 00 00 00 00 00 	0000000000000000
  0x64c0	ec 80 00 00 00 00 00 00 da 80 00 00 00 00 00 00 	0000000000000000
  0x64d0	cc 80 00 00 00 00 00 00 00 00 00 00 00 00 00 00 	0000000000000000
  0x64e0	2c 81 00 00 00 00 00 00 40 81 00 00 00 00 00 00 	,0000000@0000000
  0x64f0	5a 81 00 00 00 00 00 00 00 00 00 00 00 00 00 00 	Z000000000000000
  0x6500	66 7f 00 00 00 00 00 00 f2 7e 00 00 00 00 00 00 	f00000000~000000
  0x6510	bc 7f 00 00 00 00 00 00 96 7e 00 00 00 00 00 00 	000000000~000000
  0x6520	c8 7e 00 00 00 00 00 00 7e 7f 00 00 00 00 00 00 	0~000000~0000000
  0x6530	1e 7f 00 00 00 00 00 00 00 00 00 00 00 00 00 00 	0000000000000000
  0x6540	00 81 00 00 00 00 00 00 00 00 00 00 00 00 00 00 	0000000000000000
  0x6550	ea 81 00 00 00 00 00 00 04 82 00 00 00 00 00 00 	0000000000000000
  0x6560	00 00 00 00 00 00 00 00 8a 82 00 00 00 00 00 00 	0000000000000000
  0x6570	00 00 00 00 00 00 00 00 6a 82 00 00 00 00 00 00 	00000000j0000000
  0x6580	3c 82 00 00 00 00 00 00 26 82 00 00 00 00 00 00 	<0000000&0000000
  0x6590	00 00 00 00 00 00 00 00 9a 80 00 00 00 00 00 00 	0000000000000000
  0x65a0	00 00 00 00 00 00 00 00 de 7d 00 00 00 00 00 00 	000000000}000000
  0x65b0	d6 7d 00 00 00 00 00 00 ce 7d 00 00 00 00 00 00 	0}0000000}000000
  0x65c0	bc 7d 00 00 00 00 00 00 aa 7d 00 00 00 00 00 00 	0}0000000}000000
  0x65d0	9c 7d 00 00 00 00 00 00 8e 7d 00 00 00 00 00 00 	0}0000000}000000
  0x65e0	78 7d 00 00 00 00 00 00 6c 7d 00 00 00 00 00 00 	x}000000l}000000
  0x65f0	3e 7e 00 00 00 00 00 00 46 7e 00 00 00 00 00 00 	>~000000F~000000
  0x6600	e8 7d 00 00 00 00 00 00 fc 7d 00 00 00 00 00 00 	0}0000000}000000
  0x6610	08 7e 00 00 00 00 00 00 42 7d 00 00 00 00 00 00 	0~000000B}000000
  0x6620	12 7e 00 00 00 00 00 00 50 7e 00 00 00 00 00 00 	0~000000P~000000
  0x6630	24 7d 00 00 00 00 00 00 5e 7e 00 00 00 00 00 00 	$}000000^~000000
  0x6640	1a 7d 00 00 00 00 00 00 0e 7d 00 00 00 00 00 00 	0}0000000}000000
  0x6650	ee 7c 00 00 00 00 00 00 d6 7c 00 00 00 00 00 00 	0|0000000|000000
  0x6660	c6 7c 00 00 00 00 00 00 a8 7c 00 00 00 00 00 00 	0|0000000|000000
  0x6670	90 7c 00 00 00 00 00 00 78 7c 00 00 00 00 00 00 	0|000000x|000000
  0x6680	4c 7d 00 00 00 00 00 00 68 7c 00 00 00 00 00 00 	L}000000h|000000
  0x6690	68 7e 00 00 00 00 00 00 5c 7c 00 00 00 00 00 00 	h~0000000|000000
  0x66a0	4e 7c 00 00 00 00 00 00 2a 7e 00 00 00 00 00 00 	N|000000*~000000
  0x66b0	38 7c 00 00 00 00 00 00 40 85 00 00 00 00 00 00 	8|000000@0000000
  0x66c0	4a 85 00 00 00 00 00 00 00 00 00 00 00 00 00 00 	J000000000000000
  0x66d0	1e 85 00 00 00 00 00 00 00 00 00 00 00 00 00 00 	0000000000000000
  0x66e0	e0 53 00 40 01 00 00 00 50 55 00 40 01 00 00 00 	0S0@0000PU0@0000
  0x66f0	00 00 00 00 00 00 00 00 60 4b 00 40 01 00 00 00 	00000000`K0@0000
  0x6700	10 10 00 40 01 00 00 00 40 10 00 40 01 00 00 00 	000@0000@00@0000
  0x6710	60 10 00 40 01 00 00 00 80 10 00 40 01 00 00 00 	`00@0000000@0000
  0x6720	c0 10 00 40 01 00 00 00 10 11 00 40 01 00 00 00 	000@0000000@0000
  0x6730	00 00 00 00 00 00 00 00 00 00 00 00 00 00 00 00 	0000000000000000
  0x6740	80 4a 00 40 01 00 00 00 20 51 00 40 01 00 00 00 	0J0@0000 Q0@0000
  0x6750	00 00 00 00 00 00 00 00 44 3d 00 00 87 46 00 00 	00000000D=000F00
  0x6760	ec 47 00 00 2b 4d 00 00 92 51 00 00 a0 52 00 00 	0G00+M000Q000R00
  0x6770	10 10 00 00 40 10 00 00 60 10 00 00 80 10 00 00 	0000@000`0000000
  0x6780	c0 10 00 00 10 11 00 00 d0 16 00 00 50 18 00 00 	000000000000P000
  0x6790	a0 18 00 00 c0 18 00 00 e0 1d 00 00 a0 1e 00 00 	0000000000000000
  0x67a0	c0 1f 00 00 e0 1f 00 00 80 31 00 00 e0 32 00 00 	0000000001000200
  0x67b0	60 33 00 00 00 40 00 00 40 40 00 00 90 40 00 00 	`3000@00@@000@00
  0x67c0	d0 40 00 00 60 48 00 00 80 4a 00 00 60 4b 00 00 	0@00`H000J00`K00
  0x67d0	80 4d 00 00 10 4e 00 00 60 50 00 00 b0 50 00 00 	0M000N00`P000P00
  0x67e0	e0 50 00 00 20 51 00 00 00 52 00 00 e0 53 00 00 	0P00 Q000R000S00
  0x67f0	90 57 00 00 c0 57 00 00 40 58 00 00 38 66 00 00 	0W000W00@X008f00
  0x6800	62 61 64 20 61 6c 6c 6f 63 61 74 69 6f 6e 00 00 	bad allocation00
  0x6810	45 78 63 65 70 74 69 6f 6e 00 00 00 00 00 00 00 	Exception0000000
  0x6820	52 65 74 75 72 6e 48 72 00 00 00 00 4c 6f 67 48 	ReturnHr0000LogH
  0x6830	72 00 00 00 00 00 00 00 46 61 69 6c 46 61 73 74 	r0000000FailFast
  0x6840	00 00 00 00 00 00 00 00 25 00 68 00 73 00 28 00 	00000000%0h0s0(0
  0x6850	25 00 75 00 29 00 5c 00 25 00 68 00 73 00 21 00 	%0u0)000%0h0s0!0
  0x6860	25 00 70 00 3a 00 20 00 00 00 00 00 00 00 00 00 	%0p0:0 000000000
  0x6870	25 00 68 00 73 00 21 00 25 00 70 00 3a 00 20 00 	%0h0s0!0%0p0:0 0
  0x6880	00 00 00 00 00 00 00 00 28 00 63 00 61 00 6c 00 	00000000(0c0a0l0
  0x6890	6c 00 65 00 72 00 3a 00 20 00 25 00 70 00 29 00 	l0e0r0:0 0%0p0)0
  0x68a0	20 00 00 00 00 00 00 00 25 00 68 00 73 00 28 00 	 0000000%0h0s0(0
  0x68b0	25 00 64 00 29 00 20 00 74 00 69 00 64 00 28 00 	%0d0)0 0t0i0d0(0
  0x68c0	25 00 78 00 29 00 20 00 25 00 30 00 38 00 58 00 	%0x0)0 0%00080X0
  0x68d0	20 00 25 00 77 00 73 00 00 00 00 00 00 00 00 00 	 0%0w0s000000000
  0x68e0	20 00 20 00 20 00 20 00 00 00 00 00 00 00 00 00 	 0 0 0 000000000
  0x68f0	4d 00 73 00 67 00 3a 00 5b 00 25 00 77 00 73 00 	M0s0g0:0[0%0w0s0
  0x6900	5d 00 20 00 00 00 00 00 43 00 61 00 6c 00 6c 00 	]0 00000C0a0l0l0
  0x6910	43 00 6f 00 6e 00 74 00 65 00 78 00 74 00 3a 00 	C0o0n0t0e0x0t0:0
  0x6920	5b 00 25 00 68 00 73 00 5d 00 20 00 00 00 00 00 	[0%0h0s0]0 00000
  0x6930	5b 00 25 00 68 00 73 00 28 00 25 00 68 00 73 00 	[0%0h0s0(0%0h0s0
  0x6940	29 00 5d 00 0a 00 00 00 5b 00 25 00 68 00 73 00 	)0]00000[0%0h0s0
  0x6950	5d 00 0a 00 00 00 00 00 0a 00 00 00 00 00 00 00 	]000000000000000
  0x6960	6b 00 65 00 72 00 6e 00 65 00 6c 00 62 00 61 00 	k0e0r0n0e0l0b0a0
  0x6970	73 00 65 00 2e 00 64 00 6c 00 6c 00 00 00 00 00 	s0e0.0d0l0l00000
  0x6980	52 61 69 73 65 46 61 69 6c 46 61 73 74 45 78 63 	RaiseFailFastExc
  0x6990	65 70 74 69 6f 6e 00 00 25 77 73 00 77 69 6c 00 	eption00%ws0wil0
  0x69a0	6f 6e 65 63 6f 72 65 5c 69 6e 74 65 72 6e 61 6c 	onecore0internal
  0x69b0	5c 73 64 6b 5c 69 6e 63 5c 77 69 6c 5c 6f 70 65 	0sdk0inc0wil0ope
  0x69c0	6e 73 6f 75 72 63 65 5c 77 69 6c 5c 72 65 73 6f 	nsource0wil0reso
  0x69d0	75 72 63 65 2e 68 00 00 5f 00 70 00 30 00 00 00 	urce.h00_0p00000
  0x69e0	68 00 00 00 00 00 00 00 57 69 6c 45 72 72 6f 72 	h0000000WilError
  0x69f0	5f 30 33 00 00 00 00 00 6e 00 74 00 64 00 6c 00 	_0300000n0t0d0l0
  0x6a00	6c 00 2e 00 64 00 6c 00 6c 00 00 00 00 00 00 00 	l0.0d0l0l0000000
  0x6a10	52 74 6c 44 6c 6c 53 68 75 74 64 6f 77 6e 49 6e 	RtlDllShutdownIn
  0x6a20	50 72 6f 67 72 65 73 73 00 00 00 00 00 00 00 00 	Progress00000000
  0x6a30	52 74 6c 44 69 73 6f 77 6e 4d 6f 64 75 6c 65 48 	RtlDisownModuleH
  0x6a40	65 61 70 41 6c 6c 6f 63 61 74 69 6f 6e 00 00 00 	eapAllocation000
  0x6a50	4c 00 6f 00 63 00 61 00 6c 00 5c 00 53 00 4d 00 	L0o0c0a0l000S0M0
  0x6a60	30 00 3a 00 25 00 64 00 3a 00 25 00 64 00 3a 00 	00:0%0d0:0%0d0:0
  0x6a70	25 00 68 00 73 00 00 00 6e 00 63 00 61 00 6c 00 	%0h0s000n0c0a0l0
  0x6a80	72 00 70 00 63 00 00 00 6f 6e 65 63 6f 72 65 75 	r0p0c000onecoreu
  0x6a90	61 70 5c 78 62 6f 78 5c 43 6f 6e 6e 65 63 74 65 	ap0xbox0Connecte
  0x6aa0	64 53 74 6f 72 61 67 65 5c 63 6f 6d 6d 6f 6e 5c 	dStorage0common0
  0x6ab0	72 70 63 63 6c 69 65 6e 74 2e 68 00 00 00 00 00 	rpcclient.h00000
  0x6ac0	53 00 6f 00 66 00 74 00 77 00 61 00 72 00 65 00 	S0o0f0t0w0a0r0e0
  0x6ad0	5c 00 4d 00 69 00 63 00 72 00 6f 00 73 00 6f 00 	00M0i0c0r0o0s0o0
  0x6ae0	66 00 74 00 5c 00 58 00 62 00 6f 00 78 00 47 00 	f0t000X0b0o0x0G0
  0x6af0	61 00 6d 00 65 00 53 00 61 00 76 00 65 00 53 00 	a0m0e0S0a0v0e0S0
  0x6b00	74 00 6f 00 72 00 61 00 67 00 65 00 5c 00 55 00 	t0o0r0a0g0e000U0
  0x6b10	70 00 6c 00 6f 00 61 00 64 00 73 00 00 00 00 00 	p0l0o0a0d0s00000
  0x6b20	58 00 62 00 6f 00 78 00 5c 00 53 00 6f 00 66 00 	X0b0o0x000S0o0f0
  0x6b30	74 00 77 00 61 00 72 00 65 00 5c 00 4d 00 69 00 	t0w0a0r0e000M0i0
  0x6b40	63 00 72 00 6f 00 73 00 6f 00 66 00 74 00 5c 00 	c0r0o0s0o0f0t000
  0x6b50	58 00 62 00 6f 00 78 00 47 00 61 00 6d 00 65 00 	X0b0o0x0G0a0m0e0
  0x6b60	53 00 61 00 76 00 65 00 53 00 74 00 6f 00 72 00 	S0a0v0e0S0t0o0r0
  0x6b70	61 00 67 00 65 00 5c 00 55 00 70 00 6c 00 6f 00 	a0g0e000U0p0l0o0
  0x6b80	61 00 64 00 73 00 00 00 00 00 00 00 00 00 00 00 	a0d0s00000000000
  0x6b90	46 00 36 00 43 00 39 00 38 00 37 00 30 00 38 00 	F060C09080700080
  0x6ba0	2d 00 43 00 37 00 42 00 38 00 2d 00 34 00 39 00 	-0C070B080-04090
  0x6bb0	31 00 39 00 2d 00 38 00 38 00 37 00 43 00 2d 00 	1090-0808070C0-0
  0x6bc0	32 00 43 00 45 00 36 00 36 00 45 00 37 00 38 00 	20C0E06060E07080
  0x6bd0	42 00 39 00 41 00 30 00 00 00 00 00 00 00 00 00 	B090A00000000000
  0x6be0	6c 00 6f 00 67 00 6f 00 6e 00 00 00 00 00 00 00 	l0o0g0o0n0000000
  0x6bf0	53 00 63 00 68 00 65 00 64 00 75 00 6c 00 65 00 	S0c0h0e0d0u0l0e0
  0x6c00	54 00 61 00 73 00 6b 00 4f 00 70 00 65 00 72 00 	T0a0s0k0O0p0e0r0
  0x6c10	61 00 74 00 69 00 6f 00 6e 00 20 00 30 00 78 00 	a0t0i0o0n0 000x0
  0x6c20	25 00 30 00 38 00 78 00 0a 00 00 00 05 00 00 00 	%00080x000000000
  0x6c30	64 00 02 00 00 00 00 00 04 5d 88 8a eb 1c c9 11 	d00000000]000000
  0x6c40	9f e8 08 00 2b 10 48 60 02 00 00 00 00 00 00 00 	0000+0H`00000000
  0x6c50	00 00 00 48 00 00 00 00 00 00 18 00 32 00 00 00 	000H000000002000
  0x6c60	00 00 08 00 46 02 0a 01 00 00 00 00 00 00 00 00 	0000F00000000000
  0x6c70	0b 01 08 00 04 00 70 00 10 00 08 00 00 00 00 00 	000000p000000000
  0x6c80	00 00 00 00 00 00 00 00 00 00 00 00 11 08 25 5c 	00000000000000%0
  0x6c90	00 00 00 00 00 00 00 00 57 00 69 00 6e 00 64 00 	00000000W0i0n0d0
  0x6ca0	6f 00 77 00 73 00 2e 00 58 00 62 00 6f 00 78 00 	o0w0s0.0X0b0o0x0
  0x6cb0	00 00 00 00 00 00 00 00 66 e0 5e 1d 8d 18 a9 5b 	00000000f0^0000[
  0x6cc0	43 87 ac ae b0 e7 e3 05 00 00 00 00 00 00 00 00 	C000000000000000
  0x6cd0	57 00 69 00 6e 00 64 00 6f 00 77 00 73 00 2e 00 	W0i0n0d0o0w0s0.0
  0x6ce0	53 00 79 00 73 00 74 00 65 00 6d 00 2e 00 50 00 	S0y0s0t0e0m0.0P0
  0x6cf0	72 00 6f 00 66 00 69 00 6c 00 65 00 2e 00 41 00 	r0o0f0i0l0e0.0A0
  0x6d00	6e 00 61 00 6c 00 79 00 74 00 69 00 63 00 73 00 	n0a0l0y0t0i0c0s0
  0x6d10	49 00 6e 00 66 00 6f 00 00 00 00 00 00 00 00 00 	I0n0f0o000000000
  0x6d20	22 05 93 19 00 00 00 00 00 00 00 00 00 00 00 00 	"000000000000000
  0x6d30	00 00 00 00 00 00 00 00 00 00 00 00 20 00 00 00 	000000000000 000
  0x6d40	00 00 00 00 05 00 00 00 22 05 93 19 02 00 00 00 	00000000"0000000
  0x6d50	ec 72 00 00 00 00 00 00 00 00 00 00 02 00 00 00 	0r00000000000000
  0x6d60	00 73 00 00 50 00 00 00 00 00 00 00 01 00 00 00 	0s00P00000000000
  0x6d70	22 05 93 19 04 00 00 00 78 74 00 00 02 00 00 00 	"0000000xt000000
  0x6d80	98 74 00 00 05 00 00 00 e8 74 00 00 20 00 00 00 	0t0000000t00 000
  0x6d90	00 00 00 00 01 00 00 00 22 05 93 19 03 00 00 00 	00000000"0000000
  0x6da0	ec 73 00 00 00 00 00 00 00 00 00 00 07 00 00 00 	0s00000000000000
  0x6db0	08 74 00 00 70 00 00 00 00 00 00 00 01 00 00 00 	0t00p00000000000
  0x6dc0	22 05 93 19 03 00 00 00 60 73 00 00 01 00 00 00 	"0000000`s000000
  0x6dd0	78 73 00 00 01 00 00 00 a0 73 00 00 20 00 00 00 	xs0000000s00 000
  0x6de0	00 00 00 00 01 00 00 00 00 00 00 00 00 00 00 00 	0000000000000000
  0x6df0	00 00 00 00 0c 5f 37 b5 00 00 00 00 02 00 00 00 	00000_7000000000
  0x6e00	2c 00 00 00 44 6e 00 00 44 5c 00 00 00 00 00 00 	,000Dn00D0000000
  0x6e10	0c 5f 37 b5 00 00 00 00 0d 00 00 00 8c 02 00 00 	0_70000000000000
  0x6e20	70 6e 00 00 70 5c 00 00 00 00 00 00 0c 5f 37 b5 	pn00p00000000_70
  0x6e30	00 00 00 00 10 00 00 00 24 00 00 00 fc 70 00 00 	00000000$0000p00
  0x6e40	fc 5e 00 00 52 53 44 53 86 e7 c8 e9 09 74 54 95 	0^00RSDS00000tT0
  0x6e50	bf 69 0f 45 36 ff 52 46 01 00 00 00 58 62 6c 47 	0i0E60RF0000XblG
  0x6e60	61 6d 65 53 61 76 65 54 61 73 6b 2e 70 64 62 00 	ameSaveTask.pdb0
  0x6e70	47 43 54 4c 00 10 00 00 40 01 00 00 2e 74 65 78 	GCTL0000@000.tex
  0x6e80	74 24 64 69 00 00 00 00 40 11 00 00 00 44 00 00 	t$di0000@0000D00
  0x6e90	2e 74 65 78 74 24 6d 6e 00 00 00 00 40 55 00 00 	.text$mn0000@U00
  0x6ea0	80 00 00 00 2e 74 65 78 74 24 6d 6e 24 30 30 00 	0000.text$mn$000
  0x6eb0	c0 55 00 00 c0 01 00 00 2e 74 65 78 74 24 78 00 	0U000000.text$x0
  0x6ec0	80 57 00 00 da 00 00 00 2e 74 65 78 74 24 79 64 	0W000000.text$yd
  0x6ed0	00 00 00 00 00 60 00 00 78 03 00 00 2e 72 64 61 	00000`00x000.rda
  0x6ee0	74 61 24 62 72 63 00 00 78 63 00 00 68 03 00 00 	ta$brc00xc00h000
  0x6ef0	2e 69 64 61 74 61 24 35 00 00 00 00 e0 66 00 00 	.idata$500000f00
  0x6f00	10 00 00 00 2e 30 30 63 66 67 00 00 f0 66 00 00 	0000.00cfg000f00
  0x6f10	08 00 00 00 2e 43 52 54 24 58 43 41 00 00 00 00 	0000.CRT$XCA0000
  0x6f20	f8 66 00 00 08 00 00 00 2e 43 52 54 24 58 43 41 	0f000000.CRT$XCA
  0x6f30	41 00 00 00 00 67 00 00 30 00 00 00 2e 43 52 54 	A0000g000000.CRT
  0x6f40	24 58 43 55 00 00 00 00 30 67 00 00 08 00 00 00 	$XCU00000g000000
  0x6f50	2e 43 52 54 24 58 43 5a 00 00 00 00 38 67 00 00 	.CRT$XCZ00008g00
  0x6f60	08 00 00 00 2e 43 52 54 24 58 49 41 00 00 00 00 	0000.CRT$XIA0000
  0x6f70	40 67 00 00 08 00 00 00 2e 43 52 54 24 58 49 41 	@g000000.CRT$XIA
  0x6f80	41 00 00 00 48 67 00 00 08 00 00 00 2e 43 52 54 	A000Hg000000.CRT
  0x6f90	24 58 49 59 00 00 00 00 50 67 00 00 08 00 00 00 	$XIY0000Pg000000
  0x6fa0	2e 43 52 54 24 58 49 5a 00 00 00 00 58 67 00 00 	.CRT$XIZ0000Xg00
  0x6fb0	18 00 00 00 2e 67 65 68 63 6f 6e 74 00 00 00 00 	0000.gehcont0000
  0x6fc0	70 67 00 00 8c 00 00 00 2e 67 66 69 64 73 00 00 	pg000000.gfids00
  0x6fd0	fc 67 00 00 04 00 00 00 2e 67 69 61 74 73 00 00 	0g000000.giats00
  0x6fe0	00 68 00 00 44 06 00 00 2e 72 64 61 74 61 00 00 	0h00D000.rdata00
  0x6ff0	44 6e 00 00 dc 02 00 00 2e 72 64 61 74 61 24 7a 	Dn000000.rdata$z
  0x7000	7a 7a 64 62 67 00 00 00 20 71 00 00 20 05 00 00 	zzdbg000 q00 000
  0x7010	2e 78 64 61 74 61 00 00 40 76 00 00 e8 00 00 00 	.xdata00@v000000
  0x7020	2e 78 64 61 74 61 24 78 00 00 00 00 28 77 00 00 	.xdata$x0000(w00
  0x7030	90 01 00 00 2e 69 64 61 74 61 24 32 00 00 00 00 	0000.idata$20000
  0x7040	b8 78 00 00 18 00 00 00 2e 69 64 61 74 61 24 33 	0x000000.idata$3
  0x7050	00 00 00 00 d0 78 00 00 68 03 00 00 2e 69 64 61 	00000x00h000.ida
  0x7060	74 61 24 34 00 00 00 00 38 7c 00 00 1c 09 00 00 	ta$400008|000000
  0x7070	2e 69 64 61 74 61 24 36 00 00 00 00 00 90 00 00 	.idata$600000000
  0x7080	10 00 00 00 2e 64 61 74 61 24 62 72 63 00 00 00 	0000.data$brc000
  0x7090	10 90 00 00 80 00 00 00 2e 64 61 74 61 24 72 24 	00000000.data$r$
  0x70a0	62 72 63 00 90 90 00 00 30 00 00 00 2e 64 61 74 	brc000000000.dat
  0x70b0	61 00 00 00 c0 90 00 00 28 08 00 00 2e 62 73 73 	a0000000(000.bss
  0x70c0	00 00 00 00 00 a0 00 00 bc 04 00 00 2e 70 64 61 	000000000000.pda
  0x70d0	74 61 00 00 00 b0 00 00 60 00 00 00 2e 72 73 72 	ta000000`000.rsr
  0x70e0	63 24 30 31 00 00 00 00 60 b0 00 00 d0 03 00 00 	c$010000`0000000
  0x70f0	2e 72 73 72 63 24 30 32 00 00 00 00 20 00 00 00 	.rsrc$020000 000
  0x7100	86 e7 c8 e9 09 74 54 95 bf 69 0f 45 36 ff 52 46 	00000tT00i0E60RF
  0x7110	fe 26 31 2a 60 51 54 af 69 97 da 2c 0c 5f 37 b5 	0&1*`QT0i00,0_70
  0x7120	01 12 05 00 12 42 0e 70 0d 60 0c 50 0b 30 00 00 	00000B0p0`0P0000
  0x7130	01 11 04 00 11 32 0d 70 0c 60 0b 30 19 25 09 00 	0000020p0`000%00
  0x7140	13 34 53 00 13 01 4a 00 0c f0 0a e0 08 70 07 60 	04S000J000000p0`
  0x7150	06 50 00 00 18 54 00 00 40 02 00 00 01 14 08 00 	0P000T00@0000000
  0x7160	14 64 08 00 14 54 07 00 14 34 06 00 14 32 10 70 	0d000T000400020p
  0x7170	01 04 01 00 04 42 00 00 19 21 07 00 0f 34 31 00 	00000B000!000410
  0x7180	0f 01 2a 00 08 70 07 60 06 50 00 00 18 54 00 00 	00*00p0`0P000T00
  0x7190	40 01 00 00 01 0f 06 00 0f 64 07 00 0f 34 06 00 	@00000000d000400
  0x71a0	0f 32 0b 70 01 04 01 00 04 82 00 00 01 12 04 00 	020p000000000000
  0x71b0	12 52 0e 70 0d 60 0c 30 01 1c 0c 00 1c 64 0c 00 	0R0p0`0000000d00
  0x71c0	1c 54 0b 00 1c 34 0a 00 1c 32 18 f0 16 e0 14 d0 	0T00040002000000
  0x71d0	12 c0 10 70 01 0a 04 00 0a 34 06 00 0a 32 06 70 	000p00000400020p
  0x71e0	19 21 03 00 0f 01 86 02 02 30 00 00 18 54 00 00 	0!00000000000T00
  0x71f0	20 14 00 00 01 06 02 00 06 32 02 30 01 07 02 00 	 000000002000000
  0x7200	07 01 1f 00 01 11 09 00 11 c2 0d f0 0b e0 09 d0 	0000000000000000
  0x7210	07 c0 05 70 04 60 03 50 02 30 00 00 01 09 03 00 	000p0`0P00000000
  0x7220	09 01 18 00 02 30 00 00 19 22 04 00 10 01 a5 02 	000000000"000000
  0x7230	03 70 02 30 18 54 00 00 10 15 00 00 01 04 01 00 	0p000T0000000000
  0x7240	04 a2 00 00 01 14 08 00 14 64 0e 00 14 54 0d 00 	000000000d000T00
  0x7250	14 34 0c 00 14 92 10 70 01 19 0a 00 19 74 0f 00 	0400000p00000t00
  0x7260	19 64 0e 00 19 54 0d 00 19 34 0c 00 19 92 15 e0 	0d000T0004000000
  0x7270	19 0d 01 00 04 62 00 00 98 4d 00 00 20 6d 00 00 	00000b000M00 m00
  0x7280	19 2b 0b 00 19 54 52 00 19 34 51 00 19 01 4a 00 	0+000TR004Q000J0
  0x7290	12 f0 10 e0 0e c0 0c 70 0b 60 00 00 18 54 00 00 	0000000p0`000T00
  0x72a0	40 02 00 00 01 0a 04 00 0a 64 06 00 0a 32 06 70 	@00000000d00020p
  0x72b0	01 19 0a 00 19 74 09 00 19 64 08 00 19 54 07 00 	00000t000d000T00
  0x72c0	19 34 06 00 19 32 15 e0 19 36 09 00 25 34 5a 00 	040002000600%4Z0
  0x72d0	18 01 52 00 0a f0 08 e0 06 70 05 60 04 50 00 00 	00R000000p0`0P00
  0x72e0	a0 54 00 00 48 6d 00 00 82 02 00 00 ff ff ff ff 	0T00Hm0000000000
  0x72f0	c3 55 00 00 00 00 00 00 d5 55 00 00 00 00 00 00 	0U0000000U000000
  0x7300	63 35 00 00 ff ff ff ff ce 35 00 00 01 00 00 00 	c500000005000000
  0x7310	01 12 08 00 12 54 0a 00 12 34 08 00 12 32 0e e0 	00000T0004000200
  0x7320	0c 70 0b 60 19 32 0b 00 21 64 52 00 21 34 50 00 	0p0`0200!dR0!4P0
  0x7330	21 01 4a 00 12 f0 10 e0 0e c0 0c 70 0b 50 00 00 	!0J00000000p0P00
  0x7340	18 54 00 00 40 02 00 00 19 1c 06 00 1c 64 0a 00 	0T00@00000000d00
  0x7350	18 34 08 00 0c 52 08 70 98 4d 00 00 c0 6d 00 00 	04000R0p0M000m00
  0x7360	ff ff ff ff 08 56 00 00 00 00 00 00 00 00 00 00 	00000V0000000000
  0x7370	00 00 00 00 00 00 00 00 01 00 00 00 01 00 00 00 	0000000000000000
  0x7380	02 00 00 00 01 00 00 00 8c 73 00 00 08 00 00 00 	000000000s000000
  0x7390	10 90 00 00 00 00 00 00 e7 55 00 00 38 00 00 00 	000000000U008000
  0x73a0	d3 3c 00 00 01 00 00 00 19 0a 02 00 0a 32 06 50 	0<0000000000020P
  0x73b0	98 4d 00 00 c0 6d 00 00 01 0f 06 00 0f 34 15 00 	0M000m0000000400
  0x73c0	0f d2 08 70 07 60 06 50 19 31 09 00 23 74 19 00 	000p0`0P0100#t00
  0x73d0	1f 64 18 00 1b 34 17 00 0f 01 14 00 04 50 00 00 	0d00040000000P00
  0x73e0	a0 54 00 00 98 6d 00 00 9a 00 00 00 ff ff ff ff 	0T000m0000000000
  0x73f0	1e 56 00 00 00 00 00 00 30 56 00 00 01 00 00 00 	0V0000000V000000
  0x7400	42 56 00 00 00 00 00 00 ae 41 00 00 02 00 00 00 	BV0000000A000000
  0x7410	19 42 00 00 01 00 00 00 41 42 00 00 00 00 00 00 	0B000000AB000000
  0x7420	5c 42 00 00 ff ff ff ff 8c 42 00 00 00 00 00 00 	0B0000000B000000
  0x7430	a7 42 00 00 ff ff ff ff 35 43 00 00 02 00 00 00 	0B0000005C000000
  0x7440	01 0a 04 00 0a 64 10 00 0a b2 06 70 01 12 08 00 	00000d00000p0000
  0x7450	12 54 0b 00 12 34 0a 00 12 52 0e e0 0c 70 0b 60 	0T0004000R000p0`
  0x7460	19 22 06 00 1a b2 16 f0 14 e0 12 70 11 60 10 30 	0"000000000p0`00
  0x7470	98 4d 00 00 70 6d 00 00 ff ff ff ff 00 00 00 00 	0M00pm0000000000
  0x7480	ff ff ff ff 00 00 00 00 01 00 00 00 00 00 00 00 	0000000000000000
  0x7490	01 00 00 00 00 00 00 00 00 00 00 00 00 00 00 00 	0000000000000000
  0x74a0	03 00 00 00 01 00 00 00 c0 74 00 00 02 00 00 00 	000000000t000000
  0x74b0	02 00 00 00 03 00 00 00 01 00 00 00 d4 74 00 00 	0000000000000t00
  0x74c0	40 00 00 00 00 00 00 00 00 00 00 00 54 56 00 00 	@00000000000TV00
  0x74d0	38 00 00 00 40 00 00 00 00 00 00 00 00 00 00 00 	8000@00000000000
  0x74e0	c1 56 00 00 38 00 00 00 78 46 00 00 00 00 00 00 	0V008000xF000000
  0x74f0	20 47 00 00 ff ff ff ff 89 56 00 00 02 00 00 00 	 G0000000V000000
  0x7500	b3 56 00 00 00 00 00 00 e3 56 00 00 03 00 00 00 	0V0000000V000000
  0x7510	19 0a 02 00 0a 32 06 50 98 4d 00 00 70 6d 00 00 	0000020P0M00pm00
  0x7520	09 0a 04 00 0a 34 0b 00 0a 72 06 70 96 50 00 00 	000004000r0p0P00
  0x7530	01 00 00 00 8c 47 00 00 ec 47 00 00 ef 56 00 00 	00000G000G000V00
  0x7540	ec 47 00 00 01 06 02 00 06 52 02 50 01 06 02 00 	0G0000000R0P0000
  0x7550	06 52 02 30 01 06 02 00 06 92 02 30 01 06 02 00 	0R00000000000000
  0x7560	06 72 02 30 01 04 01 00 04 62 00 00 09 15 08 00 	0r0000000b000000
  0x7570	15 74 0a 00 15 64 09 00 15 34 08 00 15 52 11 f0 	0t000d0004000R00
  0x7580	96 50 00 00 01 00 00 00 c5 4b 00 00 2b 4d 00 00 	0P0000000K00+M00
  0x7590	17 57 00 00 2b 4d 00 00 01 06 02 00 06 32 02 50 	0W00+M000000020P
  0x75a0	01 00 00 00 01 0c 02 00 0c 01 11 00 11 06 02 00 	0000000000000000
  0x75b0	06 32 02 30 96 50 00 00 01 00 00 00 c1 4f 00 00 	02000P0000000O00
  0x75c0	06 50 00 00 3b 57 00 00 00 00 00 00 09 04 01 00 	0P00;W0000000000
  0x75d0	04 22 00 00 96 50 00 00 01 00 00 00 5c 51 00 00 	0"000P0000000Q00
  0x75e0	92 51 00 00 01 00 00 00 92 51 00 00 09 0a 04 00 	0Q0000000Q000000
  0x75f0	0a 34 06 00 0a 32 06 70 96 50 00 00 01 00 00 00 	0400020p0P000000
  0x7600	6d 52 00 00 a0 52 00 00 60 57 00 00 a0 52 00 00 	mR000R00`W000R00
  0x7610	01 0d 04 00 0d 34 09 00 0d 32 06 50 00 00 00 00 	00000400020P0000
  0x7620	01 00 00 00 01 02 01 00 02 30 00 00 00 00 00 00 	0000000000000000
  0x7630	02 04 03 00 01 16 00 06 04 12 00 00 00 00 00 00 	0000000000000000
  0x7640	02 00 00 00 58 76 00 00 80 76 00 00 00 00 00 00 	0000Xv000v000000
  0x7650	00 00 00 00 00 00 00 00 00 00 00 00 38 90 00 00 	0000000000008000
  0x7660	00 00 00 00 ff ff ff ff 00 00 00 00 c8 00 00 00 	0000000000000000
  0x7670	0c 20 00 00 00 00 00 00 00 00 00 00 00 00 00 00 	0 00000000000000
  0x7680	00 00 00 00 68 90 00 00 00 00 00 00 ff ff ff ff 	0000h00000000000
  0x7690	00 00 00 00 18 00 00 00 45 50 00 00 00 00 00 00 	00000000EP000000
  0x76a0	00 00 00 00 00 00 00 00 00 00 00 00 e0 1e 00 00 	0000000000000000
  0x76b0	00 00 00 00 40 76 00 00 00 00 00 00 00 00 00 00 	0000@v0000000000
  0x76c0	00 00 00 00 00 00 00 00 02 00 00 00 e0 76 00 00 	0000000000000v00
  0x76d0	80 76 00 00 00 00 00 00 00 00 00 00 00 00 00 00 	0v00000000000000
  0x76e0	10 00 00 00 10 90 00 00 00 00 00 00 ff ff ff ff 	0000000000000000
  0x76f0	00 00 00 00 18 00 00 00 14 48 00 00 00 00 00 00 	000000000H000000
  0x7700	00 00 00 00 00 00 00 00 00 00 00 00 44 48 00 00 	000000000000DH00
  0x7710	00 00 00 00 c8 76 00 00 00 00 00 00 00 00 00 00 	00000v0000000000
  0x7720	00 00 00 00 00 00 00 00 00 7b 00 00 00 00 00 00 	000000000{000000
  0x7730	00 00 00 00 1e 7e 00 00 a8 65 00 00 a8 79 00 00 	00000~000e000y00
  0x7740	00 00 00 00 00 00 00 00 a4 82 00 00 50 64 00 00 	000000000000Pd00
  0x7750	58 7a 00 00 00 00 00 00 00 00 00 00 ce 82 00 00 	Xz00000000000000
  0x7760	00 65 00 00 70 79 00 00 00 00 00 00 00 00 00 00 	0e00py0000000000
  0x7770	f0 82 00 00 18 64 00 00 30 79 00 00 00 00 00 00 	00000d000y000000
  0x7780	00 00 00 00 10 83 00 00 d8 63 00 00 e0 79 00 00 	000000000c000y00
  0x7790	00 00 00 00 00 00 00 00 3a 83 00 00 88 64 00 00 	00000000:0000d00
  0x77a0	d0 79 00 00 00 00 00 00 00 00 00 00 64 83 00 00 	0y0000000000d000
  0x77b0	78 64 00 00 10 79 00 00 00 00 00 00 00 00 00 00 	xd000y0000000000
  0x77c0	8c 83 00 00 b8 63 00 00 60 79 00 00 00 00 00 00 	00000c00`y000000
  0x77d0	00 00 00 00 ae 83 00 00 08 64 00 00 d0 78 00 00 	000000000d000x00
  0x77e0	00 00 00 00 00 00 00 00 d0 83 00 00 78 63 00 00 	000000000000xc00
  0x77f0	90 79 00 00 00 00 00 00 00 00 00 00 dc 83 00 00 	0y00000000000000
  0x7800	38 64 00 00 f0 7a 00 00 00 00 00 00 00 00 00 00 	8d000z0000000000
  0x7810	fc 83 00 00 98 65 00 00 18 7a 00 00 00 00 00 00 	00000e000z000000
  0x7820	00 00 00 00 20 84 00 00 c0 64 00 00 98 7a 00 00 	0000 0000d000z00
  0x7830	00 00 00 00 00 00 00 00 44 84 00 00 40 65 00 00 	00000000D000@e00
  0x7840	38 7a 00 00 00 00 00 00 00 00 00 00 66 84 00 00 	8z0000000000f000
  0x7850	e0 64 00 00 08 7a 00 00 00 00 00 00 00 00 00 00 	0d000z0000000000
  0x7860	8c 84 00 00 b0 64 00 00 a8 7a 00 00 00 00 00 00 	00000d000z000000
  0x7870	00 00 00 00 b0 84 00 00 50 65 00 00 d0 7a 00 00 	00000000Pe000z00
  0x7880	00 00 00 00 00 00 00 00 d4 84 00 00 78 65 00 00 	000000000000xe00
  0x7890	c0 7a 00 00 00 00 00 00 00 00 00 00 fc 84 00 00 	0z00000000000000
  0x78a0	68 65 00 00 28 7c 00 00 00 00 00 00 00 00 00 00 	he00(|0000000000
  0x78b0	36 85 00 00 d0 66 00 00 00 00 00 00 00 00 00 00 	60000f0000000000
  0x78c0	00 00 00 00 00 00 00 00 00 00 00 00 00 00 00 00 	0000000000000000
  0x78d0	b0 80 00 00 00 00 00 00 14 81 00 00 00 00 00 00 	0000000000000000
  0x78e0	6c 80 00 00 00 00 00 00 2c 80 00 00 00 00 00 00 	l0000000,0000000
  0x78f0	3e 80 00 00 00 00 00 00 14 82 00 00 00 00 00 00 	>000000000000000
  0x7900	50 80 00 00 00 00 00 00 00 00 00 00 00 00 00 00 	P000000000000000
  0x7910	50 7f 00 00 00 00 00 00 0a 80 00 00 00 00 00 00 	P000000000000000
  0x7920	18 80 00 00 00 00 00 00 00 00 00 00 00 00 00 00 	0000000000000000
  0x7930	58 82 00 00 00 00 00 00 8a 81 00 00 00 00 00 00 	X000000000000000
  0x7940	40 7f 00 00 00 00 00 00 6e 81 00 00 00 00 00 00 	@0000000n0000000
  0x7950	b8 7e 00 00 00 00 00 00 00 00 00 00 00 00 00 00 	0~00000000000000
  0x7960	90 7f 00 00 00 00 00 00 00 00 00 00 00 00 00 00 	0000000000000000
  0x7970	ac 7e 00 00 00 00 00 00 e4 7f 00 00 00 00 00 00 	0~00000000000000
  0x7980	9e 7f 00 00 00 00 00 00 00 00 00 00 00 00 00 00 	0000000000000000
  0x7990	8c 80 00 00 00 00 00 00 08 81 00 00 00 00 00 00 	0000000000000000
  0x79a0	00 00 00 00 00 00 00 00 aa 7f 00 00 00 00 00 00 	0000000000000000
  0x79b0	f6 7f 00 00 00 00 00 00 dc 7e 00 00 00 00 00 00 	000000000~000000
  0x79c0	80 7e 00 00 00 00 00 00 00 00 00 00 00 00 00 00 	0~00000000000000
  0x79d0	2e 7f 00 00 00 00 00 00 00 00 00 00 00 00 00 00 	.000000000000000
  0x79e0	08 7f 00 00 00 00 00 00 ce 7f 00 00 00 00 00 00 	0000000000000000
  0x79f0	a8 81 00 00 00 00 00 00 bc 81 00 00 00 00 00 00 	0000000000000000
  0x7a00	00 00 00 00 00 00 00 00 d0 81 00 00 00 00 00 00 	0000000000000000
  0x7a10	00 00 00 00 00 00 00 00 ec 80 00 00 00 00 00 00 	0000000000000000
  0x7a20	da 80 00 00 00 00 00 00 cc 80 00 00 00 00 00 00 	0000000000000000
  0x7a30	00 00 00 00 00 00 00 00 2c 81 00 00 00 00 00 00 	00000000,0000000
  0x7a40	40 81 00 00 00 00 00 00 5a 81 00 00 00 00 00 00 	@0000000Z0000000
  0x7a50	00 00 00 00 00 00 00 00 66 7f 00 00 00 00 00 00 	00000000f0000000
  0x7a60	f2 7e 00 00 00 00 00 00 bc 7f 00 00 00 00 00 00 	0~00000000000000
  0x7a70	96 7e 00 00 00 00 00 00 c8 7e 00 00 00 00 00 00 	0~0000000~000000
  0x7a80	7e 7f 00 00 00 00 00 00 1e 7f 00 00 00 00 00 00 	~000000000000000
  0x7a90	00 00 00 00 00 00 00 00 00 81 00 00 00 00 00 00 	0000000000000000
  0x7aa0	00 00 00 00 00 00 00 00 ea 81 00 00 00 00 00 00 	0000000000000000
  0x7ab0	04 82 00 00 00 00 00 00 00 00 00 00 00 00 00 00 	0000000000000000
  0x7ac0	8a 82 00 00 00 00 00 00 00 00 00 00 00 00 00 00 	0000000000000000
  0x7ad0	6a 82 00 00 00 00 00 00 3c 82 00 00 00 00 00 00 	j0000000<0000000
  0x7ae0	26 82 00 00 00 00 00 00 00 00 00 00 00 00 00 00 	&000000000000000
  0x7af0	9a 80 00 00 00 00 00 00 00 00 00 00 00 00 00 00 	0000000000000000
  0x7b00	de 7d 00 00 00 00 00 00 d6 7d 00 00 00 00 00 00 	0}0000000}000000
  0x7b10	ce 7d 00 00 00 00 00 00 bc 7d 00 00 00 00 00 00 	0}0000000}000000
  0x7b20	aa 7d 00 00 00 00 00 00 9c 7d 00 00 00 00 00 00 	0}0000000}000000
  0x7b30	8e 7d 00 00 00 00 00 00 78 7d 00 00 00 00 00 00 	0}000000x}000000
  0x7b40	6c 7d 00 00 00 00 00 00 3e 7e 00 00 00 00 00 00 	l}000000>~000000
  0x7b50	46 7e 00 00 00 00 00 00 e8 7d 00 00 00 00 00 00 	F~0000000}000000
  0x7b60	fc 7d 00 00 00 00 00 00 08 7e 00 00 00 00 00 00 	0}0000000~000000
  0x7b70	42 7d 00 00 00 00 00 00 12 7e 00 00 00 00 00 00 	B}0000000~000000
  0x7b80	50 7e 00 00 00 00 00 00 24 7d 00 00 00 00 00 00 	P~000000$}000000
  0x7b90	5e 7e 00 00 00 00 00 00 1a 7d 00 00 00 00 00 00 	^~0000000}000000
  0x7ba0	0e 7d 00 00 00 00 00 00 ee 7c 00 00 00 00 00 00 	0}0000000|000000
  0x7bb0	d6 7c 00 00 00 00 00 00 c6 7c 00 00 00 00 00 00 	0|0000000|000000
  0x7bc0	a8 7c 00 00 00 00 00 00 90 7c 00 00 00 00 00 00 	0|0000000|000000
  0x7bd0	78 7c 00 00 00 00 00 00 4c 7d 00 00 00 00 00 00 	x|000000L}000000
  0x7be0	68 7c 00 00 00 00 00 00 68 7e 00 00 00 00 00 00 	h|000000h~000000
  0x7bf0	5c 7c 00 00 00 00 00 00 4e 7c 00 00 00 00 00 00 	0|000000N|000000
  0x7c00	2a 7e 00 00 00 00 00 00 38 7c 00 00 00 00 00 00 	*~0000008|000000
  0x7c10	40 85 00 00 00 00 00 00 4a 85 00 00 00 00 00 00 	@0000000J0000000
  0x7c20	00 00 00 00 00 00 00 00 1e 85 00 00 00 00 00 00 	0000000000000000
  0x7c30	00 00 00 00 00 00 00 00 5b 00 5f 5f 43 78 78 46 	00000000[0__CxxF
  0x7c40	72 61 6d 65 48 61 6e 64 6c 65 72 33 00 00 69 03 	rameHandler300i0
  0x7c50	5f 76 73 6e 77 70 72 69 6e 74 66 00 93 04 6d 65 	_vsnwprintf000me
  0x7c60	6d 63 70 79 5f 73 00 00 14 00 3f 3f 33 40 59 41 	mcpy_s0000??3@YA
  0x7c70	58 50 45 41 58 40 5a 00 11 00 3f 3f 31 65 78 63 	XPEAX@Z000??1exc
  0x7c80	65 70 74 69 6f 6e 40 40 55 45 41 41 40 58 5a 00 	eption@@UEAA@XZ0
  0x7c90	0d 00 3f 3f 30 65 78 63 65 70 74 69 6f 6e 40 40 	00??0exception@@
  0x7ca0	51 45 41 41 40 58 5a 00 0c 00 3f 3f 30 65 78 63 	QEAA@XZ000??0exc
  0x7cb0	65 70 74 69 6f 6e 40 40 51 45 41 41 40 41 45 42 	eption@@QEAA@AEB
  0x7cc0	56 30 40 40 5a 00 67 03 5f 76 73 6e 70 72 69 6e 	V0@@Z0g0_vsnprin
  0x7cd0	74 66 5f 73 00 00 57 00 5f 5f 43 5f 73 70 65 63 	tf_s00W0__C_spec
  0x7ce0	69 66 69 63 5f 68 61 6e 64 6c 65 72 00 00 0a 00 	ific_handler0000
  0x7cf0	3f 3f 30 65 78 63 65 70 74 69 6f 6e 40 40 51 45 	??0exception@@QE
  0x7d00	41 41 40 41 45 42 51 45 42 44 40 5a 00 00 8a 03 	AA@AEBQEBD@Z0000
  0x7d10	5f 77 63 73 69 63 6d 70 00 00 20 05 77 70 72 69 	_wcsicmp00 0wpri
  0x7d20	6e 74 66 00 31 00 3f 77 68 61 74 40 65 78 63 65 	ntf010?what@exce
  0x7d30	70 74 69 6f 6e 40 40 55 45 42 41 50 45 42 44 58 	ption@@UEBAPEBDX
  0x7d40	5a 00 86 04 6d 61 6c 6c 6f 63 00 00 0b 00 3f 3f 	Z000malloc0000??
  0x7d50	30 65 78 63 65 70 74 69 6f 6e 40 40 51 45 41 41 	0exception@@QEAA
  0x7d60	40 41 45 42 51 45 42 44 48 40 5a 00 bf 00 5f 63 	@AEBQEBDH@Z000_c
  0x7d70	61 6c 6c 6e 65 77 68 00 4b 00 5f 43 78 78 54 68 	allnewh0K0_CxxTh
  0x7d80	72 6f 77 45 78 63 65 70 74 69 6f 6e 00 00 55 00 	rowException00U0
  0x7d90	5f 58 63 70 74 46 69 6c 74 65 72 00 ae 00 5f 61 	_XcptFilter000_a
  0x7da0	6d 73 67 5f 65 78 69 74 00 00 9d 00 5f 5f 77 67 	msg_exit0000__wg
  0x7db0	65 74 6d 61 69 6e 61 72 67 73 00 00 8e 00 5f 5f 	etmainargs0000__
  0x7dc0	73 65 74 5f 61 70 70 5f 74 79 70 65 00 00 32 04 	set_app_type0020
  0x7dd0	65 78 69 74 00 00 0e 01 5f 65 78 69 74 00 c1 00 	exit0000_exit000
  0x7de0	5f 63 65 78 69 74 00 00 90 00 5f 5f 73 65 74 75 	_cexit0000__setu
  0x7df0	73 65 72 6d 61 74 68 65 72 72 00 00 7d 01 5f 69 	sermatherr00}0_i
  0x7e00	6e 69 74 74 65 72 6d 00 27 01 5f 66 6d 6f 64 65 	nitterm0'0_fmode
  0x7e10	00 00 d2 00 5f 63 6f 6d 6d 6f 64 65 00 00 6d 73 	0000_commode00ms
  0x7e20	76 63 72 74 2e 64 6c 6c 00 00 2f 00 3f 74 65 72 	vcrt.dll00/0?ter
  0x7e30	6d 69 6e 61 74 65 40 40 59 41 58 58 5a 00 e6 01 	minate@@YAXXZ000
  0x7e40	5f 6c 6f 63 6b 00 41 03 5f 75 6e 6c 6f 63 6b 00 	_lock0A0_unlock0
  0x7e50	7b 00 5f 5f 64 6c 6c 6f 6e 65 78 69 74 00 90 02 	{0__dllonexit000
  0x7e60	5f 6f 6e 65 78 69 74 00 12 00 3f 3f 31 74 79 70 	_onexit000??1typ
  0x7e70	65 5f 69 6e 66 6f 40 40 55 45 41 41 40 58 5a 00 	e_info@@UEAA@XZ0
  0x7e80	0f 00 47 65 74 4d 6f 64 75 6c 65 46 69 6c 65 4e 	00GetModuleFileN
  0x7e90	61 6d 65 41 00 00 0b 00 43 72 65 61 74 65 53 65 	ameA0000CreateSe
  0x7ea0	6d 61 70 68 6f 72 65 45 78 57 00 00 06 00 48 65 	maphoreExW0000He
  0x7eb0	61 70 46 72 65 65 00 00 0d 00 53 65 74 4c 61 73 	apFree0000SetLas
  0x7ec0	74 45 72 72 6f 72 00 00 26 00 52 65 6c 65 61 73 	tError00&0Releas
  0x7ed0	65 53 65 6d 61 70 68 6f 72 65 00 00 13 00 47 65 	eSemaphore0000Ge
  0x7ee0	74 4d 6f 64 75 6c 65 48 61 6e 64 6c 65 45 78 57 	tModuleHandleExW
  0x7ef0	00 00 36 00 57 61 69 74 46 6f 72 53 69 6e 67 6c 	0060WaitForSingl
  0x7f00	65 4f 62 6a 65 63 74 00 11 00 47 65 74 43 75 72 	eObject000GetCur
  0x7f10	72 65 6e 74 54 68 72 65 61 64 49 64 00 00 23 00 	rentThreadId00#0
  0x7f20	52 65 6c 65 61 73 65 4d 75 74 65 78 00 00 09 00 	ReleaseMutex0000
  0x7f30	46 6f 72 6d 61 74 4d 65 73 73 61 67 65 57 00 00 	FormatMessageW00
  0x7f40	05 00 47 65 74 4c 61 73 74 45 72 72 6f 72 00 00 	00GetLastError00
  0x7f50	07 00 4f 75 74 70 75 74 44 65 62 75 67 53 74 72 	00OutputDebugStr
  0x7f60	69 6e 67 57 00 00 37 00 57 61 69 74 46 6f 72 53 	ingW0070WaitForS
  0x7f70	69 6e 67 6c 65 4f 62 6a 65 63 74 45 78 00 21 00 	ingleObjectEx0!0
  0x7f80	4f 70 65 6e 53 65 6d 61 70 68 6f 72 65 57 00 00 	OpenSemaphoreW00
  0x7f90	00 00 43 6c 6f 73 65 48 61 6e 64 6c 65 00 02 00 	00CloseHandle000
  0x7fa0	48 65 61 70 41 6c 6c 6f 63 00 15 00 47 65 74 50 	HeapAlloc000GetP
  0x7fb0	72 6f 63 41 64 64 72 65 73 73 00 00 09 00 43 72 	rocAddress0000Cr
  0x7fc0	65 61 74 65 4d 75 74 65 78 45 78 57 00 00 0d 00 	eateMutexExW0000
  0x7fd0	47 65 74 43 75 72 72 65 6e 74 50 72 6f 63 65 73 	GetCurrentProces
  0x7fe0	73 49 64 00 00 00 47 65 74 50 72 6f 63 65 73 73 	sId000GetProcess
  0x7ff0	48 65 61 70 00 00 14 00 47 65 74 4d 6f 64 75 6c 	Heap0000GetModul
  0x8000	65 48 61 6e 64 6c 65 57 00 00 04 00 44 65 62 75 	eHandleW0000Debu
  0x8010	67 42 72 65 61 6b 00 00 05 00 49 73 44 65 62 75 	gBreak0000IsDebu
  0x8020	67 67 65 72 50 72 65 73 65 6e 74 00 74 01 52 70 	ggerPresent0t0Rp
  0x8030	63 42 69 6e 64 69 6e 67 46 72 65 65 00 00 14 02 	cBindingFree0000
  0x8040	52 70 63 53 74 72 69 6e 67 46 72 65 65 57 00 00 	RpcStringFreeW00
  0x8050	10 02 52 70 63 53 74 72 69 6e 67 42 69 6e 64 69 	00RpcStringBindi
  0x8060	6e 67 43 6f 6d 70 6f 73 65 57 00 00 76 01 52 70 	ngComposeW00v0Rp
  0x8070	63 42 69 6e 64 69 6e 67 46 72 6f 6d 53 74 72 69 	cBindingFromStri
  0x8080	6e 67 42 69 6e 64 69 6e 67 57 00 00 02 00 4c 6f 	ngBindingW0000Lo
  0x8090	63 61 6c 41 6c 6c 6f 63 00 00 23 00 43 72 65 61 	calAlloc00#0Crea
  0x80a0	74 65 57 65 6c 6c 4b 6e 6f 77 6e 53 69 64 00 00 	teWellKnownSid00
  0x80b0	85 01 52 70 63 42 69 6e 64 69 6e 67 53 65 74 41 	00RpcBindingSetA
  0x80c0	75 74 68 49 6e 66 6f 45 78 57 00 00 00 00 52 65 	uthInfoExW0000Re
  0x80d0	67 43 6c 6f 73 65 4b 65 79 00 03 00 52 65 67 43 	gCloseKey000RegC
  0x80e0	72 65 61 74 65 4b 65 79 45 78 57 00 21 00 52 65 	reateKeyExW0!0Re
  0x80f0	67 51 75 65 72 79 49 6e 66 6f 4b 65 79 57 00 00 	gQueryInfoKeyW00
  0x8100	2d 00 53 6c 65 65 70 00 03 00 4c 6f 63 61 6c 46 	-0Sleep000LocalF
  0x8110	72 65 65 00 2e 00 49 5f 52 70 63 45 78 63 65 70 	ree0.0I_RpcExcep
  0x8120	74 69 6f 6e 46 69 6c 74 65 72 00 00 02 00 52 74 	tionFilter0000Rt
  0x8130	6c 43 61 70 74 75 72 65 43 6f 6e 74 65 78 74 00 	lCaptureContext0
  0x8140	0a 00 52 74 6c 4c 6f 6f 6b 75 70 46 75 6e 63 74 	00RtlLookupFunct
  0x8150	69 6f 6e 45 6e 74 72 79 00 00 10 00 52 74 6c 56 	ionEntry0000RtlV
  0x8160	69 72 74 75 61 6c 55 6e 77 69 6e 64 00 00 11 00 	irtualUnwind0000
  0x8170	55 6e 68 61 6e 64 6c 65 64 45 78 63 65 70 74 69 	UnhandledExcepti
  0x8180	6f 6e 46 69 6c 74 65 72 00 00 0f 00 53 65 74 55 	onFilter0000SetU
  0x8190	6e 68 61 6e 64 6c 65 64 45 78 63 65 70 74 69 6f 	nhandledExceptio
  0x81a0	6e 46 69 6c 74 65 72 00 0c 00 47 65 74 43 75 72 	nFilter000GetCur
  0x81b0	72 65 6e 74 50 72 6f 63 65 73 73 00 4f 00 54 65 	rentProcess0O0Te
  0x81c0	72 6d 69 6e 61 74 65 50 72 6f 63 65 73 73 00 00 	rminateProcess00
  0x81d0	00 00 51 75 65 72 79 50 65 72 66 6f 72 6d 61 6e 	00QueryPerforman
  0x81e0	63 65 43 6f 75 6e 74 65 72 00 16 00 47 65 74 53 	ceCounter000GetS
  0x81f0	79 73 74 65 6d 54 69 6d 65 41 73 46 69 6c 65 54 	ystemTimeAsFileT
  0x8200	69 6d 65 00 1a 00 47 65 74 54 69 63 6b 43 6f 75 	ime000GetTickCou
  0x8210	6e 74 00 00 a4 00 4e 64 72 43 6c 69 65 6e 74 43 	nt0000NdrClientC
  0x8220	61 6c 6c 33 00 00 0c 00 57 69 6e 64 6f 77 73 44 	all30000WindowsD
  0x8230	65 6c 65 74 65 53 74 72 69 6e 67 00 10 00 57 69 	eleteString000Wi
  0x8240	6e 64 6f 77 73 47 65 74 53 74 72 69 6e 67 52 61 	ndowsGetStringRa
  0x8250	77 42 75 66 66 65 72 00 07 00 52 61 69 73 65 45 	wBuffer000RaiseE
  0x8260	78 63 65 70 74 69 6f 6e 00 00 0b 00 57 69 6e 64 	xception0000Wind
  0x8270	6f 77 73 43 72 65 61 74 65 53 74 72 69 6e 67 52 	owsCreateStringR
  0x8280	65 66 65 72 65 6e 63 65 00 00 01 00 52 6f 47 65 	eference0000RoGe
  0x8290	74 41 63 74 69 76 61 74 69 6f 6e 46 61 63 74 6f 	tActivationFacto
  0x82a0	72 79 00 00 61 70 69 2d 6d 73 2d 77 69 6e 2d 63 	ry00api-ms-win-c
  0x82b0	6f 72 65 2d 6c 69 62 72 61 72 79 6c 6f 61 64 65 	ore-libraryloade
  0x82c0	72 2d 6c 31 2d 32 2d 30 2e 64 6c 6c 00 00 61 70 	r-l1-2-0.dll00ap
  0x82d0	69 2d 6d 73 2d 77 69 6e 2d 63 6f 72 65 2d 73 79 	i-ms-win-core-sy
  0x82e0	6e 63 68 2d 6c 31 2d 31 2d 30 2e 64 6c 6c 00 00 	nch-l1-1-0.dll00
  0x82f0	61 70 69 2d 6d 73 2d 77 69 6e 2d 63 6f 72 65 2d 	api-ms-win-core-
  0x8300	68 65 61 70 2d 6c 31 2d 31 2d 30 2e 64 6c 6c 00 	heap-l1-1-0.dll0
  0x8310	61 70 69 2d 6d 73 2d 77 69 6e 2d 63 6f 72 65 2d 	api-ms-win-core-
  0x8320	65 72 72 6f 72 68 61 6e 64 6c 69 6e 67 2d 6c 31 	errorhandling-l1
  0x8330	2d 31 2d 30 2e 64 6c 6c 00 00 61 70 69 2d 6d 73 	-1-0.dll00api-ms
  0x8340	2d 77 69 6e 2d 63 6f 72 65 2d 70 72 6f 63 65 73 	-win-core-proces
  0x8350	73 74 68 72 65 61 64 73 2d 6c 31 2d 31 2d 30 2e 	sthreads-l1-1-0.
  0x8360	64 6c 6c 00 61 70 69 2d 6d 73 2d 77 69 6e 2d 63 	dll0api-ms-win-c
  0x8370	6f 72 65 2d 6c 6f 63 61 6c 69 7a 61 74 69 6f 6e 	ore-localization
  0x8380	2d 6c 31 2d 32 2d 30 2e 64 6c 6c 00 61 70 69 2d 	-l1-2-0.dll0api-
  0x8390	6d 73 2d 77 69 6e 2d 63 6f 72 65 2d 64 65 62 75 	ms-win-core-debu
  0x83a0	67 2d 6c 31 2d 31 2d 30 2e 64 6c 6c 00 00 61 70 	g-l1-1-0.dll00ap
  0x83b0	69 2d 6d 73 2d 77 69 6e 2d 63 6f 72 65 2d 68 61 	i-ms-win-core-ha
  0x83c0	6e 64 6c 65 2d 6c 31 2d 31 2d 30 2e 64 6c 6c 00 	ndle-l1-1-0.dll0
  0x83d0	52 50 43 52 54 34 2e 64 6c 6c 00 00 61 70 69 2d 	RPCRT4.dll00api-
  0x83e0	6d 73 2d 77 69 6e 2d 63 6f 72 65 2d 68 65 61 70 	ms-win-core-heap
  0x83f0	2d 6c 32 2d 31 2d 30 2e 64 6c 6c 00 61 70 69 2d 	-l2-1-0.dll0api-
  0x8400	6d 73 2d 77 69 6e 2d 73 65 63 75 72 69 74 79 2d 	ms-win-security-
  0x8410	62 61 73 65 2d 6c 31 2d 31 2d 30 2e 64 6c 6c 00 	base-l1-1-0.dll0
  0x8420	61 70 69 2d 6d 73 2d 77 69 6e 2d 63 6f 72 65 2d 	api-ms-win-core-
  0x8430	72 65 67 69 73 74 72 79 2d 6c 31 2d 31 2d 30 2e 	registry-l1-1-0.
  0x8440	64 6c 6c 00 61 70 69 2d 6d 73 2d 77 69 6e 2d 63 	dll0api-ms-win-c
  0x8450	6f 72 65 2d 73 79 6e 63 68 2d 6c 31 2d 32 2d 30 	ore-synch-l1-2-0
  0x8460	2e 64 6c 6c 00 00 61 70 69 2d 6d 73 2d 77 69 6e 	.dll00api-ms-win
  0x8470	2d 63 6f 72 65 2d 72 74 6c 73 75 70 70 6f 72 74 	-core-rtlsupport
  0x8480	2d 6c 31 2d 31 2d 30 2e 64 6c 6c 00 61 70 69 2d 	-l1-1-0.dll0api-
  0x8490	6d 73 2d 77 69 6e 2d 63 6f 72 65 2d 70 72 6f 66 	ms-win-core-prof
  0x84a0	69 6c 65 2d 6c 31 2d 31 2d 30 2e 64 6c 6c 00 00 	ile-l1-1-0.dll00
  0x84b0	61 70 69 2d 6d 73 2d 77 69 6e 2d 63 6f 72 65 2d 	api-ms-win-core-
  0x84c0	73 79 73 69 6e 66 6f 2d 6c 31 2d 31 2d 30 2e 64 	sysinfo-l1-1-0.d
  0x84d0	6c 6c 00 00 61 70 69 2d 6d 73 2d 77 69 6e 2d 63 	ll00api-ms-win-c
  0x84e0	6f 72 65 2d 77 69 6e 72 74 2d 73 74 72 69 6e 67 	ore-winrt-string
  0x84f0	2d 6c 31 2d 31 2d 30 2e 64 6c 6c 00 61 70 69 2d 	-l1-1-0.dll0api-
  0x8500	6d 73 2d 77 69 6e 2d 63 6f 72 65 2d 77 69 6e 72 	ms-win-core-winr
  0x8510	74 2d 6c 31 2d 31 2d 30 2e 64 6c 6c 00 00 b6 04 	t-l1-1-0.dll0000
  0x8520	52 74 6c 49 73 4d 75 6c 74 69 53 65 73 73 69 6f 	RtlIsMultiSessio
  0x8530	6e 53 6b 75 00 00 6e 74 64 6c 6c 2e 64 6c 6c 00 	nSku00ntdll.dll0
  0x8540	92 04 6d 65 6d 63 70 79 00 00 96 04 6d 65 6d 73 	00memcpy0000mems
  0x8550	65 74 00 00 00 00 00 00 00 00 00 00 00 00 00 00 	et00000000000000
  0x8560	00 00 00 00 00 00 00 00 00 00 00 00 00 00 00 00 	0000000000000000
  0x8570	00 00 00 00 00 00 00 00 00 00 00 00 00 00 00 00 	0000000000000000
  0x8580	00 00 00 00 00 00 00 00 00 00 00 00 00 00 00 00 	0000000000000000
  0x8590	00 00 00 00 00 00 00 00 00 00 00 00 00 00 00 00 	0000000000000000
  0x85a0	00 00 00 00 00 00 00 00 00 00 00 00 00 00 00 00 	0000000000000000
  0x85b0	00 00 00 00 00 00 00 00 00 00 00 00 00 00 00 00 	0000000000000000
  0x85c0	00 00 00 00 00 00 00 00 00 00 00 00 00 00 00 00 	0000000000000000
  0x85d0	00 00 00 00 00 00 00 00 00 00 00 00 00 00 00 00 	0000000000000000
  0x85e0	00 00 00 00 00 00 00 00 00 00 00 00 00 00 00 00 	0000000000000000
  0x85f0	00 00 00 00 00 00 00 00 00 00 00 00 00 00 00 00 	0000000000000000
=== DATA BLOCK END ===

=== DATA BLOCK ADDRESS 0x9000 ===
  0x9000	e8 69 00 40 01 00 00 00 00 00 00 00 00 00 00 00 	0i0@000000000000
  0x9010	10 60 00 40 01 00 00 00 00 00 00 00 00 00 00 00 	0`0@000000000000
  0x9020	2e 3f 41 56 62 61 64 5f 61 6c 6c 6f 63 40 73 74 	.?AVbad_alloc@st
  0x9030	64 40 40 00 00 00 00 00 10 60 00 40 01 00 00 00 	d@@000000`0@0000
  0x9040	00 00 00 00 00 00 00 00 2e 3f 41 56 52 65 73 75 	00000000.?AVResu
  0x9050	6c 74 45 78 63 65 70 74 69 6f 6e 40 77 69 6c 40 	ltException@wil@
  0x9060	40 00 00 00 00 00 00 00 10 60 00 40 01 00 00 00 	@00000000`0@0000
  0x9070	00 00 00 00 00 00 00 00 2e 3f 41 56 65 78 63 65 	00000000.?AVexce
  0x9080	70 74 69 6f 6e 40 40 00 00 00 00 00 00 00 00 00 	ption@@000000000
  0x9090	01 00 00 00 00 00 00 00 32 a2 df 2d 99 2b 00 00 	00000000200-0+00
  0x90a0	cd 5d 20 d2 66 d4 ff ff 00 00 00 00 00 00 00 00 	0] 0f00000000000
  0x90b0	01 00 00 00 01 01 01 00 00 00 00 00 00 00 00 00 	0000000000000000
  0x90c0	00 00 00 00 00 00 00 00 00 00 00 00 00 00 00 00 	0000000000000000
  0x90d0	00 00 00 00 00 00 00 00 00 00 00 00 00 00 00 00 	0000000000000000
  0x90e0	00 00 00 00 00 00 00 00 00 00 00 00 00 00 00 00 	0000000000000000
  0x90f0	00 00 00 00 00 00 00 00 00 00 00 00 00 00 00 00 	0000000000000000
  0x9100	00 00 00 00 00 00 00 00 00 00 00 00 00 00 00 00 	0000000000000000
  0x9110	00 00 00 00 00 00 00 00 00 00 00 00 00 00 00 00 	0000000000000000
  0x9120	00 00 00 00 00 00 00 00 00 00 00 00 00 00 00 00 	0000000000000000
  0x9130	00 00 00 00 00 00 00 00 00 00 00 00 00 00 00 00 	0000000000000000
  0x9140	00 00 00 00 00 00 00 00 00 00 00 00 00 00 00 00 	0000000000000000
  0x9150	00 00 00 00 00 00 00 00 00 00 00 00 00 00 00 00 	0000000000000000
  0x9160	00 00 00 00 00 00 00 00 00 00 00 00 00 00 00 00 	0000000000000000
  0x9170	00 00 00 00 00 00 00 00 00 00 00 00 00 00 00 00 	0000000000000000
  0x9180	00 00 00 00 00 00 00 00 00 00 00 00 00 00 00 00 	0000000000000000
  0x9190	00 00 00 00 00 00 00 00 00 00 00 00 00 00 00 00 	0000000000000000
  0x91a0	00 00 00 00 00 00 00 00 00 00 00 00 00 00 00 00 	0000000000000000
  0x91b0	00 00 00 00 00 00 00 00 00 00 00 00 00 00 00 00 	0000000000000000
  0x91c0	00 00 00 00 00 00 00 00 00 00 00 00 00 00 00 00 	0000000000000000
  0x91d0	00 00 00 00 00 00 00 00 00 00 00 00 00 00 00 00 	0000000000000000
  0x91e0	00 00 00 00 00 00 00 00 00 00 00 00 00 00 00 00 	0000000000000000
  0x91f0	00 00 00 00 00 00 00 00 00 00 00 00 00 00 00 00 	0000000000000000
=== DATA BLOCK END ===

=== DATA BLOCK ADDRESS 0xa000 ===
  0xa000	10 11 00 00 37 11 00 00 70 71 00 00 e0 11 00 00 	00007000pq000000
  0xa010	5e 12 00 00 20 71 00 00 64 12 00 00 e9 12 00 00 	^000 q00d0000000
  0xa020	30 71 00 00 f0 12 00 00 54 15 00 00 3c 71 00 00 	0q000000T000<q00
  0xa030	5c 15 00 00 64 16 00 00 5c 71 00 00 e4 16 00 00 	0000d0000q000000
  0xa040	09 17 00 00 70 71 00 00 10 17 00 00 4a 18 00 00 	0000pq000000J000
  0xa050	78 71 00 00 50 18 00 00 8d 18 00 00 70 71 00 00 	xq00P0000000pq00
  0xa060	c0 18 00 00 26 19 00 00 94 71 00 00 2c 19 00 00 	0000&0000q00,000
  0xa070	89 19 00 00 a4 71 00 00 90 19 00 00 11 1a 00 00 	00000q0000000000
  0xa080	ac 71 00 00 18 1a 00 00 66 1d 00 00 b8 71 00 00 	0q000000f0000q00
  0xa090	6c 1d 00 00 cd 1d 00 00 d4 71 00 00 e0 1d 00 00 	l00000000q000000
  0xa0a0	91 1e 00 00 e0 71 00 00 a0 1e 00 00 d7 1e 00 00 	00000q0000000000
  0xa0b0	d4 71 00 00 e0 1e 00 00 95 1f 00 00 f4 71 00 00 	0q00000000000q00
  0xa0c0	9c 1f 00 00 b8 1f 00 00 70 71 00 00 c0 1f 00 00 	00000000pq000000
  0xa0d0	ce 1f 00 00 70 71 00 00 e0 1f 00 00 06 20 00 00 	0000pq0000000 00
  0xa0e0	fc 71 00 00 0c 20 00 00 fb 20 00 00 d4 71 00 00 	0q000 000 000q00
  0xa0f0	04 21 00 00 b8 23 00 00 04 72 00 00 c0 23 00 00 	0!000#000r000#00
  0xa100	54 24 00 00 1c 72 00 00 5c 24 00 00 62 25 00 00 	T$000r000$00b%00
  0xa110	28 72 00 00 68 25 00 00 b2 25 00 00 3c 72 00 00 	(r00h%000%00<r00
  0xa120	b8 25 00 00 70 26 00 00 44 72 00 00 78 26 00 00 	0%00p&00Dr00x&00
  0xa130	34 27 00 00 58 72 00 00 3c 27 00 00 72 27 00 00 	4'00Xr00<'00r'00
  0xa140	a4 71 00 00 78 27 00 00 91 27 00 00 a4 71 00 00 	0q00x'000'000q00
  0xa150	98 27 00 00 b1 27 00 00 a4 71 00 00 b8 27 00 00 	0'000'000q000'00
  0xa160	f6 27 00 00 a4 71 00 00 0c 28 00 00 36 28 00 00 	0'000q000(006(00
  0xa170	70 71 00 00 3c 28 00 00 66 28 00 00 70 71 00 00 	pq00<(00f(00pq00
  0xa180	6c 28 00 00 8d 28 00 00 70 72 00 00 94 28 00 00 	l(000(00pr000(00
  0xa190	96 2a 00 00 80 72 00 00 9c 2a 00 00 15 2c 00 00 	0*000r000*000,00
  0xa1a0	a4 72 00 00 1c 2c 00 00 c6 2c 00 00 5c 71 00 00 	0r000,000,000q00
  0xa1b0	cc 2c 00 00 a4 2f 00 00 b8 71 00 00 ac 2f 00 00 	0,000/000q000/00
  0xa1c0	71 30 00 00 d4 71 00 00 78 30 00 00 74 31 00 00 	q0000q00x000t100
  0xa1d0	5c 71 00 00 80 31 00 00 d7 32 00 00 b0 72 00 00 	0q00010002000r00
  0xa1e0	e0 32 00 00 4d 33 00 00 f4 71 00 00 60 33 00 00 	0200M3000q00`300
  0xa1f0	ec 33 00 00 94 71 00 00 f4 33 00 00 0e 37 00 00 	03000q0003000700
  0xa200	c8 72 00 00 14 37 00 00 0e 39 00 00 10 73 00 00 	0r00070009000s00
  0xa210	14 39 00 00 35 39 00 00 70 72 00 00 3c 39 00 00 	09005900pr00<900
  0xa220	c4 39 00 00 5c 71 00 00 cc 39 00 00 44 3a 00 00 	09000q000900D:00
  0xa230	94 71 00 00 4c 3a 00 00 64 3c 00 00 24 73 00 00 	0q00L:00d<00$s00
  0xa240	6c 3c 00 00 5f 3d 00 00 48 73 00 00 68 3d 00 00 	l<00_=00Hs00h=00
  0xa250	d9 3d 00 00 94 71 00 00 e0 3d 00 00 f5 3f 00 00 	0=000q000=000?00
  0xa260	b8 73 00 00 00 40 00 00 37 40 00 00 d4 71 00 00 	0s000@007@000q00
  0xa270	40 40 00 00 81 40 00 00 d4 71 00 00 90 40 00 00 	@@000@000q000@00
  0xa280	c1 40 00 00 f4 71 00 00 d0 40 00 00 fe 40 00 00 	0@000q000@000@00
  0xa290	f4 71 00 00 04 41 00 00 3d 43 00 00 c8 73 00 00 	0q000A00=C000s00
  0xa2a0	44 43 00 00 ee 43 00 00 40 74 00 00 f4 43 00 00 	DC000C00@t000C00
  0xa2b0	22 45 00 00 4c 74 00 00 28 45 00 00 5f 45 00 00 	"E00Lt00(E00_E00
  0xa2c0	f4 71 00 00 68 45 00 00 d7 45 00 00 5c 71 00 00 	0q00hE000E000q00
  0xa2d0	e0 45 00 00 21 47 00 00 60 74 00 00 28 47 00 00 	0E00!G00`t00(G00
  0xa2e0	0c 48 00 00 20 75 00 00 14 48 00 00 3d 48 00 00 	0H00 u000H00=H00
  0xa2f0	f4 71 00 00 60 48 00 00 a8 48 00 00 d4 71 00 00 	0q00`H000H000q00
  0xa300	b0 48 00 00 e4 48 00 00 4c 75 00 00 ec 48 00 00 	0H000H00Lu000H00
  0xa310	48 49 00 00 54 75 00 00 50 49 00 00 6e 49 00 00 	HI00Tu00PI00nI00
  0xa320	a4 71 00 00 74 49 00 00 9a 49 00 00 70 71 00 00 	0q00tI000I00pq00
  0xa330	bc 49 00 00 df 49 00 00 f4 71 00 00 e8 49 00 00 	0I000I000q000I00
  0xa340	20 4a 00 00 f4 71 00 00 28 4a 00 00 6f 4a 00 00 	 J000q00(J00oJ00
  0xa350	5c 75 00 00 80 4a 00 00 53 4b 00 00 70 71 00 00 	0u000J00SK00pq00
  0xa360	60 4b 00 00 a9 4b 00 00 64 75 00 00 b0 4b 00 00 	`K000K00du000K00
  0xa370	6e 4d 00 00 6c 75 00 00 80 4d 00 00 92 4d 00 00 	nM00lu000M000M00
  0xa380	70 71 00 00 b0 4d 00 00 ce 4d 00 00 a0 75 00 00 	pq000M000M000u00
  0xa390	d4 4d 00 00 08 4e 00 00 f4 71 00 00 10 4e 00 00 	0M000N000q000N00
  0xa3a0	81 4f 00 00 a4 75 00 00 88 4f 00 00 15 50 00 00 	0O000u000O000P00
  0xa3b0	ac 75 00 00 1c 50 00 00 33 50 00 00 70 71 00 00 	0u000P003P00pq00
  0xa3c0	60 50 00 00 90 50 00 00 d4 71 00 00 e0 50 00 00 	`P000P000q000P00
  0xa3d0	19 51 00 00 70 71 00 00 20 51 00 00 38 51 00 00 	0Q00pq00 Q008Q00
  0xa3e0	70 71 00 00 4c 51 00 00 a0 51 00 00 cc 75 00 00 	pq00LQ000Q000u00
  0xa3f0	a8 51 00 00 ed 51 00 00 f4 71 00 00 60 52 00 00 	0Q000Q000q00`R00
  0xa400	ad 52 00 00 ec 75 00 00 f4 52 00 00 c8 53 00 00 	0R000u000R000S00
  0xa410	10 76 00 00 18 54 00 00 35 54 00 00 70 71 00 00 	0v000T005T00pq00
  0xa420	3c 54 00 00 97 54 00 00 24 76 00 00 a0 54 00 00 	<T000T00$v000T00
  0xa430	1f 55 00 00 b0 72 00 00 50 55 00 00 52 55 00 00 	0U000r00PU00RU00
  0xa440	20 76 00 00 70 55 00 00 bd 55 00 00 30 76 00 00 	 v00pU000U000v00
  0xa450	e7 55 00 00 02 56 00 00 a8 73 00 00 54 56 00 00 	0U000V000s00TV00
  0xa460	c1 56 00 00 10 75 00 00 c1 56 00 00 e9 56 00 00 	0V000u000V000V00
  0xa470	10 75 00 00 ef 56 00 00 11 57 00 00 44 75 00 00 	0u000V000W00Du00
  0xa480	17 57 00 00 35 57 00 00 98 75 00 00 3b 57 00 00 	0W005W000u00;W00
  0xa490	56 57 00 00 98 75 00 00 60 57 00 00 80 57 00 00 	VW000u00`W000W00
  0xa4a0	98 75 00 00 90 57 00 00 ab 57 00 00 70 71 00 00 	0u000W000W00pq00
  0xa4b0	c0 57 00 00 2b 58 00 00 94 71 00 00 00 00 00 00 	0W00+X000q000000
  0xa4c0	00 00 00 00 00 00 00 00 00 00 00 00 00 00 00 00 	0000000000000000
  0xa4d0	00 00 00 00 00 00 00 00 00 00 00 00 00 00 00 00 	0000000000000000
  0xa4e0	00 00 00 00 00 00 00 00 00 00 00 00 00 00 00 00 	0000000000000000
  0xa4f0	00 00 00 00 00 00 00 00 00 00 00 00 00 00 00 00 	0000000000000000
  0xa500	00 00 00 00 00 00 00 00 00 00 00 00 00 00 00 00 	0000000000000000
  0xa510	00 00 00 00 00 00 00 00 00 00 00 00 00 00 00 00 	0000000000000000
  0xa520	00 00 00 00 00 00 00 00 00 00 00 00 00 00 00 00 	0000000000000000
  0xa530	00 00 00 00 00 00 00 00 00 00 00 00 00 00 00 00 	0000000000000000
  0xa540	00 00 00 00 00 00 00 00 00 00 00 00 00 00 00 00 	0000000000000000
  0xa550	00 00 00 00 00 00 00 00 00 00 00 00 00 00 00 00 	0000000000000000
  0xa560	00 00 00 00 00 00 00 00 00 00 00 00 00 00 00 00 	0000000000000000
  0xa570	00 00 00 00 00 00 00 00 00 00 00 00 00 00 00 00 	0000000000000000
  0xa580	00 00 00 00 00 00 00 00 00 00 00 00 00 00 00 00 	0000000000000000
  0xa590	00 00 00 00 00 00 00 00 00 00 00 00 00 00 00 00 	0000000000000000
  0xa5a0	00 00 00 00 00 00 00 00 00 00 00 00 00 00 00 00 	0000000000000000
  0xa5b0	00 00 00 00 00 00 00 00 00 00 00 00 00 00 00 00 	0000000000000000
  0xa5c0	00 00 00 00 00 00 00 00 00 00 00 00 00 00 00 00 	0000000000000000
  0xa5d0	00 00 00 00 00 00 00 00 00 00 00 00 00 00 00 00 	0000000000000000
  0xa5e0	00 00 00 00 00 00 00 00 00 00 00 00 00 00 00 00 	0000000000000000
  0xa5f0	00 00 00 00 00 00 00 00 00 00 00 00 00 00 00 00 	0000000000000000
=== DATA BLOCK END ===
