===== Assembly blocks =====

=== CODE BLOCK ADDRESS 0x1000 ===
=== CODE BLOCK END ===

=== DATA BLOCK ADDRESS 0xb000 ===
  0xb000	c0 f1 00 40 01 00 00 00 60 f2 00 40 01 00 00 00 	000@0000`00@0000
  0xb010	70 9b 00 40 01 00 00 00 b0 52 00 40 01 00 00 00 	p00@00000R0@0000
  0xb020	b0 52 00 40 01 00 00 00 60 52 00 40 01 00 00 00 	0R0@0000`R0@0000
  0xb030	50 52 00 40 01 00 00 00 f0 51 00 40 01 00 00 00 	PR0@00000Q0@0000
  0xb040	00 54 00 40 01 00 00 00 40 52 00 40 01 00 00 00 	0T0@0000@R0@0000
  0xb050	b0 3e 00 40 01 00 00 00 50 9b 00 40 01 00 00 00 	0>0@0000P00@0000
  0xb060	50 9b 00 40 01 00 00 00 f0 3e 00 40 01 00 00 00 	P00@00000>0@0000
  0xb070	60 3f 00 40 01 00 00 00 10 3f 00 40 01 00 00 00 	`?0@00000?0@0000
  0xb080	b0 3e 00 40 01 00 00 00 80 3f 00 40 01 00 00 00 	0>0@00000?0@0000
  0xb090	90 3f 00 40 01 00 00 00 f0 3e 00 40 01 00 00 00 	0?0@00000>0@0000
  0xb0a0	60 3f 00 40 01 00 00 00 10 3f 00 40 01 00 00 00 	`?0@00000?0@0000
  0xb0b0	b0 3e 00 40 01 00 00 00 d0 3f 00 40 01 00 00 00 	0>0@00000?0@0000
  0xb0c0	e0 3f 00 40 01 00 00 00 f0 3e 00 40 01 00 00 00 	0?0@00000>0@0000
  0xb0d0	60 3f 00 40 01 00 00 00 10 3f 00 40 01 00 00 00 	`?0@00000?0@0000
  0xb0e0	50 9b 00 40 01 00 00 00 50 9b 00 40 01 00 00 00 	P00@0000P00@0000
  0xb0f0	50 9b 00 40 01 00 00 00 50 9b 00 40 01 00 00 00 	P00@0000P00@0000
  0xb100	50 9b 00 40 01 00 00 00 f0 4b 00 40 01 00 00 00 	P00@00000K0@0000
  0xb110	50 9b 00 40 01 00 00 00 a0 53 00 40 01 00 00 00 	P00@00000S0@0000
  0xb120	a0 53 00 40 01 00 00 00 10 53 00 40 01 00 00 00 	0S0@00000S0@0000
  0xb130	00 53 00 40 01 00 00 00 f0 51 00 40 01 00 00 00 	0S0@00000Q0@0000
  0xb140	00 54 00 40 01 00 00 00 40 52 00 40 01 00 00 00 	0T0@0000@R0@0000
  0xb150	b0 3e 00 40 01 00 00 00 30 40 00 40 01 00 00 00 	0>0@00000@0@0000
  0xb160	40 40 00 40 01 00 00 00 80 40 00 40 01 00 00 00 	@@0@00000@0@0000
  0xb170	60 3f 00 40 01 00 00 00 10 3f 00 40 01 00 00 00 	`?0@00000?0@0000
  0xb180	90 26 00 40 01 00 00 00 d0 25 00 40 01 00 00 00 	0&0@00000%0@0000
  0xb190	18 01 00 00 00 00 00 00 00 00 00 00 00 00 00 00 	0000000000000000
  0xb1a0	00 00 00 00 00 00 00 00 00 00 00 00 00 00 00 00 	0000000000000000
  0xb1b0	00 00 00 00 00 00 00 00 00 00 00 00 00 00 00 00 	0000000000000000
  0xb1c0	00 00 00 00 00 00 00 00 00 00 00 00 00 00 00 00 	0000000000000000
  0xb1d0	00 00 00 00 00 00 00 00 00 00 00 00 00 00 00 00 	0000000000000000
  0xb1e0	00 00 00 00 00 00 00 00 68 f1 00 40 01 00 00 00 	00000000h00@0000
  0xb1f0	00 00 00 00 00 00 00 00 00 00 00 00 00 00 00 00 	0000000000000000
  0xb200	10 b6 00 40 01 00 00 00 18 b6 00 40 01 00 00 00 	000@0000000@0000
  0xb210	cc b6 00 40 01 00 00 00 3d 00 00 00 00 00 00 00 	000@0000=0000000
  0xb220	00 75 41 00 00 00 00 00 00 00 00 00 00 00 00 00 	0uA0000000000000
  0xb230	c0 b7 00 40 01 00 00 00 01 00 00 00 00 00 00 00 	000@000000000000
  0xb240	00 00 00 00 00 00 00 00 00 00 00 00 00 00 00 00 	0000000000000000
  0xb250	00 00 00 00 00 00 00 00 00 00 00 00 00 00 00 00 	0000000000000000
  0xb260	00 00 00 00 00 00 00 00 00 00 00 00 00 00 00 00 	0000000000000000
  0xb270	00 00 00 00 00 00 00 00 00 00 00 00 00 00 00 00 	0000000000000000
  0xb280	00 00 00 00 00 00 00 00 00 00 00 00 00 00 00 00 	0000000000000000
  0xb290	00 00 00 00 00 00 00 00 98 b6 00 40 01 00 00 00 	00000000000@0000
  0xb2a0	0d 00 00 00 00 00 00 00 92 ea 00 00 00 00 00 00 	0000000000000000
  0xb2b0	84 ea 00 00 00 00 00 00 ba e9 00 00 00 00 00 00 	0000000000000000
  0xb2c0	00 00 00 00 00 00 00 00 0c eb 00 00 00 00 00 00 	0000000000000000
  0xb2d0	aa e9 00 00 00 00 00 00 fa e8 00 00 00 00 00 00 	0000000000000000
  0xb2e0	f0 ea 00 00 00 00 00 00 00 00 00 00 00 00 00 00 	0000000000000000
  0xb2f0	fa e9 00 00 00 00 00 00 00 00 00 00 00 00 00 00 	0000000000000000
  0xb300	08 ea 00 00 00 00 00 00 ee e8 00 00 00 00 00 00 	0000000000000000
  0xb310	5e ea 00 00 00 00 00 00 00 00 00 00 00 00 00 00 	^000000000000000
  0xb320	c2 e8 00 00 00 00 00 00 70 ea 00 00 00 00 00 00 	00000000p0000000
  0xb330	24 ea 00 00 00 00 00 00 1e e9 00 00 00 00 00 00 	$000000000000000
  0xb340	00 00 00 00 00 00 00 00 98 e9 00 00 00 00 00 00 	0000000000000000
  0xb350	00 00 00 00 00 00 00 00 3e eb 00 00 00 00 00 00 	00000000>0000000
  0xb360	2a eb 00 00 00 00 00 00 5c e9 00 00 00 00 00 00 	*000000000000000
  0xb370	26 ee 00 00 00 00 00 00 48 ea 00 00 00 00 00 00 	&0000000H0000000
  0xb380	38 ee 00 00 00 00 00 00 fe ed 00 00 00 00 00 00 	8000000000000000
  0xb390	00 00 00 00 00 00 00 00 52 eb 00 00 00 00 00 00 	00000000R0000000
  0xb3a0	00 00 00 00 00 00 00 00 b4 ee 00 00 00 00 00 00 	0000000000000000
  0xb3b0	c8 ee 00 00 00 00 00 00 a2 ee 00 00 00 00 00 00 	0000000000000000
  0xb3c0	92 ee 00 00 00 00 00 00 80 ee 00 00 00 00 00 00 	0000000000000000
  0xb3d0	4e ee 00 00 00 00 00 00 6e ee 00 00 00 00 00 00 	N0000000n0000000
  0xb3e0	5e ee 00 00 00 00 00 00 00 00 00 00 00 00 00 00 	^000000000000000
  0xb3f0	ae ea 00 00 00 00 00 00 c2 ea 00 00 00 00 00 00 	0000000000000000
  0xb400	dc ea 00 00 00 00 00 00 00 00 00 00 00 00 00 00 	0000000000000000
  0xb410	72 e9 00 00 00 00 00 00 36 ea 00 00 00 00 00 00 	r000000060000000
  0xb420	0a e9 00 00 00 00 00 00 e8 e9 00 00 00 00 00 00 	0000000000000000
  0xb430	d8 e8 00 00 00 00 00 00 46 e9 00 00 00 00 00 00 	00000000F0000000
  0xb440	d0 e9 00 00 00 00 00 00 00 00 00 00 00 00 00 00 	0000000000000000
  0xb450	a6 ea 00 00 00 00 00 00 00 00 00 00 00 00 00 00 	0000000000000000
  0xb460	86 eb 00 00 00 00 00 00 6c eb 00 00 00 00 00 00 	00000000l0000000
  0xb470	00 00 00 00 00 00 00 00 34 e9 00 00 00 00 00 00 	0000000040000000
  0xb480	10 ee 00 00 00 00 00 00 82 e9 00 00 00 00 00 00 	0000000000000000
  0xb490	14 ea 00 00 00 00 00 00 00 00 00 00 00 00 00 00 	0000000000000000
  0xb4a0	22 01 00 00 00 00 00 80 00 00 00 00 00 00 00 00 	"000000000000000
  0xb4b0	84 e6 00 00 00 00 00 00 62 e6 00 00 00 00 00 00 	00000000b0000000
  0xb4c0	c6 e6 00 00 00 00 00 00 a4 e6 00 00 00 00 00 00 	0000000000000000
  0xb4d0	48 e6 00 00 00 00 00 00 a2 ed 00 00 00 00 00 00 	H000000000000000
  0xb4e0	c4 ed 00 00 00 00 00 00 00 00 00 00 00 00 00 00 	0000000000000000
  0xb4f0	aa e8 00 00 00 00 00 00 96 e8 00 00 00 00 00 00 	0000000000000000
  0xb500	8c e8 00 00 00 00 00 00 7e e8 00 00 00 00 00 00 	00000000~0000000
  0xb510	74 e8 00 00 00 00 00 00 6c e8 00 00 00 00 00 00 	t0000000l0000000
  0xb520	54 e8 00 00 00 00 00 00 4a e8 00 00 00 00 00 00 	T0000000J0000000
  0xb530	32 e8 00 00 00 00 00 00 26 e8 00 00 00 00 00 00 	20000000&0000000
  0xb540	12 e8 00 00 00 00 00 00 08 e8 00 00 00 00 00 00 	0000000000000000
  0xb550	00 e8 00 00 00 00 00 00 f8 e7 00 00 00 00 00 00 	0000000000000000
  0xb560	e6 e7 00 00 00 00 00 00 d4 e7 00 00 00 00 00 00 	0000000000000000
  0xb570	c6 e7 00 00 00 00 00 00 24 ef 00 00 00 00 00 00 	00000000$0000000
  0xb580	f4 ed 00 00 00 00 00 00 b8 e7 00 00 00 00 00 00 	0000000000000000
  0xb590	ac e7 00 00 00 00 00 00 a2 e7 00 00 00 00 00 00 	0000000000000000
  0xb5a0	92 e7 00 00 00 00 00 00 74 e7 00 00 00 00 00 00 	00000000t0000000
  0xb5b0	5c e7 00 00 00 00 00 00 44 e7 00 00 00 00 00 00 	00000000D0000000
  0xb5c0	38 e7 00 00 00 00 00 00 28 e7 00 00 00 00 00 00 	80000000(0000000
  0xb5d0	1c e7 00 00 00 00 00 00 0e e7 00 00 00 00 00 00 	0000000000000000
  0xb5e0	f8 e6 00 00 00 00 00 00 ea ed 00 00 00 00 00 00 	0000000000000000
  0xb5f0	fa ee 00 00 00 00 00 00 10 ef 00 00 00 00 00 00 	0000000000000000
  0xb600	1a ef 00 00 00 00 00 00 00 00 00 00 00 00 00 00 	0000000000000000
  0xb610	d0 9e 00 40 01 00 00 00 b0 a1 00 40 01 00 00 00 	000@0000000@0000
  0xb620	00 00 00 00 00 00 00 00 60 96 00 40 01 00 00 00 	00000000`00@0000
  0xb630	d0 17 00 40 01 00 00 00 10 18 00 40 01 00 00 00 	000@0000000@0000
  0xb640	30 18 00 40 01 00 00 00 50 18 00 40 01 00 00 00 	000@0000P00@0000
  0xb650	90 18 00 40 01 00 00 00 e0 18 00 40 01 00 00 00 	000@0000000@0000
  0xb660	00 19 00 40 01 00 00 00 20 19 00 40 01 00 00 00 	000@0000 00@0000
  0xb670	00 00 00 00 00 00 00 00 00 00 00 00 00 00 00 00 	0000000000000000
  0xb680	80 95 00 40 01 00 00 00 00 9c 00 40 01 00 00 00 	000@0000000@0000
  0xb690	00 00 00 00 00 00 00 00 0b 28 00 00 fc 29 00 00 	000000000(000)00
  0xb6a0	03 2a 00 00 09 2a 00 00 1d 2a 00 00 7f 43 00 00 	0*000*000*000C00
  0xb6b0	56 4e 00 00 db 61 00 00 f0 88 00 00 2b 98 00 00 	VN000a000000+000
  0xb6c0	72 9c 00 00 80 9d 00 00 c8 9f 00 00 10 10 00 00 	r000000000000000
  0xb6d0	d0 17 00 00 10 18 00 00 30 18 00 00 50 18 00 00 	000000000000P000
  0xb6e0	90 18 00 00 e0 18 00 00 00 19 00 00 20 19 00 00 	000000000000 000
  0xb6f0	c0 1e 00 00 40 20 00 00 90 20 00 00 b0 20 00 00 	0000@ 000 000 00
  0xb700	d0 25 00 00 90 26 00 00 30 28 00 00 50 28 00 00 	0%000&000(00P(00
  0xb710	80 29 00 00 30 3c 00 00 90 3d 00 00 10 3e 00 00 	0)000<000=000>00
  0xb720	b0 3e 00 00 f0 3e 00 00 10 3f 00 00 60 3f 00 00 	0>000>000?00`?00
  0xb730	80 3f 00 00 90 3f 00 00 d0 3f 00 00 e0 3f 00 00 	0?000?000?000?00
  0xb740	30 40 00 00 40 40 00 00 80 40 00 00 50 44 00 00 	0@00@@000@00PD00
  0xb750	f0 4b 00 00 f0 51 00 00 40 52 00 00 50 52 00 00 	0K000Q00@R00PR00
  0xb760	60 52 00 00 b0 52 00 00 00 53 00 00 10 53 00 00 	`R000R000S000S00
  0xb770	a0 53 00 00 00 54 00 00 10 67 00 00 90 67 00 00 	0S000T000g000g00
  0xb780	10 7e 00 00 80 95 00 00 60 96 00 00 80 98 00 00 	0~000000`0000000
  0xb790	10 99 00 00 50 9b 00 00 70 9b 00 00 c0 9b 00 00 	0000P000p0000000
  0xb7a0	00 9c 00 00 e0 9c 00 00 d0 9e 00 00 c0 ac 00 00 	0000000000000000
  0xb7b0	f0 ac 00 00 70 ad 00 00 90 ad 00 00 b0 ad 00 00 	0000p00000000000
  0xb7c0	00 b5 00 00 00 00 00 00 00 00 00 00 00 00 00 00 	0000000000000000
  0xb7d0	00 00 00 00 00 00 00 00 45 78 63 65 70 74 69 6f 	00000000Exceptio
  0xb7e0	6e 00 00 00 00 00 00 00 52 65 74 75 72 6e 48 72 	n0000000ReturnHr
  0xb7f0	00 00 00 00 4c 6f 67 48 72 00 00 00 00 00 00 00 	0000LogHr0000000
  0xb800	46 61 69 6c 46 61 73 74 00 00 00 00 00 00 00 00 	FailFast00000000
  0xb810	25 00 68 00 73 00 28 00 25 00 75 00 29 00 5c 00 	%0h0s0(0%0u0)000
  0xb820	25 00 68 00 73 00 21 00 25 00 70 00 3a 00 20 00 	%0h0s0!0%0p0:0 0
  0xb830	00 00 00 00 00 00 00 00 25 00 68 00 73 00 21 00 	00000000%0h0s0!0
  0xb840	25 00 70 00 3a 00 20 00 00 00 00 00 00 00 00 00 	%0p0:0 000000000
  0xb850	28 00 63 00 61 00 6c 00 6c 00 65 00 72 00 3a 00 	(0c0a0l0l0e0r0:0
  0xb860	20 00 25 00 70 00 29 00 20 00 00 00 00 00 00 00 	 0%0p0)0 0000000
  0xb870	25 00 68 00 73 00 28 00 25 00 64 00 29 00 20 00 	%0h0s0(0%0d0)0 0
  0xb880	74 00 69 00 64 00 28 00 25 00 78 00 29 00 20 00 	t0i0d0(0%0x0)0 0
  0xb890	25 00 30 00 38 00 58 00 20 00 25 00 77 00 73 00 	%00080X0 0%0w0s0
  0xb8a0	00 00 00 00 00 00 00 00 20 00 20 00 20 00 20 00 	00000000 0 0 0 0
  0xb8b0	00 00 00 00 00 00 00 00 4d 00 73 00 67 00 3a 00 	00000000M0s0g0:0
  0xb8c0	5b 00 25 00 77 00 73 00 5d 00 20 00 00 00 00 00 	[0%0w0s0]0 00000
  0xb8d0	43 00 61 00 6c 00 6c 00 43 00 6f 00 6e 00 74 00 	C0a0l0l0C0o0n0t0
  0xb8e0	65 00 78 00 74 00 3a 00 5b 00 25 00 68 00 73 00 	e0x0t0:0[0%0h0s0
  0xb8f0	5d 00 20 00 00 00 00 00 5b 00 25 00 68 00 73 00 	]0 00000[0%0h0s0
  0xb900	28 00 25 00 68 00 73 00 29 00 5d 00 0a 00 00 00 	(0%0h0s0)0]00000
  0xb910	5b 00 25 00 68 00 73 00 5d 00 0a 00 00 00 00 00 	[0%0h0s0]0000000
  0xb920	0a 00 00 00 00 00 00 00 6b 00 65 00 72 00 6e 00 	00000000k0e0r0n0
  0xb930	65 00 6c 00 62 00 61 00 73 00 65 00 2e 00 64 00 	e0l0b0a0s0e0.0d0
  0xb940	6c 00 6c 00 00 00 00 00 52 61 69 73 65 46 61 69 	l0l00000RaiseFai
  0xb950	6c 46 61 73 74 45 78 63 65 70 74 69 6f 6e 00 00 	lFastException00
  0xb960	25 77 73 00 77 69 6c 00 73 00 74 00 64 00 3a 00 	%ws0wil0s0t0d0:0
  0xb970	3a 00 65 00 78 00 63 00 65 00 70 00 74 00 69 00 	:0e0x0c0e0p0t0i0
  0xb980	6f 00 6e 00 3a 00 20 00 25 00 68 00 73 00 00 00 	o0n0:0 0%0h0s000
  0xb990	6f 6e 65 63 6f 72 65 5c 69 6e 74 65 72 6e 61 6c 	onecore0internal
  0xb9a0	5c 73 64 6b 5c 69 6e 63 5c 77 69 6c 5c 6f 70 65 	0sdk0inc0wil0ope
  0xb9b0	6e 73 6f 75 72 63 65 5c 77 69 6c 5c 72 65 73 6f 	nsource0wil0reso
  0xb9c0	75 72 63 65 2e 68 00 00 5f 00 70 00 30 00 00 00 	urce.h00_0p00000
  0xb9d0	68 00 00 00 00 00 00 00 57 69 6c 45 72 72 6f 72 	h0000000WilError
  0xb9e0	5f 30 33 00 00 00 00 00 6e 00 74 00 64 00 6c 00 	_0300000n0t0d0l0
  0xb9f0	6c 00 2e 00 64 00 6c 00 6c 00 00 00 00 00 00 00 	l0.0d0l0l0000000
  0xba00	52 74 6c 44 6c 6c 53 68 75 74 64 6f 77 6e 49 6e 	RtlDllShutdownIn
  0xba10	50 72 6f 67 72 65 73 73 00 00 00 00 00 00 00 00 	Progress00000000
  0xba20	52 74 6c 44 69 73 6f 77 6e 4d 6f 64 75 6c 65 48 	RtlDisownModuleH
  0xba30	65 61 70 41 6c 6c 6f 63 61 74 69 6f 6e 00 00 00 	eapAllocation000
  0xba40	67 65 6e 65 72 69 63 00 75 6e 6b 6e 6f 77 6e 20 	generic0unknown 
  0xba50	65 72 72 6f 72 00 00 00 69 6f 73 74 72 65 61 6d 	error000iostream
  0xba60	00 00 00 00 00 00 00 00 69 6f 73 74 72 65 61 6d 	00000000iostream
  0xba70	20 73 74 72 65 61 6d 20 65 72 72 6f 72 00 00 00 	 stream error000
  0xba80	73 79 73 74 65 6d 00 00 61 00 6c 00 74 00 69 00 	system00a0l0t0i0
  0xba90	74 00 75 00 64 00 65 00 00 00 00 00 00 00 00 00 	t0u0d0e000000000
  0xbaa0	43 00 6f 00 6d 00 6d 00 61 00 6e 00 64 00 4c 00 	C0o0m0m0a0n0d0L0
  0xbab0	69 00 6e 00 65 00 00 00 57 00 6f 00 72 00 6b 00 	i0n0e000W0o0r0k0
  0xbac0	69 00 6e 00 67 00 44 00 69 00 72 00 65 00 63 00 	i0n0g0D0i0r0e0c0
  0xbad0	74 00 6f 00 72 00 79 00 00 00 00 00 00 00 00 00 	t0o0r0y000000000
  0xbae0	52 00 65 00 74 00 75 00 72 00 6e 00 43 00 6f 00 	R0e0t0u0r0n0C0o0
  0xbaf0	64 00 65 00 53 00 75 00 63 00 63 00 65 00 73 00 	d0e0S0u0c0c0e0s0
  0xbb00	73 00 00 00 00 00 00 00 52 00 65 00 74 00 75 00 	s0000000R0e0t0u0
  0xbb10	72 00 6e 00 43 00 6f 00 64 00 65 00 52 00 65 00 	r0n0C0o0d0e0R0e0
  0xbb20	73 00 74 00 61 00 72 00 74 00 00 00 00 00 00 00 	s0t0a0r0t0000000
  0xbb30	52 00 65 00 73 00 74 00 61 00 72 00 74 00 52 00 	R0e0s0t0a0r0t0R0
  0xbb40	65 00 71 00 75 00 69 00 72 00 65 00 64 00 00 00 	e0q0u0i0r0e0d000
  0xbb50	43 00 6f 00 6e 00 74 00 69 00 6e 00 75 00 65 00 	C0o0n0t0i0n0u0e0
  0xbb60	49 00 6e 00 73 00 74 00 61 00 6c 00 6c 00 00 00 	I0n0s0t0a0l0l000
  0xbb70	4c 00 61 00 73 00 74 00 52 00 65 00 73 00 75 00 	L0a0s0t0R0e0s0u0
  0xbb80	6c 00 74 00 00 00 00 00 53 00 74 00 61 00 74 00 	l0t00000S0t0a0t0
  0xbb90	65 00 00 00 00 00 00 00 00 00 00 00 00 00 00 00 	e000000000000000
  0xbba0	53 00 4f 00 46 00 54 00 57 00 41 00 52 00 45 00 	S0O0F0T0W0A0R0E0
  0xbbb0	5c 00 4d 00 69 00 63 00 72 00 6f 00 73 00 6f 00 	00M0i0c0r0o0s0o0
  0xbbc0	66 00 74 00 5c 00 50 00 72 00 6f 00 76 00 69 00 	f0t000P0r0o0v0i0
  0xbbd0	73 00 69 00 6f 00 6e 00 69 00 6e 00 67 00 5c 00 	s0i0o0n0i0n0g000
  0xbbe0	43 00 6f 00 6d 00 6d 00 61 00 6e 00 64 00 73 00 	C0o0m0m0a0n0d0s0
  0xbbf0	00 00 00 00 00 00 00 00 00 00 00 00 00 00 00 00 	0000000000000000
  0xbc00	53 00 4f 00 46 00 54 00 57 00 41 00 52 00 45 00 	S0O0F0T0W0A0R0E0
  0xbc10	5c 00 4d 00 69 00 63 00 72 00 6f 00 73 00 6f 00 	00M0i0c0r0o0s0o0
  0xbc20	66 00 74 00 5c 00 50 00 72 00 6f 00 76 00 69 00 	f0t000P0r0o0v0i0
  0xbc30	73 00 69 00 6f 00 6e 00 69 00 6e 00 67 00 5c 00 	s0i0o0n0i0n0g000
  0xbc40	43 00 6f 00 6d 00 6d 00 61 00 6e 00 64 00 52 00 	C0o0m0m0a0n0d0R0
  0xbc50	65 00 73 00 75 00 6c 00 74 00 73 00 00 00 00 00 	e0s0u0l0t0s00000
  0xbc60	61 64 6d 69 6e 5c 70 72 6f 76 5c 6c 61 75 6e 63 	admin0prov0launc
  0xbc70	68 5c 65 78 65 5c 6d 61 69 6e 2e 63 70 70 00 00 	h0exe0main.cpp00
  0xbc80	4c 00 6f 00 63 00 61 00 6c 00 5c 00 53 00 4d 00 	L0o0c0a0l000S0M0
  0xbc90	30 00 3a 00 25 00 64 00 3a 00 25 00 64 00 3a 00 	00:0%0d0:0%0d0:0
  0xbca0	25 00 68 00 73 00 00 00 69 6e 76 61 6c 69 64 20 	%0h0s000invalid 
  0xbcb0	73 74 72 69 6e 67 20 70 6f 73 69 74 69 6f 6e 00 	string position0
  0xbcc0	73 74 72 69 6e 67 20 74 6f 6f 20 6c 6f 6e 67 00 	string too long0
  0xbcd0	00 00 00 00 00 00 00 00 50 00 72 00 69 00 6d 00 	00000000P0r0i0m0
  0xbce0	61 00 72 00 79 00 43 00 6f 00 6e 00 74 00 65 00 	a0r0y0C0o0n0t0e0
  0xbcf0	78 00 74 00 00 00 00 00 61 64 6d 69 6e 5c 70 72 	x0t00000admin0pr
  0xbd00	6f 76 5c 6c 61 75 6e 63 68 5c 6c 69 62 5c 65 78 	ov0launch0lib0ex
  0xbd10	65 63 75 74 65 2e 63 70 70 00 00 00 00 00 00 00 	ecute.cpp0000000
  0xbd20	76 65 63 74 6f 72 3c 54 3e 20 74 6f 6f 20 6c 6f 	vector<T> too lo
  0xbd30	6e 67 00 00 00 00 00 00 69 6e 76 61 6c 69 64 20 	ng000000invalid 
  0xbd40	73 74 6f 69 20 61 72 67 75 6d 65 6e 74 00 00 00 	stoi argument000
  0xbd50	73 74 6f 69 20 61 72 67 75 6d 65 6e 74 20 6f 75 	stoi argument ou
  0xbd60	74 20 6f 66 20 72 61 6e 67 65 00 00 00 00 00 00 	t of range000000
  0xbd70	61 64 6d 69 6e 5c 70 72 6f 76 5c 6c 61 75 6e 63 	admin0prov0launc
  0xbd80	68 5c 6c 69 62 5c 72 65 67 69 73 74 72 79 63 6f 	h0lib0registryco
  0xbd90	6e 66 69 67 2e 63 70 70 00 00 00 00 5c 00 00 00 	nfig.cpp00000000
  0xbda0	6c 69 73 74 3c 54 3e 20 74 6f 6f 20 6c 6f 6e 67 	list<T> too long
  0xbdb0	00 00 00 00 00 00 00 00 6f 6e 65 63 6f 72 65 75 	00000000onecoreu
  0xbdc0	61 70 5c 69 6e 74 65 72 6e 61 6c 5c 61 64 6d 69 	ap0internal0admi
  0xbdd0	6e 5c 69 6e 63 5c 70 72 69 76 61 74 65 5c 52 65 	n0inc0private0Re
  0xbde0	67 69 73 74 72 79 55 74 69 6c 73 2e 68 00 00 00 	gistryUtils.h000
  0xbdf0	6f 6e 65 63 6f 72 65 75 61 70 5c 61 64 6d 69 6e 	onecoreuap0admin
  0xbe00	5c 70 72 6f 76 5c 63 6f 6d 6d 6f 6e 5c 70 72 6f 	0prov0common0pro
  0xbe10	76 6c 61 75 6e 63 68 75 74 69 6c 73 5c 6c 69 62 	vlaunchutils0lib
  0xbe20	5c 72 65 67 69 73 74 72 79 72 65 73 75 6c 74 73 	0registryresults
  0xbe30	2e 63 70 70 00 00 00 00 22 05 93 19 04 00 00 00 	.cpp0000"0000000
  0xbe40	50 d3 00 00 02 00 00 00 70 d3 00 00 05 00 00 00 	P0000000p0000000
  0xbe50	c0 d3 00 00 20 00 00 00 00 00 00 00 01 00 00 00 	0000 00000000000
  0xbe60	22 05 93 19 00 00 00 00 00 00 00 00 00 00 00 00 	"000000000000000
  0xbe70	00 00 00 00 00 00 00 00 00 00 00 00 20 00 00 00 	000000000000 000
  0xbe80	00 00 00 00 05 00 00 00 22 05 93 19 02 00 00 00 	00000000"0000000
  0xbe90	ec d2 00 00 00 00 00 00 00 00 00 00 02 00 00 00 	0000000000000000
  0xbea0	00 d3 00 00 50 00 00 00 00 00 00 00 01 00 00 00 	0000P00000000000
  0xbeb0	22 05 93 19 09 00 00 00 f4 d1 00 00 01 00 00 00 	"000000000000000
  0xbec0	3c d2 00 00 09 00 00 00 70 d2 00 00 40 00 00 00 	<0000000p000@000
  0xbed0	00 00 00 00 01 00 00 00 22 05 93 19 04 00 00 00 	00000000"0000000
  0xbee0	b4 cf 00 00 02 00 00 00 d4 cf 00 00 08 00 00 00 	0000000000000000
  0xbef0	90 d0 00 00 48 00 00 00 00 00 00 00 01 00 00 00 	0000H00000000000
  0xbf00	22 05 93 19 02 00 00 00 0c cf 00 00 01 00 00 00 	"000000000000000
  0xbf10	1c cf 00 00 03 00 00 00 58 cf 00 00 20 00 00 00 	00000000X000 000
  0xbf20	00 00 00 00 01 00 00 00 22 05 93 19 02 00 00 00 	00000000"0000000
  0xbf30	0c cf 00 00 01 00 00 00 e0 d6 00 00 01 00 00 00 	0000000000000000
  0xbf40	08 d7 00 00 20 00 00 00 00 00 00 00 01 00 00 00 	0000 00000000000
  0xbf50	22 05 93 19 02 00 00 00 0c cf 00 00 01 00 00 00 	"000000000000000
  0xbf60	78 d6 00 00 04 00 00 00 a0 d6 00 00 30 00 00 00 	x000000000000000
  0xbf70	00 00 00 00 01 00 00 00 22 05 93 19 02 00 00 00 	00000000"0000000
  0xbf80	0c cf 00 00 01 00 00 00 0c d6 00 00 02 00 00 00 	0000000000000000
  0xbf90	38 d6 00 00 30 00 00 00 00 00 00 00 01 00 00 00 	8000000000000000
  0xbfa0	22 05 93 19 02 00 00 00 0c cf 00 00 01 00 00 00 	"000000000000000
  0xbfb0	74 d5 00 00 03 00 00 00 a0 d5 00 00 20 00 00 00 	t00000000000 000
  0xbfc0	00 00 00 00 01 00 00 00 22 05 93 19 08 00 00 00 	00000000"0000000
  0xbfd0	5c d4 00 00 01 00 00 00 9c d4 00 00 0f 00 00 00 	0000000000000000
  0xbfe0	d0 d4 00 00 f0 00 00 00 00 00 00 00 01 00 00 00 	0000000000000000
  0xbff0	22 05 93 19 02 00 00 00 0c cf 00 00 01 00 00 00 	"000000000000000
  0xc000	34 d7 00 00 03 00 00 00 60 d7 00 00 20 00 00 00 	40000000`000 000
  0xc010	00 00 00 00 01 00 00 00 22 05 93 19 02 00 00 00 	00000000"0000000
  0xc020	0c cf 00 00 01 00 00 00 fc dd 00 00 03 00 00 00 	0000000000000000
  0xc030	28 de 00 00 20 00 00 00 00 00 00 00 01 00 00 00 	(000 00000000000
  0xc040	22 05 93 19 02 00 00 00 0c cf 00 00 01 00 00 00 	"000000000000000
  0xc050	68 de 00 00 03 00 00 00 90 de 00 00 20 00 00 00 	h00000000000 000
  0xc060	00 00 00 00 01 00 00 00 22 05 93 19 03 00 00 00 	00000000"0000000
  0xc070	78 dd 00 00 01 00 00 00 90 dd 00 00 04 00 00 00 	x000000000000000
  0xc080	b8 dd 00 00 20 00 00 00 00 00 00 00 01 00 00 00 	0000 00000000000
  0xc090	22 05 93 19 03 00 00 00 08 dd 00 00 00 00 00 00 	"000000000000000
  0xc0a0	00 00 00 00 08 00 00 00 20 dd 00 00 90 00 00 00 	00000000 0000000
  0xc0b0	00 00 00 00 01 00 00 00 22 05 93 19 02 00 00 00 	00000000"0000000
  0xc0c0	0c cf 00 00 01 00 00 00 7c dc 00 00 03 00 00 00 	00000000|0000000
  0xc0d0	a8 dc 00 00 20 00 00 00 00 00 00 00 01 00 00 00 	0000 00000000000
  0xc0e0	22 05 93 19 04 00 00 00 50 d3 00 00 02 00 00 00 	"0000000P0000000
  0xc0f0	e0 db 00 00 05 00 00 00 30 dc 00 00 20 00 00 00 	000000000000 000
  0xc100	00 00 00 00 01 00 00 00 22 05 93 19 03 00 00 00 	00000000"0000000
  0xc110	54 db 00 00 01 00 00 00 6c db 00 00 03 00 00 00 	T0000000l0000000
  0xc120	98 db 00 00 30 00 00 00 00 00 00 00 01 00 00 00 	0000000000000000
  0xc130	22 05 93 19 02 00 00 00 00 db 00 00 00 00 00 00 	"000000000000000
  0xc140	00 00 00 00 06 00 00 00 10 db 00 00 40 00 00 00 	000000000000@000
  0xc150	00 00 00 00 01 00 00 00 22 05 93 19 02 00 00 00 	00000000"0000000
  0xc160	98 da 00 00 00 00 00 00 00 00 00 00 06 00 00 00 	0000000000000000
  0xc170	a8 da 00 00 40 00 00 00 00 00 00 00 01 00 00 00 	0000@00000000000
  0xc180	22 05 93 19 02 00 00 00 44 da 00 00 00 00 00 00 	"0000000D0000000
  0xc190	00 00 00 00 02 00 00 00 58 da 00 00 48 00 00 00 	00000000X000H000
  0xc1a0	00 00 00 00 01 00 00 00 22 05 93 19 02 00 00 00 	00000000"0000000
  0xc1b0	fc d9 00 00 00 00 00 00 00 00 00 00 03 00 00 00 	0000000000000000
  0xc1c0	10 da 00 00 20 00 00 00 00 00 00 00 01 00 00 00 	0000 00000000000
  0xc1d0	22 05 93 19 05 00 00 00 90 d9 00 00 00 00 00 00 	"000000000000000
  0xc1e0	00 00 00 00 05 00 00 00 b8 d9 00 00 68 00 00 00 	000000000000h000
  0xc1f0	00 00 00 00 01 00 00 00 22 05 93 19 01 00 00 00 	00000000"0000000
  0xc200	58 d9 00 00 00 00 00 00 00 00 00 00 01 00 00 00 	X000000000000000
  0xc210	60 d9 00 00 60 00 00 00 00 00 00 00 01 00 00 00 	`000`00000000000
  0xc220	22 05 93 19 04 00 00 00 f0 d8 00 00 00 00 00 00 	"000000000000000
  0xc230	00 00 00 00 05 00 00 00 10 d9 00 00 98 00 00 00 	0000000000000000
  0xc240	00 00 00 00 01 00 00 00 22 05 93 19 01 00 00 00 	00000000"0000000
  0xc250	b0 d8 00 00 00 00 00 00 00 00 00 00 01 00 00 00 	0000000000000000
  0xc260	b8 d8 00 00 28 00 00 00 00 00 00 00 01 00 00 00 	0000(00000000000
  0xc270	22 05 93 19 01 00 00 00 78 d8 00 00 00 00 00 00 	"0000000x0000000
  0xc280	00 00 00 00 02 00 00 00 80 d8 00 00 58 00 00 00 	000000000000X000
  0xc290	00 00 00 00 01 00 00 00 22 05 93 19 03 00 00 00 	00000000"0000000
  0xc2a0	0c d8 00 00 00 00 00 00 00 00 00 00 06 00 00 00 	0000000000000000
  0xc2b0	28 d8 00 00 90 00 00 00 00 00 00 00 01 00 00 00 	(000000000000000
  0xc2c0	22 05 93 19 03 00 00 00 b8 d7 00 00 00 00 00 00 	"000000000000000
  0xc2d0	00 00 00 00 03 00 00 00 d0 d7 00 00 48 00 00 00 	000000000000H000
  0xc2e0	00 00 00 00 01 00 00 00 22 05 93 19 04 00 00 00 	00000000"0000000
  0xc2f0	e4 de 00 00 00 00 00 00 00 00 00 00 06 00 00 00 	0000000000000000
  0xc300	08 df 00 00 78 00 00 00 00 00 00 00 01 00 00 00 	0000x00000000000
  0xc310	22 05 93 19 04 00 00 00 60 df 00 00 00 00 00 00 	"0000000`0000000
  0xc320	00 00 00 00 05 00 00 00 80 df 00 00 80 00 00 00 	0000000000000000
  0xc330	00 00 00 00 01 00 00 00 00 00 00 00 00 00 00 00 	0000000000000000
  0xc340	00 00 00 00 4f 01 51 a9 00 00 00 00 02 00 00 00 	0000O0Q000000000
  0xc350	27 00 00 00 d0 ca 00 00 d0 bc 00 00 00 00 00 00 	'000000000000000
  0xc360	4f 01 51 a9 00 00 00 00 0d 00 00 00 fc 02 00 00 	O0Q0000000000000
  0xc370	f8 ca 00 00 f8 bc 00 00 00 00 00 00 4f 01 51 a9 	000000000000O0Q0
  0xc380	00 00 00 00 10 00 00 00 24 00 00 00 f4 cd 00 00 	00000000$0000000
  0xc390	f4 bf 00 00 00 00 00 00 45 54 57 30 10 00 00 01 	00000000ETW00000
  0xc3a0	86 0e 04 88 2b 05 8a bb 06 0b 02 00 00 00 00 00 	0000+00000000000
  0xc3b0	00 40 00 00 47 00 00 45 78 65 63 75 74 65 2e 43 	0@00G00Execute.C
  0xc3c0	72 65 61 74 65 50 72 6f 63 65 73 73 46 61 69 6c 	reateProcessFail
  0xc3d0	65 64 00 63 6f 6d 6d 61 6e 64 53 65 74 4e 61 6d 	ed0commandSetNam
  0xc3e0	65 00 01 63 6f 6d 6d 61 6e 64 4e 61 6d 65 00 01 	e00commandName00
  0xc3f0	4c 61 73 74 45 72 72 6f 72 00 08 06 0b 02 00 00 	LastError0000000
  0xc400	00 00 00 00 40 00 00 49 00 00 45 78 65 63 75 74 	0000@00I00Execut
  0xc410	65 2e 43 6f 6e 74 69 6e 75 65 49 6e 73 74 61 6c 	e.ContinueInstal
  0xc420	6c 46 61 69 6c 75 72 65 00 63 6f 6d 6d 61 6e 64 	lFailure0command
  0xc430	53 65 74 4e 61 6d 65 00 01 63 6f 6d 6d 61 6e 64 	SetName00command
  0xc440	4e 61 6d 65 00 01 45 78 69 74 43 6f 64 65 00 08 	Name00ExitCode00
  0xc450	06 0b 04 00 00 00 00 00 00 40 00 00 37 00 00 45 	000000000@00700E
  0xc460	78 65 63 75 74 65 2e 53 74 6f 70 00 63 6f 6d 6d 	xecute.Stop0comm
  0xc470	61 6e 64 53 65 74 4e 61 6d 65 00 01 63 6f 6d 6d 	andSetName00comm
  0xc480	61 6e 64 4e 61 6d 65 00 01 45 78 69 74 43 6f 64 	andName00ExitCod
  0xc490	65 00 08 06 0b 02 00 00 00 00 00 00 40 00 00 52 	e00000000000@00R
  0xc4a0	00 00 45 78 65 63 75 74 65 2e 43 72 65 61 74 65 	00Execute.Create
  0xc4b0	50 72 6f 63 65 73 73 47 65 74 45 78 69 74 43 6f 	ProcessGetExitCo
  0xc4c0	64 65 46 61 69 6c 65 64 00 63 6f 6d 6d 61 6e 64 	deFailed0command
  0xc4d0	53 65 74 4e 61 6d 65 00 01 63 6f 6d 6d 61 6e 64 	SetName00command
  0xc4e0	4e 61 6d 65 00 01 4c 61 73 74 45 72 72 6f 72 00 	Name00LastError0
  0xc4f0	08 06 0b 04 00 00 00 00 00 00 40 00 00 60 00 00 	0000000000@00`00
  0xc500	45 78 65 63 75 74 65 2e 50 72 6f 76 69 73 69 6f 	Execute.Provisio
  0xc510	6e 69 6e 67 43 6f 6d 6d 61 6e 64 53 75 63 63 65 	ningCommandSucce
  0xc520	65 64 65 64 00 63 6f 6d 6d 61 6e 64 53 65 74 4e 	eded0commandSetN
  0xc530	61 6d 65 00 01 63 6f 6d 6d 61 6e 64 4e 61 6d 65 	ame00commandName
  0xc540	00 01 52 65 73 74 61 72 74 52 65 71 75 69 72 65 	00RestartRequire
  0xc550	64 00 08 45 78 69 74 43 6f 64 65 00 08 06 0b 02 	d00ExitCode00000
  0xc560	00 00 00 00 00 00 40 00 00 4c 00 00 45 78 65 63 	000000@00L00Exec
  0xc570	75 74 65 2e 43 6f 6d 6d 61 6e 64 49 6e 73 74 61 	ute.CommandInsta
  0xc580	6c 6c 61 74 69 6f 6e 46 61 69 6c 65 64 00 63 6f 	llationFailed0co
  0xc590	6d 6d 61 6e 64 53 65 74 4e 61 6d 65 00 01 63 6f 	mmandSetName00co
  0xc5a0	6d 6d 61 6e 64 4e 61 6d 65 00 01 45 78 69 74 43 	mmandName00ExitC
  0xc5b0	6f 64 65 00 08 06 0b 02 00 00 00 00 00 00 40 00 	ode00000000000@0
  0xc5c0	00 57 00 00 45 78 65 63 75 74 65 2e 43 72 65 61 	0W00Execute.Crea
  0xc5d0	74 65 50 72 6f 63 65 73 73 57 61 69 74 46 61 69 	teProcessWaitFai
  0xc5e0	6c 65 64 00 63 6f 6d 6d 61 6e 64 53 65 74 4e 61 	led0commandSetNa
  0xc5f0	6d 65 00 01 63 6f 6d 6d 61 6e 64 4e 61 6d 65 00 	me00commandName0
  0xc600	01 77 61 69 74 52 65 73 75 6c 74 00 08 4c 61 73 	0waitResult00Las
  0xc610	74 45 72 72 6f 72 00 08 06 0b 02 00 00 00 00 00 	tError0000000000
  0xc620	00 40 00 00 50 00 00 45 78 65 63 75 74 65 2e 43 	0@00P00Execute.C
  0xc630	72 65 61 74 65 57 6f 72 6b 69 6e 67 44 69 72 65 	reateWorkingDire
  0xc640	63 74 6f 72 79 46 61 69 6c 65 64 00 63 6f 6d 6d 	ctoryFailed0comm
  0xc650	61 6e 64 53 65 74 4e 61 6d 65 00 01 63 6f 6d 6d 	andSetName00comm
  0xc660	61 6e 64 4e 61 6d 65 00 01 4c 61 73 74 45 72 72 	andName00LastErr
  0xc670	6f 72 00 08 06 0b 04 00 00 00 00 00 00 40 00 00 	or00000000000@00
  0xc680	53 00 00 45 78 65 63 75 74 65 2e 49 6d 6d 65 64 	S00Execute.Immed
  0xc690	69 61 74 65 52 65 62 6f 6f 74 00 63 6f 6d 6d 61 	iateReboot0comma
  0xc6a0	6e 64 53 65 74 4e 61 6d 65 00 01 63 6f 6d 6d 61 	ndSetName00comma
  0xc6b0	6e 64 4e 61 6d 65 00 01 52 65 73 74 61 72 74 52 	ndName00RestartR
  0xc6c0	65 71 75 69 72 65 64 00 08 45 78 69 74 43 6f 64 	equired00ExitCod
  0xc6d0	65 00 08 06 0b 04 00 00 00 00 00 00 40 00 00 2e 	e00000000000@00.
  0xc6e0	00 00 45 78 65 63 75 74 65 2e 53 74 61 72 74 00 	00Execute.Start0
  0xc6f0	63 6f 6d 6d 61 6e 64 53 65 74 4e 61 6d 65 00 01 	commandSetName00
  0xc700	63 6f 6d 6d 61 6e 64 4e 61 6d 65 00 01 06 0b 02 	commandName00000
  0xc710	00 00 00 00 00 00 40 00 00 4e 00 00 45 78 65 63 	000000@00N00Exec
  0xc720	75 74 65 2e 43 72 65 61 74 65 50 72 6f 63 65 73 	ute.CreateProces
  0xc730	73 4d 69 73 73 69 6e 67 48 61 6e 64 6c 65 00 63 	sMissingHandle0c
  0xc740	6f 6d 6d 61 6e 64 53 65 74 4e 61 6d 65 00 01 63 	ommandSetName00c
  0xc750	6f 6d 6d 61 6e 64 4e 61 6d 65 00 01 4c 61 73 74 	ommandName00Last
  0xc760	45 72 72 6f 72 00 08 06 0b 02 00 00 00 00 00 00 	Error00000000000
  0xc770	00 00 00 2f 00 00 52 65 67 69 73 74 72 79 43 6f 	000/00RegistryCo
  0xc780	6e 66 69 67 3a 3a 50 61 72 73 65 2e 46 61 69 6c 	nfig::Parse.Fail
  0xc790	65 64 52 65 67 4f 70 65 6e 00 73 75 62 4b 65 79 	edRegOpen0subKey
  0xc7a0	00 01 06 0b 02 00 00 00 00 00 00 00 00 00 35 00 	0000000000000050
  0xc7b0	00 52 65 67 69 73 74 72 79 43 6f 6e 66 69 67 3a 	0RegistryConfig:
  0xc7c0	3a 50 61 72 73 65 50 68 61 73 65 2e 46 61 69 6c 	:ParsePhase.Fail
  0xc7d0	65 64 52 65 67 4f 70 65 6e 00 6b 65 79 4e 61 6d 	edRegOpen0keyNam
  0xc7e0	65 00 01 06 0b 04 00 00 00 00 00 00 00 00 00 35 	e000000000000005
  0xc7f0	00 00 52 65 67 69 73 74 72 79 43 6f 6e 66 69 67 	00RegistryConfig
  0xc800	3a 3a 50 61 72 73 65 50 68 61 73 65 2e 41 64 64 	::ParsePhase.Add
  0xc810	69 6e 67 43 6f 6d 6d 61 6e 64 53 65 74 00 6e 61 	ingCommandSet0na
  0xc820	6d 65 00 01 06 0b 02 00 00 00 00 00 00 00 00 00 	me00000000000000
  0xc830	3b 00 00 52 65 67 69 73 74 72 79 43 6f 6e 66 69 	;00RegistryConfi
  0xc840	67 3a 3a 50 61 72 73 65 2e 46 61 69 6c 65 64 50 	g::Parse.FailedP
  0xc850	68 61 73 65 52 65 67 4f 70 65 6e 00 73 75 62 4b 	haseRegOpen0subK
  0xc860	65 79 00 01 70 68 61 73 65 00 01 06 0b 04 00 00 	ey00phase0000000
  0xc870	00 00 00 00 00 00 00 45 00 00 52 65 67 69 73 74 	0000000E00Regist
  0xc880	72 79 43 6f 6e 66 69 67 3a 3a 50 61 72 73 65 43 	ryConfig::ParseC
  0xc890	6f 6d 6d 61 6e 64 00 6e 61 6d 65 00 01 63 6f 6d 	ommand0name00com
  0xc8a0	6d 61 6e 64 4c 69 6e 65 00 01 77 6f 72 6b 69 6e 	mandLine00workin
  0xc8b0	67 44 69 72 65 63 74 6f 72 79 00 01 06 0b 04 00 	gDirectory000000
  0xc8c0	00 00 00 00 00 00 00 00 47 00 00 52 65 67 69 73 	00000000G00Regis
  0xc8d0	74 72 79 43 6f 6e 66 69 67 3a 3a 44 65 6c 65 74 	tryConfig::Delet
  0xc8e0	65 00 50 68 61 73 65 00 01 43 6f 6d 6d 61 6e 64 	e0Phase00Command
  0xc8f0	53 65 74 4e 61 6d 65 00 01 43 6f 6d 6d 61 6e 64 	SetName00Command
  0xc900	4e 61 6d 65 00 01 52 65 67 50 61 74 68 00 01 06 	Name00RegPath000
  0xc910	0b 04 00 00 00 00 00 00 00 00 00 44 00 00 52 65 	00000000000D00Re
  0xc920	67 69 73 74 72 79 43 6f 6e 66 69 67 3a 3a 44 65 	gistryConfig::De
  0xc930	6c 65 74 65 43 6f 6d 6d 61 6e 64 53 65 74 00 50 	leteCommandSet0P
  0xc940	68 61 73 65 00 01 43 6f 6d 6d 61 6e 64 53 65 74 	hase00CommandSet
  0xc950	4e 61 6d 65 00 01 52 65 67 50 61 74 68 00 01 06 	Name00RegPath000
  0xc960	0b 04 00 00 00 00 00 00 00 00 00 3c 00 00 52 65 	00000000000<00Re
  0xc970	67 69 73 74 72 79 43 6f 6e 66 69 67 3a 3a 50 61 	gistryConfig::Pa
  0xc980	72 73 65 43 6f 6d 6d 61 6e 64 53 65 74 2e 41 6c 	rseCommandSet.Al
  0xc990	74 69 74 75 64 65 00 6e 61 6d 65 00 01 61 6c 74 	titude0name00alt
  0xc9a0	69 74 75 64 65 00 08 06 0b 02 00 00 00 00 00 00 	itude00000000000
  0xc9b0	00 00 00 3b 00 00 52 65 67 69 73 74 72 79 43 6f 	000;00RegistryCo
  0xc9c0	6e 66 69 67 3a 3a 50 61 72 73 65 43 6f 6d 6d 61 	nfig::ParseComma
  0xc9d0	6e 64 53 65 74 2e 46 61 69 6c 65 64 47 65 74 41 	ndSet.FailedGetA
  0xc9e0	6c 74 69 74 75 64 65 00 6e 61 6d 65 00 01 06 0b 	ltitude0name0000
  0xc9f0	04 00 00 00 00 00 00 00 00 00 37 00 00 52 65 67 	0000000000700Reg
  0xca00	69 73 74 72 79 52 65 73 75 6c 74 73 3a 3a 41 64 	istryResults::Ad
  0xca10	64 00 50 68 61 73 65 00 01 50 61 63 6b 61 67 65 	d0Phase00Package
  0xca20	49 64 00 01 43 6d 64 4c 69 6e 65 4e 61 6d 65 00 	Id00CmdLineName0
  0xca30	01 06 0b 04 00 00 00 00 00 00 00 00 00 41 00 00 	0000000000000A00
  0xca40	52 65 67 69 73 74 72 79 52 65 73 75 6c 74 73 3a 	RegistryResults:
  0xca50	3a 41 64 64 00 50 68 61 73 65 00 01 50 61 63 6b 	:Add0Phase00Pack
  0xca60	61 67 65 49 64 00 01 43 6d 64 4c 69 6e 65 4e 61 	ageId00CmdLineNa
  0xca70	6d 65 00 01 45 78 69 74 43 6f 64 65 00 08 04 fa 	me00ExitCode0000
  0xca80	cc fa 08 5d 12 d6 4e b0 b7 b4 a1 a9 12 e6 93 3f 	000]00N00000000?
  0xca90	00 4d 69 63 72 6f 73 6f 66 74 2e 57 69 6e 64 6f 	0Microsoft.Windo
  0xcaa0	77 73 2e 50 72 6f 76 69 73 69 6f 6e 69 6e 67 2e 	ws.Provisioning.
  0xcab0	50 72 6f 76 4c 61 75 6e 63 68 00 13 00 01 1a 73 	ProvLaunch00000s
  0xcac0	50 4f cf 89 82 47 b3 e0 dc e8 c9 04 76 ba 01 00 	PO000G000000v000
  0xcad0	52 53 44 53 af 0a fb 7c e2 11 1f 26 8a c4 a6 ae 	RSDS000|000&0000
  0xcae0	7f a0 63 18 01 00 00 00 70 72 6f 76 6c 61 75 6e 	00c00000provlaun
  0xcaf0	63 68 2e 70 64 62 00 00 47 43 54 4c 00 10 00 00 	ch.pdb00GCTL0000
  0xcb00	d0 07 00 00 2e 74 65 78 74 00 00 00 d0 17 00 00 	0000.text0000000
  0xcb10	60 01 00 00 2e 74 65 78 74 24 64 69 00 00 00 00 	`000.text$di0000
  0xcb20	30 19 00 00 70 88 00 00 2e 74 65 78 74 24 6d 6e 	0000p000.text$mn
  0xcb30	00 00 00 00 a0 a1 00 00 80 00 00 00 2e 74 65 78 	000000000000.tex
  0xcb40	74 24 6d 6e 24 30 30 00 20 a2 00 00 90 0a 00 00 	t$mn$000 0000000
  0xcb50	2e 74 65 78 74 24 78 00 b0 ac 00 00 10 01 00 00 	.text$x000000000
  0xcb60	2e 74 65 78 74 24 79 64 00 00 00 00 00 b0 00 00 	.text$yd00000000
  0xcb70	a8 02 00 00 2e 72 64 61 74 61 24 62 72 63 00 00 	0000.rdata$brc00
  0xcb80	a8 b2 00 00 68 03 00 00 2e 69 64 61 74 61 24 35 	0000h000.idata$5
  0xcb90	00 00 00 00 10 b6 00 00 10 00 00 00 2e 30 30 63 	000000000000.00c
  0xcba0	66 67 00 00 20 b6 00 00 08 00 00 00 2e 43 52 54 	fg00 0000000.CRT
  0xcbb0	24 58 43 41 00 00 00 00 28 b6 00 00 08 00 00 00 	$XCA0000(0000000
  0xcbc0	2e 43 52 54 24 58 43 41 41 00 00 00 30 b6 00 00 	.CRT$XCAA0000000
  0xcbd0	40 00 00 00 2e 43 52 54 24 58 43 55 00 00 00 00 	@000.CRT$XCU0000
  0xcbe0	70 b6 00 00 08 00 00 00 2e 43 52 54 24 58 43 5a 	p0000000.CRT$XCZ
  0xcbf0	00 00 00 00 78 b6 00 00 08 00 00 00 2e 43 52 54 	0000x0000000.CRT
  0xcc00	24 58 49 41 00 00 00 00 80 b6 00 00 08 00 00 00 	$XIA000000000000
  0xcc10	2e 43 52 54 24 58 49 41 41 00 00 00 88 b6 00 00 	.CRT$XIAA0000000
  0xcc20	08 00 00 00 2e 43 52 54 24 58 49 59 00 00 00 00 	0000.CRT$XIY0000
  0xcc30	90 b6 00 00 08 00 00 00 2e 43 52 54 24 58 49 5a 	00000000.CRT$XIZ
  0xcc40	00 00 00 00 98 b6 00 00 34 00 00 00 2e 67 65 68 	000000004000.geh
  0xcc50	63 6f 6e 74 00 00 00 00 cc b6 00 00 f4 00 00 00 	cont000000000000
  0xcc60	2e 67 66 69 64 73 00 00 c0 b7 00 00 10 00 00 00 	.gfids0000000000
  0xcc70	2e 67 69 61 74 73 00 00 d0 b7 00 00 c8 0b 00 00 	.giats0000000000
  0xcc80	2e 72 64 61 74 61 00 00 98 c3 00 00 10 00 00 00 	.rdata0000000000
  0xcc90	2e 72 64 61 74 61 24 7a 45 54 57 30 00 00 00 00 	.rdata$zETW00000
  0xcca0	a8 c3 00 00 d6 06 00 00 2e 72 64 61 74 61 24 7a 	00000000.rdata$z
  0xccb0	45 54 57 31 00 00 00 00 7e ca 00 00 50 00 00 00 	ETW10000~000P000
  0xccc0	2e 72 64 61 74 61 24 7a 45 54 57 32 00 00 00 00 	.rdata$zETW20000
  0xccd0	ce ca 00 00 02 00 00 00 2e 72 64 61 74 61 24 7a 	00000000.rdata$z
  0xcce0	45 54 57 39 00 00 00 00 d0 ca 00 00 50 03 00 00 	ETW900000000P000
  0xccf0	2e 72 64 61 74 61 24 7a 7a 7a 64 62 67 00 00 00 	.rdata$zzzdbg000
  0xcd00	20 ce 00 00 d0 12 00 00 2e 78 64 61 74 61 00 00 	 0000000.xdata00
  0xcd10	f0 e0 00 00 84 00 00 00 2e 78 64 61 74 61 24 78 	00000000.xdata$x
  0xcd20	00 00 00 00 74 e1 00 00 54 01 00 00 2e 69 64 61 	0000t000T000.ida
  0xcd30	74 61 24 32 00 00 00 00 c8 e2 00 00 18 00 00 00 	ta$2000000000000
  0xcd40	2e 69 64 61 74 61 24 33 00 00 00 00 e0 e2 00 00 	.idata$300000000
  0xcd50	68 03 00 00 2e 69 64 61 74 61 24 34 00 00 00 00 	h000.idata$40000
  0xcd60	48 e6 00 00 e6 08 00 00 2e 69 64 61 74 61 24 36 	H0000000.idata$6
  0xcd70	00 00 00 00 00 f0 00 00 60 00 00 00 2e 64 61 74 	00000000`000.dat
  0xcd80	61 24 62 72 63 00 00 00 60 f0 00 00 00 01 00 00 	a$brc000`0000000
  0xcd90	2e 64 61 74 61 24 72 24 62 72 63 00 60 f1 00 00 	.data$r$brc0`000
  0xcda0	30 00 00 00 2e 64 61 74 61 00 00 00 90 f1 00 00 	0000.data0000000
  0xcdb0	10 08 00 00 2e 62 73 73 00 00 00 00 00 00 01 00 	0000.bss00000000
  0xcdc0	6c 09 00 00 2e 70 64 61 74 61 00 00 00 10 01 00 	l000.pdata000000
  0xcdd0	b0 00 00 00 2e 72 73 72 63 24 30 31 00 00 00 00 	0000.rsrc$010000
  0xcde0	b0 10 01 00 a0 04 00 00 2e 72 73 72 63 24 30 32 	00000000.rsrc$02
  0xcdf0	00 00 00 00 20 00 00 00 af 0a fb 7c e2 11 1f 26 	0000 000000|000&
  0xce00	8a c4 a6 ae 7f a0 63 18 bd 86 55 b8 c5 45 ff 8b 	000000c000U00E00
  0xce10	3a 0f bf dc 4f 01 51 a9 00 00 00 00 00 00 00 00 	:000O0Q000000000
  0xce20	01 12 05 00 12 42 0e 70 0d 60 0c 50 0b 30 00 00 	00000B0p0`0P0000
  0xce30	01 11 04 00 11 32 0d 70 0c 60 0b 30 19 25 09 00 	0000020p0`000%00
  0xce40	13 34 53 00 13 01 4a 00 0c f0 0a e0 08 70 07 60 	04S000J000000p0`
  0xce50	06 50 00 00 68 a0 00 00 40 02 00 00 01 14 08 00 	0P00h000@0000000
  0xce60	14 64 08 00 14 54 07 00 14 34 06 00 14 32 10 70 	0d000T000400020p
  0xce70	01 04 01 00 04 42 00 00 19 21 07 00 0f 34 31 00 	00000B000!000410
  0xce80	0f 01 2a 00 08 70 07 60 06 50 00 00 68 a0 00 00 	00*00p0`0P00h000
  0xce90	40 01 00 00 01 0f 06 00 0f 64 07 00 0f 34 06 00 	@00000000d000400
  0xcea0	0f 32 0b 70 01 04 01 00 04 82 00 00 01 12 04 00 	020p000000000000
  0xceb0	12 52 0e 70 0d 60 0c 30 01 1c 0c 00 1c 64 0c 00 	0R0p0`0000000d00
  0xcec0	1c 54 0b 00 1c 34 0a 00 1c 32 18 f0 16 e0 14 d0 	0T00040002000000
  0xced0	12 c0 10 70 01 0a 04 00 0a 34 06 00 0a 32 06 70 	000p00000400020p
  0xcee0	19 21 03 00 0f 01 86 02 02 30 00 00 68 a0 00 00 	0!0000000000h000
  0xcef0	20 14 00 00 01 06 02 00 06 32 02 30 19 18 02 00 	 000000002000000
  0xcf00	0f 52 0b 30 98 98 00 00 00 bf 00 00 ff ff ff ff 	0R00000000000000
  0xcf10	00 00 00 00 ff ff ff ff 00 00 00 00 00 00 00 00 	0000000000000000
  0xcf20	00 00 00 00 01 00 00 00 02 00 00 00 30 cf 00 00 	0000000000000000
  0xcf30	08 00 00 00 00 f1 00 00 28 00 00 00 23 a2 00 00 	00000000(000#000
  0xcf40	48 00 00 00 40 00 00 00 00 00 00 00 00 00 00 00 	H000@00000000000
  0xcf50	80 a2 00 00 38 00 00 00 f6 27 00 00 ff ff ff ff 	000080000'000000
  0xcf60	1a 28 00 00 00 00 00 00 45 a2 00 00 01 00 00 00 	0(000000E0000000
  0xcf70	19 0b 03 00 0b 42 07 50 06 30 00 00 98 98 00 00 	00000B0P00000000
  0xcf80	00 bf 00 00 19 0a 02 00 0a 32 06 50 98 98 00 00 	00000000020P0000
  0xcf90	00 bf 00 00 01 07 02 00 07 01 1f 00 19 17 06 00 	0000000000000000
  0xcfa0	17 34 15 00 0b d2 07 e0 05 70 04 60 98 98 00 00 	040000000p0`0000
  0xcfb0	d8 be 00 00 ff ff ff ff 00 00 00 00 ff ff ff ff 	0000000000000000
  0xcfc0	00 00 00 00 ff ff ff ff 00 00 00 00 ff ff ff ff 	0000000000000000
  0xcfd0	00 00 00 00 00 00 00 00 00 00 00 00 01 00 00 00 	0000000000000000
  0xcfe0	03 00 00 00 fc cf 00 00 02 00 00 00 02 00 00 00 	0000000000000000
  0xcff0	03 00 00 00 04 00 00 00 38 d0 00 00 09 00 00 00 	0000000080000000
  0xd000	d0 f0 00 00 38 00 00 00 a1 a2 00 00 48 00 00 00 	000080000000H000
  0xd010	09 00 00 00 60 f0 00 00 50 00 00 00 f0 a2 00 00 	0000`000P0000000
  0xd020	48 00 00 00 40 00 00 00 00 00 00 00 00 00 00 00 	H000@00000000000
  0xd030	3e a3 00 00 38 00 00 00 09 00 00 00 d0 f0 00 00 	>000800000000000
  0xd040	40 00 00 00 76 a3 00 00 48 00 00 00 09 00 00 00 	@000v000H0000000
  0xd050	60 f0 00 00 58 00 00 00 c5 a3 00 00 48 00 00 00 	`000X0000000H000
  0xd060	08 00 00 00 00 f1 00 00 60 00 00 00 13 a4 00 00 	00000000`0000000
  0xd070	48 00 00 00 40 00 00 00 00 00 00 00 00 00 00 00 	H000@00000000000
  0xd080	61 a4 00 00 38 00 00 00 00 00 00 00 00 00 00 00 	a000800000000000
  0xd090	ca 29 00 00 ff ff ff ff fa 29 00 00 00 00 00 00 	0)0000000)000000
  0xd0a0	2e 2a 00 00 02 00 00 00 38 2a 00 00 ff ff ff ff 	.*0000008*000000
  0xd0b0	12 a3 00 00 01 00 00 00 5f a3 00 00 00 00 00 00 	00000000_0000000
  0xd0c0	e7 a3 00 00 03 00 00 00 52 a4 00 00 00 00 00 00 	00000000R0000000
  0xd0d0	19 0b 03 00 0b 42 07 50 06 30 00 00 98 98 00 00 	00000B0P00000000
  0xd0e0	d8 be 00 00 19 0a 02 00 0a 32 06 50 98 98 00 00 	00000000020P0000
  0xd0f0	d8 be 00 00 01 11 09 00 11 c2 0d f0 0b e0 09 d0 	0000000000000000
  0xd100	07 c0 05 70 04 60 03 50 02 30 00 00 01 09 03 00 	000p0`0P00000000
  0xd110	09 01 18 00 02 30 00 00 19 22 04 00 10 01 a5 02 	000000000"000000
  0xd120	03 70 02 30 68 a0 00 00 10 15 00 00 01 04 01 00 	0p00h00000000000
  0xd130	04 a2 00 00 01 14 08 00 14 64 0e 00 14 54 0d 00 	000000000d000T00
  0xd140	14 34 0c 00 14 92 10 70 19 2b 09 00 19 34 17 02 	0400000p0+000400
  0xd150	19 01 0e 02 0c f0 0a e0 08 70 07 60 06 50 00 00 	000000000p0`0P00
  0xd160	68 a0 00 00 60 10 00 00 19 0d 01 00 04 62 00 00 	h000`00000000b00
  0xd170	98 98 00 00 60 be 00 00 19 2b 0b 00 19 54 52 00 	0000`0000+000TR0
  0xd180	19 34 51 00 19 01 4a 00 12 f0 10 e0 0e c0 0c 70 	04Q000J00000000p
  0xd190	0b 60 00 00 68 a0 00 00 40 02 00 00 01 0a 04 00 	0`00h000@0000000
  0xd1a0	0a 64 06 00 0a 32 06 70 01 19 0a 00 19 74 09 00 	0d00020p00000t00
  0xd1b0	19 64 08 00 19 54 07 00 19 34 06 00 19 32 15 e0 	0d000T0004000200
  0xd1c0	01 06 02 00 06 72 02 30 01 06 02 00 06 52 02 30 	00000r0000000R00
  0xd1d0	19 32 09 00 20 64 26 00 1c 34 24 00 0f 01 20 00 	0200 d&004$000 0
  0xd1e0	08 f0 06 e0 04 70 00 00 f0 a0 00 00 b0 be 00 00 	00000p0000000000
  0xd1f0	f3 00 00 00 ff ff ff ff 00 00 00 00 00 00 00 00 	0000000000000000
  0xd200	be a4 00 00 01 00 00 00 d0 a4 00 00 02 00 00 00 	0000000000000000
  0xd210	e2 a4 00 00 03 00 00 00 f4 a4 00 00 04 00 00 00 	0000000000000000
  0xd220	18 a5 00 00 04 00 00 00 06 a5 00 00 06 00 00 00 	0000000000000000
  0xd230	2a a5 00 00 ff ff ff ff 00 00 00 00 00 00 00 00 	*000000000000000
  0xd240	07 00 00 00 08 00 00 00 01 00 00 00 50 d2 00 00 	000000000000P000
  0xd250	40 00 00 00 00 00 00 00 00 00 00 00 82 a4 00 00 	@000000000000000
  0xd260	38 00 00 00 00 00 00 00 00 00 00 00 00 00 00 00 	8000000000000000
  0xd270	d2 41 00 00 01 00 00 00 07 42 00 00 02 00 00 00 	0A0000000B000000
  0xd280	23 42 00 00 03 00 00 00 48 42 00 00 05 00 00 00 	#B000000HB000000
  0xd290	81 42 00 00 06 00 00 00 8a 42 00 00 07 00 00 00 	0B0000000B000000
  0xd2a0	cf 42 00 00 04 00 00 00 e1 42 00 00 03 00 00 00 	0B0000000B000000
  0xd2b0	8e 43 00 00 ff ff ff ff 19 0a 02 00 0a 32 06 50 	0C0000000000020P
  0xd2c0	98 98 00 00 b0 be 00 00 19 36 09 00 25 34 5a 00 	000000000600%4Z0
  0xd2d0	18 01 52 00 0a f0 08 e0 06 70 05 60 04 50 00 00 	00R000000p0`0P00
  0xd2e0	f0 a0 00 00 88 be 00 00 82 02 00 00 ff ff ff ff 	0000000000000000
  0xd2f0	3c a5 00 00 00 00 00 00 4e a5 00 00 00 00 00 00 	<0000000N0000000
  0xd300	83 47 00 00 ff ff ff ff ee 47 00 00 01 00 00 00 	0G0000000G000000
  0xd310	01 12 08 00 12 54 0a 00 12 34 08 00 12 32 0e e0 	00000T0004000200
  0xd320	0c 70 0b 60 01 15 08 00 15 74 08 00 15 54 07 00 	0p0`00000t000T00
  0xd330	15 34 06 00 15 32 11 e0 19 20 05 00 18 62 14 e0 	040002000 000b00
  0xd340	12 70 11 60 10 30 00 00 98 98 00 00 38 be 00 00 	0p0`000000008000
  0xd350	ff ff ff ff 00 00 00 00 ff ff ff ff 00 00 00 00 	0000000000000000
  0xd360	01 00 00 00 00 00 00 00 01 00 00 00 00 00 00 00 	0000000000000000
  0xd370	00 00 00 00 00 00 00 00 03 00 00 00 01 00 00 00 	0000000000000000
  0xd380	98 d3 00 00 02 00 00 00 02 00 00 00 03 00 00 00 	0000000000000000
  0xd390	01 00 00 00 ac d3 00 00 40 00 00 00 00 00 00 00 	00000000@0000000
  0xd3a0	00 00 00 00 60 a5 00 00 38 00 00 00 40 00 00 00 	0000`0008000@000
  0xd3b0	00 00 00 00 00 00 00 00 ab a5 00 00 38 00 00 00 	0000000000008000
  0xd3c0	3a 4e 00 00 00 00 00 00 54 4e 00 00 ff ff ff ff 	:N000000TN000000
  0xd3d0	83 a5 00 00 02 00 00 00 9d a5 00 00 00 00 00 00 	0000000000000000
  0xd3e0	ca a5 00 00 03 00 00 00 19 0a 02 00 0a 32 06 50 	000000000000020P
  0xd3f0	98 98 00 00 38 be 00 00 19 32 0b 00 21 64 52 00 	000080000200!dR0
  0xd400	21 34 50 00 21 01 4a 00 12 f0 10 e0 0e c0 0c 70 	!4P0!0J00000000p
  0xd410	0b 50 00 00 68 a0 00 00 40 02 00 00 01 04 01 00 	0P00h000@0000000
  0xd420	04 62 00 00 01 0f 06 00 0f 64 09 00 0f 34 08 00 	0b0000000d000400
  0xd430	0f 52 0b 70 19 38 0b 00 26 64 3d 00 22 34 3a 00 	0R0p0800&d=0"4:0
  0xd440	13 01 34 00 0c f0 0a e0 08 d0 06 c0 04 70 00 00 	0040000000000p00
  0xd450	f0 a0 00 00 c8 bf 00 00 9b 01 00 00 ff ff ff ff 	0000000000000000
  0xd460	12 a6 00 00 00 00 00 00 24 a6 00 00 01 00 00 00 	00000000$0000000
  0xd470	00 00 00 00 02 00 00 00 36 a6 00 00 03 00 00 00 	0000000060000000
  0xd480	48 a6 00 00 04 00 00 00 5a a6 00 00 05 00 00 00 	H0000000Z0000000
  0xd490	6c a6 00 00 01 00 00 00 00 00 00 00 02 00 00 00 	l000000000000000
  0xd4a0	06 00 00 00 07 00 00 00 01 00 00 00 b0 d4 00 00 	0000000000000000
  0xd4b0	40 00 00 00 00 00 00 00 00 00 00 00 d6 a5 00 00 	@000000000000000
  0xd4c0	68 00 00 00 00 00 00 00 00 00 00 00 00 00 00 00 	h000000000000000
  0xd4d0	31 55 00 00 02 00 00 00 08 56 00 00 03 00 00 00 	1U0000000V000000
  0xd4e0	1c 59 00 00 02 00 00 00 2b 5c 00 00 05 00 00 00 	0Y000000+0000000
  0xd4f0	d6 5d 00 00 06 00 00 00 f2 5d 00 00 05 00 00 00 	0]0000000]000000
  0xd500	71 60 00 00 00 00 00 00 9a 60 00 00 ff ff ff ff 	q`0000000`000000
  0xd510	eb 60 00 00 04 00 00 00 62 61 00 00 00 00 00 00 	0`000000ba000000
  0xd520	8b 61 00 00 ff ff ff ff db 61 00 00 00 00 00 00 	0a0000000a000000
  0xd530	25 62 00 00 ff ff ff ff 9e 62 00 00 03 00 00 00 	%b0000000b000000
  0xd540	aa 62 00 00 ff ff ff ff 19 0a 02 00 0a 92 06 50 	0b0000000000000P
  0xd550	98 98 00 00 c8 bf 00 00 19 1d 08 00 1d 74 0b 00 	0000000000000t00
  0xd560	19 64 0a 00 15 34 08 00 09 52 05 e0 98 98 00 00 	0d0004000R000000
  0xd570	a0 bf 00 00 00 00 00 00 00 00 00 00 01 00 00 00 	0000000000000000
  0xd580	01 00 00 00 88 d5 00 00 40 00 00 00 00 00 00 00 	00000000@0000000
  0xd590	00 00 00 00 7e a6 00 00 38 00 00 00 00 00 00 00 	0000~00080000000
  0xd5a0	82 63 00 00 ff ff ff ff a1 63 00 00 00 00 00 00 	0c0000000c000000
  0xd5b0	98 a6 00 00 01 00 00 00 19 0a 02 00 0a 32 06 50 	000000000000020P
  0xd5c0	98 98 00 00 a0 bf 00 00 19 16 02 00 07 01 11 00 	0000000000000000
  0xd5d0	68 a0 00 00 70 00 00 00 19 19 02 00 07 01 13 00 	h000p00000000000
  0xd5e0	68 a0 00 00 80 00 00 00 19 1c 03 00 0e 01 14 00 	h000000000000000
  0xd5f0	02 50 00 00 68 a0 00 00 90 00 00 00 19 12 01 00 	0P00h00000000000
  0xd600	09 82 00 00 98 98 00 00 78 bf 00 00 00 00 00 00 	00000000x0000000
  0xd610	00 00 00 00 01 00 00 00 01 00 00 00 20 d6 00 00 	000000000000 000
  0xd620	40 00 00 00 00 00 00 00 00 00 00 00 a4 a6 00 00 	@000000000000000
  0xd630	48 00 00 00 00 00 00 00 23 64 00 00 00 00 00 00 	H0000000#d000000
  0xd640	be a6 00 00 01 00 00 00 19 0a 02 00 0a 52 06 50 	0000000000000R0P
  0xd650	98 98 00 00 78 bf 00 00 19 21 0a 00 21 64 0f 00 	0000x0000!00!d00
  0xd660	1c 34 0e 00 0e 72 0a f0 08 e0 06 d0 04 c0 02 70 	04000r000000000p
  0xd670	98 98 00 00 50 bf 00 00 00 00 00 00 00 00 00 00 	0000P00000000000
  0xd680	01 00 00 00 01 00 00 00 8c d6 00 00 40 00 00 00 	000000000000@000
  0xd690	00 00 00 00 00 00 00 00 ca a6 00 00 48 00 00 00 	000000000000H000
  0xd6a0	f6 64 00 00 ff ff ff ff 18 65 00 00 00 00 00 00 	0d0000000e000000
  0xd6b0	5b 65 00 00 ff ff ff ff e7 a6 00 00 01 00 00 00 	[e00000000000000
  0xd6c0	19 0a 02 00 0a 52 06 50 98 98 00 00 50 bf 00 00 	00000R0P0000P000
  0xd6d0	19 0d 01 00 04 62 00 00 98 98 00 00 28 bf 00 00 	00000b000000(000
  0xd6e0	00 00 00 00 00 00 00 00 01 00 00 00 01 00 00 00 	0000000000000000
  0xd6f0	f4 d6 00 00 40 00 00 00 00 00 00 00 00 00 00 00 	0000@00000000000
  0xd700	f3 a6 00 00 38 00 00 00 04 a7 00 00 01 00 00 00 	0000800000000000
  0xd710	19 0a 02 00 0a 32 06 50 98 98 00 00 28 bf 00 00 	0000020P0000(000
  0xd720	19 18 04 00 18 34 09 00 0a 52 06 70 98 98 00 00 	000004000R0p0000
  0xd730	f0 bf 00 00 00 00 00 00 00 00 00 00 01 00 00 00 	0000000000000000
  0xd740	01 00 00 00 48 d7 00 00 40 00 00 00 00 00 00 00 	0000H000@0000000
  0xd750	00 00 00 00 10 a7 00 00 38 00 00 00 00 00 00 00 	0000000080000000
  0xd760	1b 69 00 00 ff ff ff ff 42 69 00 00 00 00 00 00 	0i000000Bi000000
  0xd770	2a a7 00 00 01 00 00 00 19 0a 02 00 0a 32 06 50 	*00000000000020P
  0xd780	98 98 00 00 f0 bf 00 00 01 0f 04 00 0f 34 06 00 	0000000000000400
  0xd790	0f 32 0b 70 01 08 02 00 08 92 04 30 11 1e 08 00 	020p000000000000
  0xd7a0	1e 64 10 00 1a 34 0f 00 0e 92 07 e0 05 70 04 50 	0d00040000000p0P
  0xd7b0	98 98 00 00 c0 c2 00 00 ff ff ff ff 36 a7 00 00 	0000000000006000
  0xd7c0	00 00 00 00 48 a7 00 00 00 00 00 00 5a a7 00 00 	0000H0000000Z000
  0xd7d0	a0 6b 00 00 01 00 00 00 4b 6c 00 00 00 00 00 00 	0k000000Kl000000
  0xd7e0	65 6c 00 00 02 00 00 00 19 2d 09 00 17 01 1c 00 	el0000000-000000
  0xd7f0	0b f0 09 e0 07 c0 05 70 04 60 03 30 02 50 00 00 	0000000p0`000P00
  0xd800	f0 a0 00 00 98 c2 00 00 da 00 00 00 ff ff ff ff 	0000000000000000
  0xd810	6c a7 00 00 00 00 00 00 7e a7 00 00 01 00 00 00 	l0000000~0000000
  0xd820	90 a7 00 00 00 00 00 00 5a 6d 00 00 ff ff ff ff 	00000000Zm000000
  0xd830	c5 6d 00 00 01 00 00 00 28 6f 00 00 ff ff ff ff 	0m000000(o000000
  0xd840	4f 6f 00 00 02 00 00 00 64 6f 00 00 01 00 00 00 	Oo000000do000000
  0xd850	79 6f 00 00 02 00 00 00 19 2b 07 00 1d 34 17 00 	yo0000000+000400
  0xd860	11 01 12 00 06 70 05 60 04 50 00 00 f0 a0 00 00 	00000p0`0P000000
  0xd870	70 c2 00 00 82 00 00 00 ff ff ff ff a2 a7 00 00 	p000000000000000
  0xd880	fb 6f 00 00 ff ff ff ff b1 70 00 00 00 00 00 00 	0o0000000p000000
  0xd890	11 27 09 00 1f 62 1b f0 19 e0 17 d0 15 c0 13 70 	0'000b000000000p
  0xd8a0	12 60 11 50 10 30 00 00 98 98 00 00 48 c2 00 00 	0`0P00000000H000
  0xd8b0	ff ff ff ff b4 a7 00 00 e9 71 00 00 00 00 00 00 	000000000q000000
  0xd8c0	01 06 02 00 06 32 02 50 19 33 0b 00 25 34 29 00 	0000020P0300%4)0
  0xd8d0	19 01 1e 00 0e f0 0c e0 0a d0 08 c0 06 70 05 60 	0000000000000p0`
  0xd8e0	04 50 00 00 f0 a0 00 00 20 c2 00 00 e2 00 00 00 	0P000000 0000000
  0xd8f0	ff ff ff ff e4 a7 00 00 00 00 00 00 36 a6 00 00 	0000000000006000
  0xd900	01 00 00 00 48 a7 00 00 02 00 00 00 14 a8 00 00 	0000H00000000000
  0xd910	67 73 00 00 00 00 00 00 ea 73 00 00 01 00 00 00 	gs0000000s000000
  0xd920	86 74 00 00 02 00 00 00 99 74 00 00 03 00 00 00 	0t0000000t000000
  0xd930	2f 75 00 00 00 00 00 00 11 26 0a 00 26 64 16 00 	/u0000000&00&d00
  0xd940	22 34 14 00 16 d2 0f f0 0d e0 0b c0 09 70 08 50 	"400000000000p0P
  0xd950	98 98 00 00 f8 c1 00 00 ff ff ff ff 26 a8 00 00 	000000000000&000
  0xd960	cc 75 00 00 00 00 00 00 19 33 0b 00 25 34 24 00 	0u0000000300%4$0
  0xd970	19 01 1c 00 0e f0 0c e0 0a d0 08 c0 06 70 05 60 	0000000000000p0`
  0xd980	04 50 00 00 f0 a0 00 00 d0 c1 00 00 d2 00 00 00 	0P00000000000000
  0xd990	ff ff ff ff 56 a8 00 00 00 00 00 00 68 a8 00 00 	0000V0000000h000
  0xd9a0	01 00 00 00 7a a8 00 00 02 00 00 00 8c a8 00 00 	0000z00000000000
  0xd9b0	03 00 00 00 9e a8 00 00 42 77 00 00 02 00 00 00 	00000000Bw000000
  0xd9c0	e6 77 00 00 03 00 00 00 ff 77 00 00 04 00 00 00 	0w0000000w000000
  0xd9d0	22 78 00 00 02 00 00 00 42 79 00 00 ff ff ff ff 	"x000000By000000
  0xd9e0	11 1f 08 00 1f 54 0c 00 1b 34 0b 00 0f 52 0b e0 	00000T0004000R00
  0xd9f0	09 70 08 60 98 98 00 00 a8 c1 00 00 ff ff ff ff 	0p0`000000000000
  0xda00	8c a8 00 00 00 00 00 00 9e a8 00 00 00 00 00 00 	0000000000000000
  0xda10	af 79 00 00 ff ff ff ff cf 79 00 00 00 00 00 00 	0y0000000y000000
  0xda20	ef 79 00 00 01 00 00 00 11 23 08 00 23 54 15 00 	0y0000000#00#T00
  0xda30	1f 34 14 00 13 d2 0f e0 0d 70 0c 60 98 98 00 00 	040000000p0`0000
  0xda40	80 c1 00 00 ff ff ff ff b4 a8 00 00 00 00 00 00 	0000000000000000
  0xda50	e4 a8 00 00 00 00 00 00 c6 7a 00 00 01 00 00 00 	000000000z000000
  0xda60	11 7b 00 00 00 00 00 00 01 0b 01 00 0b 82 00 00 	0{00000000000000
  0xda70	19 3b 0b 00 2a 64 48 00 26 34 47 00 19 01 40 00 	0;00*dH0&4G000@0
  0xda80	0b f0 09 e0 07 c0 05 70 04 50 00 00 f0 a0 00 00 	0000000p0P000000
  0xda90	58 c1 00 00 f2 01 00 00 ff ff ff ff f4 a4 00 00 	X000000000000000
  0xdaa0	00 00 00 00 f6 a8 00 00 ed 7b 00 00 ff ff ff ff 	000000000{000000
  0xdab0	19 7c 00 00 00 00 00 00 bf 7c 00 00 01 00 00 00 	0|0000000|000000
  0xdac0	a4 7d 00 00 00 00 00 00 bf 7d 00 00 ff ff ff ff 	0}0000000}000000
  0xdad0	f5 7d 00 00 01 00 00 00 19 3b 0b 00 2a 64 48 00 	0}0000000;00*dH0
  0xdae0	26 34 47 00 19 01 40 00 0b f0 09 e0 07 c0 05 70 	&4G000@00000000p
  0xdaf0	04 50 00 00 f0 a0 00 00 30 c1 00 00 f2 01 00 00 	0P00000000000000
  0xdb00	ff ff ff ff 27 a9 00 00 00 00 00 00 39 a9 00 00 	0000'00000009000
  0xdb10	95 7e 00 00 ff ff ff ff c1 7e 00 00 00 00 00 00 	0~0000000~000000
  0xdb20	67 7f 00 00 01 00 00 00 4c 80 00 00 00 00 00 00 	g0000000L0000000
  0xdb30	67 80 00 00 ff ff ff ff 9d 80 00 00 01 00 00 00 	g000000000000000
  0xdb40	19 18 04 00 18 34 0b 00 0a 72 06 70 98 98 00 00 	000004000r0p0000
  0xdb50	08 c1 00 00 ff ff ff ff 90 a9 00 00 00 00 00 00 	0000000000000000
  0xdb60	00 00 00 00 00 00 00 00 00 00 00 00 01 00 00 00 	0000000000000000
  0xdb70	01 00 00 00 02 00 00 00 01 00 00 00 80 db 00 00 	0000000000000000
  0xdb80	40 00 00 00 00 00 00 00 00 00 00 00 6a a9 00 00 	@00000000000j000
  0xdb90	48 00 00 00 00 00 00 00 e4 80 00 00 ff ff ff ff 	H000000000000000
  0xdba0	fb 80 00 00 01 00 00 00 84 a9 00 00 02 00 00 00 	0000000000000000
  0xdbb0	19 0a 02 00 0a 52 06 50 98 98 00 00 08 c1 00 00 	00000R0P00000000
  0xdbc0	01 0a 02 00 0a 32 06 30 19 22 06 00 1a 52 16 f0 	000002000"000R00
  0xdbd0	14 e0 12 70 11 60 10 30 98 98 00 00 e0 c0 00 00 	000p0`0000000000
  0xdbe0	00 00 00 00 00 00 00 00 03 00 00 00 01 00 00 00 	0000000000000000
  0xdbf0	08 dc 00 00 02 00 00 00 02 00 00 00 03 00 00 00 	0000000000000000
  0xdc00	01 00 00 00 1c dc 00 00 40 00 00 00 00 00 00 00 	00000000@0000000
  0xdc10	00 00 00 00 a2 a9 00 00 38 00 00 00 40 00 00 00 	000000008000@000
  0xdc20	00 00 00 00 00 00 00 00 f9 a9 00 00 38 00 00 00 	0000000000008000
  0xdc30	d4 88 00 00 00 00 00 00 ee 88 00 00 ff ff ff ff 	0000000000000000
  0xdc40	d1 a9 00 00 02 00 00 00 eb a9 00 00 00 00 00 00 	0000000000000000
  0xdc50	18 aa 00 00 03 00 00 00 19 0a 02 00 0a 32 06 50 	000000000000020P
  0xdc60	98 98 00 00 e0 c0 00 00 19 18 04 00 18 34 09 00 	0000000000000400
  0xdc70	0a 52 06 70 98 98 00 00 b8 c0 00 00 00 00 00 00 	0R0p000000000000
  0xdc80	00 00 00 00 01 00 00 00 01 00 00 00 90 dc 00 00 	0000000000000000
  0xdc90	40 00 00 00 00 00 00 00 00 00 00 00 24 aa 00 00 	@00000000000$000
  0xdca0	38 00 00 00 00 00 00 00 8b 89 00 00 ff ff ff ff 	8000000000000000
  0xdcb0	b2 89 00 00 00 00 00 00 3e aa 00 00 01 00 00 00 	00000000>0000000
  0xdcc0	19 0a 02 00 0a 32 06 50 98 98 00 00 b8 c0 00 00 	0000020P00000000
  0xdcd0	19 13 01 00 04 e2 00 00 68 a0 00 00 60 00 00 00 	00000000h000`000
  0xdce0	19 35 0b 00 27 64 2d 00 23 34 2c 00 17 01 24 00 	0500'd-0#4,000$0
  0xdcf0	0c f0 0a e0 08 d0 06 c0 04 50 00 00 f0 a0 00 00 	000000000P000000
  0xdd00	90 c0 00 00 12 01 00 00 ff ff ff ff 4a aa 00 00 	000000000000J000
  0xdd10	00 00 00 00 48 a7 00 00 01 00 00 00 5c aa 00 00 	0000H00000000000
  0xdd20	a8 8a 00 00 00 00 00 00 3c 8b 00 00 01 00 00 00 	00000000<0000000
  0xdd30	54 8b 00 00 02 00 00 00 d4 8b 00 00 ff ff ff ff 	T000000000000000
  0xdd40	fe 8b 00 00 02 00 00 00 0e 8c 00 00 ff ff ff ff 	0000000000000000
  0xdd50	23 8c 00 00 00 00 00 00 38 8c 00 00 ff ff ff ff 	#000000080000000
  0xdd60	19 1c 06 00 1c 64 0a 00 18 34 09 00 0c 52 08 70 	00000d0004000R0p
  0xdd70	98 98 00 00 68 c0 00 00 ff ff ff ff 00 00 00 00 	0000h00000000000
  0xdd80	00 00 00 00 94 aa 00 00 ff ff ff ff 00 00 00 00 	0000000000000000
  0xdd90	00 00 00 00 01 00 00 00 02 00 00 00 01 00 00 00 	0000000000000000
  0xdda0	a4 dd 00 00 40 00 00 00 00 00 00 00 00 00 00 00 	0000@00000000000
  0xddb0	6e aa 00 00 38 00 00 00 63 8c 00 00 ff ff ff ff 	n0008000c0000000
  0xddc0	85 8c 00 00 00 00 00 00 ab 8c 00 00 01 00 00 00 	0000000000000000
  0xddd0	88 aa 00 00 02 00 00 00 19 0a 02 00 0a 32 06 50 	000000000000020P
  0xdde0	98 98 00 00 68 c0 00 00 19 18 04 00 18 34 09 00 	0000h00000000400
  0xddf0	0a 52 06 70 98 98 00 00 18 c0 00 00 00 00 00 00 	0R0p000000000000
  0xde00	00 00 00 00 01 00 00 00 01 00 00 00 10 de 00 00 	0000000000000000
  0xde10	40 00 00 00 00 00 00 00 00 00 00 00 aa aa 00 00 	@000000000000000
  0xde20	38 00 00 00 00 00 00 00 e7 8c 00 00 ff ff ff ff 	8000000000000000
  0xde30	fb 8c 00 00 00 00 00 00 c4 aa 00 00 01 00 00 00 	0000000000000000
  0xde40	19 0a 02 00 0a 32 06 50 98 98 00 00 18 c0 00 00 	0000020P00000000
  0xde50	19 20 05 00 18 62 14 e0 12 70 11 60 10 30 00 00 	0 000b000p0`0000
  0xde60	98 98 00 00 40 c0 00 00 00 00 00 00 00 00 00 00 	0000@00000000000
  0xde70	01 00 00 00 01 00 00 00 7c de 00 00 40 00 00 00 	00000000|000@000
  0xde80	00 00 00 00 00 00 00 00 d0 aa 00 00 58 00 00 00 	000000000000X000
  0xde90	58 8d 00 00 00 00 00 00 a6 8d 00 00 ff ff ff ff 	X000000000000000
  0xdea0	3b ab 00 00 01 00 00 00 19 0f 06 00 0f 32 0b e0 	;000000000000200
  0xdeb0	09 70 08 60 07 50 06 30 98 98 00 00 40 c0 00 00 	0p0`0P000000@000
  0xdec0	19 2f 0a 00 19 01 1f 00 0d f0 0b e0 09 d0 07 c0 	0/00000000000000
  0xded0	05 70 04 60 03 30 02 50 f0 a0 00 00 e8 c2 00 00 	0p0`000P00000000
  0xdee0	e2 00 00 00 ff ff ff ff 47 ab 00 00 00 00 00 00 	00000000G0000000
  0xdef0	48 a7 00 00 01 00 00 00 7e a7 00 00 02 00 00 00 	H0000000~0000000
  0xdf00	59 ab 00 00 00 00 00 00 a6 91 00 00 ff ff ff ff 	Y000000000000000
  0xdf10	cf 91 00 00 03 00 00 00 e4 91 00 00 00 00 00 00 	0000000000000000
  0xdf20	f9 91 00 00 01 00 00 00 0e 92 00 00 02 00 00 00 	0000000000000000
  0xdf30	23 92 00 00 03 00 00 00 11 2b 0d 00 2b 74 1b 00 	#00000000+00+t00
  0xdf40	27 64 1a 00 23 34 19 00 17 01 12 00 0c f0 0a e0 	'd00#40000000000
  0xdf50	08 d0 06 c0 04 50 00 00 98 98 00 00 10 c3 00 00 	00000P0000000000
  0xdf60	ff ff ff ff 6b ab 00 00 00 00 00 00 7d ab 00 00 	0000k0000000}000
  0xdf70	01 00 00 00 59 ab 00 00 02 00 00 00 47 ab 00 00 	0000Y0000000G000
  0xdf80	dd 94 00 00 03 00 00 00 f2 94 00 00 00 00 00 00 	0000000000000000
  0xdf90	07 95 00 00 01 00 00 00 1c 95 00 00 02 00 00 00 	0000000000000000
  0xdfa0	31 95 00 00 03 00 00 00 09 15 08 00 15 74 0a 00 	1000000000000t00
  0xdfb0	15 64 09 00 15 34 08 00 15 52 11 f0 ba 9e 00 00 	0d0004000R000000
  0xdfc0	01 00 00 00 c5 96 00 00 2b 98 00 00 8f ab 00 00 	00000000+0000000
  0xdfd0	2b 98 00 00 00 00 00 00 01 00 00 00 01 0c 02 00 	+000000000000000
  0xdfe0	0c 01 11 00 11 06 02 00 06 32 02 30 ba 9e 00 00 	0000000002000000
  0xdff0	01 00 00 00 c1 9a 00 00 06 9b 00 00 b3 ab 00 00 	0000000000000000
  0xe000	00 00 00 00 09 04 01 00 04 22 00 00 ba 9e 00 00 	000000000"000000
  0xe010	01 00 00 00 3c 9c 00 00 72 9c 00 00 01 00 00 00 	0000<000r0000000
  0xe020	72 9c 00 00 09 0a 04 00 0a 34 06 00 0a 32 06 70 	r00000000400020p
  0xe030	ba 9e 00 00 01 00 00 00 4d 9d 00 00 80 9d 00 00 	00000000M0000000
  0xe040	e0 ab 00 00 80 9d 00 00 01 0d 04 00 0d 34 09 00 	0000000000000400
  0xe050	0d 32 06 50 00 00 00 00 01 00 00 00 09 17 06 00 	020P000000000000
  0xe060	17 34 0d 00 17 72 13 e0 11 70 10 60 ba 9e 00 00 	04000r000p0`0000
  0xe070	01 00 00 00 a7 9f 00 00 c8 9f 00 00 38 ac 00 00 	0000000000008000
  0xe080	c8 9f 00 00 11 18 05 00 18 62 14 e0 12 70 11 60 	000000000b000p0`
  0xe090	10 30 00 00 ba 9e 00 00 01 00 00 00 47 9f 00 00 	000000000000G000
  0xe0a0	71 9f 00 00 06 ac 00 00 00 00 00 00 11 1c 08 00 	q000000000000000
  0xe0b0	1c 64 0d 00 1c 34 0c 00 1c 52 18 f0 16 e0 14 70 	0d0004000R00000p
  0xe0c0	ba 9e 00 00 01 00 00 00 18 a0 00 00 41 a0 00 00 	000000000000A000
  0xe0d0	80 ac 00 00 00 00 00 00 01 02 01 00 02 30 00 00 	0000000000000000
  0xe0e0	02 04 03 00 01 16 00 06 04 12 00 00 00 00 00 00 	0000000000000000
  0xe0f0	02 00 00 00 08 e1 00 00 30 e1 00 00 00 00 00 00 	0000000000000000
  0xe100	00 00 00 00 00 00 00 00 00 00 00 00 d0 f0 00 00 	0000000000000000
  0xe110	00 00 00 00 ff ff ff ff 00 00 00 00 c8 00 00 00 	0000000000000000
  0xe120	7c 28 00 00 00 00 00 00 00 00 00 00 00 00 00 00 	|(00000000000000
  0xe130	00 00 00 00 00 f1 00 00 00 00 00 00 ff ff ff ff 	0000000000000000
  0xe140	00 00 00 00 18 00 00 00 5c 9b 00 00 00 00 00 00 	0000000000000000
  0xe150	00 00 00 00 00 00 00 00 00 00 00 00 d0 26 00 00 	0000000000000&00
  0xe160	00 00 00 00 f0 e0 00 00 00 00 00 00 00 00 00 00 	0000000000000000
  0xe170	00 00 00 00 e8 e4 00 00 00 00 00 00 00 00 00 00 	0000000000000000
  0xe180	e6 e6 00 00 b0 b4 00 00 28 e5 00 00 00 00 00 00 	00000000(0000000
  0xe190	00 00 00 00 60 e8 00 00 f0 b4 00 00 58 e3 00 00 	0000`0000000X000
  0xe1a0	00 00 00 00 00 00 00 00 96 eb 00 00 20 b3 00 00 	000000000000 000
  0xe1b0	48 e4 00 00 00 00 00 00 00 00 00 00 c0 eb 00 00 	H000000000000000
  0xe1c0	10 b4 00 00 38 e3 00 00 00 00 00 00 00 00 00 00 	0000800000000000
  0xe1d0	e2 eb 00 00 00 b3 00 00 00 e3 00 00 00 00 00 00 	0000000000000000
  0xe1e0	00 00 00 00 02 ec 00 00 c8 b2 00 00 b0 e4 00 00 	0000000000000000
  0xe1f0	00 00 00 00 00 00 00 00 2c ec 00 00 78 b4 00 00 	00000000,000x000
  0xe200	90 e3 00 00 00 00 00 00 00 00 00 00 54 ec 00 00 	000000000000T000
  0xe210	58 b3 00 00 80 e3 00 00 00 00 00 00 00 00 00 00 	X000000000000000
  0xe220	7e ec 00 00 48 b3 00 00 e0 e2 00 00 00 00 00 00 	~000H00000000000
  0xe230	00 00 00 00 a6 ec 00 00 a8 b2 00 00 28 e3 00 00 	000000000000(000
  0xe240	00 00 00 00 00 00 00 00 c8 ec 00 00 f0 b2 00 00 	0000000000000000
  0xe250	88 e4 00 00 00 00 00 00 00 00 00 00 ea ec 00 00 	0000000000000000
  0xe260	50 b4 00 00 28 e4 00 00 00 00 00 00 00 00 00 00 	P000(00000000000
  0xe270	0c ed 00 00 f0 b3 00 00 d0 e3 00 00 00 00 00 00 	0000000000000000
  0xe280	00 00 00 00 32 ed 00 00 98 b3 00 00 98 e4 00 00 	0000200000000000
  0xe290	00 00 00 00 00 00 00 00 56 ed 00 00 60 b4 00 00 	00000000V000`000
  0xe2a0	d8 e4 00 00 00 00 00 00 00 00 00 00 7a ed 00 00 	000000000000z000
  0xe2b0	a0 b4 00 00 e0 e3 00 00 00 00 00 00 00 00 00 00 	0000000000000000
  0xe2c0	d6 ee 00 00 a8 b3 00 00 00 00 00 00 00 00 00 00 	0000000000000000
  0xe2d0	00 00 00 00 00 00 00 00 00 00 00 00 00 00 00 00 	0000000000000000
  0xe2e0	92 ea 00 00 00 00 00 00 84 ea 00 00 00 00 00 00 	0000000000000000
  0xe2f0	ba e9 00 00 00 00 00 00 00 00 00 00 00 00 00 00 	0000000000000000
  0xe300	0c eb 00 00 00 00 00 00 aa e9 00 00 00 00 00 00 	0000000000000000
  0xe310	fa e8 00 00 00 00 00 00 f0 ea 00 00 00 00 00 00 	0000000000000000
  0xe320	00 00 00 00 00 00 00 00 fa e9 00 00 00 00 00 00 	0000000000000000
  0xe330	00 00 00 00 00 00 00 00 08 ea 00 00 00 00 00 00 	0000000000000000
  0xe340	ee e8 00 00 00 00 00 00 5e ea 00 00 00 00 00 00 	00000000^0000000
  0xe350	00 00 00 00 00 00 00 00 c2 e8 00 00 00 00 00 00 	0000000000000000
  0xe360	70 ea 00 00 00 00 00 00 24 ea 00 00 00 00 00 00 	p0000000$0000000
  0xe370	1e e9 00 00 00 00 00 00 00 00 00 00 00 00 00 00 	0000000000000000
  0xe380	98 e9 00 00 00 00 00 00 00 00 00 00 00 00 00 00 	0000000000000000
  0xe390	3e eb 00 00 00 00 00 00 2a eb 00 00 00 00 00 00 	>0000000*0000000
  0xe3a0	5c e9 00 00 00 00 00 00 26 ee 00 00 00 00 00 00 	00000000&0000000
  0xe3b0	48 ea 00 00 00 00 00 00 38 ee 00 00 00 00 00 00 	H000000080000000
  0xe3c0	fe ed 00 00 00 00 00 00 00 00 00 00 00 00 00 00 	0000000000000000
  0xe3d0	52 eb 00 00 00 00 00 00 00 00 00 00 00 00 00 00 	R000000000000000
  0xe3e0	b4 ee 00 00 00 00 00 00 c8 ee 00 00 00 00 00 00 	0000000000000000
  0xe3f0	a2 ee 00 00 00 00 00 00 92 ee 00 00 00 00 00 00 	0000000000000000
  0xe400	80 ee 00 00 00 00 00 00 4e ee 00 00 00 00 00 00 	00000000N0000000
  0xe410	6e ee 00 00 00 00 00 00 5e ee 00 00 00 00 00 00 	n0000000^0000000
  0xe420	00 00 00 00 00 00 00 00 ae ea 00 00 00 00 00 00 	0000000000000000
  0xe430	c2 ea 00 00 00 00 00 00 dc ea 00 00 00 00 00 00 	0000000000000000
  0xe440	00 00 00 00 00 00 00 00 72 e9 00 00 00 00 00 00 	00000000r0000000
  0xe450	36 ea 00 00 00 00 00 00 0a e9 00 00 00 00 00 00 	6000000000000000
  0xe460	e8 e9 00 00 00 00 00 00 d8 e8 00 00 00 00 00 00 	0000000000000000
  0xe470	46 e9 00 00 00 00 00 00 d0 e9 00 00 00 00 00 00 	F000000000000000
  0xe480	00 00 00 00 00 00 00 00 a6 ea 00 00 00 00 00 00 	0000000000000000
  0xe490	00 00 00 00 00 00 00 00 86 eb 00 00 00 00 00 00 	0000000000000000
  0xe4a0	6c eb 00 00 00 00 00 00 00 00 00 00 00 00 00 00 	l000000000000000
  0xe4b0	34 e9 00 00 00 00 00 00 10 ee 00 00 00 00 00 00 	4000000000000000
  0xe4c0	82 e9 00 00 00 00 00 00 14 ea 00 00 00 00 00 00 	0000000000000000
  0xe4d0	00 00 00 00 00 00 00 00 22 01 00 00 00 00 00 80 	00000000"0000000
  0xe4e0	00 00 00 00 00 00 00 00 84 e6 00 00 00 00 00 00 	0000000000000000
  0xe4f0	62 e6 00 00 00 00 00 00 c6 e6 00 00 00 00 00 00 	b000000000000000
  0xe500	a4 e6 00 00 00 00 00 00 48 e6 00 00 00 00 00 00 	00000000H0000000
  0xe510	a2 ed 00 00 00 00 00 00 c4 ed 00 00 00 00 00 00 	0000000000000000
  0xe520	00 00 00 00 00 00 00 00 aa e8 00 00 00 00 00 00 	0000000000000000
  0xe530	96 e8 00 00 00 00 00 00 8c e8 00 00 00 00 00 00 	0000000000000000
  0xe540	7e e8 00 00 00 00 00 00 74 e8 00 00 00 00 00 00 	~0000000t0000000
  0xe550	6c e8 00 00 00 00 00 00 54 e8 00 00 00 00 00 00 	l0000000T0000000
  0xe560	4a e8 00 00 00 00 00 00 32 e8 00 00 00 00 00 00 	J000000020000000
  0xe570	26 e8 00 00 00 00 00 00 12 e8 00 00 00 00 00 00 	&000000000000000
  0xe580	08 e8 00 00 00 00 00 00 00 e8 00 00 00 00 00 00 	0000000000000000
  0xe590	f8 e7 00 00 00 00 00 00 e6 e7 00 00 00 00 00 00 	0000000000000000
  0xe5a0	d4 e7 00 00 00 00 00 00 c6 e7 00 00 00 00 00 00 	0000000000000000
  0xe5b0	24 ef 00 00 00 00 00 00 f4 ed 00 00 00 00 00 00 	$000000000000000
  0xe5c0	b8 e7 00 00 00 00 00 00 ac e7 00 00 00 00 00 00 	0000000000000000
  0xe5d0	a2 e7 00 00 00 00 00 00 92 e7 00 00 00 00 00 00 	0000000000000000
  0xe5e0	74 e7 00 00 00 00 00 00 5c e7 00 00 00 00 00 00 	t000000000000000
  0xe5f0	44 e7 00 00 00 00 00 00 38 e7 00 00 00 00 00 00 	D000000080000000
  0xe600	28 e7 00 00 00 00 00 00 1c e7 00 00 00 00 00 00 	(000000000000000
  0xe610	0e e7 00 00 00 00 00 00 f8 e6 00 00 00 00 00 00 	0000000000000000
  0xe620	ea ed 00 00 00 00 00 00 fa ee 00 00 00 00 00 00 	0000000000000000
  0xe630	10 ef 00 00 00 00 00 00 1a ef 00 00 00 00 00 00 	0000000000000000
  0xe640	00 00 00 00 00 00 00 00 8d 02 3f 5f 58 62 61 64 	0000000000?_Xbad
  0xe650	5f 61 6c 6c 6f 63 40 73 74 64 40 40 59 41 58 58 	_alloc@std@@YAXX
  0xe660	5a 00 91 02 3f 5f 58 6f 75 74 5f 6f 66 5f 72 61 	Z000?_Xout_of_ra
  0xe670	6e 67 65 40 73 74 64 40 40 59 41 58 50 45 42 44 	nge@std@@YAXPEBD
  0xe680	40 5a 00 00 89 02 3f 5f 57 69 6e 65 72 72 6f 72 	@Z0000?_Winerror
  0xe690	5f 6d 61 70 40 73 74 64 40 40 59 41 50 45 42 44 	_map@std@@YAPEBD
  0xe6a0	48 40 5a 00 90 02 3f 5f 58 6c 65 6e 67 74 68 5f 	H@Z000?_Xlength_
  0xe6b0	65 72 72 6f 72 40 73 74 64 40 40 59 41 58 50 45 	error@std@@YAXPE
  0xe6c0	42 44 40 5a 00 00 79 02 3f 5f 53 79 73 65 72 72 	BD@Z00y0?_Syserr
  0xe6d0	6f 72 5f 6d 61 70 40 73 74 64 40 40 59 41 50 45 	or_map@std@@YAPE
  0xe6e0	42 44 48 40 5a 00 6d 73 76 63 70 31 31 30 5f 77 	BDH@Z0msvcp110_w
  0xe6f0	69 6e 2e 64 6c 6c 00 00 5b 00 5f 5f 43 78 78 46 	in.dll00[0__CxxF
  0xe700	72 61 6d 65 48 61 6e 64 6c 65 72 33 00 00 69 03 	rameHandler300i0
  0xe710	5f 76 73 6e 77 70 72 69 6e 74 66 00 93 04 6d 65 	_vsnwprintf000me
  0xe720	6d 63 70 79 5f 73 00 00 14 00 3f 3f 33 40 59 41 	mcpy_s0000??3@YA
  0xe730	58 50 45 41 58 40 5a 00 9e 02 5f 70 75 72 65 63 	XPEAX@Z000_purec
  0xe740	61 6c 6c 00 11 00 3f 3f 31 65 78 63 65 70 74 69 	all000??1excepti
  0xe750	6f 6e 40 40 55 45 41 41 40 58 5a 00 0d 00 3f 3f 	on@@UEAA@XZ000??
  0xe760	30 65 78 63 65 70 74 69 6f 6e 40 40 51 45 41 41 	0exception@@QEAA
  0xe770	40 58 5a 00 0c 00 3f 3f 30 65 78 63 65 70 74 69 	@XZ000??0excepti
  0xe780	6f 6e 40 40 51 45 41 41 40 41 45 42 56 30 40 40 	on@@QEAA@AEBV0@@
  0xe790	5a 00 67 03 5f 76 73 6e 70 72 69 6e 74 66 5f 73 	Z0g0_vsnprintf_s
  0xe7a0	00 00 86 04 6d 61 6c 6c 6f 63 00 00 bf 00 5f 63 	0000malloc0000_c
  0xe7b0	61 6c 6c 6e 65 77 68 00 55 00 5f 58 63 70 74 46 	allnewh0U0_XcptF
  0xe7c0	69 6c 74 65 72 00 ae 00 5f 61 6d 73 67 5f 65 78 	ilter000_amsg_ex
  0xe7d0	69 74 00 00 9d 00 5f 5f 77 67 65 74 6d 61 69 6e 	it0000__wgetmain
  0xe7e0	61 72 67 73 00 00 8e 00 5f 5f 73 65 74 5f 61 70 	args0000__set_ap
  0xe7f0	70 5f 74 79 70 65 00 00 32 04 65 78 69 74 00 00 	p_type0020exit00
  0xe800	0e 01 5f 65 78 69 74 00 c1 00 5f 63 65 78 69 74 	00_exit000_cexit
  0xe810	00 00 90 00 5f 5f 73 65 74 75 73 65 72 6d 61 74 	0000__setusermat
  0xe820	68 65 72 72 00 00 7d 01 5f 69 6e 69 74 74 65 72 	herr00}0_initter
  0xe830	6d 00 57 00 5f 5f 43 5f 73 70 65 63 69 66 69 63 	m0W0__C_specific
  0xe840	5f 68 61 6e 64 6c 65 72 00 00 27 01 5f 66 6d 6f 	_handler00'0_fmo
  0xe850	64 65 00 00 d2 00 5f 63 6f 6d 6d 6f 64 65 00 00 	de0000_commode00
  0xe860	6d 73 76 63 72 74 2e 64 6c 6c 00 00 e6 01 5f 6c 	msvcrt.dll0000_l
  0xe870	6f 63 6b 00 41 03 5f 75 6e 6c 6f 63 6b 00 7b 00 	ock0A0_unlock0{0
  0xe880	5f 5f 64 6c 6c 6f 6e 65 78 69 74 00 90 02 5f 6f 	__dllonexit000_o
  0xe890	6e 65 78 69 74 00 2f 00 3f 74 65 72 6d 69 6e 61 	nexit0/0?termina
  0xe8a0	74 65 40 40 59 41 58 58 5a 00 12 00 3f 3f 31 74 	te@@YAXXZ000??1t
  0xe8b0	79 70 65 5f 69 6e 66 6f 40 40 55 45 41 41 40 58 	ype_info@@UEAA@X
  0xe8c0	5a 00 0f 00 47 65 74 4d 6f 64 75 6c 65 46 69 6c 	Z000GetModuleFil
  0xe8d0	65 4e 61 6d 65 41 00 00 0b 00 43 72 65 61 74 65 	eNameA0000Create
  0xe8e0	53 65 6d 61 70 68 6f 72 65 45 78 57 00 00 06 00 	SemaphoreExW0000
  0xe8f0	48 65 61 70 46 72 65 65 00 00 0d 00 53 65 74 4c 	HeapFree0000SetL
  0xe900	61 73 74 45 72 72 6f 72 00 00 26 00 52 65 6c 65 	astError00&0Rele
  0xe910	61 73 65 53 65 6d 61 70 68 6f 72 65 00 00 13 00 	aseSemaphore0000
  0xe920	47 65 74 4d 6f 64 75 6c 65 48 61 6e 64 6c 65 45 	GetModuleHandleE
  0xe930	78 57 00 00 05 00 45 76 65 6e 74 55 6e 72 65 67 	xW0000EventUnreg
  0xe940	69 73 74 65 72 00 36 00 57 61 69 74 46 6f 72 53 	ister060WaitForS
  0xe950	69 6e 67 6c 65 4f 62 6a 65 63 74 00 11 00 47 65 	ingleObject000Ge
  0xe960	74 43 75 72 72 65 6e 74 54 68 72 65 61 64 49 64 	tCurrentThreadId
  0xe970	00 00 23 00 52 65 6c 65 61 73 65 4d 75 74 65 78 	00#0ReleaseMutex
  0xe980	00 00 04 00 45 76 65 6e 74 53 65 74 49 6e 66 6f 	0000EventSetInfo
  0xe990	72 6d 61 74 69 6f 6e 00 09 00 46 6f 72 6d 61 74 	rmation000Format
  0xe9a0	4d 65 73 73 61 67 65 57 00 00 05 00 47 65 74 4c 	MessageW0000GetL
  0xe9b0	61 73 74 45 72 72 6f 72 00 00 07 00 4f 75 74 70 	astError0000Outp
  0xe9c0	75 74 44 65 62 75 67 53 74 72 69 6e 67 57 00 00 	utDebugStringW00
  0xe9d0	37 00 57 61 69 74 46 6f 72 53 69 6e 67 6c 65 4f 	70WaitForSingleO
  0xe9e0	62 6a 65 63 74 45 78 00 21 00 4f 70 65 6e 53 65 	bjectEx0!0OpenSe
  0xe9f0	6d 61 70 68 6f 72 65 57 00 00 00 00 43 6c 6f 73 	maphoreW0000Clos
  0xea00	65 48 61 6e 64 6c 65 00 02 00 48 65 61 70 41 6c 	eHandle000HeapAl
  0xea10	6c 6f 63 00 03 00 45 76 65 6e 74 52 65 67 69 73 	loc000EventRegis
  0xea20	74 65 72 00 15 00 47 65 74 50 72 6f 63 41 64 64 	ter000GetProcAdd
  0xea30	72 65 73 73 00 00 09 00 43 72 65 61 74 65 4d 75 	ress0000CreateMu
  0xea40	74 65 78 45 78 57 00 00 0d 00 47 65 74 43 75 72 	texExW0000GetCur
  0xea50	72 65 6e 74 50 72 6f 63 65 73 73 49 64 00 00 00 	rentProcessId000
  0xea60	47 65 74 50 72 6f 63 65 73 73 48 65 61 70 00 00 	GetProcessHeap00
  0xea70	14 00 47 65 74 4d 6f 64 75 6c 65 48 61 6e 64 6c 	00GetModuleHandl
  0xea80	65 57 00 00 04 00 44 65 62 75 67 42 72 65 61 6b 	eW0000DebugBreak
  0xea90	00 00 05 00 49 73 44 65 62 75 67 67 65 72 50 72 	0000IsDebuggerPr
  0xeaa0	65 73 65 6e 74 00 2d 00 53 6c 65 65 70 00 02 00 	esent0-0Sleep000
  0xeab0	52 74 6c 43 61 70 74 75 72 65 43 6f 6e 74 65 78 	RtlCaptureContex
  0xeac0	74 00 0a 00 52 74 6c 4c 6f 6f 6b 75 70 46 75 6e 	t000RtlLookupFun
  0xead0	63 74 69 6f 6e 45 6e 74 72 79 00 00 10 00 52 74 	ctionEntry0000Rt
  0xeae0	6c 56 69 72 74 75 61 6c 55 6e 77 69 6e 64 00 00 	lVirtualUnwind00
  0xeaf0	11 00 55 6e 68 61 6e 64 6c 65 64 45 78 63 65 70 	00UnhandledExcep
  0xeb00	74 69 6f 6e 46 69 6c 74 65 72 00 00 0f 00 53 65 	tionFilter0000Se
  0xeb10	74 55 6e 68 61 6e 64 6c 65 64 45 78 63 65 70 74 	tUnhandledExcept
  0xeb20	69 6f 6e 46 69 6c 74 65 72 00 0c 00 47 65 74 43 	ionFilter000GetC
  0xeb30	75 72 72 65 6e 74 50 72 6f 63 65 73 73 00 4f 00 	urrentProcess0O0
  0xeb40	54 65 72 6d 69 6e 61 74 65 50 72 6f 63 65 73 73 	TerminateProcess
  0xeb50	00 00 00 00 51 75 65 72 79 50 65 72 66 6f 72 6d 	0000QueryPerform
  0xeb60	61 6e 63 65 43 6f 75 6e 74 65 72 00 16 00 47 65 	anceCounter000Ge
  0xeb70	74 53 79 73 74 65 6d 54 69 6d 65 41 73 46 69 6c 	tSystemTimeAsFil
  0xeb80	65 54 69 6d 65 00 1a 00 47 65 74 54 69 63 6b 43 	eTime000GetTickC
  0xeb90	6f 75 6e 74 00 00 61 70 69 2d 6d 73 2d 77 69 6e 	ount00api-ms-win
  0xeba0	2d 63 6f 72 65 2d 6c 69 62 72 61 72 79 6c 6f 61 	-core-libraryloa
  0xebb0	64 65 72 2d 6c 31 2d 32 2d 30 2e 64 6c 6c 00 00 	der-l1-2-0.dll00
  0xebc0	61 70 69 2d 6d 73 2d 77 69 6e 2d 63 6f 72 65 2d 	api-ms-win-core-
  0xebd0	73 79 6e 63 68 2d 6c 31 2d 31 2d 30 2e 64 6c 6c 	synch-l1-1-0.dll
  0xebe0	00 00 61 70 69 2d 6d 73 2d 77 69 6e 2d 63 6f 72 	00api-ms-win-cor
  0xebf0	65 2d 68 65 61 70 2d 6c 31 2d 31 2d 30 2e 64 6c 	e-heap-l1-1-0.dl
  0xec00	6c 00 61 70 69 2d 6d 73 2d 77 69 6e 2d 63 6f 72 	l0api-ms-win-cor
  0xec10	65 2d 65 72 72 6f 72 68 61 6e 64 6c 69 6e 67 2d 	e-errorhandling-
  0xec20	6c 31 2d 31 2d 30 2e 64 6c 6c 00 00 61 70 69 2d 	l1-1-0.dll00api-
  0xec30	6d 73 2d 77 69 6e 2d 65 76 65 6e 74 69 6e 67 2d 	ms-win-eventing-
  0xec40	70 72 6f 76 69 64 65 72 2d 6c 31 2d 31 2d 30 2e 	provider-l1-1-0.
  0xec50	64 6c 6c 00 61 70 69 2d 6d 73 2d 77 69 6e 2d 63 	dll0api-ms-win-c
  0xec60	6f 72 65 2d 70 72 6f 63 65 73 73 74 68 72 65 61 	ore-processthrea
  0xec70	64 73 2d 6c 31 2d 31 2d 30 2e 64 6c 6c 00 61 70 	ds-l1-1-0.dll0ap
  0xec80	69 2d 6d 73 2d 77 69 6e 2d 63 6f 72 65 2d 6c 6f 	i-ms-win-core-lo
  0xec90	63 61 6c 69 7a 61 74 69 6f 6e 2d 6c 31 2d 32 2d 	calization-l1-2-
  0xeca0	30 2e 64 6c 6c 00 61 70 69 2d 6d 73 2d 77 69 6e 	0.dll0api-ms-win
  0xecb0	2d 63 6f 72 65 2d 64 65 62 75 67 2d 6c 31 2d 31 	-core-debug-l1-1
  0xecc0	2d 30 2e 64 6c 6c 00 00 61 70 69 2d 6d 73 2d 77 	-0.dll00api-ms-w
  0xecd0	69 6e 2d 63 6f 72 65 2d 68 61 6e 64 6c 65 2d 6c 	in-core-handle-l
  0xece0	31 2d 31 2d 30 2e 64 6c 6c 00 61 70 69 2d 6d 73 	1-1-0.dll0api-ms
  0xecf0	2d 77 69 6e 2d 63 6f 72 65 2d 73 79 6e 63 68 2d 	-win-core-synch-
  0xed00	6c 31 2d 32 2d 30 2e 64 6c 6c 00 00 61 70 69 2d 	l1-2-0.dll00api-
  0xed10	6d 73 2d 77 69 6e 2d 63 6f 72 65 2d 72 74 6c 73 	ms-win-core-rtls
  0xed20	75 70 70 6f 72 74 2d 6c 31 2d 31 2d 30 2e 64 6c 	upport-l1-1-0.dl
  0xed30	6c 00 61 70 69 2d 6d 73 2d 77 69 6e 2d 63 6f 72 	l0api-ms-win-cor
  0xed40	65 2d 70 72 6f 66 69 6c 65 2d 6c 31 2d 31 2d 30 	e-profile-l1-1-0
  0xed50	2e 64 6c 6c 00 00 61 70 69 2d 6d 73 2d 77 69 6e 	.dll00api-ms-win
  0xed60	2d 63 6f 72 65 2d 73 79 73 69 6e 66 6f 2d 6c 31 	-core-sysinfo-l1
  0xed70	2d 31 2d 30 2e 64 6c 6c 00 00 61 70 69 2d 6d 73 	-1-0.dll00api-ms
  0xed80	2d 77 69 6e 2d 73 68 65 6c 6c 2d 73 68 64 69 72 	-win-shell-shdir
  0xed90	65 63 74 6f 72 79 2d 6c 31 2d 31 2d 30 2e 64 6c 	ectory-l1-1-0.dl
  0xeda0	6c 00 8e 02 3f 5f 58 62 61 64 5f 66 75 6e 63 74 	l000?_Xbad_funct
  0xedb0	69 6f 6e 5f 63 61 6c 6c 40 73 74 64 40 40 59 41 	ion_call@std@@YA
  0xedc0	58 58 5a 00 8f 02 3f 5f 58 69 6e 76 61 6c 69 64 	XXZ000?_Xinvalid
  0xedd0	5f 61 72 67 75 6d 65 6e 74 40 73 74 64 40 40 59 	_argument@std@@Y
  0xede0	41 58 50 45 42 44 40 5a 00 00 18 05 77 63 73 74 	AXPEBD@Z0000wcst
  0xedf0	6f 6c 00 00 05 01 5f 65 72 72 6e 6f 00 00 20 00 	ol0000_errno00 0
  0xee00	47 65 74 53 74 61 72 74 75 70 49 6e 66 6f 57 00 	GetStartupInfoW0
  0xee10	09 00 45 76 65 6e 74 57 72 69 74 65 54 72 61 6e 	00EventWriteTran
  0xee20	73 66 65 72 00 00 03 00 43 72 65 61 74 65 50 72 	sfer0000CreatePr
  0xee30	6f 63 65 73 73 57 00 00 13 00 47 65 74 45 78 69 	ocessW0000GetExi
  0xee40	74 43 6f 64 65 50 72 6f 63 65 73 73 00 00 14 00 	tCodeProcess0000
  0xee50	52 65 67 47 65 74 56 61 6c 75 65 57 00 00 1e 00 	RegGetValueW0000
  0xee60	52 65 67 4f 70 65 6e 4b 65 79 45 78 57 00 2e 00 	RegOpenKeyExW0.0
  0xee70	52 65 67 53 65 74 56 61 6c 75 65 45 78 57 00 00 	RegSetValueExW00
  0xee80	09 00 52 65 67 44 65 6c 65 74 65 54 72 65 65 57 	00RegDeleteTreeW
  0xee90	00 00 0e 00 52 65 67 45 6e 75 6d 4b 65 79 45 78 	0000RegEnumKeyEx
  0xeea0	57 00 03 00 52 65 67 43 72 65 61 74 65 4b 65 79 	W000RegCreateKey
  0xeeb0	45 78 57 00 21 00 52 65 67 51 75 65 72 79 49 6e 	ExW0!0RegQueryIn
  0xeec0	66 6f 4b 65 79 57 00 00 00 00 52 65 67 43 6c 6f 	foKeyW0000RegClo
  0xeed0	73 65 4b 65 79 00 61 70 69 2d 6d 73 2d 77 69 6e 	seKey0api-ms-win
  0xeee0	2d 63 6f 72 65 2d 72 65 67 69 73 74 72 79 2d 6c 	-core-registry-l
  0xeef0	31 2d 31 2d 30 2e 64 6c 6c 00 4b 00 5f 43 78 78 	1-1-0.dll0K0_Cxx
  0xef00	54 68 72 6f 77 45 78 63 65 70 74 69 6f 6e 00 00 	ThrowException00
  0xef10	92 04 6d 65 6d 63 70 79 00 00 94 04 6d 65 6d 6d 	00memcpy0000memm
  0xef20	6f 76 65 00 96 04 6d 65 6d 73 65 74 00 00 00 00 	ove000memset0000
  0xef30	00 00 00 00 00 00 00 00 00 00 00 00 00 00 00 00 	0000000000000000
  0xef40	00 00 00 00 00 00 00 00 00 00 00 00 00 00 00 00 	0000000000000000
  0xef50	00 00 00 00 00 00 00 00 00 00 00 00 00 00 00 00 	0000000000000000
  0xef60	00 00 00 00 00 00 00 00 00 00 00 00 00 00 00 00 	0000000000000000
  0xef70	00 00 00 00 00 00 00 00 00 00 00 00 00 00 00 00 	0000000000000000
  0xef80	00 00 00 00 00 00 00 00 00 00 00 00 00 00 00 00 	0000000000000000
  0xef90	00 00 00 00 00 00 00 00 00 00 00 00 00 00 00 00 	0000000000000000
  0xefa0	00 00 00 00 00 00 00 00 00 00 00 00 00 00 00 00 	0000000000000000
  0xefb0	00 00 00 00 00 00 00 00 00 00 00 00 00 00 00 00 	0000000000000000
  0xefc0	00 00 00 00 00 00 00 00 00 00 00 00 00 00 00 00 	0000000000000000
  0xefd0	00 00 00 00 00 00 00 00 00 00 00 00 00 00 00 00 	0000000000000000
  0xefe0	00 00 00 00 00 00 00 00 00 00 00 00 00 00 00 00 	0000000000000000
  0xeff0	00 00 00 00 00 00 00 00 00 00 00 00 00 00 00 00 	0000000000000000
=== DATA BLOCK END ===

=== DATA BLOCK ADDRESS 0xf000 ===
  0xf000	00 00 00 00 00 00 00 00 8f ca 00 40 01 00 00 00 	00000000000@0000
  0xf010	00 00 00 00 00 00 00 00 00 00 00 00 00 00 00 00 	0000000000000000
  0xf020	00 00 00 00 00 00 00 00 00 00 00 00 00 00 00 00 	0000000000000000
  0xf030	00 00 00 00 00 00 00 00 50 b1 00 40 01 00 00 00 	00000000P00@0000
  0xf040	b0 b0 00 40 01 00 00 00 80 b0 00 40 01 00 00 00 	000@0000000@0000
  0xf050	d8 b9 00 40 01 00 00 00 00 00 00 00 00 00 00 00 	000@000000000000
  0xf060	10 b0 00 40 01 00 00 00 00 00 00 00 00 00 00 00 	000@000000000000
  0xf070	2e 3f 41 56 62 61 64 5f 61 6c 6c 6f 63 40 73 74 	.?AVbad_alloc@st
  0xf080	64 40 40 00 00 00 00 00 00 00 00 00 00 00 00 00 	d@@0000000000000
  0xf090	10 b0 00 40 01 00 00 00 00 00 00 00 00 00 00 00 	000@000000000000
  0xf0a0	2e 3f 41 56 3c 6c 61 6d 62 64 61 5f 31 62 39 39 	.?AV<lambda_1b99
  0xf0b0	62 65 38 65 36 39 36 31 30 39 61 38 34 33 34 64 	be8e696109a8434d
  0xf0c0	61 36 31 35 36 64 30 63 32 33 35 31 3e 40 40 00 	a6156d0c2351>@@0
  0xf0d0	10 b0 00 40 01 00 00 00 00 00 00 00 00 00 00 00 	000@000000000000
  0xf0e0	2e 3f 41 56 52 65 73 75 6c 74 45 78 63 65 70 74 	.?AVResultExcept
  0xf0f0	69 6f 6e 40 77 69 6c 40 40 00 00 00 00 00 00 00 	ion@wil@@0000000
  0xf100	10 b0 00 40 01 00 00 00 00 00 00 00 00 00 00 00 	000@000000000000
  0xf110	2e 3f 41 56 65 78 63 65 70 74 69 6f 6e 40 40 00 	.?AVexception@@0
  0xf120	10 b0 00 40 01 00 00 00 00 00 00 00 00 00 00 00 	000@000000000000
  0xf130	2e 3f 41 56 3c 6c 61 6d 62 64 61 5f 35 36 63 36 	.?AV<lambda_56c6
  0xf140	65 39 63 32 30 34 66 30 63 33 30 37 66 66 39 32 	e9c204f0c307ff92
  0xf150	31 36 66 39 35 62 66 37 39 64 34 63 3e 40 40 00 	16f95bf79d4c>@@0
  0xf160	01 00 00 00 00 00 00 00 32 a2 df 2d 99 2b 00 00 	00000000200-0+00
  0xf170	cd 5d 20 d2 66 d4 ff ff 00 00 00 00 00 00 00 00 	0] 0f00000000000
  0xf180	01 00 00 00 01 01 01 00 00 00 00 00 00 00 00 00 	0000000000000000
  0xf190	00 00 00 00 00 00 00 00 00 00 00 00 00 00 00 00 	0000000000000000
  0xf1a0	00 00 00 00 00 00 00 00 00 00 00 00 00 00 00 00 	0000000000000000
  0xf1b0	00 00 00 00 00 00 00 00 00 00 00 00 00 00 00 00 	0000000000000000
  0xf1c0	00 00 00 00 00 00 00 00 00 00 00 00 00 00 00 00 	0000000000000000
  0xf1d0	00 00 00 00 00 00 00 00 00 00 00 00 00 00 00 00 	0000000000000000
  0xf1e0	00 00 00 00 00 00 00 00 00 00 00 00 00 00 00 00 	0000000000000000
  0xf1f0	00 00 00 00 00 00 00 00 00 00 00 00 00 00 00 00 	0000000000000000
=== DATA BLOCK END ===

=== DATA BLOCK ADDRESS 0x10000 ===
  0x10000	10 10 00 00 89 10 00 00 c0 d1 00 00 90 10 00 00 	0000000000000000
  0x10010	25 11 00 00 a4 ce 00 00 2c 11 00 00 09 12 00 00 	%0000000,0000000
  0x10020	c8 d5 00 00 10 12 00 00 07 13 00 00 d8 d5 00 00 	0000000000000000
  0x10030	10 13 00 00 02 14 00 00 e8 d5 00 00 08 14 00 00 	0000000000000000
  0x10040	99 14 00 00 d0 dc 00 00 a0 14 00 00 e6 15 00 00 	0000000000000000
  0x10050	e8 d5 00 00 ec 15 00 00 0f 17 00 00 d8 d5 00 00 	0000000000000000
  0x10060	18 17 00 00 c4 17 00 00 c8 d5 00 00 d4 19 00 00 	0000000000000000
  0x10070	52 1a 00 00 20 ce 00 00 58 1a 00 00 dd 1a 00 00 	R000 000X0000000
  0x10080	30 ce 00 00 e4 1a 00 00 48 1d 00 00 3c ce 00 00 	00000000H000<000
  0x10090	50 1d 00 00 58 1e 00 00 5c ce 00 00 d4 1e 00 00 	P000X00000000000
  0x100a0	f9 1e 00 00 70 ce 00 00 00 1f 00 00 3a 20 00 00 	0000p0000000: 00
  0x100b0	78 ce 00 00 40 20 00 00 7d 20 00 00 70 ce 00 00 	x000@ 00} 00p000
  0x100c0	b0 20 00 00 16 21 00 00 94 ce 00 00 1c 21 00 00 	0 000!0000000!00
  0x100d0	79 21 00 00 a4 ce 00 00 80 21 00 00 01 22 00 00 	y!0000000!000"00
  0x100e0	ac ce 00 00 08 22 00 00 56 25 00 00 b8 ce 00 00 	00000"00V%000000
  0x100f0	5c 25 00 00 bd 25 00 00 d4 ce 00 00 d0 25 00 00 	0%000%0000000%00
  0x10100	81 26 00 00 e0 ce 00 00 90 26 00 00 c7 26 00 00 	0&0000000&000&00
  0x10110	d4 ce 00 00 d0 26 00 00 85 27 00 00 f4 ce 00 00 	00000&000'000000
  0x10120	8c 27 00 00 a8 27 00 00 70 ce 00 00 b0 27 00 00 	0'000'00p0000'00
  0x10130	cc 27 00 00 70 ce 00 00 d4 27 00 00 21 28 00 00 	0'00p0000'00!(00
  0x10140	fc ce 00 00 30 28 00 00 3e 28 00 00 70 ce 00 00 	00000(00>(00p000
  0x10150	50 28 00 00 76 28 00 00 94 cf 00 00 7c 28 00 00 	P(00v(000000|(00
  0x10160	6b 29 00 00 d4 ce 00 00 80 29 00 00 39 2a 00 00 	k)0000000)009*00
  0x10170	9c cf 00 00 40 2a 00 00 f4 2c 00 00 f4 d0 00 00 	0000@*000,000000
  0x10180	fc 2c 00 00 90 2d 00 00 0c d1 00 00 98 2d 00 00 	0,000-0000000-00
  0x10190	cb 2e 00 00 18 d1 00 00 d4 2e 00 00 1e 2f 00 00 	0.0000000.000/00
  0x101a0	2c d1 00 00 24 2f 00 00 e7 2f 00 00 34 d1 00 00 	,000$/000/004000
  0x101b0	f0 2f 00 00 b1 30 00 00 34 d1 00 00 b8 30 00 00 	0/00000040000000
  0x101c0	ce 31 00 00 48 d1 00 00 d4 31 00 00 0a 32 00 00 	0100H00001000200
  0x101d0	a4 ce 00 00 10 32 00 00 29 32 00 00 a4 ce 00 00 	00000200)2000000
  0x101e0	30 32 00 00 49 32 00 00 a4 ce 00 00 50 32 00 00 	0200I2000000P200
  0x101f0	69 32 00 00 a4 ce 00 00 70 32 00 00 ae 32 00 00 	i2000000p2000200
  0x10200	a4 ce 00 00 c4 32 00 00 ee 32 00 00 70 ce 00 00 	000002000200p000
  0x10210	f4 32 00 00 1e 33 00 00 70 ce 00 00 24 33 00 00 	02000300p000$300
  0x10220	45 33 00 00 68 d1 00 00 4c 33 00 00 4e 35 00 00 	E300h000L300N500
  0x10230	78 d1 00 00 54 35 00 00 c6 36 00 00 9c d1 00 00 	x000T50006000000
  0x10240	cc 36 00 00 76 37 00 00 5c ce 00 00 7c 37 00 00 	0600v7000000|700
  0x10250	54 3a 00 00 b8 ce 00 00 5c 3a 00 00 21 3b 00 00 	T:0000000:00!;00
  0x10260	d4 ce 00 00 28 3b 00 00 24 3c 00 00 5c ce 00 00 	0000(;00$<000000
  0x10270	30 3c 00 00 87 3d 00 00 a8 d1 00 00 90 3d 00 00 	0<000=0000000=00
  0x10280	fd 3d 00 00 f4 ce 00 00 10 3e 00 00 9c 3e 00 00 	0=0000000>000>00
  0x10290	94 ce 00 00 b0 3e 00 00 de 3e 00 00 f4 ce 00 00 	00000>000>000000
  0x102a0	10 3f 00 00 4b 3f 00 00 c8 d1 00 00 90 3f 00 00 	0?00K?0000000?00
  0x102b0	c8 3f 00 00 f4 ce 00 00 e0 3f 00 00 27 40 00 00 	0?0000000?00'@00
  0x102c0	f4 ce 00 00 40 40 00 00 78 40 00 00 f4 ce 00 00 	0000@@00x@000000
  0x102d0	80 40 00 00 c7 40 00 00 d4 ce 00 00 dc 40 00 00 	0@000@0000000@00
  0x102e0	ad 43 00 00 d0 d1 00 00 b4 43 00 00 e8 43 00 00 	0C0000000C000C00
  0x102f0	70 ce 00 00 f0 43 00 00 40 44 00 00 f4 ce 00 00 	p0000C00@D000000
  0x10300	50 44 00 00 c0 44 00 00 94 ce 00 00 c8 44 00 00 	PD000D0000000D00
  0x10310	d6 45 00 00 94 ce 00 00 dc 45 00 00 0d 46 00 00 	0E0000000E000F00
  0x10320	f4 ce 00 00 14 46 00 00 2e 49 00 00 c8 d2 00 00 	00000F00.I000000
  0x10330	34 49 00 00 2e 4b 00 00 10 d3 00 00 34 4b 00 00 	4I00.K0000004K00
  0x10340	94 4b 00 00 94 ce 00 00 9c 4b 00 00 bd 4b 00 00 	0K0000000K000K00
  0x10350	68 d1 00 00 c4 4b 00 00 dc 4b 00 00 70 ce 00 00 	h0000K000K00p000
  0x10360	f0 4b 00 00 1e 4c 00 00 f4 ce 00 00 3c 4c 00 00 	0K000L000000<L00
  0x10370	54 4c 00 00 70 ce 00 00 5c 4c 00 00 b7 4d 00 00 	TL00p0000L000M00
  0x10380	24 d3 00 00 c0 4d 00 00 c2 4e 00 00 38 d3 00 00 	$0000M000N008000
  0x10390	c8 4e 00 00 50 4f 00 00 5c ce 00 00 58 4f 00 00 	0N00PO000000XO00
  0x103a0	d0 4f 00 00 94 ce 00 00 d8 4f 00 00 e2 51 00 00 	0O0000000O000Q00
  0x103b0	f8 d3 00 00 f0 51 00 00 2d 52 00 00 d4 ce 00 00 	00000Q00-R000000
  0x103c0	60 52 00 00 a0 52 00 00 1c d4 00 00 b0 52 00 00 	`R000R0000000R00
  0x103d0	f8 52 00 00 f4 ce 00 00 10 53 00 00 92 53 00 00 	0R0000000S000S00
  0x103e0	24 d4 00 00 a0 53 00 00 f1 53 00 00 f4 ce 00 00 	$0000S000S000000
  0x103f0	00 54 00 00 2e 54 00 00 f4 ce 00 00 34 54 00 00 	0T00.T0000004T00
  0x10400	ab 62 00 00 34 d4 00 00 b4 62 00 00 e1 62 00 00 	0b0040000b000b00
  0x10410	68 d1 00 00 e8 62 00 00 1a 63 00 00 f4 ce 00 00 	h0000b000c000000
  0x10420	20 63 00 00 38 63 00 00 70 ce 00 00 40 63 00 00 	 c008c00p000@c00
  0x10430	02 64 00 00 58 d5 00 00 08 64 00 00 2f 64 00 00 	0d00X0000d00/d00
  0x10440	fc d5 00 00 38 64 00 00 7f 66 00 00 58 d6 00 00 	00008d000f00X000
  0x10450	88 66 00 00 b4 66 00 00 d0 d6 00 00 bc 66 00 00 	0f000f0000000f00
  0x10460	fc 66 00 00 f4 ce 00 00 10 67 00 00 80 67 00 00 	0f0000000g000g00
  0x10470	94 ce 00 00 90 67 00 00 b9 67 00 00 f4 ce 00 00 	00000g000g000000
  0x10480	c0 67 00 00 f7 67 00 00 f4 ce 00 00 18 68 00 00 	0g000g0000000h00
  0x10490	78 68 00 00 94 ce 00 00 80 68 00 00 ef 68 00 00 	xh0000000h000h00
  0x104a0	5c ce 00 00 f8 68 00 00 55 69 00 00 20 d7 00 00 	00000h00Ui00 000
  0x104b0	5c 69 00 00 f1 69 00 00 88 d7 00 00 f8 69 00 00 	0i000i0000000i00
  0x104c0	53 6a 00 00 94 d7 00 00 5c 6a 00 00 93 6a 00 00 	Sj0000000j000j00
  0x104d0	a4 ce 00 00 9c 6a 00 00 ba 6a 00 00 a4 ce 00 00 	00000j000j000000
  0x104e0	c0 6a 00 00 f9 6a 00 00 f4 ce 00 00 00 6b 00 00 	0j000j0000000k00
  0x104f0	b6 6c 00 00 9c d7 00 00 bc 6c 00 00 e4 6c 00 00 	0l0000000l000l00
  0x10500	68 d1 00 00 ec 6c 00 00 7f 6f 00 00 e8 d7 00 00 	h0000l000o000000
  0x10510	88 6f 00 00 c6 70 00 00 58 d8 00 00 cc 70 00 00 	0o000p00X0000p00
  0x10520	0d 73 00 00 90 d8 00 00 14 73 00 00 76 75 00 00 	0s0000000s00vu00
  0x10530	c8 d8 00 00 7c 75 00 00 c8 76 00 00 38 d9 00 00 	0000|u000v008000
  0x10540	d0 76 00 00 63 79 00 00 68 d9 00 00 6c 79 00 00 	0v00cy00h000ly00
  0x10550	23 7a 00 00 e0 d9 00 00 2c 7a 00 00 3e 7b 00 00 	#z000000,z00>{00
  0x10560	28 da 00 00 44 7b 00 00 8f 7b 00 00 68 da 00 00 	(000D{000{00h000
  0x10570	98 7b 00 00 09 7e 00 00 70 da 00 00 10 7e 00 00 	0{000~00p0000~00
  0x10580	39 7e 00 00 f4 ce 00 00 40 7e 00 00 b1 80 00 00 	9~000000@~000000
  0x10590	d8 da 00 00 b8 80 00 00 10 81 00 00 40 db 00 00 	000000000000@000
  0x105a0	18 81 00 00 3a 82 00 00 5c ce 00 00 40 82 00 00 	0000:0000000@000
  0x105b0	d9 82 00 00 94 ce 00 00 e0 82 00 00 f4 83 00 00 	0000000000000000
  0x105c0	94 ce 00 00 fc 83 00 00 82 84 00 00 c0 db 00 00 	0000000000000000
  0x105d0	88 84 00 00 cd 85 00 00 b8 ce 00 00 d4 85 00 00 	0000000000000000
  0x105e0	5a 86 00 00 c0 db 00 00 60 86 00 00 86 87 00 00 	Z0000000`0000000
  0x105f0	a8 d1 00 00 8c 87 00 00 37 88 00 00 94 ce 00 00 	0000000070000000
  0x10600	40 88 00 00 61 89 00 00 c8 db 00 00 68 89 00 00 	@000a0000000h000
  0x10610	c5 89 00 00 68 dc 00 00 cc 89 00 00 3e 8c 00 00 	0000h0000000>000
  0x10620	e0 dc 00 00 44 8c 00 00 c5 8c 00 00 60 dd 00 00 	0000D0000000`000
  0x10630	cc 8c 00 00 10 8d 00 00 e8 dd 00 00 18 8d 00 00 	0000000000000000
  0x10640	b1 8d 00 00 50 de 00 00 b8 8d 00 00 49 8e 00 00 	0000P0000000I000
  0x10650	94 ce 00 00 50 8e 00 00 3e 92 00 00 c0 de 00 00 	0000P000>0000000
  0x10660	44 92 00 00 37 95 00 00 38 df 00 00 40 95 00 00 	D00070008000@000
  0x10670	71 95 00 00 f4 ce 00 00 80 95 00 00 53 96 00 00 	q00000000000S000
  0x10680	70 ce 00 00 60 96 00 00 a9 96 00 00 1c d4 00 00 	p000`00000000000
  0x10690	b0 96 00 00 6e 98 00 00 a8 df 00 00 80 98 00 00 	0000n00000000000
  0x106a0	92 98 00 00 70 ce 00 00 b0 98 00 00 ce 98 00 00 	0000p00000000000
  0x106b0	d8 df 00 00 d4 98 00 00 08 99 00 00 f4 ce 00 00 	0000000000000000
  0x106c0	10 99 00 00 81 9a 00 00 dc df 00 00 88 9a 00 00 	0000000000000000
  0x106d0	15 9b 00 00 e4 df 00 00 1c 9b 00 00 33 9b 00 00 	0000000000003000
  0x106e0	70 ce 00 00 70 9b 00 00 a0 9b 00 00 d4 ce 00 00 	p000p00000000000
  0x106f0	c0 9b 00 00 f9 9b 00 00 70 ce 00 00 00 9c 00 00 	00000000p0000000
  0x10700	18 9c 00 00 70 ce 00 00 2c 9c 00 00 80 9c 00 00 	0000p000,0000000
  0x10710	04 e0 00 00 88 9c 00 00 cd 9c 00 00 f4 ce 00 00 	0000000000000000
  0x10720	40 9d 00 00 8d 9d 00 00 24 e0 00 00 d4 9d 00 00 	@0000000$0000000
  0x10730	a8 9e 00 00 48 e0 00 00 14 9f 00 00 7b 9f 00 00 	0000H0000000{000
  0x10740	84 e0 00 00 84 9f 00 00 d6 9f 00 00 5c e0 00 00 	0000000000000000
  0x10750	e8 9f 00 00 55 a0 00 00 ac e0 00 00 68 a0 00 00 	0000U0000000h000
  0x10760	85 a0 00 00 70 ce 00 00 8c a0 00 00 e7 a0 00 00 	0000p00000000000
  0x10770	d8 e0 00 00 f0 a0 00 00 6f a1 00 00 a8 d1 00 00 	00000000o0000000
  0x10780	b0 a1 00 00 b2 a1 00 00 58 e0 00 00 d0 a1 00 00 	00000000X0000000
  0x10790	1d a2 00 00 e0 e0 00 00 23 a2 00 00 80 a2 00 00 	00000000#0000000
  0x107a0	70 cf 00 00 80 a2 00 00 9b a2 00 00 84 cf 00 00 	p000000000000000
  0x107b0	a1 a2 00 00 f0 a2 00 00 d0 d0 00 00 f0 a2 00 00 	0000000000000000
  0x107c0	3e a3 00 00 d0 d0 00 00 3e a3 00 00 76 a3 00 00 	>0000000>000v000
  0x107d0	e4 d0 00 00 76 a3 00 00 c5 a3 00 00 d0 d0 00 00 	0000v00000000000
  0x107e0	c5 a3 00 00 13 a4 00 00 d0 d0 00 00 13 a4 00 00 	0000000000000000
  0x107f0	61 a4 00 00 d0 d0 00 00 61 a4 00 00 7c a4 00 00 	a0000000a000|000
  0x10800	e4 d0 00 00 82 a4 00 00 b8 a4 00 00 b8 d2 00 00 	0000000000000000
  0x10810	60 a5 00 00 ab a5 00 00 e8 d3 00 00 ab a5 00 00 	`000000000000000
  0x10820	d0 a5 00 00 e8 d3 00 00 d6 a5 00 00 0c a6 00 00 	0000000000000000
  0x10830	48 d5 00 00 7e a6 00 00 9e a6 00 00 b8 d5 00 00 	H000~00000000000
  0x10840	a4 a6 00 00 c4 a6 00 00 48 d6 00 00 ca a6 00 00 	00000000H0000000
  0x10850	ed a6 00 00 c0 d6 00 00 f3 a6 00 00 0a a7 00 00 	0000000000000000
  0x10860	10 d7 00 00 10 a7 00 00 30 a7 00 00 78 d7 00 00 	000000000000x000
  0x10870	b4 a7 00 00 de a7 00 00 c0 d8 00 00 e4 a7 00 00 	0000000000000000
  0x10880	0e a8 00 00 c0 d8 00 00 26 a8 00 00 50 a8 00 00 	00000000&000P000
  0x10890	c0 d8 00 00 b4 a8 00 00 de a8 00 00 c0 d8 00 00 	0000000000000000
  0x108a0	f6 a8 00 00 21 a9 00 00 c0 d8 00 00 39 a9 00 00 	0000!00000009000
  0x108b0	64 a9 00 00 c0 d8 00 00 6a a9 00 00 8a a9 00 00 	d0000000j0000000
  0x108c0	b0 db 00 00 a2 a9 00 00 f9 a9 00 00 58 dc 00 00 	000000000000X000
  0x108d0	f9 a9 00 00 1e aa 00 00 58 dc 00 00 24 aa 00 00 	00000000X000$000
  0x108e0	44 aa 00 00 c0 dc 00 00 6e aa 00 00 8e aa 00 00 	D0000000n0000000
  0x108f0	d8 dd 00 00 aa aa 00 00 ca aa 00 00 40 de 00 00 	000000000000@000
  0x10900	d0 aa 00 00 41 ab 00 00 a8 de 00 00 8f ab 00 00 	0000A00000000000
  0x10910	ad ab 00 00 c0 d8 00 00 b3 ab 00 00 ce ab 00 00 	0000000000000000
  0x10920	c0 d8 00 00 e0 ab 00 00 00 ac 00 00 c0 d8 00 00 	0000000000000000
  0x10930	06 ac 00 00 32 ac 00 00 c0 d8 00 00 38 ac 00 00 	0000200000008000
  0x10940	7a ac 00 00 c0 d8 00 00 80 ac 00 00 ac ac 00 00 	z000000000000000
  0x10950	c0 d8 00 00 c0 ac 00 00 db ac 00 00 70 ce 00 00 	000000000000p000
  0x10960	f0 ac 00 00 5b ad 00 00 94 ce 00 00 00 00 00 00 	0000[00000000000
  0x10970	00 00 00 00 00 00 00 00 00 00 00 00 00 00 00 00 	0000000000000000
  0x10980	00 00 00 00 00 00 00 00 00 00 00 00 00 00 00 00 	0000000000000000
  0x10990	00 00 00 00 00 00 00 00 00 00 00 00 00 00 00 00 	0000000000000000
  0x109a0	00 00 00 00 00 00 00 00 00 00 00 00 00 00 00 00 	0000000000000000
  0x109b0	00 00 00 00 00 00 00 00 00 00 00 00 00 00 00 00 	0000000000000000
  0x109c0	00 00 00 00 00 00 00 00 00 00 00 00 00 00 00 00 	0000000000000000
  0x109d0	00 00 00 00 00 00 00 00 00 00 00 00 00 00 00 00 	0000000000000000
  0x109e0	00 00 00 00 00 00 00 00 00 00 00 00 00 00 00 00 	0000000000000000
  0x109f0	00 00 00 00 00 00 00 00 00 00 00 00 00 00 00 00 	0000000000000000
=== DATA BLOCK END ===
