===== Assembly blocks =====

=== CODE BLOCK ADDRESS 0x1000 ===
=== CODE BLOCK END ===

=== DATA BLOCK ADDRESS 0x9000 ===
  0x9000	d0 d1 00 40 01 00 00 00 70 d2 00 40 01 00 00 00 	000@0000p00@0000
  0x9010	a0 99 00 40 01 00 00 00 68 97 00 40 01 00 00 00 	000@0000h00@0000
  0x9020	a4 99 00 40 01 00 00 00 64 97 00 40 01 00 00 00 	000@0000d00@0000
  0x9030	18 01 00 00 00 00 00 00 00 00 00 00 00 00 00 00 	0000000000000000
  0x9040	00 00 00 00 00 00 00 00 00 00 00 00 00 00 00 00 	0000000000000000
  0x9050	00 00 00 00 00 00 00 00 00 00 00 00 00 00 00 00 	0000000000000000
  0x9060	00 00 00 00 00 00 00 00 00 00 00 00 00 00 00 00 	0000000000000000
  0x9070	00 00 00 00 00 00 00 00 00 00 00 00 00 00 00 00 	0000000000000000
  0x9080	00 00 00 00 00 00 00 00 78 d1 00 40 01 00 00 00 	00000000x00@0000
  0x9090	00 00 00 00 00 00 00 00 00 00 00 00 00 00 00 00 	0000000000000000
  0x90a0	98 95 00 40 01 00 00 00 a0 95 00 40 01 00 00 00 	000@0000000@0000
  0x90b0	e0 95 00 40 01 00 00 00 19 00 00 00 00 00 00 00 	000@000000000000
  0x90c0	00 75 01 00 00 00 00 00 00 00 00 00 00 00 00 00 	0u00000000000000
  0x90d0	00 00 00 00 00 00 00 00 00 00 00 00 00 00 00 00 	0000000000000000
  0x90e0	00 00 00 00 00 00 00 00 00 00 00 00 00 00 00 00 	0000000000000000
  0x90f0	00 00 00 00 00 00 00 00 00 00 00 00 00 00 00 00 	0000000000000000
  0x9100	00 00 00 00 00 00 00 00 00 00 00 00 00 00 00 00 	0000000000000000
  0x9110	00 00 00 00 00 00 00 00 00 00 00 00 00 00 00 00 	0000000000000000
  0x9120	00 00 00 00 00 00 00 00 00 00 00 00 00 00 00 00 	0000000000000000
  0x9130	00 00 00 00 00 00 00 00 00 00 00 00 00 00 00 00 	0000000000000000
  0x9140	00 00 00 00 00 00 00 00 aa c1 00 00 00 00 00 00 	0000000000000000
  0x9150	00 00 00 00 00 00 00 00 04 b7 00 00 00 00 00 00 	0000000000000000
  0x9160	aa b6 00 00 00 00 00 00 28 b7 00 00 00 00 00 00 	00000000(0000000
  0x9170	00 00 00 00 00 00 00 00 5c bf 00 00 00 00 00 00 	0000000000000000
  0x9180	d2 b8 00 00 00 00 00 00 70 b7 00 00 00 00 00 00 	00000000p0000000
  0x9190	40 bf 00 00 00 00 00 00 00 00 00 00 00 00 00 00 	@000000000000000
  0x91a0	4e b8 00 00 00 00 00 00 4e b7 00 00 00 00 00 00 	N0000000N0000000
  0x91b0	5c b7 00 00 00 00 00 00 d0 b6 00 00 00 00 00 00 	0000000000000000
  0x91c0	ac b9 00 00 00 00 00 00 96 b9 00 00 00 00 00 00 	0000000000000000
  0x91d0	6e b9 00 00 00 00 00 00 62 b9 00 00 00 00 00 00 	n0000000b0000000
  0x91e0	0e c1 00 00 00 00 00 00 e2 b8 00 00 00 00 00 00 	0000000000000000
  0x91f0	04 b8 00 00 00 00 00 00 ac b8 00 00 00 00 00 00 	0000000000000000
  0x9200	00 00 00 00 00 00 00 00 34 b9 00 00 00 00 00 00 	0000000040000000
  0x9210	00 00 00 00 00 00 00 00 22 b8 00 00 00 00 00 00 	00000000"0000000
  0x9220	00 00 00 00 00 00 00 00 3c b8 00 00 00 00 00 00 	00000000<0000000
  0x9230	e6 b7 00 00 00 00 00 00 80 b7 00 00 00 00 00 00 	0000000000000000
  0x9240	30 b8 00 00 00 00 00 00 00 00 00 00 00 00 00 00 	0000000000000000
  0x9250	f2 b7 00 00 00 00 00 00 00 00 00 00 00 00 00 00 	0000000000000000
  0x9260	9e b8 00 00 00 00 00 00 8c b8 00 00 00 00 00 00 	0000000000000000
  0x9270	8e bf 00 00 00 00 00 00 00 00 00 00 00 00 00 00 	0000000000000000
  0x9280	64 b8 00 00 00 00 00 00 00 00 00 00 00 00 00 00 	d000000000000000
  0x9290	f2 b6 00 00 00 00 00 00 dc b6 00 00 00 00 00 00 	0000000000000000
  0x92a0	16 b7 00 00 00 00 00 00 c6 b7 00 00 00 00 00 00 	0000000000000000
  0x92b0	00 00 00 00 00 00 00 00 ae b7 00 00 00 00 00 00 	0000000000000000
  0x92c0	c0 b6 00 00 00 00 00 00 96 b7 00 00 00 00 00 00 	0000000000000000
  0x92d0	00 00 00 00 00 00 00 00 d2 bf 00 00 00 00 00 00 	0000000000000000
  0x92e0	7a bf 00 00 00 00 00 00 12 c0 00 00 00 00 00 00 	z000000000000000
  0x92f0	d6 c0 00 00 00 00 00 00 f2 b8 00 00 00 00 00 00 	0000000000000000
  0x9300	4e b9 00 00 00 00 00 00 bc bf 00 00 00 00 00 00 	N000000000000000
  0x9310	90 c0 00 00 00 00 00 00 00 00 00 00 00 00 00 00 	0000000000000000
  0x9320	a2 bf 00 00 00 00 00 00 a4 c0 00 00 00 00 00 00 	0000000000000000
  0x9330	00 00 00 00 00 00 00 00 e6 c0 00 00 00 00 00 00 	0000000000000000
  0x9340	00 00 00 00 00 00 00 00 ee b9 00 00 00 00 00 00 	0000000000000000
  0x9350	06 b9 00 00 00 00 00 00 84 b9 00 00 00 00 00 00 	0000000000000000
  0x9360	ca b9 00 00 00 00 00 00 be b8 00 00 00 00 00 00 	0000000000000000
  0x9370	16 b9 00 00 00 00 00 00 24 b9 00 00 00 00 00 00 	00000000$0000000
  0x9380	00 00 00 00 00 00 00 00 38 b7 00 00 00 00 00 00 	0000000080000000
  0x9390	00 00 00 00 00 00 00 00 24 c0 00 00 00 00 00 00 	00000000$0000000
  0x93a0	12 b8 00 00 00 00 00 00 34 c0 00 00 00 00 00 00 	0000000040000000
  0x93b0	5a c0 00 00 00 00 00 00 84 c0 00 00 00 00 00 00 	Z000000000000000
  0x93c0	00 00 00 00 00 00 00 00 38 bf 00 00 00 00 00 00 	0000000080000000
  0x93d0	00 00 00 00 00 00 00 00 e8 bf 00 00 00 00 00 00 	0000000000000000
  0x93e0	02 c0 00 00 00 00 00 00 4a c0 00 00 00 00 00 00 	00000000J0000000
  0x93f0	74 b8 00 00 00 00 00 00 00 00 00 00 00 00 00 00 	t000000000000000
  0x9400	c0 c0 00 00 00 00 00 00 00 00 00 00 00 00 00 00 	0000000000000000
  0x9410	fe c0 00 00 00 00 00 00 fc b9 00 00 00 00 00 00 	0000000000000000
  0x9420	6a c0 00 00 00 00 00 00 dc b9 00 00 00 00 00 00 	j000000000000000
  0x9430	00 00 00 00 00 00 00 00 14 ba 00 00 00 00 00 00 	0000000000000000
  0x9440	00 00 00 00 00 00 00 00 2e bd 00 00 00 00 00 00 	00000000.0000000
  0x9450	20 bd 00 00 00 00 00 00 14 bd 00 00 00 00 00 00 	 000000000000000
  0x9460	88 bd 00 00 00 00 00 00 80 bd 00 00 00 00 00 00 	0000000000000000
  0x9470	ec bd 00 00 00 00 00 00 fc bc 00 00 00 00 00 00 	0000000000000000
  0x9480	f2 bc 00 00 00 00 00 00 ca bd 00 00 00 00 00 00 	0000000000000000
  0x9490	e6 bc 00 00 00 00 00 00 da bc 00 00 00 00 00 00 	0000000000000000
  0x94a0	e2 c1 00 00 00 00 00 00 b2 bd 00 00 00 00 00 00 	0000000000000000
  0x94b0	78 bd 00 00 00 00 00 00 d4 bd 00 00 00 00 00 00 	x000000000000000
  0x94c0	a6 bd 00 00 00 00 00 00 66 bd 00 00 00 00 00 00 	00000000f0000000
  0x94d0	08 bd 00 00 00 00 00 00 92 bd 00 00 00 00 00 00 	0000000000000000
  0x94e0	54 bd 00 00 00 00 00 00 46 bd 00 00 00 00 00 00 	T0000000F0000000
  0x94f0	ce c1 00 00 00 00 00 00 d8 c1 00 00 00 00 00 00 	0000000000000000
  0x9500	38 bd 00 00 00 00 00 00 c8 bc 00 00 00 00 00 00 	8000000000000000
  0x9510	00 00 00 00 00 00 00 00 0a bf 00 00 00 00 00 00 	0000000000000000
  0x9520	f2 be 00 00 00 00 00 00 de be 00 00 00 00 00 00 	0000000000000000
  0x9530	c8 be 00 00 00 00 00 00 b2 be 00 00 00 00 00 00 	0000000000000000
  0x9540	90 be 00 00 00 00 00 00 7a be 00 00 00 00 00 00 	00000000z0000000
  0x9550	60 be 00 00 00 00 00 00 54 be 00 00 00 00 00 00 	`0000000T0000000
  0x9560	42 be 00 00 00 00 00 00 2e be 00 00 00 00 00 00 	B0000000.0000000
  0x9570	14 be 00 00 00 00 00 00 00 be 00 00 00 00 00 00 	0000000000000000
  0x9580	18 bf 00 00 00 00 00 00 88 b6 00 00 00 00 00 00 	0000000000000000
  0x9590	00 00 00 00 00 00 00 00 10 85 00 40 01 00 00 00 	00000000000@0000
  0x95a0	d0 85 00 40 01 00 00 00 00 00 00 00 00 00 00 00 	000@000000000000
  0x95b0	d0 7c 00 40 01 00 00 00 00 00 00 00 00 00 00 00 	0|0@000000000000
  0x95c0	00 00 00 00 00 00 00 00 f0 7b 00 40 01 00 00 00 	000000000{0@0000
  0x95d0	40 82 00 40 01 00 00 00 00 00 00 00 00 00 00 00 	@00@000000000000
  0x95e0	a0 10 00 00 a0 11 00 00 20 25 00 00 40 27 00 00 	00000000 %00@'00
  0x95f0	50 2b 00 00 d0 2e 00 00 50 37 00 00 20 3f 00 00 	P+000.00P700 ?00
  0x9600	f0 43 00 00 40 4a 00 00 c0 56 00 00 70 57 00 00 	0C00@J000V00pW00
  0x9610	b0 57 00 00 70 58 00 00 b0 58 00 00 c0 5a 00 00 	0W00pX000X000Z00
  0x9620	c0 60 00 00 f0 7b 00 00 d0 7c 00 00 f0 7e 00 00 	0`000{000|000~00
  0x9630	80 7f 00 00 00 82 00 00 40 82 00 00 20 83 00 00 	00000000@000 000
  0x9640	10 85 00 00 00 00 00 00 00 00 00 00 00 00 00 00 	0000000000000000
  0x9650	2c 00 00 00 2e 00 00 00 3a 00 20 00 00 00 00 00 	,000.000:0 00000
  0x9660	2f 00 63 00 00 00 00 00 2f 00 75 00 00 00 00 00 	/0c00000/0u00000
  0x9670	2f 00 71 00 00 00 00 00 2f 00 73 00 00 00 00 00 	/0q00000/0s00000
  0x9680	2f 00 69 00 00 00 00 00 2f 00 66 00 00 00 00 00 	/0i00000/0f00000
  0x9690	2f 00 61 00 00 00 00 00 2f 00 65 00 78 00 65 00 	/0a00000/0e0x0e0
  0x96a0	00 00 00 00 00 00 00 00 78 00 70 00 72 00 65 00 	00000000x0p0r0e0
  0x96b0	73 00 73 00 34 00 6b 00 00 00 00 00 00 00 00 00 	s0s040k000000000
  0x96c0	78 00 70 00 72 00 65 00 73 00 73 00 38 00 6b 00 	x0p0r0e0s0s080k0
  0x96d0	00 00 00 00 00 00 00 00 78 00 70 00 72 00 65 00 	00000000x0p0r0e0
  0x96e0	73 00 73 00 31 00 36 00 6b 00 00 00 00 00 00 00 	s0s01060k0000000
  0x96f0	6c 00 7a 00 78 00 00 00 2f 00 63 00 6f 00 6d 00 	l0z0x000/0c0o0m0
  0x9700	70 00 61 00 63 00 74 00 6f 00 73 00 00 00 00 00 	p0a0c0t0o0s00000
  0x9710	71 00 75 00 65 00 72 00 79 00 00 00 00 00 00 00 	q0u0e0r0y0000000
  0x9720	61 00 6c 00 77 00 61 00 79 00 73 00 00 00 00 00 	a0l0w0a0y0s00000
  0x9730	6e 00 65 00 76 00 65 00 72 00 00 00 00 00 00 00 	n0e0v0e0r0000000
  0x9740	2f 00 77 00 69 00 6e 00 64 00 69 00 72 00 3a 00 	/0w0i0n0d0i0r0:0
  0x9750	00 00 00 00 2f 00 3f 00 00 00 00 00 2a 00 00 00 	0000/0?00000*000
  0x9760	00 00 00 00 5c 00 00 00 2f 00 00 00 00 00 00 00 	00000000/0000000
  0x9770	53 00 79 00 73 00 74 00 65 00 6d 00 33 00 32 00 	S0y0s0t0e0m03020
  0x9780	5c 00 63 00 6f 00 6e 00 66 00 69 00 67 00 5c 00 	00c0o0n0f0i0g000
  0x9790	53 00 4f 00 46 00 54 00 57 00 41 00 52 00 45 00 	S0O0F0T0W0A0R0E0
  0x97a0	00 00 00 00 00 00 00 00 4f 00 66 00 66 00 6c 00 	00000000O0f0f0l0
  0x97b0	69 00 6e 00 65 00 53 00 6f 00 66 00 74 00 77 00 	i0n0e0S0o0f0t0w0
  0x97c0	61 00 72 00 65 00 00 00 00 00 00 00 00 00 00 00 	a0r0e00000000000
  0x97d0	53 00 4f 00 46 00 54 00 57 00 41 00 52 00 45 00 	S0O0F0T0W0A0R0E0
  0x97e0	5c 00 4d 00 69 00 63 00 72 00 6f 00 73 00 6f 00 	00M0i0c0r0o0s0o0
  0x97f0	66 00 74 00 5c 00 57 00 69 00 6e 00 64 00 6f 00 	f0t000W0i0n0d0o0
  0x9800	77 00 73 00 20 00 4e 00 54 00 5c 00 43 00 75 00 	w0s0 0N0T000C0u0
  0x9810	72 00 72 00 65 00 6e 00 74 00 56 00 65 00 72 00 	r0r0e0n0t0V0e0r0
  0x9820	73 00 69 00 6f 00 6e 00 5c 00 57 00 4f 00 46 00 	s0i0o0n000W0O0F0
  0x9830	00 00 00 00 00 00 00 00 00 00 00 00 00 00 00 00 	0000000000000000
  0x9840	4f 00 66 00 66 00 6c 00 69 00 6e 00 65 00 53 00 	O0f0f0l0i0n0e0S0
  0x9850	6f 00 66 00 74 00 77 00 61 00 72 00 65 00 5c 00 	o0f0t0w0a0r0e000
  0x9860	4d 00 69 00 63 00 72 00 6f 00 73 00 6f 00 66 00 	M0i0c0r0o0s0o0f0
  0x9870	74 00 5c 00 57 00 69 00 6e 00 64 00 6f 00 77 00 	t000W0i0n0d0o0w0
  0x9880	73 00 20 00 4e 00 54 00 5c 00 43 00 75 00 72 00 	s0 0N0T000C0u0r0
  0x9890	72 00 65 00 6e 00 74 00 56 00 65 00 72 00 73 00 	r0e0n0t0V0e0r0s0
  0x98a0	69 00 6f 00 6e 00 5c 00 57 00 4f 00 46 00 00 00 	i0o0n000W0O0F000
  0x98b0	46 00 6f 00 72 00 63 00 65 00 41 00 6c 00 67 00 	F0o0r0c0e0A0l0g0
  0x98c0	6f 00 72 00 69 00 74 00 68 00 6d 00 00 00 00 00 	o0r0i0t0h0m00000
  0x98d0	46 00 6f 00 72 00 63 00 65 00 4e 00 6f 00 43 00 	F0o0r0c0e0N0o0C0
  0x98e0	6f 00 6d 00 70 00 72 00 65 00 73 00 73 00 69 00 	o0m0p0r0e0s0s0i0
  0x98f0	6f 00 6e 00 00 00 00 00 53 00 79 00 73 00 74 00 	o0n00000S0y0s0t0
  0x9900	65 00 6d 00 33 00 32 00 5c 00 63 00 6f 00 6e 00 	e0m0302000c0o0n0
  0x9910	66 00 69 00 67 00 5c 00 53 00 59 00 53 00 54 00 	f0i0g000S0Y0S0T0
  0x9920	45 00 4d 00 00 00 00 00 4f 00 66 00 66 00 6c 00 	E0M00000O0f0f0l0
  0x9930	69 00 6e 00 65 00 53 00 79 00 73 00 74 00 65 00 	i0n0e0S0y0s0t0e0
  0x9940	6d 00 00 00 00 00 00 00 53 00 79 00 73 00 74 00 	m0000000S0y0s0t0
  0x9950	65 00 6d 00 5c 00 53 00 65 00 74 00 75 00 70 00 	e0m000S0e0t0u0p0
  0x9960	00 00 00 00 00 00 00 00 4f 00 66 00 66 00 6c 00 	00000000O0f0f0l0
  0x9970	69 00 6e 00 65 00 53 00 79 00 73 00 74 00 65 00 	i0n0e0S0y0s0t0e0
  0x9980	6d 00 5c 00 53 00 65 00 74 00 75 00 70 00 00 00 	m000S0e0t0u0p000
  0x9990	43 00 6f 00 6d 00 70 00 61 00 63 00 74 00 00 00 	C0o0m0p0a0c0t000
  0x99a0	7c 00 00 00 2d 00 00 00 5c 00 61 00 6f 00 77 00 	|000-00000a0o0w0
  0x99b0	2e 00 77 00 69 00 6d 00 00 00 00 00 00 00 00 00 	.0w0i0m000000000
  0x99c0	5c 00 62 00 6f 00 6f 00 74 00 5c 00 62 00 63 00 	00b0o0o0t000b0c0
  0x99d0	64 00 00 00 00 00 00 00 5c 00 62 00 6f 00 6f 00 	d000000000b0o0o0
  0x99e0	74 00 5c 00 62 00 63 00 64 00 2e 00 6c 00 6f 00 	t000b0c0d0.0l0o0
  0x99f0	67 00 00 00 00 00 00 00 5c 00 62 00 6f 00 6f 00 	g000000000b0o0o0
  0x9a00	74 00 5c 00 62 00 6f 00 6f 00 74 00 73 00 74 00 	t000b0o0o0t0s0t0
  0x9a10	61 00 74 00 2e 00 64 00 61 00 74 00 00 00 00 00 	a0t0.0d0a0t00000
  0x9a20	5c 00 63 00 6f 00 6e 00 66 00 69 00 67 00 5c 00 	00c0o0n0f0i0g000
  0x9a30	64 00 72 00 69 00 76 00 65 00 72 00 73 00 00 00 	d0r0i0v0e0r0s000
  0x9a40	5c 00 63 00 6f 00 6e 00 66 00 69 00 67 00 5c 00 	00c0o0n0f0i0g000
  0x9a50	64 00 72 00 69 00 76 00 65 00 72 00 73 00 2e 00 	d0r0i0v0e0r0s0.0
  0x9a60	6c 00 6f 00 67 00 00 00 5c 00 63 00 6f 00 6e 00 	l0o0g00000c0o0n0
  0x9a70	66 00 69 00 67 00 5c 00 73 00 79 00 73 00 74 00 	f0i0g000s0y0s0t0
  0x9a80	65 00 6d 00 00 00 00 00 5c 00 63 00 6f 00 6e 00 	e0m0000000c0o0n0
  0x9a90	66 00 69 00 67 00 5c 00 73 00 79 00 73 00 74 00 	f0i0g000s0y0s0t0
  0x9aa0	65 00 6d 00 2e 00 6c 00 6f 00 67 00 00 00 00 00 	e0m0.0l0o0g00000
  0x9ab0	5c 00 77 00 69 00 6e 00 64 00 6f 00 77 00 73 00 	00w0i0n0d0o0w0s0
  0x9ac0	5c 00 62 00 6f 00 6f 00 74 00 73 00 74 00 61 00 	00b0o0o0t0s0t0a0
  0x9ad0	74 00 2e 00 64 00 61 00 74 00 00 00 00 00 00 00 	t0.0d0a0t0000000
  0x9ae0	5c 00 77 00 69 00 6e 00 6c 00 6f 00 61 00 64 00 	00w0i0n0l0o0a0d0
  0x9af0	2e 00 65 00 66 00 69 00 00 00 00 00 00 00 00 00 	.0e0f0i000000000
  0x9b00	5c 00 77 00 69 00 6e 00 6c 00 6f 00 61 00 64 00 	00w0i0n0l0o0a0d0
  0x9b10	2e 00 65 00 66 00 69 00 2e 00 6d 00 75 00 69 00 	.0e0f0i0.0m0u0i0
  0x9b20	00 00 00 00 00 00 00 00 5c 00 77 00 69 00 6e 00 	0000000000w0i0n0
  0x9b30	6c 00 6f 00 61 00 64 00 2e 00 65 00 78 00 65 00 	l0o0a0d0.0e0x0e0
  0x9b40	00 00 00 00 00 00 00 00 5c 00 77 00 69 00 6e 00 	0000000000w0i0n0
  0x9b50	6c 00 6f 00 61 00 64 00 2e 00 65 00 78 00 65 00 	l0o0a0d0.0e0x0e0
  0x9b60	2e 00 6d 00 75 00 69 00 00 00 00 00 00 00 00 00 	.0m0u0i000000000
  0x9b70	5c 00 77 00 69 00 6e 00 72 00 65 00 73 00 75 00 	00w0i0n0r0e0s0u0
  0x9b80	6d 00 65 00 2e 00 65 00 66 00 69 00 00 00 00 00 	m0e0.0e0f0i00000
  0x9b90	5c 00 77 00 69 00 6e 00 72 00 65 00 73 00 75 00 	00w0i0n0r0e0s0u0
  0x9ba0	6d 00 65 00 2e 00 65 00 66 00 69 00 2e 00 6d 00 	m0e0.0e0f0i0.0m0
  0x9bb0	75 00 69 00 00 00 00 00 5c 00 77 00 69 00 6e 00 	u0i0000000w0i0n0
  0x9bc0	72 00 65 00 73 00 75 00 6d 00 65 00 2e 00 65 00 	r0e0s0u0m0e0.0e0
  0x9bd0	78 00 65 00 00 00 00 00 5c 00 77 00 69 00 6e 00 	x0e0000000w0i0n0
  0x9be0	72 00 65 00 73 00 75 00 6d 00 65 00 2e 00 65 00 	r0e0s0u0m0e0.0e0
  0x9bf0	78 00 65 00 2e 00 6d 00 75 00 69 00 00 00 00 00 	x0e0.0m0u0i00000
  0x9c00	5c 00 42 00 61 00 63 00 6b 00 75 00 70 00 5c 00 	00B0a0c0k0u0p000
  0x9c10	00 00 00 00 00 00 00 00 5c 00 4d 00 61 00 6e 00 	0000000000M0a0n0
  0x9c20	69 00 66 00 65 00 73 00 74 00 43 00 61 00 63 00 	i0f0e0s0t0C0a0c0
  0x9c30	68 00 65 00 5c 00 00 00 5c 00 4d 00 61 00 6e 00 	h0e0000000M0a0n0
  0x9c40	69 00 66 00 65 00 73 00 74 00 73 00 5c 00 00 00 	i0f0e0s0t0s00000
  0x9c50	5c 00 6e 00 74 00 6c 00 64 00 72 00 00 00 00 00 	00n0t0l0d0r00000
  0x9c60	5c 00 63 00 6d 00 6c 00 64 00 72 00 00 00 00 00 	00c0m0l0d0r00000
  0x9c70	5c 00 42 00 6f 00 6f 00 74 00 4d 00 67 00 72 00 	00B0o0o0t0M0g0r0
  0x9c80	00 00 00 00 00 00 00 00 20 00 3a 00 20 00 00 00 	00000000 0:0 000
  0x9c90	20 00 3d 00 20 00 25 00 32 00 2e 00 31 00 6c 00 	 0=0 0%020.010l0
  0x9ca0	66 00 20 00 00 00 00 00 25 00 63 00 20 00 25 00 	f0 00000%0c0 0%0
  0x9cb0	73 00 00 00 25 00 64 00 00 00 00 00 00 00 00 00 	s000%0d000000000
  0x9cc0	25 00 32 00 2e 00 31 00 6c 00 66 00 00 00 00 00 	%020.010l0f00000
  0x9cd0	25 00 73 00 20 00 00 00 25 00 63 00 00 00 00 00 	%0s0 000%0c00000
  0x9ce0	25 00 32 00 2e 00 31 00 66 00 00 00 00 00 00 00 	%020.010f0000000
  0x9cf0	53 00 65 00 42 00 61 00 63 00 6b 00 75 00 70 00 	S0e0B0a0c0k0u0p0
  0x9d00	50 00 72 00 69 00 76 00 69 00 6c 00 65 00 67 00 	P0r0i0v0i0l0e0g0
  0x9d10	65 00 00 00 00 00 00 00 53 00 65 00 52 00 65 00 	e0000000S0e0R0e0
  0x9d20	73 00 74 00 6f 00 72 00 65 00 50 00 72 00 69 00 	s0t0o0r0e0P0r0i0
  0x9d30	76 00 69 00 6c 00 65 00 67 00 65 00 00 00 00 00 	v0i0l0e0g0e00000
  0x9d40	5c 00 77 00 69 00 6e 00 73 00 78 00 73 00 5c 00 	00w0i0n0s0x0s000
  0x9d50	00 00 00 00 00 00 00 00 00 00 00 00 00 00 00 00 	0000000000000000
  0x9d60	53 00 59 00 53 00 54 00 45 00 4d 00 5c 00 53 00 	S0Y0S0T0E0M000S0
  0x9d70	65 00 74 00 75 00 70 00 5c 00 4d 00 6f 00 53 00 	e0t0u0p000M0o0S0
  0x9d80	65 00 74 00 75 00 70 00 5c 00 56 00 6f 00 6c 00 	e0t0u0p000V0o0l0
  0x9d90	61 00 74 00 69 00 6c 00 65 00 5c 00 54 00 65 00 	a0t0i0l0e000T0e0
  0x9da0	6c 00 65 00 6d 00 65 00 74 00 72 00 79 00 00 00 	l0e0m0e0t0r0y000
  0x9db0	52 65 67 56 61 6c 75 65 20 25 77 73 20 69 73 20 	RegValue %ws is 
  0x9dc0	25 75 0a 00 00 00 00 00 53 65 74 74 69 6e 67 20 	%u000000Setting 
  0x9dd0	25 77 73 20 74 6f 20 25 75 0a 00 00 00 00 00 00 	%ws to %u0000000
  0x9de0	46 00 6c 00 61 00 67 00 73 00 00 00 00 00 00 00 	F0l0a0g0s0000000
  0x9df0	4d 00 69 00 6e 00 50 00 72 00 6f 00 63 00 65 00 	M0i0n0P0r0o0c0e0
  0x9e00	73 00 73 00 6f 00 72 00 43 00 6f 00 75 00 6e 00 	s0s0o0r0C0o0u0n0
  0x9e10	74 00 00 00 00 00 00 00 4d 00 69 00 6e 00 52 00 	t0000000M0i0n0R0
  0x9e20	41 00 4d 00 53 00 69 00 7a 00 65 00 4d 00 42 00 	A0M0S0i0z0e0M0B0
  0x9e30	00 00 00 00 00 00 00 00 4d 00 61 00 78 00 56 00 	00000000M0a0x0V0
  0x9e40	6f 00 6c 00 75 00 6d 00 65 00 53 00 69 00 7a 00 	o0l0u0m0e0S0i0z0
  0x9e50	65 00 4d 00 42 00 00 00 4d 00 69 00 6e 00 52 00 	e0M0B000M0i0n0R0
  0x9e60	65 00 71 00 44 00 65 00 63 00 6f 00 6d 00 70 00 	e0q0D0e0c0o0m0p0
  0x9e70	72 00 65 00 73 00 73 00 69 00 6f 00 6e 00 52 00 	r0e0s0s0i0o0n0R0
  0x9e80	61 00 74 00 65 00 4b 00 42 00 73 00 00 00 00 00 	a0t0e0K0B0s00000
  0x9e90	4c 00 6f 00 77 00 53 00 74 00 6f 00 72 00 61 00 	L0o0w0S0t0o0r0a0
  0x9ea0	67 00 65 00 50 00 68 00 6f 00 6e 00 65 00 4d 00 	g0e0P0h0o0n0e0M0
  0x9eb0	42 00 00 00 00 00 00 00 4d 00 69 00 6e 00 43 00 	B0000000M0i0n0C0
  0x9ec0	50 00 55 00 48 00 65 00 61 00 64 00 72 00 6f 00 	P0U0H0e0a0d0r0o0
  0x9ed0	6f 00 6d 00 50 00 65 00 72 00 63 00 00 00 00 00 	o0m0P0e0r0c00000
  0x9ee0	0a 50 6f 6c 69 63 79 50 61 72 61 6d 73 3a 0a 00 	0PolicyParams:00
  0x9ef0	2d 2d 2d 2d 2d 2d 2d 2d 2d 2d 2d 2d 0a 00 00 00 	------------0000
  0x9f00	46 6c 61 67 73 3a 20 25 75 0a 00 00 00 00 00 00 	Flags: %u0000000
  0x9f10	4d 69 6e 50 72 6f 63 65 73 73 6f 72 43 6f 75 6e 	MinProcessorCoun
  0x9f20	74 3a 20 25 75 0a 00 00 4d 69 6e 52 41 4d 53 69 	t: %u000MinRAMSi
  0x9f30	7a 65 4d 42 3a 20 25 75 0a 00 00 00 00 00 00 00 	zeMB: %u00000000
  0x9f40	28 69 66 20 6e 6f 6e 2d 72 6f 74 61 74 69 6f 6e 	(if non-rotation
  0x9f50	61 6c 20 64 69 73 6b 29 20 00 00 00 00 00 00 00 	al disk) 0000000
  0x9f60	4d 61 78 56 6f 6c 75 6d 65 53 69 7a 65 4d 42 20 	MaxVolumeSizeMB 
  0x9f70	28 47 42 29 3a 20 25 75 20 28 25 75 29 0a 00 00 	(GB): %u (%u)000
  0x9f80	4d 69 6e 44 65 63 6f 6d 70 72 65 73 73 69 6f 6e 	MinDecompression
  0x9f90	52 61 74 65 4b 42 73 20 28 4d 42 73 29 3a 20 25 	RateKBs (MBs): %
  0x9fa0	75 20 28 25 75 29 0a 00 28 69 66 20 72 6f 74 61 	u (%u)00(if rota
  0x9fb0	74 69 6f 6e 61 6c 20 64 69 73 6b 29 20 4d 69 6e 	tional disk) Min
  0x9fc0	44 65 63 6f 6d 70 72 65 73 73 69 6f 6e 52 61 74 	DecompressionRat
  0x9fd0	65 4b 42 73 20 28 4d 42 73 29 3a 20 25 75 20 28 	eKBs (MBs): %u (
  0x9fe0	25 75 29 0a 00 00 00 00 4d 69 6e 43 50 55 48 65 	%u)00000MinCPUHe
  0x9ff0	61 64 72 6f 6f 6d 20 28 50 65 72 63 29 3a 20 25 	adroom (Perc): %
  0xa000	75 0a 00 00 00 00 00 00 4c 6f 77 53 74 6f 72 61 	u0000000LowStora
  0xa010	67 65 50 68 6f 6e 65 4d 42 20 28 47 42 29 3a 20 	gePhoneMB (GB): 
  0xa020	25 75 20 28 25 75 29 0a 00 00 00 00 0a 00 00 00 	%u (%u)000000000
  0xa030	4d 00 69 00 6e 00 44 00 65 00 63 00 6f 00 6d 00 	M0i0n0D0e0c0o0m0
  0xa040	70 00 72 00 65 00 73 00 73 00 69 00 6f 00 6e 00 	p0r0e0s0s0i0o0n0
  0xa050	52 00 61 00 74 00 65 00 4b 00 42 00 73 00 00 00 	R0a0t0e0K0B0s000
  0xa060	4d 00 61 00 78 00 44 00 65 00 63 00 6f 00 6d 00 	M0a0x0D0e0c0o0m0
  0xa070	70 00 72 00 65 00 73 00 73 00 69 00 6f 00 6e 00 	p0r0e0s0s0i0o0n0
  0xa080	52 00 61 00 74 00 65 00 4b 00 42 00 73 00 00 00 	R0a0t0e0K0B0s000
  0xa090	4d 00 69 00 6e 00 44 00 65 00 63 00 6f 00 6d 00 	M0i0n0D0e0c0o0m0
  0xa0a0	70 00 72 00 65 00 73 00 73 00 69 00 6f 00 6e 00 	p0r0e0s0s0i0o0n0
  0xa0b0	52 00 61 00 74 00 65 00 48 00 65 00 61 00 64 00 	R0a0t0e0H0e0a0d0
  0xa0c0	72 00 6f 00 6f 00 6d 00 4b 00 42 00 73 00 00 00 	r0o0o0m0K0B0s000
  0xa0d0	4d 00 61 00 78 00 44 00 65 00 63 00 6f 00 6d 00 	M0a0x0D0e0c0o0m0
  0xa0e0	70 00 72 00 65 00 73 00 73 00 69 00 6f 00 6e 00 	p0r0e0s0s0i0o0n0
  0xa0f0	52 00 61 00 74 00 65 00 48 00 65 00 61 00 64 00 	R0a0t0e0H0e0a0d0
  0xa100	72 00 6f 00 6f 00 6d 00 4b 00 42 00 73 00 00 00 	r0o0o0m0K0B0s000
  0xa110	57 00 6f 00 66 00 20 00 50 00 6f 00 6c 00 69 00 	W0o0f0 0P0o0l0i0
  0xa120	63 00 79 00 20 00 43 00 68 00 65 00 63 00 6b 00 	c0y0 0C0h0e0c0k0
  0xa130	00 00 00 00 00 00 00 00 46 00 61 00 69 00 6c 00 	00000000F0a0i0l0
  0xa140	65 00 64 00 50 00 6f 00 77 00 65 00 72 00 43 00 	e0d0P0o0w0e0r0C0
  0xa150	72 00 65 00 61 00 74 00 65 00 52 00 65 00 71 00 	r0e0a0t0e0R0e0q0
  0xa160	75 00 65 00 73 00 74 00 00 00 00 00 00 00 00 00 	u0e0s0t000000000
  0xa170	4c 00 50 00 66 00 6f 00 72 00 41 00 6e 00 61 00 	L0P0f0o0r0A0n0a0
  0xa180	6c 00 79 00 73 00 69 00 73 00 00 00 00 00 00 00 	l0y0s0i0s0000000
  0xa190	46 00 61 00 69 00 6c 00 65 00 64 00 52 00 65 00 	F0a0i0l0e0d0R0e0
  0xa1a0	71 00 75 00 65 00 73 00 74 00 50 00 65 00 72 00 	q0u0e0s0t0P0e0r0
  0xa1b0	66 00 42 00 6f 00 6f 00 73 00 74 00 00 00 00 00 	f0B0o0o0s0t00000
  0xa1c0	70 00 6f 00 77 00 72 00 70 00 72 00 6f 00 66 00 	p0o0w0r0p0r0o0f0
  0xa1d0	2e 00 64 00 6c 00 6c 00 00 00 00 00 00 00 00 00 	.0d0l0l000000000
  0xa1e0	43 61 6c 6c 4e 74 50 6f 77 65 72 49 6e 66 6f 72 	CallNtPowerInfor
  0xa1f0	6d 61 74 69 6f 6e 00 00 43 00 75 00 72 00 72 00 	mation00C0u0r0r0
  0xa200	65 00 6e 00 74 00 4d 00 48 00 7a 00 00 00 00 00 	e0n0t0M0H0z00000
  0xa210	4d 00 61 00 78 00 4d 00 48 00 7a 00 00 00 00 00 	M0a0x0M0H0z00000
  0xa220	46 00 61 00 69 00 6c 00 65 00 64 00 4c 00 6f 00 	F0a0i0l0e0d0L0o0
  0xa230	61 00 64 00 50 00 6f 00 77 00 72 00 50 00 72 00 	a0d0P0o0w0r0P0r0
  0xa240	6f 00 66 00 00 00 00 00 46 00 61 00 69 00 6c 00 	o0f00000F0a0i0l0
  0xa250	65 00 64 00 44 00 65 00 43 00 6f 00 6d 00 70 00 	e0d0D0e0C0o0m0p0
  0xa260	72 00 65 00 73 00 73 00 69 00 6f 00 6e 00 52 00 	r0e0s0s0i0o0n0R0
  0xa270	61 00 74 00 65 00 43 00 68 00 65 00 63 00 6b 00 	a0t0e0C0h0e0c0k0
  0xa280	00 00 00 00 00 00 00 00 42 00 61 00 73 00 65 00 	00000000B0a0s0e0
  0xa290	43 00 50 00 55 00 48 00 65 00 61 00 64 00 72 00 	C0P0U0H0e0a0d0r0
  0xa2a0	6f 00 6f 00 6d 00 50 00 65 00 72 00 63 00 00 00 	o0o0m0P0e0r0c000
  0xa2b0	44 00 65 00 63 00 6f 00 6d 00 70 00 72 00 65 00 	D0e0c0o0m0p0r0e0
  0xa2c0	73 00 73 00 69 00 6f 00 6e 00 52 00 61 00 74 00 	s0s0i0o0n0R0a0t0
  0xa2d0	65 00 4b 00 42 00 73 00 00 00 00 00 00 00 00 00 	e0K0B0s000000000
  0xa2e0	46 00 61 00 69 00 6c 00 65 00 64 00 43 00 50 00 	F0a0i0l0e0d0C0P0
  0xa2f0	55 00 48 00 65 00 61 00 64 00 72 00 6f 00 6f 00 	U0H0e0a0d0r0o0o0
  0xa300	6d 00 43 00 68 00 65 00 63 00 6b 00 00 00 00 00 	m0C0h0e0c0k00000
  0xa310	43 00 50 00 55 00 48 00 65 00 61 00 64 00 72 00 	C0P0U0H0e0a0d0r0
  0xa320	6f 00 6f 00 6d 00 50 00 65 00 72 00 63 00 00 00 	o0o0m0P0e0r0c000
  0xa330	56 00 6f 00 6c 00 75 00 6d 00 65 00 53 00 69 00 	V0o0l0u0m0e0S0i0
  0xa340	7a 00 65 00 4d 00 42 00 00 00 00 00 00 00 00 00 	z0e0M0B000000000
  0xa350	50 00 72 00 6f 00 63 00 65 00 73 00 73 00 6f 00 	P0r0o0c0e0s0s0o0
  0xa360	72 00 43 00 6f 00 75 00 6e 00 74 00 00 00 00 00 	r0C0o0u0n0t00000
  0xa370	4c 00 6f 00 77 00 53 00 74 00 6f 00 72 00 61 00 	L0o0w0S0t0o0r0a0
  0xa380	67 00 65 00 53 00 53 00 44 00 44 00 65 00 73 00 	g0e0S0S0D0D0e0s0
  0xa390	6b 00 74 00 6f 00 70 00 4d 00 69 00 6e 00 50 00 	k0t0o0p0M0i0n0P0
  0xa3a0	72 00 6f 00 63 00 65 00 73 00 73 00 6f 00 72 00 	r0o0c0e0s0s0o0r0
  0xa3b0	43 00 6f 00 75 00 6e 00 74 00 00 00 00 00 00 00 	C0o0u0n0t0000000
  0xa3c0	46 00 61 00 69 00 6c 00 65 00 64 00 4c 00 50 00 	F0a0i0l0e0d0L0P0
  0xa3d0	43 00 6f 00 75 00 6e 00 74 00 43 00 68 00 65 00 	C0o0u0n0t0C0h0e0
  0xa3e0	63 00 6b 00 00 00 00 00 4e 00 6f 00 53 00 65 00 	c0k00000N0o0S0e0
  0xa3f0	65 00 6b 00 4c 00 61 00 74 00 65 00 6e 00 63 00 	e0k0L0a0t0e0n0c0
  0xa400	79 00 00 00 00 00 00 00 46 00 61 00 69 00 6c 00 	y0000000F0a0i0l0
  0xa410	65 00 64 00 53 00 65 00 65 00 6b 00 4c 00 61 00 	e0d0S0e0e0k0L0a0
  0xa420	74 00 65 00 6e 00 63 00 79 00 43 00 68 00 65 00 	t0e0n0c0y0C0h0e0
  0xa430	63 00 6b 00 00 00 00 00 46 00 61 00 69 00 6c 00 	c0k00000F0a0i0l0
  0xa440	65 00 64 00 56 00 6f 00 6c 00 75 00 6d 00 65 00 	e0d0V0o0l0u0m0e0
  0xa450	53 00 69 00 7a 00 65 00 43 00 68 00 65 00 63 00 	S0i0z0e0C0h0e0c0
  0xa460	6b 00 00 00 00 00 00 00 4c 00 6f 00 77 00 4d 00 	k0000000L0o0w0M0
  0xa470	65 00 6d 00 50 00 68 00 6f 00 6e 00 65 00 4d 00 	e0m0P0h0o0n0e0M0
  0xa480	69 00 6e 00 52 00 41 00 4d 00 53 00 69 00 7a 00 	i0n0R0A0M0S0i0z0
  0xa490	65 00 4d 00 42 00 00 00 4c 00 6f 00 77 00 53 00 	e0M0B000L0o0w0S0
  0xa4a0	74 00 6f 00 72 00 61 00 67 00 65 00 53 00 53 00 	t0o0r0a0g0e0S0S0
  0xa4b0	44 00 4d 00 69 00 6e 00 52 00 41 00 4d 00 53 00 	D0M0i0n0R0A0M0S0
  0xa4c0	69 00 7a 00 65 00 4d 00 42 00 00 00 00 00 00 00 	i0z0e0M0B0000000
  0xa4d0	52 00 41 00 4d 00 53 00 69 00 7a 00 65 00 4d 00 	R0A0M0S0i0z0e0M0
  0xa4e0	42 00 00 00 00 00 00 00 46 00 61 00 69 00 6c 00 	B0000000F0a0i0l0
  0xa4f0	65 00 64 00 52 00 41 00 4d 00 53 00 69 00 7a 00 	e0d0R0A0M0S0i0z0
  0xa500	65 00 43 00 68 00 65 00 63 00 6b 00 00 00 00 00 	e0C0h0e0c0k00000
  0xa510	48 00 61 00 73 00 53 00 65 00 65 00 6b 00 4d 00 	H0a0s0S0e0e0k0M0
  0xa520	69 00 6e 00 52 00 65 00 71 00 44 00 65 00 43 00 	i0n0R0e0q0D0e0C0
  0xa530	6f 00 6d 00 70 00 72 00 65 00 73 00 73 00 69 00 	o0m0p0r0e0s0s0i0
  0xa540	6f 00 6e 00 52 00 61 00 74 00 65 00 4b 00 42 00 	o0n0R0a0t0e0K0B0
  0xa550	73 00 00 00 00 00 00 00 55 00 3a 00 5c 00 00 00 	s0000000U0:00000
  0xa560	45 00 66 00 66 00 65 00 63 00 74 00 69 00 76 00 	E0f0f0e0c0t0i0v0
  0xa570	65 00 46 00 6c 00 61 00 67 00 73 00 00 00 00 00 	e0F0l0a0g0s00000
  0xa580	45 00 76 00 61 00 6c 00 46 00 6c 00 61 00 67 00 	E0v0a0l0F0l0a0g0
  0xa590	73 00 00 00 00 00 00 00 53 00 79 00 73 00 74 00 	s0000000S0y0s0t0
  0xa5a0	65 00 6d 00 50 00 6f 00 6c 00 69 00 63 00 79 00 	e0m0P0o0l0i0c0y0
  0xa5b0	00 00 00 00 00 00 00 00 43 00 6f 00 6d 00 70 00 	00000000C0o0m0p0
  0xa5c0	61 00 63 00 74 00 45 00 76 00 61 00 6c 00 50 00 	a0c0t0E0v0a0l0P0
  0xa5d0	72 00 6f 00 63 00 65 00 73 00 73 00 6f 00 72 00 	r0o0c0e0s0s0o0r0
  0xa5e0	43 00 6f 00 75 00 6e 00 74 00 00 00 00 00 00 00 	C0o0u0n0t0000000
  0xa5f0	43 00 6f 00 6d 00 70 00 61 00 63 00 74 00 45 00 	C0o0m0p0a0c0t0E0
  0xa600	76 00 61 00 6c 00 52 00 41 00 4d 00 53 00 69 00 	v0a0l0R0A0M0S0i0
  0xa610	7a 00 65 00 4d 00 42 00 00 00 00 00 00 00 00 00 	z0e0M0B000000000
  0xa620	43 00 6f 00 6d 00 70 00 61 00 63 00 74 00 45 00 	C0o0m0p0a0c0t0E0
  0xa630	76 00 61 00 6c 00 56 00 6f 00 6c 00 75 00 6d 00 	v0a0l0V0o0l0u0m0
  0xa640	65 00 53 00 69 00 7a 00 65 00 4d 00 42 00 00 00 	e0S0i0z0e0M0B000
  0xa650	43 00 6f 00 6d 00 70 00 61 00 63 00 74 00 45 00 	C0o0m0p0a0c0t0E0
  0xa660	76 00 61 00 6c 00 44 00 65 00 63 00 6f 00 6d 00 	v0a0l0D0e0c0o0m0
  0xa670	70 00 72 00 65 00 73 00 73 00 69 00 6f 00 6e 00 	p0r0e0s0s0i0o0n0
  0xa680	52 00 61 00 74 00 65 00 4b 00 42 00 73 00 00 00 	R0a0t0e0K0B0s000
  0xa690	43 00 6f 00 6d 00 70 00 61 00 63 00 74 00 45 00 	C0o0m0p0a0c0t0E0
  0xa6a0	76 00 61 00 6c 00 43 00 50 00 55 00 48 00 65 00 	v0a0l0C0P0U0H0e0
  0xa6b0	61 00 64 00 52 00 6f 00 6f 00 6d 00 50 00 65 00 	a0d0R0o0o0m0P0e0
  0xa6c0	72 00 63 00 00 00 00 00 43 00 6f 00 6d 00 70 00 	r0c00000C0o0m0p0
  0xa6d0	61 00 63 00 74 00 45 00 76 00 61 00 6c 00 43 00 	a0c0t0E0v0a0l0C0
  0xa6e0	75 00 72 00 72 00 65 00 6e 00 74 00 4d 00 48 00 	u0r0r0e0n0t0M0H0
  0xa6f0	7a 00 00 00 00 00 00 00 43 00 6f 00 6d 00 70 00 	z0000000C0o0m0p0
  0xa700	61 00 63 00 74 00 45 00 76 00 61 00 6c 00 4d 00 	a0c0t0E0v0a0l0M0
  0xa710	61 00 78 00 4d 00 48 00 7a 00 00 00 00 00 00 00 	a0x0M0H0z0000000
  0xa720	43 00 6f 00 6d 00 70 00 61 00 63 00 74 00 45 00 	C0o0m0p0a0c0t0E0
  0xa730	76 00 61 00 6c 00 50 00 6f 00 6c 00 69 00 63 00 	v0a0l0P0o0l0i0c0
  0xa740	79 00 46 00 6c 00 61 00 67 00 73 00 00 00 00 00 	y0F0l0a0g0s00000
  0xa750	43 00 6f 00 6d 00 70 00 61 00 63 00 74 00 45 00 	C0o0m0p0a0c0t0E0
  0xa760	76 00 61 00 6c 00 45 00 76 00 61 00 6c 00 46 00 	v0a0l0E0v0a0l0F0
  0xa770	6c 00 61 00 67 00 73 00 00 00 00 00 00 00 00 00 	l0a0g0s000000000
  0xa780	43 00 6f 00 6d 00 70 00 61 00 63 00 74 00 45 00 	C0o0m0p0a0c0t0E0
  0xa790	76 00 61 00 6c 00 53 00 79 00 73 00 74 00 65 00 	v0a0l0S0y0s0t0e0
  0xa7a0	6d 00 50 00 6f 00 6c 00 69 00 63 00 79 00 00 00 	m0P0o0l0i0c0y000
  0xa7b0	46 00 6f 00 72 00 63 00 65 00 43 00 6f 00 6d 00 	F0o0r0c0e0C0o0m0
  0xa7c0	70 00 72 00 65 00 73 00 73 00 69 00 6f 00 6e 00 	p0r0e0s0s0i0o0n0
  0xa7d0	00 00 00 00 00 00 00 00 53 00 59 00 53 00 54 00 	00000000S0Y0S0T0
  0xa7e0	45 00 4d 00 5c 00 53 00 65 00 74 00 75 00 70 00 	E0M000S0e0t0u0p0
  0xa7f0	00 00 00 00 00 00 00 00 57 00 69 00 6d 00 42 00 	00000000W0i0m0B0
  0xa800	6f 00 6f 00 74 00 00 00 4b 00 45 00 52 00 4e 00 	o0o0t000K0E0R0N0
  0xa810	45 00 4c 00 33 00 32 00 00 00 00 00 00 00 00 00 	E0L0302000000000
  0xa820	4f 4f 42 45 43 6f 6d 70 6c 65 74 65 00 00 00 00 	OOBEComplete0000
  0xa830	57 00 6f 00 66 00 43 00 6f 00 6d 00 70 00 72 00 	W0o0f0C0o0m0p0r0
  0xa840	65 00 73 00 73 00 69 00 6f 00 6e 00 50 00 6f 00 	e0s0s0i0o0n0P0o0
  0xa850	6c 00 69 00 63 00 79 00 45 00 76 00 61 00 6c 00 	l0i0c0y0E0v0a0l0
  0xa860	00 00 00 00 00 00 00 00 00 00 00 00 00 00 f0 3f 	000000000000000?
  0xa870	00 00 00 00 06 b5 cf a8 00 00 00 00 02 00 00 00 	0000000000000000
  0xa880	24 00 00 00 c4 a8 00 00 c4 94 00 00 00 00 00 00 	$000000000000000
  0xa890	06 b5 cf a8 00 00 00 00 0d 00 00 00 04 02 00 00 	0000000000000000
  0xa8a0	e8 a8 00 00 e8 94 00 00 00 00 00 00 06 b5 cf a8 	0000000000000000
  0xa8b0	00 00 00 00 10 00 00 00 24 00 00 00 ec aa 00 00 	00000000$0000000
  0xa8c0	ec 96 00 00 52 53 44 53 d7 3c 94 dc b8 af f2 12 	0000RSDS0<000000
  0xa8d0	1d fe 31 f4 42 f8 dc 28 01 00 00 00 63 6f 6d 70 	0010B00(0000comp
  0xa8e0	61 63 74 2e 70 64 62 00 47 43 54 4c 00 10 00 00 	act.pdb0GCTL0000
  0xa8f0	c0 75 00 00 2e 74 65 78 74 24 6d 6e 00 00 00 00 	0u00.text$mn0000
  0xa900	c0 85 00 00 20 00 00 00 2e 74 65 78 74 24 6d 6e 	0000 000.text$mn
  0xa910	24 30 30 00 e0 85 00 00 50 00 00 00 2e 74 65 78 	$0000000P000.tex
  0xa920	74 24 78 00 00 90 00 00 48 01 00 00 2e 72 64 61 	t$x00000H000.rda
  0xa930	74 61 24 62 72 63 00 00 48 91 00 00 50 04 00 00 	ta$brc00H000P000
  0xa940	2e 69 64 61 74 61 24 35 00 00 00 00 98 95 00 00 	.idata$500000000
  0xa950	10 00 00 00 2e 30 30 63 66 67 00 00 a8 95 00 00 	0000.00cfg000000
  0xa960	08 00 00 00 2e 43 52 54 24 58 43 41 00 00 00 00 	0000.CRT$XCA0000
  0xa970	b0 95 00 00 08 00 00 00 2e 43 52 54 24 58 43 41 	00000000.CRT$XCA
  0xa980	41 00 00 00 b8 95 00 00 08 00 00 00 2e 43 52 54 	A00000000000.CRT
  0xa990	24 58 43 5a 00 00 00 00 c0 95 00 00 08 00 00 00 	$XCZ000000000000
  0xa9a0	2e 43 52 54 24 58 49 41 00 00 00 00 c8 95 00 00 	.CRT$XIA00000000
  0xa9b0	08 00 00 00 2e 43 52 54 24 58 49 41 41 00 00 00 	0000.CRT$XIAA000
  0xa9c0	d0 95 00 00 08 00 00 00 2e 43 52 54 24 58 49 59 	00000000.CRT$XIY
  0xa9d0	00 00 00 00 d8 95 00 00 08 00 00 00 2e 43 52 54 	000000000000.CRT
  0xa9e0	24 58 49 5a 00 00 00 00 e0 95 00 00 70 00 00 00 	$XIZ00000000p000
  0xa9f0	2e 67 66 69 64 73 00 00 50 96 00 00 74 12 00 00 	.gfids00P000t000
  0xaa00	2e 72 64 61 74 61 00 00 c4 a8 00 00 4c 02 00 00 	.rdata000000L000
  0xaa10	2e 72 64 61 74 61 24 7a 7a 7a 64 62 67 00 00 00 	.rdata$zzzdbg000
  0xaa20	10 ab 00 00 1c 05 00 00 2e 78 64 61 74 61 00 00 	00000000.xdata00
  0xaa30	2c b0 00 00 f4 01 00 00 2e 69 64 61 74 61 24 32 	,0000000.idata$2
  0xaa40	00 00 00 00 20 b2 00 00 18 00 00 00 2e 69 64 61 	0000 0000000.ida
  0xaa50	74 61 24 33 00 00 00 00 38 b2 00 00 50 04 00 00 	ta$300008000P000
  0xaa60	2e 69 64 61 74 61 24 34 00 00 00 00 88 b6 00 00 	.idata$400000000
  0xaa70	64 0b 00 00 2e 69 64 61 74 61 24 36 00 00 00 00 	d000.idata$60000
  0xaa80	00 d0 00 00 60 01 00 00 2e 64 61 74 61 24 62 72 	0000`000.data$br
  0xaa90	63 00 00 00 60 d1 00 00 40 00 00 00 2e 64 61 74 	c000`000@000.dat
  0xaaa0	61 00 00 00 a0 d1 00 00 a0 40 00 00 2e 62 73 73 	a00000000@00.bss
  0xaab0	00 00 00 00 00 20 01 00 6c 03 00 00 2e 70 64 61 	00000 00l000.pda
  0xaac0	74 61 00 00 00 30 01 00 f0 00 00 00 2e 72 73 72 	ta0000000000.rsr
  0xaad0	63 24 30 31 00 00 00 00 f0 30 01 00 08 07 00 00 	c$01000000000000
  0xaae0	2e 72 73 72 63 24 30 32 00 00 00 00 20 00 00 00 	.rsrc$020000 000
  0xaaf0	d7 3c 94 dc b8 af f2 12 1d fe 31 f4 42 f8 dc 28 	0<0000000010B00(
  0xab00	39 8c 19 2a e3 94 cd 53 b0 a3 54 c7 06 b5 cf a8 	900*000S00T00000
  0xab10	01 0a 04 00 0a 34 06 00 0a 32 06 70 01 1a 04 00 	00000400020p0000
  0xab20	1a 92 16 60 15 50 14 30 01 16 05 00 16 a2 12 70 	000`0P000000000p
  0xab30	11 60 10 50 0f 30 00 00 19 37 0d 00 26 74 a9 00 	0`0P00000700&t00
  0xab40	26 64 a8 00 26 34 a6 00 26 01 a0 00 18 f0 16 e0 	&d00&400&0000000
  0xab50	14 d0 12 c0 10 50 00 00 28 85 00 00 f0 04 00 00 	00000P00(0000000
  0xab60	01 19 0a 00 19 74 0d 00 19 64 0c 00 19 54 0b 00 	00000t000d000T00
  0xab70	19 34 0a 00 19 72 15 e0 01 1d 0c 00 1d 74 11 00 	04000r0000000t00
  0xab80	1d 64 10 00 1d 54 0f 00 1d 34 0e 00 1d 92 19 f0 	0d000T0004000000
  0xab90	17 e0 15 c0 19 16 01 00 07 e2 00 00 28 85 00 00 	000000000000(000
  0xaba0	60 00 00 00 01 14 08 00 14 64 08 00 14 54 07 00 	`00000000d000T00
  0xabb0	14 34 06 00 14 32 10 70 19 31 0d 00 23 74 2f 00 	0400020p0100#t/0
  0xabc0	23 64 2d 00 23 34 2c 00 23 01 26 00 18 f0 16 e0 	#d-0#4,0#0&00000
  0xabd0	14 d0 12 c0 10 50 00 00 28 85 00 00 20 01 00 00 	00000P00(000 000
  0xabe0	19 25 08 00 16 54 16 00 16 34 15 00 16 f2 0f f0 	0%000T0004000000
  0xabf0	0d 70 0c 60 28 85 00 00 78 00 00 00 01 04 01 00 	0p0`(000x0000000
  0xac00	04 82 00 00 19 2f 0d 00 21 68 08 00 1d 34 1d 00 	00000/00!h000400
  0xac10	1d 01 12 00 12 f0 10 e0 0e d0 0c c0 0a 70 09 60 	0000000000000p0`
  0xac20	08 50 00 00 28 85 00 00 70 00 00 00 19 30 0b 00 	0P00(000p0000000
  0xac30	1f 34 5b 00 1f 01 50 00 10 f0 0e e0 0c d0 0a c0 	04[000P000000000
  0xac40	08 70 07 60 06 50 00 00 28 85 00 00 70 02 00 00 	0p0`0P00(000p000
  0xac50	19 37 0d 00 26 68 24 00 22 74 51 00 22 64 50 00 	0700&h$0"tQ0"dP0
  0xac60	22 34 4f 00 22 01 4a 00 14 f0 12 e0 10 50 00 00 	"4O0"0J000000P00
  0xac70	28 85 00 00 30 02 00 00 19 2c 0c 00 1e 68 08 00 	(00000000,000h00
  0xac80	1a 01 13 00 0f f0 0d e0 0b d0 09 c0 07 70 06 60 	0000000000000p0`
  0xac90	05 30 04 50 28 85 00 00 78 00 00 00 19 1b 06 00 	000P(000x0000000
  0xaca0	0c 34 13 00 0c b2 08 70 07 60 06 50 28 85 00 00 	0400000p0`0P(000
  0xacb0	50 00 00 00 19 30 0b 00 1f 34 65 00 1f 01 5a 00 	P000000004e000Z0
  0xacc0	10 f0 0e e0 0c d0 0a c0 08 70 07 60 06 50 00 00 	000000000p0`0P00
  0xacd0	28 85 00 00 c0 02 00 00 19 37 0d 00 26 68 1d 00 	(00000000700&h00
  0xace0	22 74 43 00 22 64 42 00 22 34 41 00 22 01 3c 00 	"tC0"dB0"4A0"0<0
  0xacf0	14 f0 12 e0 10 50 00 00 28 85 00 00 c0 01 00 00 	00000P00(0000000
  0xad00	19 1c 06 00 0d d2 09 e0 07 70 06 60 05 50 04 30 	000000000p0`0P00
  0xad10	28 85 00 00 60 00 00 00 19 30 0b 00 1f 34 61 00 	(000`000000004a0
  0xad20	1f 01 56 00 10 f0 0e e0 0c d0 0a c0 08 70 07 60 	00V0000000000p0`
  0xad30	06 50 00 00 28 85 00 00 a0 02 00 00 19 1b 03 00 	0P00(00000000000
  0xad40	09 01 18 00 02 30 00 00 28 85 00 00 b0 00 00 00 	00000000(0000000
  0xad50	19 23 06 00 15 74 14 00 15 34 13 00 15 f2 0b 50 	0#000t000400000P
  0xad60	28 85 00 00 78 00 00 00 19 1b 04 00 0d 34 0e 00 	(000x00000000400
  0xad70	0d b2 06 50 28 85 00 00 58 00 00 00 01 08 04 00 	000P(000X0000000
  0xad80	08 72 04 70 03 60 02 30 19 24 09 00 12 01 48 00 	0r0p0`000$0000H0
  0xad90	0b f0 09 e0 07 c0 05 70 04 60 03 50 02 30 00 00 	0000000p0`0P0000
  0xada0	28 85 00 00 30 02 00 00 01 0a 04 00 0a 34 09 00 	(000000000000400
  0xadb0	0a 52 06 70 01 0c 04 00 0c 34 0e 00 0c b2 08 70 	0R0p00000400000p
  0xadc0	01 13 06 00 13 64 0a 00 13 34 08 00 13 52 0f 70 	00000d0004000R0p
  0xadd0	01 09 02 00 09 92 05 30 19 24 07 00 12 64 97 00 	000000000$000d00
  0xade0	12 34 96 00 12 01 92 00 0b 70 00 00 28 85 00 00 	040000000p00(000
  0xadf0	80 04 00 00 01 0f 06 00 0f 64 07 00 0f 34 06 00 	000000000d000400
  0xae00	0f 32 0b 70 01 06 02 00 06 32 02 30 19 2f 09 00 	020p000002000/00
  0xae10	1e 74 91 00 1e 64 8f 00 1e 34 8e 00 1e 01 8c 00 	0t000d0004000000
  0xae20	10 50 00 00 28 85 00 00 50 04 00 00 01 0c 04 00 	0P00(000P0000000
  0xae30	0c 34 0a 00 0c 72 08 70 01 14 04 00 14 34 08 00 	04000r0p00000400
  0xae40	14 52 10 70 01 0c 02 00 0c 92 08 30 01 04 01 00 	0R0p000000000000
  0xae50	04 42 00 00 01 1b 0a 00 1b 34 18 00 1b d2 14 f0 	0B00000004000000
  0xae60	12 e0 10 d0 0e c0 0c 70 0b 60 0a 50 01 14 09 00 	0000000p0`0P0000
  0xae70	14 c2 0d f0 0b e0 09 d0 07 c0 05 70 04 60 03 30 	00000000000p0`00
  0xae80	02 50 00 00 01 16 0a 00 16 34 11 00 16 72 12 f0 	0P00000004000r00
  0xae90	10 e0 0e d0 0c c0 0a 70 09 60 08 50 01 1f 0b 00 	0000000p0`0P0000
  0xaea0	1f 74 1a 00 1f 64 19 00 1f 34 18 00 1f 01 14 00 	0t000d0004000000
  0xaeb0	14 f0 12 e0 10 50 00 00 19 1b 06 00 0c 92 08 f0 	00000P0000000000
  0xaec0	06 e0 04 70 03 60 02 30 28 85 00 00 40 00 00 00 	000p0`00(000@000
  0xaed0	19 1f 05 00 0d 34 37 00 0d 01 34 00 06 70 00 00 	0000047000400p00
  0xaee0	28 85 00 00 90 01 00 00 01 10 06 00 10 64 11 00 	(000000000000d00
  0xaef0	10 34 10 00 10 d2 0c 70 01 22 09 00 22 e2 1b f0 	0400000p0"00"000
  0xaf00	19 e0 17 d0 15 c0 13 70 12 60 11 30 10 50 00 00 	0000000p0`000P00
  0xaf10	19 29 0b 00 17 34 29 00 17 01 1e 00 10 f0 0e e0 	0)0004)000000000
  0xaf20	0c d0 0a c0 08 70 07 60 06 50 00 00 28 85 00 00 	00000p0`0P00(000
  0xaf30	e0 00 00 00 19 26 09 00 18 34 23 00 18 01 1a 00 	00000&0004#00000
  0xaf40	0c f0 0a e0 08 70 07 60 06 50 00 00 28 85 00 00 	00000p0`0P00(000
  0xaf50	c0 00 00 00 01 13 06 00 13 74 0d 00 13 34 0c 00 	000000000t000400
  0xaf60	13 92 0c 50 01 18 09 00 18 c2 11 f0 0f e0 0d d0 	000P000000000000
  0xaf70	0b c0 09 70 08 60 07 30 06 50 00 00 01 04 01 00 	000p0`000P000000
  0xaf80	04 62 00 00 09 15 08 00 15 74 0a 00 15 64 09 00 	0b0000000t000d00
  0xaf90	15 34 08 00 15 52 11 f0 fa 84 00 00 01 00 00 00 	04000R0000000000
  0xafa0	35 7d 00 00 9b 7e 00 00 e0 85 00 00 9b 7e 00 00 	5}000~0000000~00
  0xafb0	01 06 02 00 06 32 02 50 01 00 00 00 01 04 01 00 	0000020P00000000
  0xafc0	04 e2 00 00 01 0c 02 00 0c 01 11 00 09 04 01 00 	0000000000000000
  0xafd0	04 22 00 00 fa 84 00 00 01 00 00 00 7c 82 00 00 	0"0000000000|000
  0xafe0	b2 82 00 00 01 00 00 00 b2 82 00 00 09 0a 04 00 	0000000000000000
  0xaff0	0a 34 06 00 0a 32 06 70 fa 84 00 00 01 00 00 00 	0400020p00000000
  0xb000	8d 83 00 00 c0 83 00 00 10 86 00 00 c0 83 00 00 	0000000000000000
  0xb010	01 0d 04 00 0d 34 09 00 0d 32 06 50 00 00 00 00 	00000400020P0000
  0xb020	01 00 00 00 01 02 01 00 02 30 00 00 08 b6 00 00 	0000000000000000
  0xb030	00 00 00 00 00 00 00 00 a0 b6 00 00 18 95 00 00 	0000000000000000
  0xb040	48 b2 00 00 00 00 00 00 00 00 00 00 2c ba 00 00 	H00000000000,000
  0xb050	58 91 00 00 a8 b3 00 00 00 00 00 00 00 00 00 00 	X000000000000000
  0xb060	50 ba 00 00 b8 92 00 00 90 b2 00 00 00 00 00 00 	P000000000000000
  0xb070	00 00 00 00 7e ba 00 00 a0 91 00 00 80 b3 00 00 	0000~00000000000
  0xb080	00 00 00 00 00 00 00 00 9e ba 00 00 90 92 00 00 	0000000000000000
  0xb090	78 b4 00 00 00 00 00 00 00 00 00 00 c6 ba 00 00 	x000000000000000
  0xb0a0	88 93 00 00 68 b2 00 00 00 00 00 00 00 00 00 00 	0000h00000000000
  0xb0b0	e8 ba 00 00 78 91 00 00 18 b3 00 00 00 00 00 00 	0000x00000000000
  0xb0c0	00 00 00 00 12 bb 00 00 28 92 00 00 40 b3 00 00 	00000000(000@000
  0xb0d0	00 00 00 00 00 00 00 00 32 bb 00 00 50 92 00 00 	000000002000P000
  0xb0e0	88 b4 00 00 00 00 00 00 00 00 00 00 50 bb 00 00 	000000000000P000
  0xb0f0	98 93 00 00 08 b3 00 00 00 00 00 00 00 00 00 00 	0000000000000000
  0xb100	72 bb 00 00 18 92 00 00 70 b3 00 00 00 00 00 00 	r0000000p0000000
  0xb110	00 00 00 00 94 bb 00 00 80 92 00 00 c8 b4 00 00 	0000000000000000
  0xb120	00 00 00 00 00 00 00 00 be bb 00 00 d8 93 00 00 	0000000000000000
  0xb130	50 b3 00 00 00 00 00 00 00 00 00 00 e2 bb 00 00 	P000000000000000
  0xb140	60 92 00 00 38 b4 00 00 00 00 00 00 00 00 00 00 	`000800000000000
  0xb150	0c bc 00 00 48 93 00 00 c8 b3 00 00 00 00 00 00 	0000H00000000000
  0xb160	00 00 00 00 30 bc 00 00 d8 92 00 00 f8 b2 00 00 	0000000000000000
  0xb170	00 00 00 00 00 00 00 00 5a bc 00 00 08 92 00 00 	00000000Z0000000
  0xb180	00 b5 00 00 00 00 00 00 00 00 00 00 7a bc 00 00 	000000000000z000
  0xb190	10 94 00 00 28 b5 00 00 00 00 00 00 00 00 00 00 	0000(00000000000
  0xb1a0	9e bc 00 00 38 94 00 00 38 b5 00 00 00 00 00 00 	0000800080000000
  0xb1b0	00 00 00 00 e0 bd 00 00 48 94 00 00 b8 b4 00 00 	00000000H0000000
  0xb1c0	00 00 00 00 00 00 00 00 1e c1 00 00 c8 93 00 00 	0000000000000000
  0xb1d0	10 b4 00 00 00 00 00 00 00 00 00 00 40 c1 00 00 	000000000000@000
  0xb1e0	20 93 00 00 f0 b4 00 00 00 00 00 00 00 00 00 00 	 000000000000000
  0xb1f0	64 c1 00 00 00 94 00 00 28 b4 00 00 00 00 00 00 	d0000000(0000000
  0xb200	00 00 00 00 88 c1 00 00 38 93 00 00 38 b2 00 00 	0000000080008000
  0xb210	00 00 00 00 00 00 00 00 c0 c1 00 00 48 91 00 00 	000000000000H000
  0xb220	00 00 00 00 00 00 00 00 00 00 00 00 00 00 00 00 	0000000000000000
  0xb230	00 00 00 00 00 00 00 00 aa c1 00 00 00 00 00 00 	0000000000000000
  0xb240	00 00 00 00 00 00 00 00 04 b7 00 00 00 00 00 00 	0000000000000000
  0xb250	aa b6 00 00 00 00 00 00 28 b7 00 00 00 00 00 00 	00000000(0000000
  0xb260	00 00 00 00 00 00 00 00 5c bf 00 00 00 00 00 00 	0000000000000000
  0xb270	d2 b8 00 00 00 00 00 00 70 b7 00 00 00 00 00 00 	00000000p0000000
  0xb280	40 bf 00 00 00 00 00 00 00 00 00 00 00 00 00 00 	@000000000000000
  0xb290	4e b8 00 00 00 00 00 00 4e b7 00 00 00 00 00 00 	N0000000N0000000
  0xb2a0	5c b7 00 00 00 00 00 00 d0 b6 00 00 00 00 00 00 	0000000000000000
  0xb2b0	ac b9 00 00 00 00 00 00 96 b9 00 00 00 00 00 00 	0000000000000000
  0xb2c0	6e b9 00 00 00 00 00 00 62 b9 00 00 00 00 00 00 	n0000000b0000000
  0xb2d0	0e c1 00 00 00 00 00 00 e2 b8 00 00 00 00 00 00 	0000000000000000
  0xb2e0	04 b8 00 00 00 00 00 00 ac b8 00 00 00 00 00 00 	0000000000000000
  0xb2f0	00 00 00 00 00 00 00 00 34 b9 00 00 00 00 00 00 	0000000040000000
  0xb300	00 00 00 00 00 00 00 00 22 b8 00 00 00 00 00 00 	00000000"0000000
  0xb310	00 00 00 00 00 00 00 00 3c b8 00 00 00 00 00 00 	00000000<0000000
  0xb320	e6 b7 00 00 00 00 00 00 80 b7 00 00 00 00 00 00 	0000000000000000
  0xb330	30 b8 00 00 00 00 00 00 00 00 00 00 00 00 00 00 	0000000000000000
  0xb340	f2 b7 00 00 00 00 00 00 00 00 00 00 00 00 00 00 	0000000000000000
  0xb350	9e b8 00 00 00 00 00 00 8c b8 00 00 00 00 00 00 	0000000000000000
  0xb360	8e bf 00 00 00 00 00 00 00 00 00 00 00 00 00 00 	0000000000000000
  0xb370	64 b8 00 00 00 00 00 00 00 00 00 00 00 00 00 00 	d000000000000000
  0xb380	f2 b6 00 00 00 00 00 00 dc b6 00 00 00 00 00 00 	0000000000000000
  0xb390	16 b7 00 00 00 00 00 00 c6 b7 00 00 00 00 00 00 	0000000000000000
  0xb3a0	00 00 00 00 00 00 00 00 ae b7 00 00 00 00 00 00 	0000000000000000
  0xb3b0	c0 b6 00 00 00 00 00 00 96 b7 00 00 00 00 00 00 	0000000000000000
  0xb3c0	00 00 00 00 00 00 00 00 d2 bf 00 00 00 00 00 00 	0000000000000000
  0xb3d0	7a bf 00 00 00 00 00 00 12 c0 00 00 00 00 00 00 	z000000000000000
  0xb3e0	d6 c0 00 00 00 00 00 00 f2 b8 00 00 00 00 00 00 	0000000000000000
  0xb3f0	4e b9 00 00 00 00 00 00 bc bf 00 00 00 00 00 00 	N000000000000000
  0xb400	90 c0 00 00 00 00 00 00 00 00 00 00 00 00 00 00 	0000000000000000
  0xb410	a2 bf 00 00 00 00 00 00 a4 c0 00 00 00 00 00 00 	0000000000000000
  0xb420	00 00 00 00 00 00 00 00 e6 c0 00 00 00 00 00 00 	0000000000000000
  0xb430	00 00 00 00 00 00 00 00 ee b9 00 00 00 00 00 00 	0000000000000000
  0xb440	06 b9 00 00 00 00 00 00 84 b9 00 00 00 00 00 00 	0000000000000000
  0xb450	ca b9 00 00 00 00 00 00 be b8 00 00 00 00 00 00 	0000000000000000
  0xb460	16 b9 00 00 00 00 00 00 24 b9 00 00 00 00 00 00 	00000000$0000000
  0xb470	00 00 00 00 00 00 00 00 38 b7 00 00 00 00 00 00 	0000000080000000
  0xb480	00 00 00 00 00 00 00 00 24 c0 00 00 00 00 00 00 	00000000$0000000
  0xb490	12 b8 00 00 00 00 00 00 34 c0 00 00 00 00 00 00 	0000000040000000
  0xb4a0	5a c0 00 00 00 00 00 00 84 c0 00 00 00 00 00 00 	Z000000000000000
  0xb4b0	00 00 00 00 00 00 00 00 38 bf 00 00 00 00 00 00 	0000000080000000
  0xb4c0	00 00 00 00 00 00 00 00 e8 bf 00 00 00 00 00 00 	0000000000000000
  0xb4d0	02 c0 00 00 00 00 00 00 4a c0 00 00 00 00 00 00 	00000000J0000000
  0xb4e0	74 b8 00 00 00 00 00 00 00 00 00 00 00 00 00 00 	t000000000000000
  0xb4f0	c0 c0 00 00 00 00 00 00 00 00 00 00 00 00 00 00 	0000000000000000
  0xb500	fe c0 00 00 00 00 00 00 fc b9 00 00 00 00 00 00 	0000000000000000
  0xb510	6a c0 00 00 00 00 00 00 dc b9 00 00 00 00 00 00 	j000000000000000
  0xb520	00 00 00 00 00 00 00 00 14 ba 00 00 00 00 00 00 	0000000000000000
  0xb530	00 00 00 00 00 00 00 00 2e bd 00 00 00 00 00 00 	00000000.0000000
  0xb540	20 bd 00 00 00 00 00 00 14 bd 00 00 00 00 00 00 	 000000000000000
  0xb550	88 bd 00 00 00 00 00 00 80 bd 00 00 00 00 00 00 	0000000000000000
  0xb560	ec bd 00 00 00 00 00 00 fc bc 00 00 00 00 00 00 	0000000000000000
  0xb570	f2 bc 00 00 00 00 00 00 ca bd 00 00 00 00 00 00 	0000000000000000
  0xb580	e6 bc 00 00 00 00 00 00 da bc 00 00 00 00 00 00 	0000000000000000
  0xb590	e2 c1 00 00 00 00 00 00 b2 bd 00 00 00 00 00 00 	0000000000000000
  0xb5a0	78 bd 00 00 00 00 00 00 d4 bd 00 00 00 00 00 00 	x000000000000000
  0xb5b0	a6 bd 00 00 00 00 00 00 66 bd 00 00 00 00 00 00 	00000000f0000000
  0xb5c0	08 bd 00 00 00 00 00 00 92 bd 00 00 00 00 00 00 	0000000000000000
  0xb5d0	54 bd 00 00 00 00 00 00 46 bd 00 00 00 00 00 00 	T0000000F0000000
  0xb5e0	ce c1 00 00 00 00 00 00 d8 c1 00 00 00 00 00 00 	0000000000000000
  0xb5f0	38 bd 00 00 00 00 00 00 c8 bc 00 00 00 00 00 00 	8000000000000000
  0xb600	00 00 00 00 00 00 00 00 0a bf 00 00 00 00 00 00 	0000000000000000
  0xb610	f2 be 00 00 00 00 00 00 de be 00 00 00 00 00 00 	0000000000000000
  0xb620	c8 be 00 00 00 00 00 00 b2 be 00 00 00 00 00 00 	0000000000000000
  0xb630	90 be 00 00 00 00 00 00 7a be 00 00 00 00 00 00 	00000000z0000000
  0xb640	60 be 00 00 00 00 00 00 54 be 00 00 00 00 00 00 	`0000000T0000000
  0xb650	42 be 00 00 00 00 00 00 2e be 00 00 00 00 00 00 	B0000000.0000000
  0xb660	14 be 00 00 00 00 00 00 00 be 00 00 00 00 00 00 	0000000000000000
  0xb670	18 bf 00 00 00 00 00 00 88 b6 00 00 00 00 00 00 	0000000000000000
  0xb680	00 00 00 00 00 00 00 00 fd 04 52 74 6c 4e 74 53 	0000000000RtlNtS
  0xb690	74 61 74 75 73 54 6f 44 6f 73 45 72 72 6f 72 00 	tatusToDosError0
  0xb6a0	6e 74 64 6c 6c 2e 64 6c 6c 00 07 00 47 65 74 43 	ntdll.dll000GetC
  0xb6b0	6f 6e 73 6f 6c 65 4f 75 74 70 75 74 43 50 00 00 	onsoleOutputCP00
  0xb6c0	0c 00 47 65 74 53 74 64 48 61 6e 64 6c 65 00 00 	00GetStdHandle00
  0xb6d0	5b 00 57 72 69 74 65 46 69 6c 65 00 3f 00 53 65 	[0WriteFile0?0Se
  0xb6e0	74 54 68 72 65 61 64 55 49 4c 61 6e 67 75 61 67 	tThreadUILanguag
  0xb6f0	65 00 15 00 47 65 74 4c 6f 63 61 6c 65 49 6e 66 	e000GetLocaleInf
  0xb700	6f 57 00 00 06 00 47 65 74 43 6f 6e 73 6f 6c 65 	oW0000GetConsole
  0xb710	4d 6f 64 65 00 00 09 00 46 6f 72 6d 61 74 4d 65 	Mode0000FormatMe
  0xb720	73 73 61 67 65 57 00 00 13 00 57 72 69 74 65 43 	ssageW0000WriteC
  0xb730	6f 6e 73 6f 6c 65 57 00 07 00 57 69 64 65 43 68 	onsoleW000WideCh
  0xb740	61 72 54 6f 4d 75 6c 74 69 42 79 74 65 00 31 00 	arToMultiByte010
  0xb750	47 65 74 46 69 6c 65 54 79 70 65 00 35 00 47 65 	GetFileType050Ge
  0xb760	74 46 75 6c 6c 50 61 74 68 4e 61 6d 65 57 00 00 	tFullPathNameW00
  0xb770	05 00 47 65 74 4c 61 73 74 45 72 72 6f 72 00 00 	00GetLastError00
  0xb780	0a 00 48 65 61 70 53 65 74 49 6e 66 6f 72 6d 61 	00HeapSetInforma
  0xb790	74 69 6f 6e 00 00 07 00 47 65 74 43 75 72 72 65 	tion0000GetCurre
  0xb7a0	6e 74 44 69 72 65 63 74 6f 72 79 57 00 00 12 00 	ntDirectoryW0000
  0xb7b0	53 65 74 43 75 72 72 65 6e 74 44 69 72 65 63 74 	SetCurrentDirect
  0xb7c0	6f 72 79 57 00 00 3d 00 53 65 74 54 68 72 65 61 	oryW00=0SetThrea
  0xb7d0	64 50 72 65 66 65 72 72 65 64 55 49 4c 61 6e 67 	dPreferredUILang
  0xb7e0	75 61 67 65 73 00 06 00 48 65 61 70 46 72 65 65 	uages000HeapFree
  0xb7f0	00 00 04 00 44 65 76 69 63 65 49 6f 43 6f 6e 74 	0000DeviceIoCont
  0xb800	72 6f 6c 00 06 00 43 72 65 61 74 65 46 69 6c 65 	rol000CreateFile
  0xb810	57 00 06 00 43 72 65 61 74 65 45 76 65 6e 74 57 	W000CreateEventW
  0xb820	00 00 00 00 43 6c 6f 73 65 48 61 6e 64 6c 65 00 	0000CloseHandle0
  0xb830	02 00 48 65 61 70 41 6c 6c 6f 63 00 00 00 47 65 	00HeapAlloc000Ge
  0xb840	74 50 72 6f 63 65 73 73 48 65 61 70 00 00 43 00 	tProcessHeap00C0
  0xb850	47 65 74 56 6f 6c 75 6d 65 50 61 74 68 4e 61 6d 	GetVolumePathNam
  0xb860	65 57 00 00 19 00 4c 6f 61 64 4c 69 62 72 61 72 	eW0000LoadLibrar
  0xb870	79 57 00 00 20 00 47 65 74 57 69 6e 64 6f 77 73 	yW00 0GetWindows
  0xb880	44 69 72 65 63 74 6f 72 79 57 00 00 15 00 47 65 	DirectoryW0000Ge
  0xb890	74 50 72 6f 63 41 64 64 72 65 73 73 00 00 0c 00 	tProcAddress0000
  0xb8a0	46 72 65 65 4c 69 62 72 61 72 79 00 14 00 46 69 	FreeLibrary000Fi
  0xb8b0	6e 64 46 69 72 73 74 46 69 6c 65 57 00 00 25 00 	ndFirstFileW00%0
  0xb8c0	52 65 67 51 75 65 72 79 56 61 6c 75 65 45 78 57 	RegQueryValueExW
  0xb8d0	00 00 0d 00 53 65 74 4c 61 73 74 45 72 72 6f 72 	0000SetLastError
  0xb8e0	00 00 1a 00 46 69 6e 64 4e 65 78 74 46 69 6c 65 	0000FindNextFile
  0xb8f0	57 00 0c 00 47 65 74 43 75 72 72 65 6e 74 50 72 	W000GetCurrentPr
  0xb900	6f 63 65 73 73 00 1e 00 52 65 67 4f 70 65 6e 4b 	ocess000RegOpenK
  0xb910	65 79 45 78 57 00 18 00 52 65 67 4c 6f 61 64 4b 	eyExW000RegLoadK
  0xb920	65 79 57 00 30 00 52 65 67 55 6e 4c 6f 61 64 4b 	eyW000RegUnLoadK
  0xb930	65 79 57 00 20 00 47 65 74 43 6f 6d 70 72 65 73 	eyW0 0GetCompres
  0xb940	73 65 64 46 69 6c 65 53 69 7a 65 57 00 00 31 00 	sedFileSizeW0010
  0xb950	4f 70 65 6e 50 72 6f 63 65 73 73 54 6f 6b 65 6e 	OpenProcessToken
  0xb960	00 00 0c 00 46 69 6e 64 43 6c 6f 73 65 00 2c 00 	0000FindClose0,0
  0xb970	47 65 74 46 69 6c 65 41 74 74 72 69 62 75 74 65 	GetFileAttribute
  0xb980	73 57 00 00 2e 00 52 65 67 53 65 74 56 61 6c 75 	sW00.0RegSetValu
  0xb990	65 45 78 57 00 00 52 00 53 65 74 46 69 6c 65 41 	eExW00R0SetFileA
  0xb9a0	74 74 72 69 62 75 74 65 73 57 00 00 2d 00 47 65 	ttributesW00-0Ge
  0xb9b0	74 46 69 6c 65 49 6e 66 6f 72 6d 61 74 69 6f 6e 	tFileInformation
  0xb9c0	42 79 48 61 6e 64 6c 65 00 00 03 00 52 65 67 43 	ByHandle0000RegC
  0xb9d0	72 65 61 74 65 4b 65 79 45 78 57 00 56 00 50 72 	reateKeyExW0V0Pr
  0xb9e0	69 76 69 6c 65 67 65 43 68 65 63 6b 00 00 00 00 	ivilegeCheck0000
  0xb9f0	52 65 67 43 6c 6f 73 65 4b 65 79 00 15 00 41 64 	RegCloseKey000Ad
  0xba00	6a 75 73 74 54 6f 6b 65 6e 50 72 69 76 69 6c 65 	justTokenPrivile
  0xba10	67 65 73 00 04 00 4c 6f 6f 6b 75 70 50 72 69 76 	ges000LookupPriv
  0xba20	69 6c 65 67 65 56 61 6c 75 65 57 00 61 70 69 2d 	ilegeValueW0api-
  0xba30	6d 73 2d 77 69 6e 2d 63 6f 72 65 2d 63 6f 6e 73 	ms-win-core-cons
  0xba40	6f 6c 65 2d 6c 31 2d 31 2d 30 2e 64 6c 6c 00 00 	ole-l1-1-0.dll00
  0xba50	61 70 69 2d 6d 73 2d 77 69 6e 2d 63 6f 72 65 2d 	api-ms-win-core-
  0xba60	70 72 6f 63 65 73 73 65 6e 76 69 72 6f 6e 6d 65 	processenvironme
  0xba70	6e 74 2d 6c 31 2d 31 2d 30 2e 64 6c 6c 00 61 70 	nt-l1-1-0.dll0ap
  0xba80	69 2d 6d 73 2d 77 69 6e 2d 63 6f 72 65 2d 66 69 	i-ms-win-core-fi
  0xba90	6c 65 2d 6c 31 2d 31 2d 30 2e 64 6c 6c 00 61 70 	le-l1-1-0.dll0ap
  0xbaa0	69 2d 6d 73 2d 77 69 6e 2d 63 6f 72 65 2d 6c 6f 	i-ms-win-core-lo
  0xbab0	63 61 6c 69 7a 61 74 69 6f 6e 2d 6c 31 2d 32 2d 	calization-l1-2-
  0xbac0	30 2e 64 6c 6c 00 61 70 69 2d 6d 73 2d 77 69 6e 	0.dll0api-ms-win
  0xbad0	2d 63 6f 72 65 2d 73 74 72 69 6e 67 2d 6c 31 2d 	-core-string-l1-
  0xbae0	31 2d 30 2e 64 6c 6c 00 61 70 69 2d 6d 73 2d 77 	1-0.dll0api-ms-w
  0xbaf0	69 6e 2d 63 6f 72 65 2d 65 72 72 6f 72 68 61 6e 	in-core-errorhan
  0xbb00	64 6c 69 6e 67 2d 6c 31 2d 31 2d 30 2e 64 6c 6c 	dling-l1-1-0.dll
  0xbb10	00 00 61 70 69 2d 6d 73 2d 77 69 6e 2d 63 6f 72 	00api-ms-win-cor
  0xbb20	65 2d 68 65 61 70 2d 6c 31 2d 31 2d 30 2e 64 6c 	e-heap-l1-1-0.dl
  0xbb30	6c 00 61 70 69 2d 6d 73 2d 77 69 6e 2d 63 6f 72 	l0api-ms-win-cor
  0xbb40	65 2d 69 6f 2d 6c 31 2d 31 2d 30 2e 64 6c 6c 00 	e-io-l1-1-0.dll0
  0xbb50	61 70 69 2d 6d 73 2d 77 69 6e 2d 63 6f 72 65 2d 	api-ms-win-core-
  0xbb60	73 79 6e 63 68 2d 6c 31 2d 31 2d 30 2e 64 6c 6c 	synch-l1-1-0.dll
  0xbb70	00 00 61 70 69 2d 6d 73 2d 77 69 6e 2d 63 6f 72 	00api-ms-win-cor
  0xbb80	65 2d 68 61 6e 64 6c 65 2d 6c 31 2d 31 2d 30 2e 	e-handle-l1-1-0.
  0xbb90	64 6c 6c 00 61 70 69 2d 6d 73 2d 77 69 6e 2d 63 	dll0api-ms-win-c
  0xbba0	6f 72 65 2d 6c 69 62 72 61 72 79 6c 6f 61 64 65 	ore-libraryloade
  0xbbb0	72 2d 6c 31 2d 32 2d 31 2e 64 6c 6c 00 00 61 70 	r-l1-2-1.dll00ap
  0xbbc0	69 2d 6d 73 2d 77 69 6e 2d 63 6f 72 65 2d 73 79 	i-ms-win-core-sy
  0xbbd0	73 69 6e 66 6f 2d 6c 31 2d 31 2d 30 2e 64 6c 6c 	sinfo-l1-1-0.dll
  0xbbe0	00 00 61 70 69 2d 6d 73 2d 77 69 6e 2d 63 6f 72 	00api-ms-win-cor
  0xbbf0	65 2d 6c 69 62 72 61 72 79 6c 6f 61 64 65 72 2d 	e-libraryloader-
  0xbc00	6c 31 2d 32 2d 30 2e 64 6c 6c 00 00 61 70 69 2d 	l1-2-0.dll00api-
  0xbc10	6d 73 2d 77 69 6e 2d 63 6f 72 65 2d 72 65 67 69 	ms-win-core-regi
  0xbc20	73 74 72 79 2d 6c 31 2d 31 2d 30 2e 64 6c 6c 00 	stry-l1-1-0.dll0
  0xbc30	61 70 69 2d 6d 73 2d 77 69 6e 2d 63 6f 72 65 2d 	api-ms-win-core-
  0xbc40	70 72 6f 63 65 73 73 74 68 72 65 61 64 73 2d 6c 	processthreads-l
  0xbc50	31 2d 31 2d 30 2e 64 6c 6c 00 61 70 69 2d 6d 73 	1-1-0.dll0api-ms
  0xbc60	2d 77 69 6e 2d 63 6f 72 65 2d 66 69 6c 65 2d 6c 	-win-core-file-l
  0xbc70	31 2d 32 2d 31 2e 64 6c 6c 00 61 70 69 2d 6d 73 	1-2-1.dll0api-ms
  0xbc80	2d 77 69 6e 2d 73 65 63 75 72 69 74 79 2d 62 61 	-win-security-ba
  0xbc90	73 65 2d 6c 31 2d 31 2d 30 2e 64 6c 6c 00 61 70 	se-l1-1-0.dll0ap
  0xbca0	69 2d 6d 73 2d 77 69 6e 2d 73 65 63 75 72 69 74 	i-ms-win-securit
  0xbcb0	79 2d 6c 73 61 6c 6f 6f 6b 75 70 2d 6c 32 2d 31 	y-lsalookup-l2-1
  0xbcc0	2d 30 2e 64 6c 6c 00 00 55 01 5f 67 65 74 5f 6f 	-0.dll00U0_get_o
  0xbcd0	73 66 68 61 6e 64 6c 65 00 00 05 05 77 63 73 63 	sfhandle0000wcsc
  0xbce0	70 79 5f 73 00 00 00 05 77 63 73 63 61 74 5f 73 	py_s0000wcscat_s
  0xbcf0	00 00 01 05 77 63 73 63 68 72 00 00 8a 03 5f 77 	0000wcschr0000_w
  0xbd00	63 73 69 63 6d 70 00 00 94 03 5f 77 63 73 6e 69 	csicmp0000_wcsni
  0xbd10	63 6d 70 00 93 04 6d 65 6d 63 70 79 5f 73 00 00 	cmp000memcpy_s00
  0xbd20	dc 04 73 77 70 72 69 6e 74 66 5f 73 00 00 0b 05 	00swprintf_s0000
  0xbd30	77 63 73 6e 63 6d 70 00 55 00 5f 58 63 70 74 46 	wcsncmp0U0_XcptF
  0xbd40	69 6c 74 65 72 00 ae 00 5f 61 6d 73 67 5f 65 78 	ilter000_amsg_ex
  0xbd50	69 74 00 00 9d 00 5f 5f 77 67 65 74 6d 61 69 6e 	it0000__wgetmain
  0xbd60	61 72 67 73 00 00 8e 00 5f 5f 73 65 74 5f 61 70 	args0000__set_ap
  0xbd70	70 5f 74 79 70 65 00 00 32 04 65 78 69 74 00 00 	p_type0020exit00
  0xbd80	0e 01 5f 65 78 69 74 00 c1 00 5f 63 65 78 69 74 	00_exit000_cexit
  0xbd90	00 00 90 00 5f 5f 73 65 74 75 73 65 72 6d 61 74 	0000__setusermat
  0xbda0	68 65 72 72 00 00 7d 01 5f 69 6e 69 74 74 65 72 	herr00}0_initter
  0xbdb0	6d 00 57 00 5f 5f 43 5f 73 70 65 63 69 66 69 63 	m0W0__C_specific
  0xbdc0	5f 68 61 6e 64 6c 65 72 00 00 27 01 5f 66 6d 6f 	_handler00'0_fmo
  0xbdd0	64 65 00 00 d2 00 5f 63 6f 6d 6d 6f 64 65 00 00 	de0000_commode00
  0xbde0	6d 73 76 63 72 74 2e 64 6c 6c 00 00 2f 00 3f 74 	msvcrt.dll00/0?t
  0xbdf0	65 72 6d 69 6e 61 74 65 40 40 59 41 58 58 5a 00 	erminate@@YAXXZ0
  0xbe00	f2 02 52 74 6c 43 61 70 74 75 72 65 43 6f 6e 74 	00RtlCaptureCont
  0xbe10	65 78 74 00 e8 04 52 74 6c 4c 6f 6f 6b 75 70 46 	ext000RtlLookupF
  0xbe20	75 6e 63 74 69 6f 6e 45 6e 74 72 79 00 00 27 06 	unctionEntry00'0
  0xbe30	52 74 6c 56 69 72 74 75 61 6c 55 6e 77 69 6e 64 	RtlVirtualUnwind
  0xbe40	00 00 d2 02 52 74 6c 41 6c 6c 6f 63 61 74 65 48 	0000RtlAllocateH
  0xbe50	65 61 70 00 4e 05 52 74 6c 52 61 6e 64 6f 6d 00 	eap0N0RtlRandom0
  0xbe60	4a 02 4e 74 53 65 74 49 6e 66 6f 72 6d 61 74 69 	J0NtSetInformati
  0xbe70	6f 6e 54 68 72 65 61 64 00 00 31 04 52 74 6c 47 	onThread0010RtlG
  0xbe80	65 74 4e 74 50 72 6f 64 75 63 74 54 79 70 65 00 	etNtProductType0
  0xbe90	08 04 52 74 6c 47 65 74 43 6f 6d 70 72 65 73 73 	00RtlGetCompress
  0xbea0	69 6f 6e 57 6f 72 6b 53 70 61 63 65 53 69 7a 65 	ionWorkSpaceSize
  0xbeb0	00 00 bb 01 4e 74 50 6f 77 65 72 49 6e 66 6f 72 	0000NtPowerInfor
  0xbec0	6d 61 74 69 6f 6e 00 00 a8 02 52 74 6c 41 63 71 	mation0000RtlAcq
  0xbed0	75 69 72 65 50 72 69 76 69 6c 65 67 65 00 15 03 	uirePrivilege000
  0xbee0	52 74 6c 43 6f 6d 70 72 65 73 73 42 75 66 66 65 	RtlCompressBuffe
  0xbef0	72 00 66 03 52 74 6c 44 65 63 6f 6d 70 72 65 73 	r0f0RtlDecompres
  0xbf00	73 42 75 66 66 65 72 45 78 00 f5 03 52 74 6c 46 	sBufferEx000RtlF
  0xbf10	72 65 65 48 65 61 70 00 ff 01 4e 74 51 75 65 72 	reeHeap000NtQuer
  0xbf20	79 56 6f 6c 75 6d 65 49 6e 66 6f 72 6d 61 74 69 	yVolumeInformati
  0xbf30	6f 6e 46 69 6c 65 00 00 2d 00 53 6c 65 65 70 00 	onFile00-0Sleep0
  0xbf40	11 00 55 6e 68 61 6e 64 6c 65 64 45 78 63 65 70 	00UnhandledExcep
  0xbf50	74 69 6f 6e 46 69 6c 74 65 72 00 00 0f 00 53 65 	tionFilter0000Se
  0xbf60	74 55 6e 68 61 6e 64 6c 65 64 45 78 63 65 70 74 	tUnhandledExcept
  0xbf70	69 6f 6e 46 69 6c 74 65 72 00 4e 00 54 65 72 6d 	ionFilter0N0Term
  0xbf80	69 6e 61 74 65 50 72 6f 63 65 73 73 00 00 14 00 	inateProcess0000
  0xbf90	47 65 74 4d 6f 64 75 6c 65 48 61 6e 64 6c 65 57 	GetModuleHandleW
  0xbfa0	00 00 00 00 51 75 65 72 79 50 65 72 66 6f 72 6d 	0000QueryPerform
  0xbfb0	61 6e 63 65 43 6f 75 6e 74 65 72 00 0d 00 47 65 	anceCounter000Ge
  0xbfc0	74 43 75 72 72 65 6e 74 50 72 6f 63 65 73 73 49 	tCurrentProcessI
  0xbfd0	64 00 11 00 47 65 74 43 75 72 72 65 6e 74 54 68 	d000GetCurrentTh
  0xbfe0	72 65 61 64 49 64 00 00 16 00 47 65 74 53 79 73 	readId0000GetSys
  0xbff0	74 65 6d 54 69 6d 65 41 73 46 69 6c 65 54 69 6d 	temTimeAsFileTim
  0xc000	65 00 1a 00 47 65 74 54 69 63 6b 43 6f 75 6e 74 	e000GetTickCount
  0xc010	00 00 33 00 4f 70 65 6e 54 68 72 65 61 64 54 6f 	0030OpenThreadTo
  0xc020	6b 65 6e 00 0a 00 43 72 65 61 74 65 4d 75 74 65 	ken000CreateMute
  0xc030	78 57 00 00 36 00 57 61 69 74 46 6f 72 53 69 6e 	xW0060WaitForSin
  0xc040	67 6c 65 4f 62 6a 65 63 74 00 1e 00 47 65 74 56 	gleObject000GetV
  0xc050	65 72 73 69 6f 6e 45 78 57 00 23 00 52 65 6c 65 	ersionExW0#0Rele
  0xc060	61 73 65 4d 75 74 65 78 00 00 45 00 49 6d 70 65 	aseMutex00E0Impe
  0xc070	72 73 6f 6e 61 74 65 4c 6f 67 67 65 64 4f 6e 55 	rsonateLoggedOnU
  0xc080	73 65 72 00 29 00 53 65 74 45 76 65 6e 74 00 00 	ser0)0SetEvent00
  0xc090	10 00 47 65 74 43 75 72 72 65 6e 74 54 68 72 65 	00GetCurrentThre
  0xc0a0	61 64 00 00 01 00 51 75 65 72 79 50 65 72 66 6f 	ad0000QueryPerfo
  0xc0b0	72 6d 61 6e 63 65 46 72 65 71 75 65 6e 63 79 00 	rmanceFrequency0
  0xc0c0	08 00 47 65 74 4e 61 74 69 76 65 53 79 73 74 65 	00GetNativeSyste
  0xc0d0	6d 49 6e 66 6f 00 06 00 43 72 65 61 74 65 54 68 	mInfo000CreateTh
  0xc0e0	72 65 61 64 00 00 0c 00 4b 33 32 47 65 74 50 65 	read0000K32GetPe
  0xc0f0	72 66 6f 72 6d 61 6e 63 65 49 6e 66 6f 00 59 00 	rformanceInfo0Y0
  0xc100	52 65 76 65 72 74 54 6f 53 65 6c 66 00 00 28 00 	RevertToSelf00(0
  0xc110	47 65 74 44 72 69 76 65 54 79 70 65 57 00 61 70 	GetDriveTypeW0ap
  0xc120	69 2d 6d 73 2d 77 69 6e 2d 63 6f 72 65 2d 73 79 	i-ms-win-core-sy
  0xc130	6e 63 68 2d 6c 31 2d 32 2d 30 2e 64 6c 6c 00 00 	nch-l1-2-0.dll00
  0xc140	61 70 69 2d 6d 73 2d 77 69 6e 2d 63 6f 72 65 2d 	api-ms-win-core-
  0xc150	70 72 6f 66 69 6c 65 2d 6c 31 2d 31 2d 30 2e 64 	profile-l1-1-0.d
  0xc160	6c 6c 00 00 61 70 69 2d 6d 73 2d 77 69 6e 2d 63 	ll00api-ms-win-c
  0xc170	6f 72 65 2d 73 79 73 69 6e 66 6f 2d 6c 31 2d 32 	ore-sysinfo-l1-2
  0xc180	2d 30 2e 64 6c 6c 00 00 61 70 69 2d 6d 73 2d 77 	-0.dll00api-ms-w
  0xc190	69 6e 2d 63 6f 72 65 2d 70 73 61 70 69 2d 6c 31 	in-core-psapi-l1
  0xc1a0	2d 31 2d 30 2e 64 6c 6c 00 00 29 04 50 6f 77 65 	-1-0.dll00)0Powe
  0xc1b0	72 43 72 65 61 74 65 52 65 71 75 65 73 74 00 00 	rCreateRequest00
  0xc1c0	4b 45 52 4e 45 4c 33 32 2e 64 6c 6c 00 00 9d 04 	KERNEL32.dll0000
  0xc1d0	70 72 69 6e 74 66 00 00 92 04 6d 65 6d 63 70 79 	printf0000memcpy
  0xc1e0	00 00 96 04 6d 65 6d 73 65 74 00 00 00 00 00 00 	0000memset000000
  0xc1f0	00 00 00 00 00 00 00 00 00 00 00 00 00 00 00 00 	0000000000000000
=== DATA BLOCK END ===

=== DATA BLOCK ADDRESS 0xd000 ===
  0xd000	08 00 00 00 00 00 00 00 a8 99 00 40 01 00 00 00 	00000000000@0000
  0xd010	09 00 00 00 00 00 00 00 c0 99 00 40 01 00 00 00 	00000000000@0000
  0xd020	0d 00 00 00 00 00 00 00 d8 99 00 40 01 00 00 00 	00000000000@0000
  0xd030	12 00 00 00 00 00 00 00 f8 99 00 40 01 00 00 00 	00000000000@0000
  0xd040	0f 00 00 00 00 00 00 00 20 9a 00 40 01 00 00 00 	00000000 00@0000
  0xd050	13 00 00 00 00 00 00 00 40 9a 00 40 01 00 00 00 	00000000@00@0000
  0xd060	0e 00 00 00 00 00 00 00 68 9a 00 40 01 00 00 00 	00000000h00@0000
  0xd070	12 00 00 00 00 00 00 00 88 9a 00 40 01 00 00 00 	00000000000@0000
  0xd080	15 00 00 00 00 00 00 00 b0 9a 00 40 01 00 00 00 	00000000000@0000
  0xd090	0c 00 00 00 00 00 00 00 e0 9a 00 40 01 00 00 00 	00000000000@0000
  0xd0a0	10 00 00 00 00 00 00 00 00 9b 00 40 01 00 00 00 	00000000000@0000
  0xd0b0	0c 00 00 00 00 00 00 00 28 9b 00 40 01 00 00 00 	00000000(00@0000
  0xd0c0	10 00 00 00 00 00 00 00 48 9b 00 40 01 00 00 00 	00000000H00@0000
  0xd0d0	0e 00 00 00 00 00 00 00 70 9b 00 40 01 00 00 00 	00000000p00@0000
  0xd0e0	12 00 00 00 00 00 00 00 90 9b 00 40 01 00 00 00 	00000000000@0000
  0xd0f0	0e 00 00 00 00 00 00 00 b8 9b 00 40 01 00 00 00 	00000000000@0000
  0xd100	12 00 00 00 00 00 00 00 d8 9b 00 40 01 00 00 00 	00000000000@0000
  0xd110	00 00 00 00 00 00 00 00 60 97 00 40 01 00 00 00 	00000000`00@0000
  0xd120	08 00 00 00 00 00 00 00 00 9c 00 40 01 00 00 00 	00000000000@0000
  0xd130	0f 00 00 00 00 00 00 00 18 9c 00 40 01 00 00 00 	00000000000@0000
  0xd140	0b 00 00 00 00 00 00 00 38 9c 00 40 01 00 00 00 	00000000800@0000
  0xd150	00 00 00 00 00 00 00 00 60 97 00 40 01 00 00 00 	00000000`00@0000
  0xd160	00 80 00 00 00 00 00 00 00 00 00 00 00 00 00 00 	0000000000000000
  0xd170	01 00 00 00 00 00 00 00 32 a2 df 2d 99 2b 00 00 	00000000200-0+00
  0xd180	cd 5d 20 d2 66 d4 ff ff 00 00 00 00 00 00 00 00 	0] 0f00000000000
  0xd190	00 00 00 00 00 00 00 00 00 00 00 00 00 00 00 00 	0000000000000000
  0xd1a0	00 00 00 00 00 00 00 00 00 00 00 00 00 00 00 00 	0000000000000000
  0xd1b0	00 00 00 00 00 00 00 00 00 00 00 00 00 00 00 00 	0000000000000000
  0xd1c0	00 00 00 00 00 00 00 00 00 00 00 00 00 00 00 00 	0000000000000000
  0xd1d0	00 00 00 00 00 00 00 00 00 00 00 00 00 00 00 00 	0000000000000000
  0xd1e0	00 00 00 00 00 00 00 00 00 00 00 00 00 00 00 00 	0000000000000000
  0xd1f0	00 00 00 00 00 00 00 00 00 00 00 00 00 00 00 00 	0000000000000000
=== DATA BLOCK END ===

=== DATA BLOCK ADDRESS 0x12000 ===
  0x12000	08 10 00 00 98 10 00 00 10 ab 00 00 a0 10 00 00 	0000000000000000
  0x12010	97 11 00 00 1c ab 00 00 a0 11 00 00 eb 12 00 00 	0000000000000000
  0x12020	28 ab 00 00 f4 12 00 00 4b 1d 00 00 38 ab 00 00 	(0000000K0008000
  0x12030	54 1d 00 00 24 1e 00 00 60 ab 00 00 2c 1e 00 00 	T000$000`000,000
  0x12040	6b 20 00 00 78 ab 00 00 74 20 00 00 ff 20 00 00 	k 00x000t 000 00
  0x12050	94 ab 00 00 08 21 00 00 a9 21 00 00 a4 ab 00 00 	00000!000!000000
  0x12060	b0 21 00 00 24 22 00 00 a4 ab 00 00 2c 22 00 00 	0!00$"000000,"00
  0x12070	12 25 00 00 b8 ab 00 00 20 25 00 00 33 27 00 00 	0%000000 %003'00
  0x12080	e0 ab 00 00 40 27 00 00 78 27 00 00 fc ab 00 00 	0000@'00x'000000
  0x12090	80 27 00 00 3e 2b 00 00 04 ac 00 00 50 2b 00 00 	0'00>+000000P+00
  0x120a0	c0 2e 00 00 2c ac 00 00 d0 2e 00 00 da 30 00 00 	0.00,0000.000000
  0x120b0	50 ac 00 00 e0 30 00 00 73 36 00 00 78 ac 00 00 	P0000000s600x000
  0x120c0	7c 36 00 00 41 37 00 00 9c ac 00 00 50 37 00 00 	|600A7000000P700
  0x120d0	16 3f 00 00 b4 ac 00 00 20 3f 00 00 d6 40 00 00 	0?000000 ?000@00
  0x120e0	d8 ac 00 00 dc 40 00 00 e9 43 00 00 00 ad 00 00 	00000@000C000000
  0x120f0	f0 43 00 00 34 4a 00 00 18 ad 00 00 40 4a 00 00 	0C004J000000@J00
  0x12100	d8 4a 00 00 3c ad 00 00 e0 4a 00 00 9f 4c 00 00 	0J00<0000J000L00
  0x12110	50 ad 00 00 a8 4c 00 00 da 4d 00 00 68 ad 00 00 	P0000L000M00h000
  0x12120	e0 4d 00 00 99 4e 00 00 7c ad 00 00 a0 4e 00 00 	0M000N00|0000N00
  0x12130	de 4f 00 00 88 ad 00 00 e4 4f 00 00 6f 50 00 00 	0O0000000O00oP00
  0x12140	a8 ad 00 00 78 50 00 00 62 51 00 00 b4 ad 00 00 	0000xP00bQ000000
  0x12150	68 51 00 00 2d 52 00 00 7c ad 00 00 34 52 00 00 	hQ00-R00|0004R00
  0x12160	01 53 00 00 c0 ad 00 00 08 53 00 00 c5 53 00 00 	0S0000000S000S00
  0x12170	7c ad 00 00 cc 53 00 00 8c 54 00 00 d0 ad 00 00 	|0000S000T000000
  0x12180	94 54 00 00 b4 56 00 00 d8 ad 00 00 c0 56 00 00 	0T000V0000000V00
  0x12190	61 57 00 00 f4 ad 00 00 70 57 00 00 a3 57 00 00 	aW000000pW000W00
  0x121a0	04 ae 00 00 b0 57 00 00 66 58 00 00 f4 ad 00 00 	00000W00fX000000
  0x121b0	70 58 00 00 a3 58 00 00 04 ae 00 00 b0 58 00 00 	pX000X0000000X00
  0x121c0	b1 5a 00 00 0c ae 00 00 cc 5a 00 00 4f 5b 00 00 	0Z0000000Z00O[00
  0x121d0	2c ae 00 00 58 5b 00 00 07 5c 00 00 38 ae 00 00 	,000X[0000008000
  0x121e0	10 5c 00 00 c1 5c 00 00 44 ae 00 00 c8 5c 00 00 	00000000D0000000
  0x121f0	0a 5d 00 00 4c ae 00 00 10 5d 00 00 b0 60 00 00 	0]00L0000]000`00
  0x12200	54 ae 00 00 c0 60 00 00 e6 63 00 00 6c ae 00 00 	T0000`000c00l000
  0x12210	ec 63 00 00 0a 66 00 00 84 ae 00 00 10 66 00 00 	0c000f0000000f00
  0x12220	4e 69 00 00 9c ae 00 00 54 69 00 00 4c 6a 00 00 	Ni000000Ti00Lj00
  0x12230	b8 ae 00 00 54 6a 00 00 4d 6b 00 00 d0 ae 00 00 	0000Tj00Mk000000
  0x12240	54 6b 00 00 13 6c 00 00 e8 ae 00 00 1c 6c 00 00 	Tk000l0000000l00
  0x12250	a7 70 00 00 f8 ae 00 00 b0 70 00 00 80 74 00 00 	0p0000000p000t00
  0x12260	10 af 00 00 88 74 00 00 98 76 00 00 34 af 00 00 	00000t000v004000
  0x12270	a0 76 00 00 48 78 00 00 54 af 00 00 50 78 00 00 	0v00Hx00T000Px00
  0x12280	e7 7b 00 00 64 af 00 00 f0 7b 00 00 c3 7c 00 00 	0{00d0000{000|00
  0x12290	4c ae 00 00 d0 7c 00 00 19 7d 00 00 7c af 00 00 	L0000|000}00|000
  0x122a0	20 7d 00 00 de 7e 00 00 84 af 00 00 f0 7e 00 00 	 }000~0000000~00
  0x122b0	02 7f 00 00 4c ae 00 00 20 7f 00 00 3e 7f 00 00 	0000L000 000>000
  0x122c0	b8 af 00 00 44 7f 00 00 78 7f 00 00 04 ae 00 00 	0000D000x0000000
  0x122d0	80 7f 00 00 f1 80 00 00 c4 af 00 00 f8 80 00 00 	0000000000000000
  0x122e0	ef 81 00 00 bc af 00 00 00 82 00 00 39 82 00 00 	0000000000009000
  0x122f0	4c ae 00 00 40 82 00 00 58 82 00 00 4c ae 00 00 	L000@000X000L000
  0x12300	6c 82 00 00 c0 82 00 00 cc af 00 00 c8 82 00 00 	l000000000000000
  0x12310	0d 83 00 00 04 ae 00 00 80 83 00 00 cd 83 00 00 	0000000000000000
  0x12320	ec af 00 00 14 84 00 00 e8 84 00 00 10 b0 00 00 	0000000000000000
  0x12330	28 85 00 00 45 85 00 00 4c ae 00 00 4c 85 00 00 	(000E000L000L000
  0x12340	a7 85 00 00 24 b0 00 00 d0 85 00 00 d2 85 00 00 	0000$00000000000
  0x12350	20 b0 00 00 e0 85 00 00 fe 85 00 00 b0 af 00 00 	 000000000000000
  0x12360	10 86 00 00 30 86 00 00 b0 af 00 00 00 00 00 00 	0000000000000000
  0x12370	00 00 00 00 00 00 00 00 00 00 00 00 00 00 00 00 	0000000000000000
  0x12380	00 00 00 00 00 00 00 00 00 00 00 00 00 00 00 00 	0000000000000000
  0x12390	00 00 00 00 00 00 00 00 00 00 00 00 00 00 00 00 	0000000000000000
  0x123a0	00 00 00 00 00 00 00 00 00 00 00 00 00 00 00 00 	0000000000000000
  0x123b0	00 00 00 00 00 00 00 00 00 00 00 00 00 00 00 00 	0000000000000000
  0x123c0	00 00 00 00 00 00 00 00 00 00 00 00 00 00 00 00 	0000000000000000
  0x123d0	00 00 00 00 00 00 00 00 00 00 00 00 00 00 00 00 	0000000000000000
  0x123e0	00 00 00 00 00 00 00 00 00 00 00 00 00 00 00 00 	0000000000000000
  0x123f0	00 00 00 00 00 00 00 00 00 00 00 00 00 00 00 00 	0000000000000000
=== DATA BLOCK END ===
