===== Assembly blocks =====

=== CODE BLOCK ADDRESS 0x1000 ===
=== CODE BLOCK END ===

=== DATA BLOCK ADDRESS 0x8000 ===
  0x8000	02 00 00 00 00 00 00 00 88 88 00 40 01 00 00 00 	00000000000@0000
  0x8010	08 00 00 00 00 00 00 00 b8 88 00 40 01 00 00 00 	00000000000@0000
  0x8020	09 00 00 00 00 00 00 00 e8 88 00 40 01 00 00 00 	00000000000@0000
  0x8030	0a 00 00 00 00 00 00 00 20 89 00 40 01 00 00 00 	00000000 00@0000
  0x8040	10 00 00 00 00 00 00 00 b8 89 00 40 01 00 00 00 	00000000000@0000
  0x8050	11 00 00 00 00 00 00 00 e8 89 00 40 01 00 00 00 	00000000000@0000
  0x8060	12 00 00 00 00 00 00 00 18 8a 00 40 01 00 00 00 	00000000000@0000
  0x8070	13 00 00 00 00 00 00 00 40 8a 00 40 01 00 00 00 	00000000@00@0000
  0x8080	18 00 00 00 00 00 00 00 70 8a 00 40 01 00 00 00 	00000000p00@0000
  0x8090	19 00 00 00 00 00 00 00 a8 8a 00 40 01 00 00 00 	00000000000@0000
  0x80a0	1a 00 00 00 00 00 00 00 d0 8a 00 40 01 00 00 00 	00000000000@0000
  0x80b0	1b 00 00 00 00 00 00 00 08 8b 00 40 01 00 00 00 	00000000000@0000
  0x80c0	1c 00 00 00 00 00 00 00 40 8b 00 40 01 00 00 00 	00000000@00@0000
  0x80d0	1e 00 00 00 00 00 00 00 68 8b 00 40 01 00 00 00 	00000000h00@0000
  0x80e0	1f 00 00 00 00 00 00 00 90 8b 00 40 01 00 00 00 	00000000000@0000
  0x80f0	20 00 00 00 00 00 00 00 f8 8b 00 40 01 00 00 00 	 0000000000@0000
  0x8100	21 00 00 00 00 00 00 00 30 8c 00 40 01 00 00 00 	!0000000000@0000
  0x8110	22 00 00 00 00 00 00 00 30 8d 00 40 01 00 00 00 	"0000000000@0000
  0x8120	78 00 00 00 00 00 00 00 d0 8d 00 40 01 00 00 00 	x0000000000@0000
  0x8130	79 00 00 00 00 00 00 00 e0 8d 00 40 01 00 00 00 	y0000000000@0000
  0x8140	7a 00 00 00 00 00 00 00 f0 8d 00 40 01 00 00 00 	z0000000000@0000
  0x8150	fc 00 00 00 00 00 00 00 00 8e 00 40 01 00 00 00 	00000000000@0000
  0x8160	ff 00 00 00 00 00 00 00 08 8e 00 40 01 00 00 00 	00000000000@0000
  0x8170	c0 d1 00 40 01 00 00 00 60 d2 00 40 01 00 00 00 	000@0000`00@0000
  0x8180	20 c0 00 40 01 00 00 00 b0 c7 00 40 01 00 00 00 	 00@0000000@0000
  0x8190	18 01 00 00 00 00 00 00 00 00 00 00 00 00 00 00 	0000000000000000
  0x81a0	00 00 00 00 00 00 00 00 00 00 00 00 00 00 00 00 	0000000000000000
  0x81b0	00 00 00 00 00 00 00 00 00 00 00 00 00 00 00 00 	0000000000000000
  0x81c0	00 00 00 00 00 00 00 00 00 00 00 00 00 00 00 00 	0000000000000000
  0x81d0	00 00 00 00 00 00 00 00 00 00 00 00 00 00 00 00 	0000000000000000
  0x81e0	00 00 00 00 00 00 00 00 88 c5 00 40 01 00 00 00 	00000000000@0000
  0x81f0	00 00 00 00 00 00 00 00 00 00 00 00 00 00 00 00 	0000000000000000
  0x8200	a8 85 00 40 01 00 00 00 b0 85 00 40 01 00 00 00 	000@0000000@0000
  0x8210	08 86 00 40 01 00 00 00 0a 00 00 00 00 00 00 00 	000@000000000000
  0x8220	00 75 01 10 00 00 00 00 00 00 00 00 00 00 00 00 	0u00000000000000
  0x8230	3c 86 00 40 01 00 00 00 02 00 00 00 00 00 00 00 	<00@000000000000
  0x8240	00 00 00 00 00 00 00 00 00 00 00 00 00 00 00 00 	0000000000000000
  0x8250	00 00 00 00 00 00 00 00 00 00 00 00 00 00 00 00 	0000000000000000
  0x8260	00 00 00 00 00 00 00 00 00 00 00 00 00 00 00 00 	0000000000000000
  0x8270	00 00 00 00 00 00 00 00 00 00 00 00 00 00 00 00 	0000000000000000
  0x8280	00 00 00 00 00 00 00 00 00 00 00 00 00 00 00 00 	0000000000000000
  0x8290	00 00 00 00 00 00 00 00 00 00 00 00 00 00 00 00 	0000000000000000
  0x82a0	00 00 00 00 00 00 00 00 42 b0 00 00 00 00 00 00 	00000000B0000000
  0x82b0	00 00 00 00 00 00 00 00 c2 ac 00 00 00 00 00 00 	0000000000000000
  0x82c0	5a ac 00 00 00 00 00 00 88 ad 00 00 00 00 00 00 	Z000000000000000
  0x82d0	de af 00 00 00 00 00 00 00 00 00 00 00 00 00 00 	0000000000000000
  0x82e0	e6 ad 00 00 00 00 00 00 da ad 00 00 00 00 00 00 	0000000000000000
  0x82f0	f4 ad 00 00 00 00 00 00 02 ae 00 00 00 00 00 00 	0000000000000000
  0x8300	00 00 00 00 00 00 00 00 98 ae 00 00 00 00 00 00 	0000000000000000
  0x8310	68 ae 00 00 00 00 00 00 00 00 00 00 00 00 00 00 	h000000000000000
  0x8320	d2 ac 00 00 00 00 00 00 00 00 00 00 00 00 00 00 	0000000000000000
  0x8330	e0 ac 00 00 00 00 00 00 96 b0 00 00 00 00 00 00 	0000000000000000
  0x8340	bc b0 00 00 00 00 00 00 8a ae 00 00 00 00 00 00 	0000000000000000
  0x8350	00 00 00 00 00 00 00 00 f6 ac 00 00 00 00 00 00 	0000000000000000
  0x8360	00 00 00 00 00 00 00 00 aa b0 00 00 00 00 00 00 	0000000000000000
  0x8370	a6 ad 00 00 00 00 00 00 e6 ae 00 00 00 00 00 00 	0000000000000000
  0x8380	74 ae 00 00 00 00 00 00 46 ae 00 00 00 00 00 00 	t0000000F0000000
  0x8390	30 ae 00 00 00 00 00 00 00 00 00 00 00 00 00 00 	0000000000000000
  0x83a0	36 b0 00 00 00 00 00 00 2a b0 00 00 00 00 00 00 	60000000*0000000
  0x83b0	06 b1 00 00 00 00 00 00 20 b0 00 00 00 00 00 00 	00000000 0000000
  0x83c0	0e b0 00 00 00 00 00 00 00 00 00 00 00 00 00 00 	0000000000000000
  0x83d0	50 b1 00 00 00 00 00 00 62 b1 00 00 00 00 00 00 	P0000000b0000000
  0x83e0	40 b1 00 00 00 00 00 00 00 00 00 00 00 00 00 00 	@000000000000000
  0x83f0	8a af 00 00 00 00 00 00 58 ae 00 00 00 00 00 00 	00000000X0000000
  0x8400	56 af 00 00 00 00 00 00 70 af 00 00 00 00 00 00 	V0000000p0000000
  0x8410	00 00 00 00 00 00 00 00 7e ac 00 00 00 00 00 00 	00000000~0000000
  0x8420	22 ae 00 00 00 00 00 00 0c ae 00 00 00 00 00 00 	"000000000000000
  0x8430	6a ac 00 00 00 00 00 00 16 af 00 00 00 00 00 00 	j000000000000000
  0x8440	66 ad 00 00 00 00 00 00 16 b1 00 00 00 00 00 00 	f000000000000000
  0x8450	fa af 00 00 00 00 00 00 00 00 00 00 00 00 00 00 	0000000000000000
  0x8460	fc ae 00 00 00 00 00 00 00 00 00 00 00 00 00 00 	0000000000000000
  0x8470	10 ad 00 00 00 00 00 00 38 ac 00 00 00 00 00 00 	0000000080000000
  0x8480	00 00 00 00 00 00 00 00 4c ac 00 00 00 00 00 00 	00000000L0000000
  0x8490	02 ad 00 00 00 00 00 00 00 00 00 00 00 00 00 00 	0000000000000000
  0x84a0	58 b0 00 00 00 00 00 00 9c af 00 00 00 00 00 00 	X000000000000000
  0x84b0	b0 af 00 00 00 00 00 00 ca af 00 00 00 00 00 00 	0000000000000000
  0x84c0	00 00 00 00 00 00 00 00 da b0 00 00 00 00 00 00 	0000000000000000
  0x84d0	c8 b0 00 00 00 00 00 00 f0 b0 00 00 00 00 00 00 	0000000000000000
  0x84e0	00 00 00 00 00 00 00 00 7e b0 00 00 00 00 00 00 	00000000~0000000
  0x84f0	66 b0 00 00 00 00 00 00 a6 ae 00 00 00 00 00 00 	f000000000000000
  0x8500	ce ae 00 00 00 00 00 00 00 00 00 00 00 00 00 00 	0000000000000000
  0x8510	a2 b0 00 00 00 00 00 00 00 00 00 00 00 00 00 00 	0000000000000000
  0x8520	30 b1 00 00 00 00 00 00 46 af 00 00 00 00 00 00 	00000000F0000000
  0x8530	78 ad 00 00 00 00 00 00 2c af 00 00 00 00 00 00 	x0000000,0000000
  0x8540	00 00 00 00 00 00 00 00 ba ad 00 00 00 00 00 00 	0000000000000000
  0x8550	ca ad 00 00 00 00 00 00 00 00 00 00 00 00 00 00 	0000000000000000
  0x8560	36 ad 00 00 00 00 00 00 00 00 00 00 00 00 00 00 	6000000000000000
  0x8570	4e ad 00 00 00 00 00 00 00 00 00 00 00 00 00 00 	N000000000000000
  0x8580	ac ac 00 00 00 00 00 00 00 00 00 00 00 00 00 00 	0000000000000000
  0x8590	92 ac 00 00 00 00 00 00 1e ad 00 00 00 00 00 00 	0000000000000000
  0x85a0	00 00 00 00 00 00 00 00 60 22 00 40 01 00 00 00 	00000000`"0@0000
  0x85b0	90 6d 00 40 01 00 00 00 00 00 00 00 00 00 00 00 	0m0@000000000000
  0x85c0	00 00 00 00 00 00 00 00 00 00 00 00 00 00 00 00 	0000000000000000
  0x85d0	a0 3c 00 40 01 00 00 00 70 20 00 40 01 00 00 00 	0<0@0000p 0@0000
  0x85e0	00 00 00 00 00 00 00 00 00 00 00 00 00 00 00 00 	0000000000000000
  0x85f0	00 00 00 00 00 00 00 00 00 00 00 00 00 00 00 00 	0000000000000000
  0x8600	00 00 00 00 00 00 00 00 c0 1b 00 00 00 30 20 00 	00000000000000 0
  0x8610	00 00 70 20 00 00 00 60 22 00 00 00 50 23 00 00 	00p 000`"000P#00
  0x8620	00 e0 26 00 00 00 70 37 00 00 00 a0 3c 00 00 00 	00&000p70000<000
  0x8630	a0 49 00 00 00 e0 6a 00 00 00 00 00 48 85 00 00 	0I0000j00000H000
  0x8640	00 50 85 00 00 00 00 00 00 00 00 00 00 00 00 00 	0P00000000000000
  0x8650	01 00 00 00 16 00 00 00 02 00 00 00 02 00 00 00 	0000000000000000
  0x8660	03 00 00 00 02 00 00 00 04 00 00 00 18 00 00 00 	0000000000000000
  0x8670	05 00 00 00 0d 00 00 00 06 00 00 00 09 00 00 00 	0000000000000000
  0x8680	07 00 00 00 0c 00 00 00 08 00 00 00 0c 00 00 00 	0000000000000000
  0x8690	09 00 00 00 0c 00 00 00 0a 00 00 00 07 00 00 00 	0000000000000000
  0x86a0	0b 00 00 00 08 00 00 00 0c 00 00 00 16 00 00 00 	0000000000000000
  0x86b0	0d 00 00 00 16 00 00 00 0f 00 00 00 02 00 00 00 	0000000000000000
  0x86c0	10 00 00 00 0d 00 00 00 11 00 00 00 12 00 00 00 	0000000000000000
  0x86d0	12 00 00 00 02 00 00 00 21 00 00 00 0d 00 00 00 	00000000!0000000
  0x86e0	35 00 00 00 02 00 00 00 41 00 00 00 0d 00 00 00 	50000000A0000000
  0x86f0	43 00 00 00 02 00 00 00 50 00 00 00 11 00 00 00 	C0000000P0000000
  0x8700	52 00 00 00 0d 00 00 00 53 00 00 00 0d 00 00 00 	R0000000S0000000
  0x8710	57 00 00 00 16 00 00 00 59 00 00 00 0b 00 00 00 	W0000000Y0000000
  0x8720	6c 00 00 00 0d 00 00 00 6d 00 00 00 20 00 00 00 	l0000000m000 000
  0x8730	70 00 00 00 1c 00 00 00 72 00 00 00 09 00 00 00 	p0000000r0000000
  0x8740	06 00 00 00 16 00 00 00 80 00 00 00 0a 00 00 00 	0000000000000000
  0x8750	81 00 00 00 0a 00 00 00 82 00 00 00 09 00 00 00 	0000000000000000
  0x8760	83 00 00 00 16 00 00 00 84 00 00 00 0d 00 00 00 	0000000000000000
  0x8770	91 00 00 00 29 00 00 00 9e 00 00 00 0d 00 00 00 	0000)00000000000
  0x8780	a1 00 00 00 02 00 00 00 a4 00 00 00 0b 00 00 00 	0000000000000000
  0x8790	a7 00 00 00 0d 00 00 00 b7 00 00 00 11 00 00 00 	0000000000000000
  0x87a0	ce 00 00 00 02 00 00 00 d7 00 00 00 0b 00 00 00 	0000000000000000
  0x87b0	18 07 00 00 0c 00 00 00 00 00 00 00 00 00 00 00 	0000000000000000
  0x87c0	05 00 00 c0 0b 00 00 00 00 00 00 00 00 00 00 00 	0000000000000000
  0x87d0	1d 00 00 c0 04 00 00 00 00 00 00 00 00 00 00 00 	0000000000000000
  0x87e0	96 00 00 c0 04 00 00 00 00 00 00 00 00 00 00 00 	0000000000000000
  0x87f0	8d 00 00 c0 08 00 00 00 00 00 00 00 00 00 00 00 	0000000000000000
  0x8800	8e 00 00 c0 08 00 00 00 00 00 00 00 00 00 00 00 	0000000000000000
  0x8810	8f 00 00 c0 08 00 00 00 00 00 00 00 00 00 00 00 	0000000000000000
  0x8820	90 00 00 c0 08 00 00 00 00 00 00 00 00 00 00 00 	0000000000000000
  0x8830	91 00 00 c0 08 00 00 00 00 00 00 00 00 00 00 00 	0000000000000000
  0x8840	92 00 00 c0 08 00 00 00 00 00 00 00 00 00 00 00 	0000000000000000
  0x8850	93 00 00 c0 08 00 00 00 00 00 00 00 00 00 00 00 	0000000000000000
  0x8860	6d 00 73 00 63 00 6f 00 72 00 65 00 65 00 2e 00 	m0s0c0o0r0e0e0.0
  0x8870	64 00 6c 00 6c 00 00 00 43 6f 72 45 78 69 74 50 	d0l0l000CorExitP
  0x8880	72 6f 63 65 73 73 00 00 52 36 30 30 32 0d 0a 2d 	rocess00R600200-
  0x8890	20 66 6c 6f 61 74 69 6e 67 20 70 6f 69 6e 74 20 	 floating point 
  0x88a0	73 75 70 70 6f 72 74 20 6e 6f 74 20 6c 6f 61 64 	support not load
  0x88b0	65 64 0d 0a 00 00 00 00 52 36 30 30 38 0d 0a 2d 	ed000000R600800-
  0x88c0	20 6e 6f 74 20 65 6e 6f 75 67 68 20 73 70 61 63 	 not enough spac
  0x88d0	65 20 66 6f 72 20 61 72 67 75 6d 65 6e 74 73 0d 	e for arguments0
  0x88e0	0a 00 00 00 00 00 00 00 52 36 30 30 39 0d 0a 2d 	00000000R600900-
  0x88f0	20 6e 6f 74 20 65 6e 6f 75 67 68 20 73 70 61 63 	 not enough spac
  0x8900	65 20 66 6f 72 20 65 6e 76 69 72 6f 6e 6d 65 6e 	e for environmen
  0x8910	74 0d 0a 00 00 00 00 00 00 00 00 00 00 00 00 00 	t000000000000000
  0x8920	0d 0a 54 68 69 73 20 61 70 70 6c 69 63 61 74 69 	00This applicati
  0x8930	6f 6e 20 68 61 73 20 72 65 71 75 65 73 74 65 64 	on has requested
  0x8940	20 74 68 65 20 52 75 6e 74 69 6d 65 20 74 6f 20 	 the Runtime to 
  0x8950	74 65 72 6d 69 6e 61 74 65 20 69 74 20 69 6e 20 	terminate it in 
  0x8960	61 6e 20 75 6e 75 73 75 61 6c 20 77 61 79 2e 0a 	an unusual way.0
  0x8970	50 6c 65 61 73 65 20 63 6f 6e 74 61 63 74 20 74 	Please contact t
  0x8980	68 65 20 61 70 70 6c 69 63 61 74 69 6f 6e 27 73 	he application's
  0x8990	20 73 75 70 70 6f 72 74 20 74 65 61 6d 20 66 6f 	 support team fo
  0x89a0	72 20 6d 6f 72 65 20 69 6e 66 6f 72 6d 61 74 69 	r more informati
  0x89b0	6f 6e 2e 0d 0a 00 00 00 52 36 30 31 36 0d 0a 2d 	on.00000R601600-
  0x89c0	20 6e 6f 74 20 65 6e 6f 75 67 68 20 73 70 61 63 	 not enough spac
  0x89d0	65 20 66 6f 72 20 74 68 72 65 61 64 20 64 61 74 	e for thread dat
  0x89e0	61 0d 0a 00 00 00 00 00 52 36 30 31 37 0d 0a 2d 	a0000000R601700-
  0x89f0	20 75 6e 65 78 70 65 63 74 65 64 20 6d 75 6c 74 	 unexpected mult
  0x8a00	69 74 68 72 65 61 64 20 6c 6f 63 6b 20 65 72 72 	ithread lock err
  0x8a10	6f 72 0d 0a 00 00 00 00 52 36 30 31 38 0d 0a 2d 	or000000R601800-
  0x8a20	20 75 6e 65 78 70 65 63 74 65 64 20 68 65 61 70 	 unexpected heap
  0x8a30	20 65 72 72 6f 72 0d 0a 00 00 00 00 00 00 00 00 	 error0000000000
  0x8a40	52 36 30 31 39 0d 0a 2d 20 75 6e 61 62 6c 65 20 	R601900- unable 
  0x8a50	74 6f 20 6f 70 65 6e 20 63 6f 6e 73 6f 6c 65 20 	to open console 
  0x8a60	64 65 76 69 63 65 0d 0a 00 00 00 00 00 00 00 00 	device0000000000
  0x8a70	52 36 30 32 34 0d 0a 2d 20 6e 6f 74 20 65 6e 6f 	R602400- not eno
  0x8a80	75 67 68 20 73 70 61 63 65 20 66 6f 72 20 5f 6f 	ugh space for _o
  0x8a90	6e 65 78 69 74 2f 61 74 65 78 69 74 20 74 61 62 	nexit/atexit tab
  0x8aa0	6c 65 0d 0a 00 00 00 00 52 36 30 32 35 0d 0a 2d 	le000000R602500-
  0x8ab0	20 70 75 72 65 20 76 69 72 74 75 61 6c 20 66 75 	 pure virtual fu
  0x8ac0	6e 63 74 69 6f 6e 20 63 61 6c 6c 0d 0a 00 00 00 	nction call00000
  0x8ad0	52 36 30 32 36 0d 0a 2d 20 6e 6f 74 20 65 6e 6f 	R602600- not eno
  0x8ae0	75 67 68 20 73 70 61 63 65 20 66 6f 72 20 73 74 	ugh space for st
  0x8af0	64 69 6f 20 69 6e 69 74 69 61 6c 69 7a 61 74 69 	dio initializati
  0x8b00	6f 6e 0d 0a 00 00 00 00 52 36 30 32 37 0d 0a 2d 	on000000R602700-
  0x8b10	20 6e 6f 74 20 65 6e 6f 75 67 68 20 73 70 61 63 	 not enough spac
  0x8b20	65 20 66 6f 72 20 6c 6f 77 69 6f 20 69 6e 69 74 	e for lowio init
  0x8b30	69 61 6c 69 7a 61 74 69 6f 6e 0d 0a 00 00 00 00 	ialization000000
  0x8b40	52 36 30 32 38 0d 0a 2d 20 75 6e 61 62 6c 65 20 	R602800- unable 
  0x8b50	74 6f 20 69 6e 69 74 69 61 6c 69 7a 65 20 68 65 	to initialize he
  0x8b60	61 70 0d 0a 00 00 00 00 52 36 30 33 30 0d 0a 2d 	ap000000R603000-
  0x8b70	20 43 52 54 20 6e 6f 74 20 69 6e 69 74 69 61 6c 	 CRT not initial
  0x8b80	69 7a 65 64 0d 0a 00 00 00 00 00 00 00 00 00 00 	ized000000000000
  0x8b90	52 36 30 33 31 0d 0a 2d 20 41 74 74 65 6d 70 74 	R603100- Attempt
  0x8ba0	20 74 6f 20 69 6e 69 74 69 61 6c 69 7a 65 20 74 	 to initialize t
  0x8bb0	68 65 20 43 52 54 20 6d 6f 72 65 20 74 68 61 6e 	he CRT more than
  0x8bc0	20 6f 6e 63 65 2e 0a 54 68 69 73 20 69 6e 64 69 	 once.0This indi
  0x8bd0	63 61 74 65 73 20 61 20 62 75 67 20 69 6e 20 79 	cates a bug in y
  0x8be0	6f 75 72 20 61 70 70 6c 69 63 61 74 69 6f 6e 2e 	our application.
  0x8bf0	0d 0a 00 00 00 00 00 00 52 36 30 33 32 0d 0a 2d 	00000000R603200-
  0x8c00	20 6e 6f 74 20 65 6e 6f 75 67 68 20 73 70 61 63 	 not enough spac
  0x8c10	65 20 66 6f 72 20 6c 6f 63 61 6c 65 20 69 6e 66 	e for locale inf
  0x8c20	6f 72 6d 61 74 69 6f 6e 0d 0a 00 00 00 00 00 00 	ormation00000000
  0x8c30	52 36 30 33 33 0d 0a 2d 20 41 74 74 65 6d 70 74 	R603300- Attempt
  0x8c40	20 74 6f 20 75 73 65 20 4d 53 49 4c 20 63 6f 64 	 to use MSIL cod
  0x8c50	65 20 66 72 6f 6d 20 74 68 69 73 20 61 73 73 65 	e from this asse
  0x8c60	6d 62 6c 79 20 64 75 72 69 6e 67 20 6e 61 74 69 	mbly during nati
  0x8c70	76 65 20 63 6f 64 65 20 69 6e 69 74 69 61 6c 69 	ve code initiali
  0x8c80	7a 61 74 69 6f 6e 0a 54 68 69 73 20 69 6e 64 69 	zation0This indi
  0x8c90	63 61 74 65 73 20 61 20 62 75 67 20 69 6e 20 79 	cates a bug in y
  0x8ca0	6f 75 72 20 61 70 70 6c 69 63 61 74 69 6f 6e 2e 	our application.
  0x8cb0	20 49 74 20 69 73 20 6d 6f 73 74 20 6c 69 6b 65 	 It is most like
  0x8cc0	6c 79 20 74 68 65 20 72 65 73 75 6c 74 20 6f 66 	ly the result of
  0x8cd0	20 63 61 6c 6c 69 6e 67 20 61 6e 20 4d 53 49 4c 	 calling an MSIL
  0x8ce0	2d 63 6f 6d 70 69 6c 65 64 20 28 2f 63 6c 72 29 	-compiled (/clr)
  0x8cf0	20 66 75 6e 63 74 69 6f 6e 20 66 72 6f 6d 20 61 	 function from a
  0x8d00	20 6e 61 74 69 76 65 20 63 6f 6e 73 74 72 75 63 	 native construc
  0x8d10	74 6f 72 20 6f 72 20 66 72 6f 6d 20 44 6c 6c 4d 	tor or from DllM
  0x8d20	61 69 6e 2e 0d 0a 00 00 00 00 00 00 00 00 00 00 	ain.000000000000
  0x8d30	52 36 30 33 34 0d 0a 41 6e 20 61 70 70 6c 69 63 	R603400An applic
  0x8d40	61 74 69 6f 6e 20 68 61 73 20 6d 61 64 65 20 61 	ation has made a
  0x8d50	6e 20 61 74 74 65 6d 70 74 20 74 6f 20 6c 6f 61 	n attempt to loa
  0x8d60	64 20 74 68 65 20 43 20 72 75 6e 74 69 6d 65 20 	d the C runtime 
  0x8d70	6c 69 62 72 61 72 79 20 69 6e 63 6f 72 72 65 63 	library incorrec
  0x8d80	74 6c 79 2e 0a 50 6c 65 61 73 65 20 63 6f 6e 74 	tly.0Please cont
  0x8d90	61 63 74 20 74 68 65 20 61 70 70 6c 69 63 61 74 	act the applicat
  0x8da0	69 6f 6e 27 73 20 73 75 70 70 6f 72 74 20 74 65 	ion's support te
  0x8db0	61 6d 20 66 6f 72 20 6d 6f 72 65 20 69 6e 66 6f 	am for more info
  0x8dc0	72 6d 61 74 69 6f 6e 2e 0d 0a 00 00 00 00 00 00 	rmation.00000000
  0x8dd0	44 4f 4d 41 49 4e 20 65 72 72 6f 72 0d 0a 00 00 	DOMAIN error0000
  0x8de0	53 49 4e 47 20 65 72 72 6f 72 0d 0a 00 00 00 00 	SING error000000
  0x8df0	54 4c 4f 53 53 20 65 72 72 6f 72 0d 0a 00 00 00 	TLOSS error00000
  0x8e00	0d 0a 00 00 00 00 00 00 72 75 6e 74 69 6d 65 20 	00000000runtime 
  0x8e10	65 72 72 6f 72 20 00 00 52 75 6e 74 69 6d 65 20 	error 00Runtime 
  0x8e20	45 72 72 6f 72 21 0a 0a 50 72 6f 67 72 61 6d 3a 	Error!00Program:
  0x8e30	20 00 00 00 00 00 00 00 3c 70 72 6f 67 72 61 6d 	 0000000<program
  0x8e40	20 6e 61 6d 65 20 75 6e 6b 6e 6f 77 6e 3e 00 00 	 name unknown>00
  0x8e50	0a 0a 00 00 00 00 00 00 4d 69 63 72 6f 73 6f 66 	00000000Microsof
  0x8e60	74 20 56 69 73 75 61 6c 20 43 2b 2b 20 52 75 6e 	t Visual C++ Run
  0x8e70	74 69 6d 65 20 4c 69 62 72 61 72 79 00 00 00 00 	time Library0000
  0x8e80	00 00 00 00 01 02 04 08 00 00 00 00 00 00 00 00 	0000000000000000
  0x8e90	a4 03 00 00 60 82 79 82 21 00 00 00 00 00 00 00 	0000`0y0!0000000
  0x8ea0	a6 df 00 00 00 00 00 00 a1 a5 00 00 00 00 00 00 	0000000000000000
  0x8eb0	81 9f e0 fc 00 00 00 00 40 7e 80 fc 00 00 00 00 	00000000@~000000
  0x8ec0	a8 03 00 00 c1 a3 da a3 20 00 00 00 00 00 00 00 	00000000 0000000
  0x8ed0	00 00 00 00 00 00 00 00 00 00 00 00 00 00 00 00 	0000000000000000
  0x8ee0	81 fe 00 00 00 00 00 00 40 fe 00 00 00 00 00 00 	00000000@0000000
  0x8ef0	b5 03 00 00 c1 a3 da a3 20 00 00 00 00 00 00 00 	00000000 0000000
  0x8f00	00 00 00 00 00 00 00 00 00 00 00 00 00 00 00 00 	0000000000000000
  0x8f10	81 fe 00 00 00 00 00 00 41 fe 00 00 00 00 00 00 	00000000A0000000
  0x8f20	b6 03 00 00 cf a2 e4 a2 1a 00 e5 a2 e8 a2 5b 00 	00000000000000[0
  0x8f30	00 00 00 00 00 00 00 00 00 00 00 00 00 00 00 00 	0000000000000000
  0x8f40	81 fe 00 00 00 00 00 00 40 7e a1 fe 00 00 00 00 	00000000@~000000
  0x8f50	51 05 00 00 51 da 5e da 20 00 5f da 6a da 32 00 	Q000Q0^0 0_0j020
  0x8f60	00 00 00 00 00 00 00 00 00 00 00 00 00 00 00 00 	0000000000000000
  0x8f70	81 d3 d8 de e0 f9 00 00 31 7e 81 fe 00 00 00 00 	000000001~000000
  0x8f80	49 6e 76 61 6c 69 64 20 70 61 72 61 6d 65 74 65 	Invalid paramete
  0x8f90	72 20 70 61 73 73 65 64 20 74 6f 20 43 20 72 75 	r passed to C ru
  0x8fa0	6e 74 69 6d 65 20 66 75 6e 63 74 69 6f 6e 2e 0a 	ntime function.0
  0x8fb0	00 00 00 00 43 00 00 00 55 00 53 00 45 00 52 00 	0000C000U0S0E0R0
  0x8fc0	33 00 32 00 2e 00 44 00 4c 00 4c 00 00 00 00 00 	3020.0D0L0L00000
  0x8fd0	4d 65 73 73 61 67 65 42 6f 78 41 00 00 00 00 00 	MessageBoxA00000
  0x8fe0	47 65 74 41 63 74 69 76 65 57 69 6e 64 6f 77 00 	GetActiveWindow0
  0x8ff0	47 65 74 4c 61 73 74 41 63 74 69 76 65 50 6f 70 	GetLastActivePop
  0x9000	75 70 00 00 00 00 00 00 47 65 74 55 73 65 72 4f 	up000000GetUserO
  0x9010	62 6a 65 63 74 49 6e 66 6f 72 6d 61 74 69 6f 6e 	bjectInformation
  0x9020	41 00 00 00 00 00 00 00 47 65 74 50 72 6f 63 65 	A0000000GetProce
  0x9030	73 73 57 69 6e 64 6f 77 53 74 61 74 69 6f 6e 00 	ssWindowStation0
  0x9040	00 00 00 00 00 00 00 00 00 00 00 00 00 00 00 00 	0000000000000000
  0x9050	00 00 00 00 00 00 00 00 00 00 00 00 00 00 00 00 	0000000000000000
  0x9060	00 00 00 00 00 00 00 00 00 00 00 00 00 00 00 00 	0000000000000000
  0x9070	00 00 00 00 00 00 00 00 00 00 00 00 00 00 00 00 	0000000000000000
  0x9080	00 00 00 00 00 00 00 00 00 00 00 00 00 00 00 00 	0000000000000000
  0x9090	00 00 00 00 00 00 00 00 00 00 00 00 00 00 00 00 	0000000000000000
  0x90a0	00 00 00 00 00 00 00 00 00 00 00 00 00 00 00 00 	0000000000000000
  0x90b0	00 00 00 00 00 00 00 00 00 00 00 00 00 00 00 00 	0000000000000000
  0x90c0	00 00 00 00 00 00 00 00 00 00 00 00 00 00 00 00 	0000000000000000
  0x90d0	00 00 00 00 00 00 00 00 00 00 00 00 00 00 00 00 	0000000000000000
  0x90e0	00 00 00 00 00 00 00 00 00 00 00 00 00 00 00 00 	0000000000000000
  0x90f0	00 00 00 00 00 00 00 00 00 00 00 00 00 00 00 00 	0000000000000000
  0x9100	00 00 00 00 00 00 00 00 00 00 00 00 00 00 00 00 	0000000000000000
  0x9110	00 00 00 00 00 00 00 00 00 00 00 00 00 00 00 00 	0000000000000000
  0x9120	00 00 00 00 00 00 00 00 00 00 00 00 00 00 00 00 	0000000000000000
  0x9130	00 00 00 00 00 00 00 00 00 00 00 00 00 00 00 00 	0000000000000000
  0x9140	20 00 20 00 20 00 20 00 20 00 20 00 20 00 20 00 	 0 0 0 0 0 0 0 0
  0x9150	20 00 28 00 28 00 28 00 28 00 28 00 20 00 20 00 	 0(0(0(0(0(0 0 0
  0x9160	20 00 20 00 20 00 20 00 20 00 20 00 20 00 20 00 	 0 0 0 0 0 0 0 0
  0x9170	20 00 20 00 20 00 20 00 20 00 20 00 20 00 20 00 	 0 0 0 0 0 0 0 0
  0x9180	48 00 10 00 10 00 10 00 10 00 10 00 10 00 10 00 	H000000000000000
  0x9190	10 00 10 00 10 00 10 00 10 00 10 00 10 00 10 00 	0000000000000000
  0x91a0	84 00 84 00 84 00 84 00 84 00 84 00 84 00 84 00 	0000000000000000
  0x91b0	84 00 84 00 10 00 10 00 10 00 10 00 10 00 10 00 	0000000000000000
  0x91c0	10 00 81 00 81 00 81 00 81 00 81 00 81 00 01 00 	0000000000000000
  0x91d0	01 00 01 00 01 00 01 00 01 00 01 00 01 00 01 00 	0000000000000000
  0x91e0	01 00 01 00 01 00 01 00 01 00 01 00 01 00 01 00 	0000000000000000
  0x91f0	01 00 01 00 01 00 10 00 10 00 10 00 10 00 10 00 	0000000000000000
  0x9200	10 00 82 00 82 00 82 00 82 00 82 00 82 00 02 00 	0000000000000000
  0x9210	02 00 02 00 02 00 02 00 02 00 02 00 02 00 02 00 	0000000000000000
  0x9220	02 00 02 00 02 00 02 00 02 00 02 00 02 00 02 00 	0000000000000000
  0x9230	02 00 02 00 02 00 10 00 10 00 10 00 10 00 20 00 	00000000000000 0
  0x9240	00 00 00 00 00 00 00 00 00 00 00 00 00 00 00 00 	0000000000000000
  0x9250	00 00 00 00 00 00 00 00 00 00 00 00 00 00 00 00 	0000000000000000
  0x9260	00 00 00 00 00 00 00 00 00 00 00 00 00 00 00 00 	0000000000000000
  0x9270	00 00 00 00 00 00 00 00 00 00 00 00 00 00 00 00 	0000000000000000
  0x9280	00 00 00 00 00 00 00 00 00 00 00 00 00 00 00 00 	0000000000000000
  0x9290	00 00 00 00 00 00 00 00 00 00 00 00 00 00 00 00 	0000000000000000
  0x92a0	00 00 00 00 00 00 00 00 00 00 00 00 00 00 00 00 	0000000000000000
  0x92b0	00 00 00 00 00 00 00 00 00 00 00 00 00 00 00 00 	0000000000000000
  0x92c0	00 00 00 00 00 00 00 00 00 00 00 00 00 00 00 00 	0000000000000000
  0x92d0	00 00 00 00 00 00 00 00 00 00 00 00 00 00 00 00 	0000000000000000
  0x92e0	00 00 00 00 00 00 00 00 00 00 00 00 00 00 00 00 	0000000000000000
  0x92f0	00 00 00 00 00 00 00 00 00 00 00 00 00 00 00 00 	0000000000000000
  0x9300	00 00 00 00 00 00 00 00 00 00 00 00 00 00 00 00 	0000000000000000
  0x9310	00 00 00 00 00 00 00 00 00 00 00 00 00 00 00 00 	0000000000000000
  0x9320	00 00 00 00 00 00 00 00 00 00 00 00 00 00 00 00 	0000000000000000
  0x9330	00 00 00 00 00 00 00 00 00 00 00 00 00 00 00 00 	0000000000000000
  0x9340	00 00 20 00 20 00 20 00 20 00 20 00 20 00 20 00 	00 0 0 0 0 0 0 0
  0x9350	20 00 20 00 68 00 28 00 28 00 28 00 28 00 20 00 	 0 0h0(0(0(0(0 0
  0x9360	20 00 20 00 20 00 20 00 20 00 20 00 20 00 20 00 	 0 0 0 0 0 0 0 0
  0x9370	20 00 20 00 20 00 20 00 20 00 20 00 20 00 20 00 	 0 0 0 0 0 0 0 0
  0x9380	20 00 48 00 10 00 10 00 10 00 10 00 10 00 10 00 	 0H0000000000000
  0x9390	10 00 10 00 10 00 10 00 10 00 10 00 10 00 10 00 	0000000000000000
  0x93a0	10 00 84 00 84 00 84 00 84 00 84 00 84 00 84 00 	0000000000000000
  0x93b0	84 00 84 00 84 00 10 00 10 00 10 00 10 00 10 00 	0000000000000000
  0x93c0	10 00 10 00 81 01 81 01 81 01 81 01 81 01 81 01 	0000000000000000
  0x93d0	01 01 01 01 01 01 01 01 01 01 01 01 01 01 01 01 	0000000000000000
  0x93e0	01 01 01 01 01 01 01 01 01 01 01 01 01 01 01 01 	0000000000000000
  0x93f0	01 01 01 01 01 01 01 01 10 00 10 00 10 00 10 00 	0000000000000000
  0x9400	10 00 10 00 82 01 82 01 82 01 82 01 82 01 82 01 	0000000000000000
  0x9410	02 01 02 01 02 01 02 01 02 01 02 01 02 01 02 01 	0000000000000000
  0x9420	02 01 02 01 02 01 02 01 02 01 02 01 02 01 02 01 	0000000000000000
  0x9430	02 01 02 01 02 01 02 01 10 00 10 00 10 00 10 00 	0000000000000000
  0x9440	20 00 20 00 20 00 20 00 20 00 20 00 20 00 20 00 	 0 0 0 0 0 0 0 0
  0x9450	20 00 20 00 20 00 20 00 20 00 20 00 20 00 20 00 	 0 0 0 0 0 0 0 0
  0x9460	20 00 20 00 20 00 20 00 20 00 20 00 20 00 20 00 	 0 0 0 0 0 0 0 0
  0x9470	20 00 20 00 20 00 20 00 20 00 20 00 20 00 20 00 	 0 0 0 0 0 0 0 0
  0x9480	20 00 48 00 10 00 10 00 10 00 10 00 10 00 10 00 	 0H0000000000000
  0x9490	10 00 10 00 10 00 10 00 10 00 10 00 10 00 10 00 	0000000000000000
  0x94a0	10 00 10 00 10 00 14 00 14 00 10 00 10 00 10 00 	0000000000000000
  0x94b0	10 00 10 00 14 00 10 00 10 00 10 00 10 00 10 00 	0000000000000000
  0x94c0	10 00 01 01 01 01 01 01 01 01 01 01 01 01 01 01 	0000000000000000
  0x94d0	01 01 01 01 01 01 01 01 01 01 01 01 01 01 01 01 	0000000000000000
  0x94e0	01 01 01 01 01 01 01 01 01 01 01 01 01 01 01 01 	0000000000000000
  0x94f0	10 00 01 01 01 01 01 01 01 01 01 01 01 01 01 01 	0000000000000000
  0x9500	02 01 02 01 02 01 02 01 02 01 02 01 02 01 02 01 	0000000000000000
  0x9510	02 01 02 01 02 01 02 01 02 01 02 01 02 01 02 01 	0000000000000000
  0x9520	02 01 02 01 02 01 02 01 02 01 02 01 02 01 02 01 	0000000000000000
  0x9530	10 00 02 01 02 01 02 01 02 01 02 01 02 01 02 01 	0000000000000000
  0x9540	02 01 01 01 00 00 00 00 00 00 00 00 00 00 00 00 	0000000000000000
  0x9550	80 81 82 83 84 85 86 87 88 89 8a 8b 8c 8d 8e 8f 	0000000000000000
  0x9560	90 91 92 93 94 95 96 97 98 99 9a 9b 9c 9d 9e 9f 	0000000000000000
  0x9570	a0 a1 a2 a3 a4 a5 a6 a7 a8 a9 aa ab ac ad ae af 	0000000000000000
  0x9580	b0 b1 b2 b3 b4 b5 b6 b7 b8 b9 ba bb bc bd be bf 	0000000000000000
  0x9590	c0 c1 c2 c3 c4 c5 c6 c7 c8 c9 ca cb cc cd ce cf 	0000000000000000
  0x95a0	d0 d1 d2 d3 d4 d5 d6 d7 d8 d9 da db dc dd de df 	0000000000000000
  0x95b0	e0 e1 e2 e3 e4 e5 e6 e7 e8 e9 ea eb ec ed ee ef 	0000000000000000
  0x95c0	f0 f1 f2 f3 f4 f5 f6 f7 f8 f9 fa fb fc fd fe ff 	0000000000000000
  0x95d0	00 01 02 03 04 05 06 07 08 09 0a 0b 0c 0d 0e 0f 	0000000000000000
  0x95e0	10 11 12 13 14 15 16 17 18 19 1a 1b 1c 1d 1e 1f 	0000000000000000
  0x95f0	20 21 22 23 24 25 26 27 28 29 2a 2b 2c 2d 2e 2f 	 !"#$%&'()*+,-./
  0x9600	30 31 32 33 34 35 36 37 38 39 3a 3b 3c 3d 3e 3f 	0123456789:;<=>?
  0x9610	40 61 62 63 64 65 66 67 68 69 6a 6b 6c 6d 6e 6f 	@abcdefghijklmno
  0x9620	70 71 72 73 74 75 76 77 78 79 7a 5b 5c 5d 5e 5f 	pqrstuvwxyz[0]^_
  0x9630	60 61 62 63 64 65 66 67 68 69 6a 6b 6c 6d 6e 6f 	`abcdefghijklmno
  0x9640	70 71 72 73 74 75 76 77 78 79 7a 7b 7c 7d 7e 7f 	pqrstuvwxyz{|}~0
  0x9650	80 81 82 83 84 85 86 87 88 89 8a 8b 8c 8d 8e 8f 	0000000000000000
  0x9660	90 91 92 93 94 95 96 97 98 99 9a 9b 9c 9d 9e 9f 	0000000000000000
  0x9670	a0 a1 a2 a3 a4 a5 a6 a7 a8 a9 aa ab ac ad ae af 	0000000000000000
  0x9680	b0 b1 b2 b3 b4 b5 b6 b7 b8 b9 ba bb bc bd be bf 	0000000000000000
  0x9690	c0 c1 c2 c3 c4 c5 c6 c7 c8 c9 ca cb cc cd ce cf 	0000000000000000
  0x96a0	d0 d1 d2 d3 d4 d5 d6 d7 d8 d9 da db dc dd de df 	0000000000000000
  0x96b0	e0 e1 e2 e3 e4 e5 e6 e7 e8 e9 ea eb ec ed ee ef 	0000000000000000
  0x96c0	f0 f1 f2 f3 f4 f5 f6 f7 f8 f9 fa fb fc fd fe ff 	0000000000000000
  0x96d0	80 81 82 83 84 85 86 87 88 89 8a 8b 8c 8d 8e 8f 	0000000000000000
  0x96e0	90 91 92 93 94 95 96 97 98 99 9a 9b 9c 9d 9e 9f 	0000000000000000
  0x96f0	a0 a1 a2 a3 a4 a5 a6 a7 a8 a9 aa ab ac ad ae af 	0000000000000000
  0x9700	b0 b1 b2 b3 b4 b5 b6 b7 b8 b9 ba bb bc bd be bf 	0000000000000000
  0x9710	c0 c1 c2 c3 c4 c5 c6 c7 c8 c9 ca cb cc cd ce cf 	0000000000000000
  0x9720	d0 d1 d2 d3 d4 d5 d6 d7 d8 d9 da db dc dd de df 	0000000000000000
  0x9730	e0 e1 e2 e3 e4 e5 e6 e7 e8 e9 ea eb ec ed ee ef 	0000000000000000
  0x9740	f0 f1 f2 f3 f4 f5 f6 f7 f8 f9 fa fb fc fd fe ff 	0000000000000000
  0x9750	00 01 02 03 04 05 06 07 08 09 0a 0b 0c 0d 0e 0f 	0000000000000000
  0x9760	10 11 12 13 14 15 16 17 18 19 1a 1b 1c 1d 1e 1f 	0000000000000000
  0x9770	20 21 22 23 24 25 26 27 28 29 2a 2b 2c 2d 2e 2f 	 !"#$%&'()*+,-./
  0x9780	30 31 32 33 34 35 36 37 38 39 3a 3b 3c 3d 3e 3f 	0123456789:;<=>?
  0x9790	40 41 42 43 44 45 46 47 48 49 4a 4b 4c 4d 4e 4f 	@ABCDEFGHIJKLMNO
  0x97a0	50 51 52 53 54 55 56 57 58 59 5a 5b 5c 5d 5e 5f 	PQRSTUVWXYZ[0]^_
  0x97b0	60 41 42 43 44 45 46 47 48 49 4a 4b 4c 4d 4e 4f 	`ABCDEFGHIJKLMNO
  0x97c0	50 51 52 53 54 55 56 57 58 59 5a 7b 7c 7d 7e 7f 	PQRSTUVWXYZ{|}~0
  0x97d0	80 81 82 83 84 85 86 87 88 89 8a 8b 8c 8d 8e 8f 	0000000000000000
  0x97e0	90 91 92 93 94 95 96 97 98 99 9a 9b 9c 9d 9e 9f 	0000000000000000
  0x97f0	a0 a1 a2 a3 a4 a5 a6 a7 a8 a9 aa ab ac ad ae af 	0000000000000000
  0x9800	b0 b1 b2 b3 b4 b5 b6 b7 b8 b9 ba bb bc bd be bf 	0000000000000000
  0x9810	c0 c1 c2 c3 c4 c5 c6 c7 c8 c9 ca cb cc cd ce cf 	0000000000000000
  0x9820	d0 d1 d2 d3 d4 d5 d6 d7 d8 d9 da db dc dd de df 	0000000000000000
  0x9830	e0 e1 e2 e3 e4 e5 e6 e7 e8 e9 ea eb ec ed ee ef 	0000000000000000
  0x9840	f0 f1 f2 f3 f4 f5 f6 f7 f8 f9 fa fb fc fd fe ff 	0000000000000000
  0x9850	2e 00 00 00 2e 00 00 00 00 00 00 00 53 75 6e 00 	.000.0000000Sun0
  0x9860	4d 6f 6e 00 54 75 65 00 57 65 64 00 54 68 75 00 	Mon0Tue0Wed0Thu0
  0x9870	46 72 69 00 53 61 74 00 53 75 6e 64 61 79 00 00 	Fri0Sat0Sunday00
  0x9880	4d 6f 6e 64 61 79 00 00 54 75 65 73 64 61 79 00 	Monday00Tuesday0
  0x9890	57 65 64 6e 65 73 64 61 79 00 00 00 00 00 00 00 	Wednesday0000000
  0x98a0	54 68 75 72 73 64 61 79 00 00 00 00 46 72 69 64 	Thursday0000Frid
  0x98b0	61 79 00 00 00 00 00 00 53 61 74 75 72 64 61 79 	ay000000Saturday
  0x98c0	00 00 00 00 4a 61 6e 00 46 65 62 00 4d 61 72 00 	0000Jan0Feb0Mar0
  0x98d0	41 70 72 00 4d 61 79 00 4a 75 6e 00 4a 75 6c 00 	Apr0May0Jun0Jul0
  0x98e0	41 75 67 00 53 65 70 00 4f 63 74 00 4e 6f 76 00 	Aug0Sep0Oct0Nov0
  0x98f0	44 65 63 00 00 00 00 00 4a 61 6e 75 61 72 79 00 	Dec00000January0
  0x9900	46 65 62 72 75 61 72 79 00 00 00 00 4d 61 72 63 	February0000Marc
  0x9910	68 00 00 00 41 70 72 69 6c 00 00 00 4a 75 6e 65 	h000April000June
  0x9920	00 00 00 00 4a 75 6c 79 00 00 00 00 41 75 67 75 	0000July0000Augu
  0x9930	73 74 00 00 00 00 00 00 53 65 70 74 65 6d 62 65 	st000000Septembe
  0x9940	72 00 00 00 00 00 00 00 4f 63 74 6f 62 65 72 00 	r0000000October0
  0x9950	4e 6f 76 65 6d 62 65 72 00 00 00 00 00 00 00 00 	November00000000
  0x9960	44 65 63 65 6d 62 65 72 00 00 00 00 41 4d 00 00 	December0000AM00
  0x9970	50 4d 00 00 00 00 00 00 4d 4d 2f 64 64 2f 79 79 	PM000000MM/dd/yy
  0x9980	00 00 00 00 00 00 00 00 64 64 64 64 2c 20 4d 4d 	00000000dddd, MM
  0x9990	4d 4d 20 64 64 2c 20 79 79 79 79 00 00 00 00 00 	MM dd, yyyy00000
  0x99a0	48 48 3a 6d 6d 3a 73 73 00 00 00 00 00 00 00 00 	HH:mm:ss00000000
  0x99b0	53 00 75 00 6e 00 00 00 4d 00 6f 00 6e 00 00 00 	S0u0n000M0o0n000
  0x99c0	54 00 75 00 65 00 00 00 57 00 65 00 64 00 00 00 	T0u0e000W0e0d000
  0x99d0	54 00 68 00 75 00 00 00 46 00 72 00 69 00 00 00 	T0h0u000F0r0i000
  0x99e0	53 00 61 00 74 00 00 00 53 00 75 00 6e 00 64 00 	S0a0t000S0u0n0d0
  0x99f0	61 00 79 00 00 00 00 00 4d 00 6f 00 6e 00 64 00 	a0y00000M0o0n0d0
  0x9a00	61 00 79 00 00 00 00 00 54 00 75 00 65 00 73 00 	a0y00000T0u0e0s0
  0x9a10	64 00 61 00 79 00 00 00 57 00 65 00 64 00 6e 00 	d0a0y000W0e0d0n0
  0x9a20	65 00 73 00 64 00 61 00 79 00 00 00 00 00 00 00 	e0s0d0a0y0000000
  0x9a30	54 00 68 00 75 00 72 00 73 00 64 00 61 00 79 00 	T0h0u0r0s0d0a0y0
  0x9a40	00 00 00 00 00 00 00 00 46 00 72 00 69 00 64 00 	00000000F0r0i0d0
  0x9a50	61 00 79 00 00 00 00 00 53 00 61 00 74 00 75 00 	a0y00000S0a0t0u0
  0x9a60	72 00 64 00 61 00 79 00 00 00 00 00 00 00 00 00 	r0d0a0y000000000
  0x9a70	4a 00 61 00 6e 00 00 00 46 00 65 00 62 00 00 00 	J0a0n000F0e0b000
  0x9a80	4d 00 61 00 72 00 00 00 41 00 70 00 72 00 00 00 	M0a0r000A0p0r000
  0x9a90	4d 00 61 00 79 00 00 00 4a 00 75 00 6e 00 00 00 	M0a0y000J0u0n000
  0x9aa0	4a 00 75 00 6c 00 00 00 41 00 75 00 67 00 00 00 	J0u0l000A0u0g000
  0x9ab0	53 00 65 00 70 00 00 00 4f 00 63 00 74 00 00 00 	S0e0p000O0c0t000
  0x9ac0	4e 00 6f 00 76 00 00 00 44 00 65 00 63 00 00 00 	N0o0v000D0e0c000
  0x9ad0	4a 00 61 00 6e 00 75 00 61 00 72 00 79 00 00 00 	J0a0n0u0a0r0y000
  0x9ae0	46 00 65 00 62 00 72 00 75 00 61 00 72 00 79 00 	F0e0b0r0u0a0r0y0
  0x9af0	00 00 00 00 00 00 00 00 4d 00 61 00 72 00 63 00 	00000000M0a0r0c0
  0x9b00	68 00 00 00 00 00 00 00 41 00 70 00 72 00 69 00 	h0000000A0p0r0i0
  0x9b10	6c 00 00 00 00 00 00 00 4a 00 75 00 6e 00 65 00 	l0000000J0u0n0e0
  0x9b20	00 00 00 00 00 00 00 00 4a 00 75 00 6c 00 79 00 	00000000J0u0l0y0
  0x9b30	00 00 00 00 00 00 00 00 41 00 75 00 67 00 75 00 	00000000A0u0g0u0
  0x9b40	73 00 74 00 00 00 00 00 53 00 65 00 70 00 74 00 	s0t00000S0e0p0t0
  0x9b50	65 00 6d 00 62 00 65 00 72 00 00 00 00 00 00 00 	e0m0b0e0r0000000
  0x9b60	4f 00 63 00 74 00 6f 00 62 00 65 00 72 00 00 00 	O0c0t0o0b0e0r000
  0x9b70	4e 00 6f 00 76 00 65 00 6d 00 62 00 65 00 72 00 	N0o0v0e0m0b0e0r0
  0x9b80	00 00 00 00 00 00 00 00 44 00 65 00 63 00 65 00 	00000000D0e0c0e0
  0x9b90	6d 00 62 00 65 00 72 00 00 00 00 00 41 00 4d 00 	m0b0e0r00000A0M0
  0x9ba0	00 00 00 00 50 00 4d 00 00 00 00 00 00 00 00 00 	0000P0M000000000
  0x9bb0	4d 00 4d 00 2f 00 64 00 64 00 2f 00 79 00 79 00 	M0M0/0d0d0/0y0y0
  0x9bc0	00 00 00 00 00 00 00 00 64 00 64 00 64 00 64 00 	00000000d0d0d0d0
  0x9bd0	2c 00 20 00 4d 00 4d 00 4d 00 4d 00 20 00 64 00 	,0 0M0M0M0M0 0d0
  0x9be0	64 00 2c 00 20 00 79 00 79 00 79 00 79 00 00 00 	d0,0 0y0y0y0y000
  0x9bf0	48 00 48 00 3a 00 6d 00 6d 00 3a 00 73 00 73 00 	H0H0:0m0m0:0s0s0
  0x9c00	00 00 00 00 00 00 00 00 68 00 61 00 72 00 64 00 	00000000h0a0r0d0
  0x9c10	77 00 61 00 72 00 65 00 00 00 00 00 00 00 00 00 	w0a0r0e000000000
  0x9c20	64 00 65 00 73 00 63 00 72 00 69 00 70 00 74 00 	d0e0s0c0r0i0p0t0
  0x9c30	69 00 6f 00 6e 00 00 00 73 00 79 00 73 00 74 00 	i0o0n000s0y0s0t0
  0x9c40	65 00 6d 00 00 00 00 00 63 00 65 00 6e 00 74 00 	e0m00000c0e0n0t0
  0x9c50	72 00 61 00 6c 00 70 00 72 00 6f 00 63 00 65 00 	r0a0l0p0r0o0c0e0
  0x9c60	73 00 73 00 6f 00 72 00 00 00 00 00 00 00 00 00 	s0s0o0r000000000
  0x9c70	41 75 74 68 65 6e 74 69 63 41 4d 44 00 00 00 00 	AuthenticAMD0000
  0x9c80	47 65 6e 75 69 6e 65 49 6e 74 65 6c 00 00 00 00 	GenuineIntel0000
  0x9c90	53 00 75 00 63 00 63 00 65 00 73 00 73 00 00 00 	S0u0c0c0e0s0s000
  0x9ca0	4e 00 65 00 77 00 65 00 72 00 20 00 50 00 61 00 	N0e0w0e0r0 0P0a0
  0x9cb0	74 00 63 00 68 00 20 00 4e 00 6f 00 74 00 20 00 	t0c0h0 0N0o0t0 0
  0x9cc0	41 00 76 00 61 00 69 00 6c 00 61 00 62 00 6c 00 	A0v0a0i0l0a0b0l0
  0x9cd0	65 00 00 00 00 00 00 00 4e 00 6f 00 20 00 4d 00 	e0000000N0o0 0M0
  0x9ce0	50 00 42 00 20 00 45 00 6e 00 74 00 72 00 79 00 	P0B0 0E0n0t0r0y0
  0x9cf0	20 00 46 00 6f 00 75 00 6e 00 64 00 00 00 00 00 	 0F0o0u0n0d00000
  0x9d00	45 00 78 00 69 00 73 00 74 00 69 00 6e 00 67 00 	E0x0i0s0t0i0n0g0
  0x9d10	20 00 50 00 61 00 74 00 63 00 68 00 20 00 4c 00 	 0P0a0t0c0h0 0L0
  0x9d20	65 00 76 00 65 00 6c 00 20 00 41 00 6c 00 72 00 	e0v0e0l0 0A0l0r0
  0x9d30	65 00 61 00 64 00 79 00 20 00 43 00 75 00 72 00 	e0a0d0y0 0C0u0r0
  0x9d40	72 00 65 00 6e 00 74 00 00 00 00 00 00 00 00 00 	r0e0n0t000000000
  0x9d50	55 00 70 00 64 00 61 00 74 00 65 00 20 00 53 00 	U0p0d0a0t0e0 0S0
  0x9d60	74 00 61 00 74 00 75 00 73 00 00 00 00 00 00 00 	t0a0t0u0s0000000
  0x9d70	50 00 72 00 65 00 76 00 69 00 6f 00 75 00 73 00 	P0r0e0v0i0o0u0s0
  0x9d80	20 00 55 00 70 00 64 00 61 00 74 00 65 00 20 00 	 0U0p0d0a0t0e0 0
  0x9d90	52 00 65 00 76 00 69 00 73 00 69 00 6f 00 6e 00 	R0e0v0i0s0i0o0n0
  0x9da0	00 00 00 00 00 00 00 00 55 00 70 00 64 00 61 00 	00000000U0p0d0a0
  0x9db0	74 00 65 00 20 00 52 00 65 00 76 00 69 00 73 00 	t0e0 0R0e0v0i0s0
  0x9dc0	69 00 6f 00 6e 00 00 00 75 00 6e 00 69 00 6e 00 	i0o0n000u0n0i0n0
  0x9dd0	73 00 74 00 61 00 6c 00 6c 00 00 00 00 00 00 00 	s0t0a0l0l0000000
  0x9de0	63 00 68 00 65 00 63 00 6b 00 75 00 70 00 64 00 	c0h0e0c0k0u0p0d0
  0x9df0	61 00 74 00 65 00 73 00 00 00 00 00 00 00 00 00 	a0t0e0s000000000
  0x9e00	53 00 65 00 4c 00 6f 00 61 00 64 00 44 00 72 00 	S0e0L0o0a0d0D0r0
  0x9e10	69 00 76 00 65 00 72 00 50 00 72 00 69 00 76 00 	i0v0e0r0P0r0i0v0
  0x9e20	69 00 6c 00 65 00 67 00 65 00 00 00 00 00 00 00 	i0l0e0g0e0000000
  0x9e30	00 00 00 00 49 7a f4 6b 00 00 00 00 02 00 00 00 	0000Iz0k00000000
  0x9e40	22 00 00 00 84 9e 00 00 84 86 00 00 00 00 00 00 	"000000000000000
  0x9e50	49 7a f4 6b 00 00 00 00 0d 00 00 00 64 02 00 00 	Iz0k00000000d000
  0x9e60	a8 9e 00 00 a8 86 00 00 00 00 00 00 49 7a f4 6b 	000000000000Iz0k
  0x9e70	00 00 00 00 10 00 00 00 24 00 00 00 0c a1 00 00 	00000000$0000000
  0x9e80	0c 89 00 00 52 53 44 53 a0 f6 e6 c3 38 a5 c2 21 	0000RSDS0000800!
  0x9e90	cf 4e 9d e6 29 6b 31 fe 01 00 00 00 75 63 73 76 	0N00)k100000ucsv
  0x9ea0	63 2e 70 64 62 00 00 00 47 43 54 4c 00 10 00 00 	c.pdb000GCTL0000
  0x9eb0	80 5d 00 00 2e 74 65 78 74 24 6d 6e 00 00 00 00 	0]00.text$mn0000
  0x9ec0	80 6d 00 00 80 00 00 00 2e 74 65 78 74 24 6d 6e 	0m000000.text$mn
  0x9ed0	24 30 30 00 00 6e 00 00 f0 03 00 00 2e 74 65 78 	$0000n000000.tex
  0x9ee0	74 24 6d 6e 24 32 31 00 f0 71 00 00 34 01 00 00 	t$mn$2100q004000
  0x9ef0	2e 74 65 78 74 24 78 00 00 80 00 00 a8 02 00 00 	.text$x000000000
  0x9f00	2e 72 64 61 74 61 24 62 72 63 00 00 a8 82 00 00 	.rdata$brc000000
  0x9f10	00 03 00 00 2e 69 64 61 74 61 24 35 00 00 00 00 	0000.idata$50000
  0x9f20	a8 85 00 00 10 00 00 00 2e 30 30 63 66 67 00 00 	00000000.00cfg00
  0x9f30	b8 85 00 00 08 00 00 00 2e 43 52 54 24 58 43 41 	00000000.CRT$XCA
  0x9f40	00 00 00 00 c0 85 00 00 08 00 00 00 2e 43 52 54 	000000000000.CRT
  0x9f50	24 58 43 5a 00 00 00 00 c8 85 00 00 08 00 00 00 	$XCZ000000000000
  0x9f60	2e 43 52 54 24 58 49 41 00 00 00 00 d0 85 00 00 	.CRT$XIA00000000
  0x9f70	08 00 00 00 2e 43 52 54 24 58 49 43 00 00 00 00 	0000.CRT$XIC0000
  0x9f80	d8 85 00 00 08 00 00 00 2e 43 52 54 24 58 49 59 	00000000.CRT$XIY
  0x9f90	00 00 00 00 e0 85 00 00 08 00 00 00 2e 43 52 54 	000000000000.CRT
  0x9fa0	24 58 49 5a 00 00 00 00 e8 85 00 00 08 00 00 00 	$XIZ000000000000
  0x9fb0	2e 43 52 54 24 58 50 41 00 00 00 00 f0 85 00 00 	.CRT$XPA00000000
  0x9fc0	08 00 00 00 2e 43 52 54 24 58 50 5a 00 00 00 00 	0000.CRT$XPZ0000
  0x9fd0	f8 85 00 00 08 00 00 00 2e 43 52 54 24 58 54 41 	00000000.CRT$XTA
  0x9fe0	00 00 00 00 00 86 00 00 08 00 00 00 2e 43 52 54 	000000000000.CRT
  0x9ff0	24 58 54 5a 00 00 00 00 08 86 00 00 34 00 00 00 	$XTZ000000004000
  0xa000	2e 67 66 69 64 73 00 00 3c 86 00 00 14 00 00 00 	.gfids00<0000000
  0xa010	2e 67 69 61 74 73 00 00 50 86 00 00 34 18 00 00 	.giats00P0004000
  0xa020	2e 72 64 61 74 61 00 00 84 9e 00 00 ac 02 00 00 	.rdata0000000000
  0xa030	2e 72 64 61 74 61 24 7a 7a 7a 64 62 67 00 00 00 	.rdata$zzzdbg000
  0xa040	30 a1 00 00 00 06 00 00 2e 78 64 61 74 61 00 00 	00000000.xdata00
  0xa050	30 a7 00 00 f4 01 00 00 2e 69 64 61 74 61 24 32 	00000000.idata$2
  0xa060	00 00 00 00 24 a9 00 00 14 00 00 00 2e 69 64 61 	0000$0000000.ida
  0xa070	74 61 24 33 00 00 00 00 38 a9 00 00 00 03 00 00 	ta$3000080000000
  0xa080	2e 69 64 61 74 61 24 34 00 00 00 00 38 ac 00 00 	.idata$400008000
  0xa090	b0 08 00 00 2e 69 64 61 74 61 24 36 00 00 00 00 	0000.idata$60000
  0xa0a0	00 c0 00 00 60 05 00 00 2e 64 61 74 61 24 62 72 	0000`000.data$br
  0xa0b0	63 00 00 00 60 c5 00 00 e0 06 00 00 2e 64 61 74 	c000`0000000.dat
  0xa0c0	61 00 00 00 40 cc 00 00 68 61 00 00 2e 62 73 73 	a000@000ha00.bss
  0xa0d0	00 00 00 00 00 30 01 00 4c 05 00 00 2e 70 64 61 	00000000L000.pda
  0xa0e0	74 61 00 00 00 40 01 00 a0 00 00 00 2e 72 73 72 	ta000@000000.rsr
  0xa0f0	63 24 30 31 00 00 00 00 a0 40 01 00 58 06 00 00 	c$0100000@00X000
  0xa100	2e 72 73 72 63 24 30 32 00 00 00 00 20 00 00 00 	.rsrc$020000 000
  0xa110	a0 f6 e6 c3 38 a5 c2 21 cf 4e 9d e6 29 6b 31 fe 	0000800!0N00)k10
  0xa120	62 ae b4 24 84 3b c3 94 29 83 5e b6 49 7a f4 6b 	b00$0;00)0^0Iz0k
  0xa130	19 2b 07 00 1a 74 4e 00 1a 34 4d 00 1a 01 4a 00 	0+000tN004M000J0
  0xa140	0b 50 00 00 b8 58 00 00 40 02 00 00 01 0c 04 00 	0P000X00@0000000
  0xa150	0c 34 09 00 0c 52 08 70 19 2b 0b 00 19 54 10 01 	04000R0p0+000T00
  0xa160	19 34 0f 01 19 01 08 01 12 f0 10 e0 0e c0 0c 70 	040000000000000p
  0xa170	0b 60 00 00 b8 58 00 00 30 08 00 00 19 24 07 00 	0`000X0000000$00
  0xa180	12 64 0c 01 12 34 0b 01 12 01 08 01 0b 70 00 00 	0d00040000000p00
  0xa190	b8 58 00 00 30 08 00 00 01 1c 0c 00 1c 64 0f 00 	0X00000000000d00
  0xa1a0	1c 54 0d 00 1c 34 0c 00 1c 52 18 f0 16 e0 14 d0 	0T0004000R000000
  0xa1b0	12 c0 10 70 19 19 04 00 0a 34 0c 00 0a 92 06 70 	000p00000400000p
  0xa1c0	b8 58 00 00 48 00 00 00 19 29 0a 00 1b e4 0d 00 	0X00H0000)000000
  0xa1d0	1b 74 0c 00 1b 64 0b 00 1b 34 0a 00 1b 72 14 50 	0t000d0004000r0P
  0xa1e0	b8 58 00 00 38 00 00 00 19 1f 05 00 0d 34 3c 00 	0X008000000004<0
  0xa1f0	0d 01 3a 00 06 70 00 00 a4 36 00 00 02 00 00 00 	00:00p0006000000
  0xa200	ca 1a 00 00 67 1b 00 00 f0 71 00 00 67 1b 00 00 	0000g0000q00g000
  0xa210	9d 1b 00 00 a5 1b 00 00 f0 71 00 00 67 1b 00 00 	000000000q00g000
  0xa220	c1 01 00 00 01 06 02 00 06 32 02 50 01 04 01 00 	00000000020P0000
  0xa230	04 42 00 00 00 00 00 00 01 00 00 00 01 06 02 00 	0B00000000000000
  0xa240	06 52 02 30 01 14 08 00 14 64 0e 00 14 54 0d 00 	0R0000000d000T00
  0xa250	14 34 0c 00 14 92 10 70 01 06 02 00 06 32 02 30 	0400000p00000200
  0xa260	01 00 00 00 01 14 08 00 14 64 08 00 14 54 07 00 	000000000d000T00
  0xa270	14 34 06 00 14 32 10 70 09 04 01 00 04 22 00 00 	0400020p00000"00
  0xa280	f0 49 00 00 01 00 00 00 7c 22 00 00 b2 22 00 00 	0I000000|"000"00
  0xa290	01 00 00 00 b2 22 00 00 01 0a 04 00 0a 34 06 00 	00000"0000000400
  0xa2a0	0a 32 06 70 11 13 04 00 13 34 07 00 13 32 0f 70 	020p00000400020p
  0xa2b0	f0 49 00 00 02 00 00 00 0c 24 00 00 40 24 00 00 	0I0000000$00@$00
  0xa2c0	14 72 00 00 00 00 00 00 52 24 00 00 89 24 00 00 	0r000000R$000$00
  0xa2d0	2d 72 00 00 00 00 00 00 11 0a 04 00 0a 34 06 00 	-r00000000000400
  0xa2e0	0a 32 06 70 f0 49 00 00 02 00 00 00 ce 25 00 00 	020p0I0000000%00
  0xa2f0	d8 25 00 00 14 72 00 00 00 00 00 00 ed 25 00 00 	0%000r0000000%00
  0xa300	13 26 00 00 2d 72 00 00 00 00 00 00 01 0a 04 00 	0&00-r0000000000
  0xa310	0a 34 06 00 0a 32 06 60 11 1c 0a 00 1c 64 0f 00 	0400020`00000d00
  0xa320	1c 34 0e 00 1c 72 18 f0 16 e0 14 d0 12 c0 10 70 	04000r000000000p
  0xa330	f0 49 00 00 01 00 00 00 b3 29 00 00 c6 2a 00 00 	0I0000000)000*00
  0xa340	4c 72 00 00 00 00 00 00 01 15 08 00 15 74 0b 00 	Lr00000000000t00
  0xa350	15 54 0a 00 15 34 08 00 15 52 11 e0 01 08 01 00 	0T0004000R000000
  0xa360	08 42 00 00 01 20 0d 00 20 74 19 00 20 64 18 00 	0B000 00 t00 d00
  0xa370	20 54 17 00 20 34 16 00 20 01 12 00 19 f0 17 e0 	 T00 400 0000000
  0xa380	15 c0 00 00 01 10 06 00 10 64 0b 00 10 34 0a 00 	000000000d000400
  0xa390	10 52 0c 70 01 1c 0b 00 1c 64 08 00 1c 54 07 00 	0R0p00000d000T00
  0xa3a0	1c 34 06 00 1c f0 1a e0 18 d0 16 c0 14 70 00 00 	0400000000000p00
  0xa3b0	01 18 0a 00 18 64 0c 00 18 54 0b 00 18 34 0a 00 	00000d000T000400
  0xa3c0	18 52 14 f0 12 e0 10 70 01 0d 04 00 0d 34 09 00 	0R00000p00000400
  0xa3d0	0d 32 06 50 01 19 0a 00 19 74 09 00 19 64 08 00 	020P00000t000d00
  0xa3e0	19 54 07 00 19 34 06 00 19 32 15 e0 01 0c 02 00 	0T00040002000000
  0xa3f0	0c 01 11 00 11 06 02 00 06 32 02 30 f0 49 00 00 	0000000002000I00
  0xa400	01 00 00 00 e6 3b 00 00 f8 3b 00 00 76 72 00 00 	00000;000;00vr00
  0xa410	00 00 00 00 01 0f 06 00 0f 64 07 00 0f 34 06 00 	000000000d000400
  0xa420	0f 32 0b 70 11 0a 04 00 0a 34 07 00 0a 32 06 70 	020p00000400020p
  0xa430	f0 49 00 00 01 00 00 00 f5 3f 00 00 53 40 00 00 	0I0000000?00S@00
  0xa440	95 72 00 00 00 00 00 00 11 19 0a 00 19 e4 0b 00 	0r00000000000000
  0xa450	19 74 0a 00 19 64 09 00 19 34 08 00 19 52 15 f0 	0t000d0004000R00
  0xa460	f0 49 00 00 01 00 00 00 c3 41 00 00 76 42 00 00 	0I0000000A00vB00
  0xa470	95 72 00 00 00 00 00 00 19 23 0a 00 14 34 12 00 	0r0000000#000400
  0xa480	14 72 10 f0 0e e0 0c d0 0a c0 08 70 07 60 06 50 	0r000000000p0`0P
  0xa490	b8 58 00 00 38 00 00 00 01 06 02 00 06 72 02 30 	0X00800000000r00
  0xa4a0	19 2b 07 00 1a 64 b4 00 1a 34 b3 00 1a 01 b0 00 	0+000d0004000000
  0xa4b0	0b 50 00 00 b8 58 00 00 70 05 00 00 01 0d 02 00 	0P000X00p0000000
  0xa4c0	0d b2 06 50 19 1b 03 00 09 01 a8 00 02 30 00 00 	000P000000000000
  0xa4d0	b8 58 00 00 30 05 00 00 01 19 0a 00 19 34 12 00 	0X00000000000400
  0xa4e0	19 92 15 f0 13 e0 11 d0 0f c0 0d 70 0c 60 0b 50 	00000000000p0`0P
  0xa4f0	01 04 01 00 04 62 00 00 09 04 01 00 04 42 00 00 	00000b0000000B00
  0xa500	f0 49 00 00 01 00 00 00 b5 49 00 00 bd 49 00 00 	0I0000000I000I00
  0xa510	01 00 00 00 bd 49 00 00 01 1c 0c 00 1c 64 10 00 	00000I0000000d00
  0xa520	1c 54 0f 00 1c 34 0e 00 1c 72 18 f0 16 e0 14 d0 	0T0004000r000000
  0xa530	12 c0 10 70 01 15 08 00 15 74 08 00 15 64 07 00 	000p00000t000d00
  0xa540	15 34 06 00 15 32 11 e0 11 15 08 00 15 74 08 00 	0400020000000t00
  0xa550	15 64 07 00 15 34 06 00 15 32 11 f0 f0 49 00 00 	0d00040002000I00
  0xa560	01 00 00 00 66 4d 00 00 a2 4d 00 00 b4 72 00 00 	0000fM000M000r00
  0xa570	00 00 00 00 01 0a 02 00 0a 32 06 30 09 0a 04 00 	0000000002000000
  0xa580	0a 34 06 00 0a 32 06 70 f0 49 00 00 01 00 00 00 	0400020p0I000000
  0xa590	9d 4f 00 00 d0 4f 00 00 e0 72 00 00 d0 4f 00 00 	0O000O000r000O00
  0xa5a0	11 17 0a 00 17 64 11 00 17 34 10 00 17 72 13 f0 	00000d0004000r00
  0xa5b0	11 e0 0f d0 0d c0 0b 70 f0 49 00 00 01 00 00 00 	0000000p0I000000
  0xa5c0	58 52 00 00 dc 52 00 00 06 73 00 00 00 00 00 00 	XR000R000s000000
  0xa5d0	01 06 02 00 06 52 02 50 19 1e 08 00 0f 92 0b f0 	00000R0P00000000
  0xa5e0	09 e0 07 c0 05 70 04 60 03 50 02 30 b8 58 00 00 	00000p0`0P000X00
  0xa5f0	48 00 00 00 01 0a 04 00 0a 34 08 00 0a 52 06 70 	H000000004000R0p
  0xa600	01 00 00 00 01 02 01 00 02 30 00 00 01 0e 02 00 	0000000000000000
  0xa610	0e 32 0a 30 01 0f 06 00 0f 64 0f 00 0f 34 0e 00 	020000000d000400
  0xa620	0f b2 0b 70 19 2d 0d 35 1f 74 10 00 1b 64 0f 00 	000p0-050t000d00
  0xa630	17 34 0e 00 13 33 0e 72 0a f0 08 e0 06 d0 04 c0 	0400030r00000000
  0xa640	02 50 00 00 b8 58 00 00 30 00 00 00 00 00 00 00 	0P000X0000000000
  0xa650	01 00 00 00 00 00 00 00 01 00 00 00 01 0f 06 00 	0000000000000000
  0xa660	0f 64 11 00 0f 34 10 00 0f d2 0b 70 19 33 0a 45 	0d000400000p030E
  0xa670	25 43 20 01 12 00 19 f0 17 e0 15 d0 13 c0 11 70 	%C 000000000000p
  0xa680	10 60 0f 50 a4 36 00 00 02 00 00 00 7f 62 00 00 	0`0P060000000b00
  0xa690	12 63 00 00 01 00 00 00 12 63 00 00 08 64 00 00 	0c0000000c000d00
  0xa6a0	9b 64 00 00 01 00 00 00 9b 64 00 00 89 00 00 00 	0d0000000d000000
  0xa6b0	01 0a 02 00 0a b2 06 30 01 0f 06 00 0f 64 0d 00 	0000000000000d00
  0xa6c0	0f 34 0c 00 0f 92 0b 70 01 07 02 00 07 01 b5 00 	0400000p00000000
  0xa6d0	01 00 00 00 00 00 00 00 01 00 00 00 01 00 00 00 	0000000000000000
  0xa6e0	01 00 00 00 00 00 00 00 01 00 00 00 00 00 00 00 	0000000000000000
  0xa6f0	02 04 03 00 01 16 00 06 04 12 00 00 19 35 0c 25 	000000000000050%
  0xa700	27 74 18 00 20 64 17 00 19 34 16 00 12 23 0d 01 	't00 d0004000#00
  0xa710	12 00 06 f0 04 e0 02 50 b8 58 00 00 88 00 00 00 	0000000P0X000000
  0xa720	01 0f 06 00 0f 64 0b 00 0f 34 0a 00 0f 72 0b 70 	00000d0004000r0p
  0xa730	00 ab 00 00 00 00 00 00 00 00 00 00 72 b1 00 00 	000000000000r000
  0xa740	70 84 00 00 18 ab 00 00 00 00 00 00 00 00 00 00 	p000000000000000
  0xa750	96 b1 00 00 88 84 00 00 48 a9 00 00 00 00 00 00 	00000000H0000000
  0xa760	00 00 00 00 ba b1 00 00 b8 82 00 00 a8 aa 00 00 	0000000000000000
  0xa770	00 00 00 00 00 00 00 00 e4 b1 00 00 18 84 00 00 	0000000000000000
  0xa780	20 ac 00 00 00 00 00 00 00 00 00 00 0e b2 00 00 	 000000000000000
  0xa790	90 85 00 00 10 ac 00 00 00 00 00 00 00 00 00 00 	0000000000000000
  0xa7a0	18 b2 00 00 80 85 00 00 b0 a9 00 00 00 00 00 00 	0000000000000000
  0xa7b0	00 00 00 00 3e b2 00 00 20 83 00 00 c0 a9 00 00 	0000>000 0000000
  0xa7c0	00 00 00 00 00 00 00 00 60 b2 00 00 30 83 00 00 	00000000`0000000
  0xa7d0	e8 a9 00 00 00 00 00 00 00 00 00 00 80 b2 00 00 	0000000000000000
  0xa7e0	58 83 00 00 f0 ab 00 00 00 00 00 00 00 00 00 00 	X000000000000000
  0xa7f0	a0 b2 00 00 60 85 00 00 00 ac 00 00 00 00 00 00 	0000`00000000000
  0xa800	00 00 00 00 c4 b2 00 00 70 85 00 00 b0 ab 00 00 	00000000p0000000
  0xa810	00 00 00 00 00 00 00 00 ee b2 00 00 20 85 00 00 	000000000000 000
  0xa820	f8 a9 00 00 00 00 00 00 00 00 00 00 12 b3 00 00 	0000000000000000
  0xa830	68 83 00 00 d8 ab 00 00 00 00 00 00 00 00 00 00 	h000000000000000
  0xa840	3c b3 00 00 48 85 00 00 70 a9 00 00 00 00 00 00 	<000H000p0000000
  0xa850	00 00 00 00 5c b3 00 00 e0 82 00 00 80 aa 00 00 	0000000000000000
  0xa860	00 00 00 00 00 00 00 00 7e b3 00 00 f0 83 00 00 	00000000~0000000
  0xa870	98 a9 00 00 00 00 00 00 00 00 00 00 ac b3 00 00 	0000000000000000
  0xa880	08 83 00 00 78 ab 00 00 00 00 00 00 00 00 00 00 	0000x00000000000
  0xa890	cc b3 00 00 e8 84 00 00 f0 aa 00 00 00 00 00 00 	0000000000000000
  0xa8a0	00 00 00 00 ee b3 00 00 60 84 00 00 30 ab 00 00 	00000000`0000000
  0xa8b0	00 00 00 00 00 00 00 00 12 b4 00 00 a0 84 00 00 	0000000000000000
  0xa8c0	30 aa 00 00 00 00 00 00 00 00 00 00 38 b4 00 00 	0000000000008000
  0xa8d0	a0 83 00 00 38 a9 00 00 00 00 00 00 00 00 00 00 	0000800000000000
  0xa8e0	60 b4 00 00 a8 82 00 00 a0 ab 00 00 00 00 00 00 	`000000000000000
  0xa8f0	00 00 00 00 82 b4 00 00 10 85 00 00 58 ab 00 00 	000000000000X000
  0xa900	00 00 00 00 00 00 00 00 a4 b4 00 00 c8 84 00 00 	0000000000000000
  0xa910	60 aa 00 00 00 00 00 00 00 00 00 00 c6 b4 00 00 	`000000000000000
  0xa920	d0 83 00 00 00 00 00 00 00 00 00 00 00 00 00 00 	0000000000000000
  0xa930	00 00 00 00 00 00 00 00 42 b0 00 00 00 00 00 00 	00000000B0000000
  0xa940	00 00 00 00 00 00 00 00 c2 ac 00 00 00 00 00 00 	0000000000000000
  0xa950	5a ac 00 00 00 00 00 00 88 ad 00 00 00 00 00 00 	Z000000000000000
  0xa960	de af 00 00 00 00 00 00 00 00 00 00 00 00 00 00 	0000000000000000
  0xa970	e6 ad 00 00 00 00 00 00 da ad 00 00 00 00 00 00 	0000000000000000
  0xa980	f4 ad 00 00 00 00 00 00 02 ae 00 00 00 00 00 00 	0000000000000000
  0xa990	00 00 00 00 00 00 00 00 98 ae 00 00 00 00 00 00 	0000000000000000
  0xa9a0	68 ae 00 00 00 00 00 00 00 00 00 00 00 00 00 00 	h000000000000000
  0xa9b0	d2 ac 00 00 00 00 00 00 00 00 00 00 00 00 00 00 	0000000000000000
  0xa9c0	e0 ac 00 00 00 00 00 00 96 b0 00 00 00 00 00 00 	0000000000000000
  0xa9d0	bc b0 00 00 00 00 00 00 8a ae 00 00 00 00 00 00 	0000000000000000
  0xa9e0	00 00 00 00 00 00 00 00 f6 ac 00 00 00 00 00 00 	0000000000000000
  0xa9f0	00 00 00 00 00 00 00 00 aa b0 00 00 00 00 00 00 	0000000000000000
  0xaa00	a6 ad 00 00 00 00 00 00 e6 ae 00 00 00 00 00 00 	0000000000000000
  0xaa10	74 ae 00 00 00 00 00 00 46 ae 00 00 00 00 00 00 	t0000000F0000000
  0xaa20	30 ae 00 00 00 00 00 00 00 00 00 00 00 00 00 00 	0000000000000000
  0xaa30	36 b0 00 00 00 00 00 00 2a b0 00 00 00 00 00 00 	60000000*0000000
  0xaa40	06 b1 00 00 00 00 00 00 20 b0 00 00 00 00 00 00 	00000000 0000000
  0xaa50	0e b0 00 00 00 00 00 00 00 00 00 00 00 00 00 00 	0000000000000000
  0xaa60	50 b1 00 00 00 00 00 00 62 b1 00 00 00 00 00 00 	P0000000b0000000
  0xaa70	40 b1 00 00 00 00 00 00 00 00 00 00 00 00 00 00 	@000000000000000
  0xaa80	8a af 00 00 00 00 00 00 58 ae 00 00 00 00 00 00 	00000000X0000000
  0xaa90	56 af 00 00 00 00 00 00 70 af 00 00 00 00 00 00 	V0000000p0000000
  0xaaa0	00 00 00 00 00 00 00 00 7e ac 00 00 00 00 00 00 	00000000~0000000
  0xaab0	22 ae 00 00 00 00 00 00 0c ae 00 00 00 00 00 00 	"000000000000000
  0xaac0	6a ac 00 00 00 00 00 00 16 af 00 00 00 00 00 00 	j000000000000000
  0xaad0	66 ad 00 00 00 00 00 00 16 b1 00 00 00 00 00 00 	f000000000000000
  0xaae0	fa af 00 00 00 00 00 00 00 00 00 00 00 00 00 00 	0000000000000000
  0xaaf0	fc ae 00 00 00 00 00 00 00 00 00 00 00 00 00 00 	0000000000000000
  0xab00	10 ad 00 00 00 00 00 00 38 ac 00 00 00 00 00 00 	0000000080000000
  0xab10	00 00 00 00 00 00 00 00 4c ac 00 00 00 00 00 00 	00000000L0000000
  0xab20	02 ad 00 00 00 00 00 00 00 00 00 00 00 00 00 00 	0000000000000000
  0xab30	58 b0 00 00 00 00 00 00 9c af 00 00 00 00 00 00 	X000000000000000
  0xab40	b0 af 00 00 00 00 00 00 ca af 00 00 00 00 00 00 	0000000000000000
  0xab50	00 00 00 00 00 00 00 00 da b0 00 00 00 00 00 00 	0000000000000000
  0xab60	c8 b0 00 00 00 00 00 00 f0 b0 00 00 00 00 00 00 	0000000000000000
  0xab70	00 00 00 00 00 00 00 00 7e b0 00 00 00 00 00 00 	00000000~0000000
  0xab80	66 b0 00 00 00 00 00 00 a6 ae 00 00 00 00 00 00 	f000000000000000
  0xab90	ce ae 00 00 00 00 00 00 00 00 00 00 00 00 00 00 	0000000000000000
  0xaba0	a2 b0 00 00 00 00 00 00 00 00 00 00 00 00 00 00 	0000000000000000
  0xabb0	30 b1 00 00 00 00 00 00 46 af 00 00 00 00 00 00 	00000000F0000000
  0xabc0	78 ad 00 00 00 00 00 00 2c af 00 00 00 00 00 00 	x0000000,0000000
  0xabd0	00 00 00 00 00 00 00 00 ba ad 00 00 00 00 00 00 	0000000000000000
  0xabe0	ca ad 00 00 00 00 00 00 00 00 00 00 00 00 00 00 	0000000000000000
  0xabf0	36 ad 00 00 00 00 00 00 00 00 00 00 00 00 00 00 	6000000000000000
  0xac00	4e ad 00 00 00 00 00 00 00 00 00 00 00 00 00 00 	N000000000000000
  0xac10	ac ac 00 00 00 00 00 00 00 00 00 00 00 00 00 00 	0000000000000000
  0xac20	92 ac 00 00 00 00 00 00 1e ad 00 00 00 00 00 00 	0000000000000000
  0xac30	00 00 00 00 00 00 00 00 25 00 52 65 67 51 75 65 	00000000%0RegQue
  0xac40	72 79 56 61 6c 75 65 45 78 57 00 00 11 00 52 65 	ryValueExW0000Re
  0xac50	67 4f 70 65 6e 4b 65 79 57 00 0d 00 53 65 74 4c 	gOpenKeyW000SetL
  0xac60	61 73 74 45 72 72 6f 72 00 00 0c 00 47 65 74 43 	astError0000GetC
  0xac70	75 72 72 65 6e 74 50 72 6f 63 65 73 73 00 02 00 	urrentProcess000
  0xac80	4f 70 65 6e 50 72 6f 63 65 73 73 54 6f 6b 65 6e 	OpenProcessToken
  0xac90	00 00 5a 02 4e 74 53 65 74 53 79 73 74 65 6d 49 	00Z0NtSetSystemI
  0xaca0	6e 66 6f 72 6d 61 74 69 6f 6e 00 00 00 00 43 6f 	nformation0000Co
  0xacb0	6d 6d 61 6e 64 4c 69 6e 65 54 6f 41 72 67 76 57 	mmandLineToArgvW
  0xacc0	00 00 05 00 47 65 74 4c 61 73 74 45 72 72 6f 72 	0000GetLastError
  0xacd0	00 00 00 00 43 6c 6f 73 65 48 61 6e 64 6c 65 00 	0000CloseHandle0
  0xace0	0a 00 48 65 61 70 53 65 74 49 6e 66 6f 72 6d 61 	00HeapSetInforma
  0xacf0	74 69 6f 6e 00 00 0a 00 4c 6f 63 61 6c 46 72 65 	tion0000LocalFre
  0xad00	65 00 0d 00 52 65 67 45 6e 75 6d 4b 65 79 57 00 	e000RegEnumKeyW0
  0xad10	00 00 52 65 67 43 6c 6f 73 65 4b 65 79 00 fd 04 	00RegCloseKey000
  0xad20	52 74 6c 4e 74 53 74 61 74 75 73 54 6f 44 6f 73 	RtlNtStatusToDos
  0xad30	45 72 72 6f 72 00 15 00 41 64 6a 75 73 74 54 6f 	Error000AdjustTo
  0xad40	6b 65 6e 50 72 69 76 69 6c 65 67 65 73 00 04 00 	kenPrivileges000
  0xad50	4c 6f 6f 6b 75 70 50 72 69 76 69 6c 65 67 65 56 	LookupPrivilegeV
  0xad60	61 6c 75 65 57 00 20 00 47 65 74 53 74 61 72 74 	alueW0 0GetStart
  0xad70	75 70 49 6e 66 6f 57 00 1e 00 47 65 74 56 65 72 	upInfoW000GetVer
  0xad80	73 69 6f 6e 45 78 57 00 0f 00 53 65 74 55 6e 68 	sionExW000SetUnh
  0xad90	61 6e 64 6c 65 64 45 78 63 65 70 74 69 6f 6e 46 	andledExceptionF
  0xada0	69 6c 74 65 72 00 14 00 47 65 74 4d 6f 64 75 6c 	ilter000GetModul
  0xadb0	65 48 61 6e 64 6c 65 57 00 00 04 00 45 6e 63 6f 	eHandleW0000Enco
  0xadc0	64 65 50 6f 69 6e 74 65 72 00 01 00 44 65 63 6f 	dePointer000Deco
  0xadd0	64 65 50 6f 69 6e 74 65 72 00 00 00 46 6c 73 41 	dePointer000FlsA
  0xade0	6c 6c 6f 63 00 00 02 00 46 6c 73 47 65 74 56 61 	lloc0000FlsGetVa
  0xadf0	6c 75 65 00 03 00 46 6c 73 53 65 74 56 61 6c 75 	lue000FlsSetValu
  0xae00	65 00 01 00 46 6c 73 46 72 65 65 00 11 00 47 65 	e000FlsFree000Ge
  0xae10	74 43 75 72 72 65 6e 74 54 68 72 65 61 64 49 64 	tCurrentThreadId
  0xae20	00 00 08 00 45 78 69 74 50 72 6f 63 65 73 73 00 	0000ExitProcess0
  0xae30	13 00 47 65 74 4d 6f 64 75 6c 65 48 61 6e 64 6c 	00GetModuleHandl
  0xae40	65 45 78 57 00 00 15 00 47 65 74 50 72 6f 63 41 	eExW0000GetProcA
  0xae50	64 64 72 65 73 73 00 00 0c 00 47 65 74 53 74 64 	ddress0000GetStd
  0xae60	48 61 6e 64 6c 65 00 00 5b 00 57 72 69 74 65 46 	Handle00[0WriteF
  0xae70	69 6c 65 00 0f 00 47 65 74 4d 6f 64 75 6c 65 46 	ile000GetModuleF
  0xae80	69 6c 65 4e 61 6d 65 41 00 00 04 00 48 65 61 70 	ileNameA0000Heap
  0xae90	43 72 65 61 74 65 00 00 31 00 47 65 74 46 69 6c 	Create0010GetFil
  0xaea0	65 54 79 70 65 00 19 00 49 6e 69 74 69 61 6c 69 	eType000Initiali
  0xaeb0	7a 65 43 72 69 74 69 63 61 6c 53 65 63 74 69 6f 	zeCriticalSectio
  0xaec0	6e 41 6e 64 53 70 69 6e 43 6f 75 6e 74 00 0f 00 	nAndSpinCount000
  0xaed0	44 65 6c 65 74 65 43 72 69 74 69 63 61 6c 53 65 	DeleteCriticalSe
  0xaee0	63 74 69 6f 6e 00 10 00 47 65 74 4d 6f 64 75 6c 	ction000GetModul
  0xaef0	65 46 69 6c 65 4e 61 6d 65 57 00 00 00 00 51 75 	eFileNameW0000Qu
  0xaf00	65 72 79 50 65 72 66 6f 72 6d 61 6e 63 65 43 6f 	eryPerformanceCo
  0xaf10	75 6e 74 65 72 00 0d 00 47 65 74 43 75 72 72 65 	unter000GetCurre
  0xaf20	6e 74 50 72 6f 63 65 73 73 49 64 00 16 00 47 65 	ntProcessId000Ge
  0xaf30	74 53 79 73 74 65 6d 54 69 6d 65 41 73 46 69 6c 	tSystemTimeAsFil
  0xaf40	65 54 69 6d 65 00 1a 00 47 65 74 54 69 63 6b 43 	eTime000GetTickC
  0xaf50	6f 75 6e 74 00 00 09 00 47 65 74 45 6e 76 69 72 	ount0000GetEnvir
  0xaf60	6f 6e 6d 65 6e 74 53 74 72 69 6e 67 73 57 00 00 	onmentStringsW00
  0xaf70	03 00 46 72 65 65 45 6e 76 69 72 6f 6e 6d 65 6e 	00FreeEnvironmen
  0xaf80	74 53 74 72 69 6e 67 73 57 00 05 00 47 65 74 43 	tStringsW000GetC
  0xaf90	6f 6d 6d 61 6e 64 4c 69 6e 65 57 00 f2 02 52 74 	ommandLineW000Rt
  0xafa0	6c 43 61 70 74 75 72 65 43 6f 6e 74 65 78 74 00 	lCaptureContext0
  0xafb0	e8 04 52 74 6c 4c 6f 6f 6b 75 70 46 75 6e 63 74 	00RtlLookupFunct
  0xafc0	69 6f 6e 45 6e 74 72 79 00 00 27 06 52 74 6c 56 	ionEntry00'0RtlV
  0xafd0	69 72 74 75 61 6c 55 6e 77 69 6e 64 00 00 11 00 	irtualUnwind0000
  0xafe0	55 6e 68 61 6e 64 6c 65 64 45 78 63 65 70 74 69 	UnhandledExcepti
  0xaff0	6f 6e 46 69 6c 74 65 72 00 00 4e 00 54 65 72 6d 	onFilter00N0Term
  0xb000	69 6e 61 74 65 50 72 6f 63 65 73 73 00 00 2d 00 	inateProcess00-0
  0xb010	49 73 56 61 6c 69 64 43 6f 64 65 50 61 67 65 00 	IsValidCodePage0
  0xb020	0a 00 47 65 74 41 43 50 00 00 18 00 47 65 74 4f 	00GetACP0000GetO
  0xb030	45 4d 43 50 00 00 0b 00 47 65 74 43 50 49 6e 66 	EMCP0000GetCPInf
  0xb040	6f 00 06 00 4f 75 74 70 75 74 44 65 62 75 67 53 	o000OutputDebugS
  0xb050	74 72 69 6e 67 41 00 00 0d 06 52 74 6c 55 6e 77 	tringA0000RtlUnw
  0xb060	69 6e 64 45 78 00 11 00 45 6e 74 65 72 43 72 69 	indEx000EnterCri
  0xb070	74 69 63 61 6c 53 65 63 74 69 6f 6e 00 00 1d 00 	ticalSection0000
  0xb080	4c 65 61 76 65 43 72 69 74 69 63 61 6c 53 65 63 	LeaveCriticalSec
  0xb090	74 69 6f 6e 00 00 06 00 48 65 61 70 46 72 65 65 	tion0000HeapFree
  0xb0a0	00 00 2d 00 53 6c 65 65 70 00 18 00 4c 6f 61 64 	00-0Sleep000Load
  0xb0b0	4c 69 62 72 61 72 79 45 78 57 00 00 02 00 48 65 	LibraryExW0000He
  0xb0c0	61 70 41 6c 6c 6f 63 00 05 00 47 65 74 53 74 72 	apAlloc000GetStr
  0xb0d0	69 6e 67 54 79 70 65 57 00 00 06 00 4d 75 6c 74 	ingTypeW0000Mult
  0xb0e0	69 42 79 74 65 54 6f 57 69 64 65 43 68 61 72 00 	iByteToWideChar0
  0xb0f0	07 00 57 69 64 65 43 68 61 72 54 6f 4d 75 6c 74 	00WideCharToMult
  0xb100	69 42 79 74 65 00 35 00 4c 43 4d 61 70 53 74 72 	iByte050LCMapStr
  0xb110	69 6e 67 57 00 00 4a 00 53 65 74 54 68 72 65 61 	ingW00J0SetThrea
  0xb120	64 53 74 61 63 6b 47 75 61 72 61 6e 74 65 65 00 	dStackGuarantee0
  0xb130	11 00 47 65 74 53 79 73 74 65 6d 49 6e 66 6f 00 	00GetSystemInfo0
  0xb140	28 00 56 69 72 74 75 61 6c 41 6c 6c 6f 63 00 00 	(0VirtualAlloc00
  0xb150	31 00 56 69 72 74 75 61 6c 50 72 6f 74 65 63 74 	10VirtualProtect
  0xb160	00 00 34 00 56 69 72 74 75 61 6c 51 75 65 72 79 	0040VirtualQuery
  0xb170	00 00 61 70 69 2d 6d 73 2d 77 69 6e 2d 63 6f 72 	00api-ms-win-cor
  0xb180	65 2d 72 65 67 69 73 74 72 79 2d 6c 31 2d 31 2d 	e-registry-l1-1-
  0xb190	30 2e 64 6c 6c 00 61 70 69 2d 6d 73 2d 77 69 6e 	0.dll0api-ms-win
  0xb1a0	2d 63 6f 72 65 2d 72 65 67 69 73 74 72 79 2d 6c 	-core-registry-l
  0xb1b0	32 2d 31 2d 30 2e 64 6c 6c 00 61 70 69 2d 6d 73 	2-1-0.dll0api-ms
  0xb1c0	2d 77 69 6e 2d 63 6f 72 65 2d 65 72 72 6f 72 68 	-win-core-errorh
  0xb1d0	61 6e 64 6c 69 6e 67 2d 6c 31 2d 31 2d 30 2e 64 	andling-l1-1-0.d
  0xb1e0	6c 6c 00 00 61 70 69 2d 6d 73 2d 77 69 6e 2d 63 	ll00api-ms-win-c
  0xb1f0	6f 72 65 2d 70 72 6f 63 65 73 73 74 68 72 65 61 	ore-processthrea
  0xb200	64 73 2d 6c 31 2d 31 2d 30 2e 64 6c 6c 00 6e 74 	ds-l1-1-0.dll0nt
  0xb210	64 6c 6c 2e 64 6c 6c 00 61 70 69 2d 6d 73 2d 77 	dll.dll0api-ms-w
  0xb220	69 6e 2d 73 68 63 6f 72 65 2d 6f 62 73 6f 6c 65 	in-shcore-obsole
  0xb230	74 65 2d 6c 31 2d 31 2d 30 2e 64 6c 6c 00 61 70 	te-l1-1-0.dll0ap
  0xb240	69 2d 6d 73 2d 77 69 6e 2d 63 6f 72 65 2d 68 61 	i-ms-win-core-ha
  0xb250	6e 64 6c 65 2d 6c 31 2d 31 2d 30 2e 64 6c 6c 00 	ndle-l1-1-0.dll0
  0xb260	61 70 69 2d 6d 73 2d 77 69 6e 2d 63 6f 72 65 2d 	api-ms-win-core-
  0xb270	68 65 61 70 2d 6c 31 2d 31 2d 30 2e 64 6c 6c 00 	heap-l1-1-0.dll0
  0xb280	61 70 69 2d 6d 73 2d 77 69 6e 2d 63 6f 72 65 2d 	api-ms-win-core-
  0xb290	68 65 61 70 2d 6c 32 2d 31 2d 30 2e 64 6c 6c 00 	heap-l2-1-0.dll0
  0xb2a0	61 70 69 2d 6d 73 2d 77 69 6e 2d 73 65 63 75 72 	api-ms-win-secur
  0xb2b0	69 74 79 2d 62 61 73 65 2d 6c 31 2d 31 2d 30 2e 	ity-base-l1-1-0.
  0xb2c0	64 6c 6c 00 61 70 69 2d 6d 73 2d 77 69 6e 2d 73 	dll0api-ms-win-s
  0xb2d0	65 63 75 72 69 74 79 2d 6c 73 61 6c 6f 6f 6b 75 	ecurity-lsalooku
  0xb2e0	70 2d 6c 32 2d 31 2d 30 2e 64 6c 6c 00 00 61 70 	p-l2-1-0.dll00ap
  0xb2f0	69 2d 6d 73 2d 77 69 6e 2d 63 6f 72 65 2d 73 79 	i-ms-win-core-sy
  0xb300	73 69 6e 66 6f 2d 6c 31 2d 31 2d 30 2e 64 6c 6c 	sinfo-l1-1-0.dll
  0xb310	00 00 61 70 69 2d 6d 73 2d 77 69 6e 2d 63 6f 72 	00api-ms-win-cor
  0xb320	65 2d 6c 69 62 72 61 72 79 6c 6f 61 64 65 72 2d 	e-libraryloader-
  0xb330	6c 31 2d 32 2d 30 2e 64 6c 6c 00 00 61 70 69 2d 	l1-2-0.dll00api-
  0xb340	6d 73 2d 77 69 6e 2d 63 6f 72 65 2d 75 74 69 6c 	ms-win-core-util
  0xb350	2d 6c 31 2d 31 2d 30 2e 64 6c 6c 00 61 70 69 2d 	-l1-1-0.dll0api-
  0xb360	6d 73 2d 77 69 6e 2d 63 6f 72 65 2d 66 69 62 65 	ms-win-core-fibe
  0xb370	72 73 2d 6c 31 2d 31 2d 30 2e 64 6c 6c 00 61 70 	rs-l1-1-0.dll0ap
  0xb380	69 2d 6d 73 2d 77 69 6e 2d 63 6f 72 65 2d 70 72 	i-ms-win-core-pr
  0xb390	6f 63 65 73 73 65 6e 76 69 72 6f 6e 6d 65 6e 74 	ocessenvironment
  0xb3a0	2d 6c 31 2d 31 2d 30 2e 64 6c 6c 00 61 70 69 2d 	-l1-1-0.dll0api-
  0xb3b0	6d 73 2d 77 69 6e 2d 63 6f 72 65 2d 66 69 6c 65 	ms-win-core-file
  0xb3c0	2d 6c 31 2d 31 2d 30 2e 64 6c 6c 00 61 70 69 2d 	-l1-1-0.dll0api-
  0xb3d0	6d 73 2d 77 69 6e 2d 63 6f 72 65 2d 73 79 6e 63 	ms-win-core-sync
  0xb3e0	68 2d 6c 31 2d 31 2d 30 2e 64 6c 6c 00 00 61 70 	h-l1-1-0.dll00ap
  0xb3f0	69 2d 6d 73 2d 77 69 6e 2d 63 6f 72 65 2d 70 72 	i-ms-win-core-pr
  0xb400	6f 66 69 6c 65 2d 6c 31 2d 31 2d 30 2e 64 6c 6c 	ofile-l1-1-0.dll
  0xb410	00 00 61 70 69 2d 6d 73 2d 77 69 6e 2d 63 6f 72 	00api-ms-win-cor
  0xb420	65 2d 72 74 6c 73 75 70 70 6f 72 74 2d 6c 31 2d 	e-rtlsupport-l1-
  0xb430	31 2d 30 2e 64 6c 6c 00 61 70 69 2d 6d 73 2d 77 	1-0.dll0api-ms-w
  0xb440	69 6e 2d 63 6f 72 65 2d 6c 6f 63 61 6c 69 7a 61 	in-core-localiza
  0xb450	74 69 6f 6e 2d 6c 31 2d 32 2d 30 2e 64 6c 6c 00 	tion-l1-2-0.dll0
  0xb460	61 70 69 2d 6d 73 2d 77 69 6e 2d 63 6f 72 65 2d 	api-ms-win-core-
  0xb470	64 65 62 75 67 2d 6c 31 2d 31 2d 30 2e 64 6c 6c 	debug-l1-1-0.dll
  0xb480	00 00 61 70 69 2d 6d 73 2d 77 69 6e 2d 63 6f 72 	00api-ms-win-cor
  0xb490	65 2d 73 79 6e 63 68 2d 6c 31 2d 32 2d 30 2e 64 	e-synch-l1-2-0.d
  0xb4a0	6c 6c 00 00 61 70 69 2d 6d 73 2d 77 69 6e 2d 63 	ll00api-ms-win-c
  0xb4b0	6f 72 65 2d 73 74 72 69 6e 67 2d 6c 31 2d 31 2d 	ore-string-l1-1-
  0xb4c0	30 2e 64 6c 6c 00 61 70 69 2d 6d 73 2d 77 69 6e 	0.dll0api-ms-win
  0xb4d0	2d 63 6f 72 65 2d 6d 65 6d 6f 72 79 2d 6c 31 2d 	-core-memory-l1-
  0xb4e0	31 2d 30 2e 64 6c 6c 00 00 00 00 00 00 00 00 00 	1-0.dll000000000
  0xb4f0	00 00 00 00 00 00 00 00 00 00 00 00 00 00 00 00 	0000000000000000
  0xb500	00 00 00 00 00 00 00 00 00 00 00 00 00 00 00 00 	0000000000000000
  0xb510	00 00 00 00 00 00 00 00 00 00 00 00 00 00 00 00 	0000000000000000
  0xb520	00 00 00 00 00 00 00 00 00 00 00 00 00 00 00 00 	0000000000000000
  0xb530	00 00 00 00 00 00 00 00 00 00 00 00 00 00 00 00 	0000000000000000
  0xb540	00 00 00 00 00 00 00 00 00 00 00 00 00 00 00 00 	0000000000000000
  0xb550	00 00 00 00 00 00 00 00 00 00 00 00 00 00 00 00 	0000000000000000
  0xb560	00 00 00 00 00 00 00 00 00 00 00 00 00 00 00 00 	0000000000000000
  0xb570	00 00 00 00 00 00 00 00 00 00 00 00 00 00 00 00 	0000000000000000
  0xb580	00 00 00 00 00 00 00 00 00 00 00 00 00 00 00 00 	0000000000000000
  0xb590	00 00 00 00 00 00 00 00 00 00 00 00 00 00 00 00 	0000000000000000
  0xb5a0	00 00 00 00 00 00 00 00 00 00 00 00 00 00 00 00 	0000000000000000
  0xb5b0	00 00 00 00 00 00 00 00 00 00 00 00 00 00 00 00 	0000000000000000
  0xb5c0	00 00 00 00 00 00 00 00 00 00 00 00 00 00 00 00 	0000000000000000
  0xb5d0	00 00 00 00 00 00 00 00 00 00 00 00 00 00 00 00 	0000000000000000
  0xb5e0	00 00 00 00 00 00 00 00 00 00 00 00 00 00 00 00 	0000000000000000
  0xb5f0	00 00 00 00 00 00 00 00 00 00 00 00 00 00 00 00 	0000000000000000
=== DATA BLOCK END ===

=== DATA BLOCK ADDRESS 0xc000 ===
  0xc000	e0 26 00 40 01 00 00 00 b0 c7 00 40 01 00 00 00 	0&0@0000000@0000
  0xc010	20 c0 00 40 01 00 00 00 00 00 00 00 00 00 00 00 	 00@000000000000
  0xc020	01 00 00 00 00 00 00 00 00 00 00 00 00 00 00 00 	0000000000000000
  0xc030	00 00 00 00 00 00 00 00 00 00 00 00 00 00 00 00 	0000000000000000
  0xc040	00 00 00 00 00 00 00 00 00 00 00 00 00 00 00 00 	0000000000000000
  0xc050	00 00 00 00 00 00 00 00 00 00 00 00 00 00 00 00 	0000000000000000
  0xc060	00 00 00 00 00 00 00 00 00 00 00 00 00 00 00 00 	0000000000000000
  0xc070	00 00 00 00 00 00 00 00 00 00 00 00 00 00 00 00 	0000000000000000
  0xc080	00 00 00 00 00 00 00 00 b4 8f 00 40 01 00 00 00 	00000000000@0000
  0xc090	00 00 00 00 00 00 00 00 00 00 00 00 00 00 00 00 	0000000000000000
  0xc0a0	00 00 00 00 00 00 00 00 b4 8f 00 40 01 00 00 00 	00000000000@0000
  0xc0b0	00 00 00 00 00 00 00 00 00 00 00 00 00 00 00 00 	0000000000000000
  0xc0c0	00 00 00 00 00 00 00 00 b4 8f 00 40 01 00 00 00 	00000000000@0000
  0xc0d0	00 00 00 00 00 00 00 00 00 00 00 00 00 00 00 00 	0000000000000000
  0xc0e0	00 00 00 00 00 00 00 00 b4 8f 00 40 01 00 00 00 	00000000000@0000
  0xc0f0	00 00 00 00 00 00 00 00 00 00 00 00 00 00 00 00 	0000000000000000
  0xc100	00 00 00 00 00 00 00 00 b4 8f 00 40 01 00 00 00 	00000000000@0000
  0xc110	00 00 00 00 00 00 00 00 00 00 00 00 00 00 00 00 	0000000000000000
  0xc120	00 00 00 00 00 00 00 00 01 00 00 00 01 00 00 00 	0000000000000000
  0xc130	00 00 00 00 00 00 00 00 00 00 00 00 00 00 00 00 	0000000000000000
  0xc140	00 00 00 00 00 00 00 00 e0 c1 00 40 01 00 00 00 	00000000000@0000
  0xc150	00 00 00 00 00 00 00 00 00 00 00 00 00 00 00 00 	0000000000000000
  0xc160	40 91 00 40 01 00 00 00 d0 95 00 40 01 00 00 00 	@00@0000000@0000
  0xc170	50 97 00 40 01 00 00 00 80 c2 00 40 01 00 00 00 	P00@0000000@0000
  0xc180	e0 6a 00 40 01 00 00 00 e0 6a 00 40 01 00 00 00 	0j0@00000j0@0000
  0xc190	e0 6a 00 40 01 00 00 00 e0 6a 00 40 01 00 00 00 	0j0@00000j0@0000
  0xc1a0	e0 6a 00 40 01 00 00 00 e0 6a 00 40 01 00 00 00 	0j0@00000j0@0000
  0xc1b0	e0 6a 00 40 01 00 00 00 e0 6a 00 40 01 00 00 00 	0j0@00000j0@0000
  0xc1c0	e0 6a 00 40 01 00 00 00 e0 6a 00 40 01 00 00 00 	0j0@00000j0@0000
  0xc1d0	42 93 00 40 01 00 00 00 00 00 00 00 00 00 00 00 	B00@000000000000
  0xc1e0	50 98 00 40 01 00 00 00 52 98 00 40 01 00 00 00 	P00@0000R00@0000
  0xc1f0	52 98 00 40 01 00 00 00 52 98 00 40 01 00 00 00 	R00@0000R00@0000
  0xc200	52 98 00 40 01 00 00 00 52 98 00 40 01 00 00 00 	R00@0000R00@0000
  0xc210	52 98 00 40 01 00 00 00 52 98 00 40 01 00 00 00 	R00@0000R00@0000
  0xc220	52 98 00 40 01 00 00 00 52 98 00 40 01 00 00 00 	R00@0000R00@0000
  0xc230	7f 7f 7f 7f 7f 7f 7f 7f 54 98 00 40 01 00 00 00 	00000000T00@0000
  0xc240	58 98 00 40 01 00 00 00 58 98 00 40 01 00 00 00 	X00@0000X00@0000
  0xc250	58 98 00 40 01 00 00 00 58 98 00 40 01 00 00 00 	X00@0000X00@0000
  0xc260	58 98 00 40 01 00 00 00 58 98 00 40 01 00 00 00 	X00@0000X00@0000
  0xc270	58 98 00 40 01 00 00 00 00 00 00 00 00 00 00 00 	X00@000000000000
  0xc280	5c 98 00 40 01 00 00 00 60 98 00 40 01 00 00 00 	000@0000`00@0000
  0xc290	64 98 00 40 01 00 00 00 68 98 00 40 01 00 00 00 	d00@0000h00@0000
  0xc2a0	6c 98 00 40 01 00 00 00 70 98 00 40 01 00 00 00 	l00@0000p00@0000
  0xc2b0	74 98 00 40 01 00 00 00 78 98 00 40 01 00 00 00 	t00@0000x00@0000
  0xc2c0	80 98 00 40 01 00 00 00 88 98 00 40 01 00 00 00 	000@0000000@0000
  0xc2d0	90 98 00 40 01 00 00 00 a0 98 00 40 01 00 00 00 	000@0000000@0000
  0xc2e0	ac 98 00 40 01 00 00 00 b8 98 00 40 01 00 00 00 	000@0000000@0000
  0xc2f0	c4 98 00 40 01 00 00 00 c8 98 00 40 01 00 00 00 	000@0000000@0000
  0xc300	cc 98 00 40 01 00 00 00 d0 98 00 40 01 00 00 00 	000@0000000@0000
  0xc310	d4 98 00 40 01 00 00 00 d8 98 00 40 01 00 00 00 	000@0000000@0000
  0xc320	dc 98 00 40 01 00 00 00 e0 98 00 40 01 00 00 00 	000@0000000@0000
  0xc330	e4 98 00 40 01 00 00 00 e8 98 00 40 01 00 00 00 	000@0000000@0000
  0xc340	ec 98 00 40 01 00 00 00 f0 98 00 40 01 00 00 00 	000@0000000@0000
  0xc350	f8 98 00 40 01 00 00 00 00 99 00 40 01 00 00 00 	000@0000000@0000
  0xc360	0c 99 00 40 01 00 00 00 14 99 00 40 01 00 00 00 	000@0000000@0000
  0xc370	d4 98 00 40 01 00 00 00 1c 99 00 40 01 00 00 00 	000@0000000@0000
  0xc380	24 99 00 40 01 00 00 00 2c 99 00 40 01 00 00 00 	$00@0000,00@0000
  0xc390	38 99 00 40 01 00 00 00 48 99 00 40 01 00 00 00 	800@0000H00@0000
  0xc3a0	50 99 00 40 01 00 00 00 60 99 00 40 01 00 00 00 	P00@0000`00@0000
  0xc3b0	6c 99 00 40 01 00 00 00 70 99 00 40 01 00 00 00 	l00@0000p00@0000
  0xc3c0	78 99 00 40 01 00 00 00 88 99 00 40 01 00 00 00 	x00@0000000@0000
  0xc3d0	a0 99 00 40 01 00 00 00 09 04 00 00 01 00 00 00 	000@000000000000
  0xc3e0	00 00 00 00 00 00 00 00 b0 99 00 40 01 00 00 00 	00000000000@0000
  0xc3f0	b8 99 00 40 01 00 00 00 c0 99 00 40 01 00 00 00 	000@0000000@0000
  0xc400	c8 99 00 40 01 00 00 00 d0 99 00 40 01 00 00 00 	000@0000000@0000
  0xc410	d8 99 00 40 01 00 00 00 e0 99 00 40 01 00 00 00 	000@0000000@0000
  0xc420	e8 99 00 40 01 00 00 00 f8 99 00 40 01 00 00 00 	000@0000000@0000
  0xc430	08 9a 00 40 01 00 00 00 18 9a 00 40 01 00 00 00 	000@0000000@0000
  0xc440	30 9a 00 40 01 00 00 00 48 9a 00 40 01 00 00 00 	000@0000H00@0000
  0xc450	58 9a 00 40 01 00 00 00 70 9a 00 40 01 00 00 00 	X00@0000p00@0000
  0xc460	78 9a 00 40 01 00 00 00 80 9a 00 40 01 00 00 00 	x00@0000000@0000
  0xc470	88 9a 00 40 01 00 00 00 90 9a 00 40 01 00 00 00 	000@0000000@0000
  0xc480	98 9a 00 40 01 00 00 00 a0 9a 00 40 01 00 00 00 	000@0000000@0000
  0xc490	a8 9a 00 40 01 00 00 00 b0 9a 00 40 01 00 00 00 	000@0000000@0000
  0xc4a0	b8 9a 00 40 01 00 00 00 c0 9a 00 40 01 00 00 00 	000@0000000@0000
  0xc4b0	c8 9a 00 40 01 00 00 00 d0 9a 00 40 01 00 00 00 	000@0000000@0000
  0xc4c0	e0 9a 00 40 01 00 00 00 f8 9a 00 40 01 00 00 00 	000@0000000@0000
  0xc4d0	08 9b 00 40 01 00 00 00 90 9a 00 40 01 00 00 00 	000@0000000@0000
  0xc4e0	18 9b 00 40 01 00 00 00 28 9b 00 40 01 00 00 00 	000@0000(00@0000
  0xc4f0	38 9b 00 40 01 00 00 00 48 9b 00 40 01 00 00 00 	800@0000H00@0000
  0xc500	60 9b 00 40 01 00 00 00 70 9b 00 40 01 00 00 00 	`00@0000p00@0000
  0xc510	88 9b 00 40 01 00 00 00 9c 9b 00 40 01 00 00 00 	000@0000000@0000
  0xc520	a4 9b 00 40 01 00 00 00 b0 9b 00 40 01 00 00 00 	000@0000000@0000
  0xc530	c8 9b 00 40 01 00 00 00 f0 9b 00 40 01 00 00 00 	000@0000000@0000
  0xc540	08 9c 00 40 01 00 00 00 20 9c 00 40 01 00 00 00 	000@0000 00@0000
  0xc550	38 9c 00 40 01 00 00 00 48 9c 00 40 01 00 00 00 	800@0000H00@0000
  0xc560	02 00 00 00 00 00 00 00 00 00 00 00 00 00 00 00 	0000000000000000
  0xc570	0c 00 00 00 0a 00 00 00 03 00 00 00 07 00 00 00 	0000000000000000
  0xc580	ff ff ff ff 00 00 00 00 32 a2 df 2d 99 2b 00 00 	00000000200-0+00
  0xc590	cd 5d 20 d2 66 d4 ff ff 00 00 00 00 00 00 00 00 	0] 0f00000000000
  0xc5a0	00 00 00 00 00 00 00 00 00 00 00 00 00 00 00 00 	0000000000000000
  0xc5b0	00 00 00 00 00 00 00 00 00 00 00 00 00 00 00 00 	0000000000000000
  0xc5c0	00 00 00 00 00 00 00 00 00 00 00 00 00 00 00 00 	0000000000000000
  0xc5d0	00 00 00 00 00 00 00 00 00 00 00 00 00 00 00 00 	0000000000000000
  0xc5e0	00 00 10 10 10 10 10 10 10 10 10 10 10 10 10 10 	0000000000000000
  0xc5f0	10 10 10 10 10 10 10 10 10 10 10 10 00 00 00 00 	0000000000000000
  0xc600	00 00 20 20 20 20 20 20 20 20 20 20 20 20 20 20 	00              
  0xc610	20 20 20 20 20 20 20 20 20 20 20 20 00 00 00 00 	            0000
  0xc620	00 00 00 00 00 00 00 00 00 00 00 00 00 00 00 00 	0000000000000000
  0xc630	00 00 00 00 00 00 00 00 00 00 00 00 00 00 00 00 	0000000000000000
  0xc640	00 00 00 00 00 00 00 00 00 00 00 00 00 00 00 00 	0000000000000000
  0xc650	00 00 00 00 00 00 00 00 00 00 00 00 00 00 00 00 	0000000000000000
  0xc660	00 00 00 00 00 00 00 00 00 00 00 00 00 00 00 00 	0000000000000000
  0xc670	00 00 00 00 00 00 00 00 00 00 00 00 00 00 00 00 	0000000000000000
  0xc680	00 00 00 00 00 00 00 00 00 00 00 00 00 00 00 00 	0000000000000000
  0xc690	00 00 00 00 00 00 00 00 00 00 00 00 00 00 00 00 	0000000000000000
  0xc6a0	00 00 00 00 00 00 00 00 00 00 00 00 00 00 00 00 	0000000000000000
  0xc6b0	00 00 00 00 00 00 00 00 00 00 00 00 00 00 00 00 	0000000000000000
  0xc6c0	00 00 00 00 00 00 00 00 00 00 00 00 00 00 00 00 	0000000000000000
  0xc6d0	00 00 00 00 00 00 00 00 00 00 00 00 00 00 00 00 	0000000000000000
  0xc6e0	00 00 00 00 00 00 00 00 00 00 00 00 00 00 00 00 	0000000000000000
  0xc6f0	00 61 62 63 64 65 66 67 68 69 6a 6b 6c 6d 6e 6f 	0abcdefghijklmno
  0xc700	70 71 72 73 74 75 76 77 78 79 7a 00 00 00 00 00 	pqrstuvwxyz00000
  0xc710	00 41 42 43 44 45 46 47 48 49 4a 4b 4c 4d 4e 4f 	0ABCDEFGHIJKLMNO
  0xc720	50 51 52 53 54 55 56 57 58 59 5a 00 00 00 00 00 	PQRSTUVWXYZ00000
  0xc730	00 00 00 00 00 00 00 00 00 00 00 00 00 00 00 00 	0000000000000000
  0xc740	00 00 00 00 00 00 00 00 00 00 00 00 00 00 00 00 	0000000000000000
  0xc750	00 00 00 00 00 00 00 00 00 00 00 00 00 00 00 00 	0000000000000000
  0xc760	00 00 00 00 00 00 00 00 00 00 00 00 00 00 00 00 	0000000000000000
  0xc770	00 00 00 00 00 00 00 00 00 00 00 00 00 00 00 00 	0000000000000000
  0xc780	00 00 00 00 00 00 00 00 00 00 00 00 00 00 00 00 	0000000000000000
  0xc790	00 00 00 00 00 00 00 00 00 00 00 00 00 00 00 00 	0000000000000000
  0xc7a0	00 00 00 00 00 00 00 00 00 00 00 00 00 00 00 00 	0000000000000000
  0xc7b0	00 00 00 00 00 00 00 00 00 00 00 00 00 00 00 00 	0000000000000000
  0xc7c0	00 00 00 00 00 00 00 00 00 00 00 00 00 00 00 00 	0000000000000000
  0xc7d0	00 00 00 00 00 00 00 00 00 00 00 00 00 00 00 00 	0000000000000000
  0xc7e0	00 00 00 00 00 00 00 00 00 00 00 00 00 00 00 00 	0000000000000000
  0xc7f0	00 00 00 00 00 00 00 00 00 00 00 00 00 00 00 00 	0000000000000000
  0xc800	00 00 00 00 00 00 00 00 00 00 00 00 00 00 10 10 	0000000000000000
  0xc810	10 10 10 10 10 10 10 10 10 10 10 10 10 10 10 10 	0000000000000000
  0xc820	10 10 10 10 10 10 10 10 00 00 00 00 00 00 20 20 	00000000000000  
  0xc830	20 20 20 20 20 20 20 20 20 20 20 20 20 20 20 20 	                
  0xc840	20 20 20 20 20 20 20 20 00 00 00 00 00 00 00 00 	        00000000
  0xc850	00 00 00 00 00 00 00 00 00 00 00 00 00 00 00 00 	0000000000000000
  0xc860	00 00 00 00 00 00 00 00 00 00 00 00 00 00 00 00 	0000000000000000
  0xc870	00 00 00 00 00 00 00 00 00 00 00 00 00 00 00 00 	0000000000000000
  0xc880	00 00 00 00 00 00 00 00 00 00 00 00 00 00 00 00 	0000000000000000
  0xc890	00 00 00 00 00 00 00 00 00 00 00 00 00 00 00 00 	0000000000000000
  0xc8a0	00 00 00 00 00 00 00 00 00 00 00 00 00 00 00 00 	0000000000000000
  0xc8b0	00 00 00 00 00 00 00 00 00 00 00 00 00 00 00 00 	0000000000000000
  0xc8c0	00 00 00 00 00 00 00 00 00 00 00 00 00 00 00 00 	0000000000000000
  0xc8d0	00 00 00 00 00 00 00 00 00 00 00 00 00 00 00 00 	0000000000000000
  0xc8e0	00 00 00 00 00 00 00 00 00 00 00 00 00 00 00 00 	0000000000000000
  0xc8f0	00 00 00 00 00 00 00 00 00 00 00 00 00 00 00 00 	0000000000000000
  0xc900	00 00 00 00 00 00 00 00 00 00 00 00 00 00 61 62 	00000000000000ab
  0xc910	63 64 65 66 67 68 69 6a 6b 6c 6d 6e 6f 70 71 72 	cdefghijklmnopqr
  0xc920	73 74 75 76 77 78 79 7a 00 00 00 00 00 00 41 42 	stuvwxyz000000AB
  0xc930	43 44 45 46 47 48 49 4a 4b 4c 4d 4e 4f 50 51 52 	CDEFGHIJKLMNOPQR
  0xc940	53 54 55 56 57 58 59 5a 00 00 00 00 00 00 00 00 	STUVWXYZ00000000
  0xc950	00 00 00 00 00 00 00 00 00 00 00 00 00 00 00 00 	0000000000000000
  0xc960	00 00 00 00 00 00 00 00 00 00 00 00 00 00 00 00 	0000000000000000
  0xc970	00 00 00 00 00 00 00 00 00 00 00 00 00 00 00 00 	0000000000000000
  0xc980	00 00 00 00 00 00 00 00 00 00 00 00 00 00 00 00 	0000000000000000
  0xc990	00 00 00 00 00 00 00 00 00 00 00 00 00 00 00 00 	0000000000000000
  0xc9a0	00 00 00 00 00 00 00 00 00 00 00 00 00 00 00 00 	0000000000000000
  0xc9b0	00 00 00 00 00 00 00 00 00 00 00 00 00 00 00 00 	0000000000000000
  0xc9c0	00 00 00 00 00 00 00 00 00 00 00 00 00 00 00 00 	0000000000000000
  0xc9d0	fe ff ff ff 00 00 00 00 00 00 00 00 00 00 00 00 	0000000000000000
  0xc9e0	00 00 00 00 00 00 00 00 01 00 00 00 00 00 00 00 	0000000000000000
  0xc9f0	00 00 00 00 00 00 00 00 01 00 00 00 00 00 00 00 	0000000000000000
  0xca00	00 00 00 00 00 00 00 00 00 00 00 00 00 00 00 00 	0000000000000000
  0xca10	00 00 00 00 00 00 00 00 01 00 00 00 00 00 00 00 	0000000000000000
  0xca20	00 00 00 00 00 00 00 00 01 00 00 00 00 00 00 00 	0000000000000000
  0xca30	00 00 00 00 00 00 00 00 00 00 00 00 00 00 00 00 	0000000000000000
  0xca40	00 00 00 00 00 00 00 00 01 00 00 00 00 00 00 00 	0000000000000000
  0xca50	00 00 00 00 00 00 00 00 01 00 00 00 00 00 00 00 	0000000000000000
  0xca60	00 00 00 00 00 00 00 00 01 00 00 00 00 00 00 00 	0000000000000000
  0xca70	00 00 00 00 00 00 00 00 00 00 00 00 00 00 00 00 	0000000000000000
  0xca80	00 00 00 00 00 00 00 00 01 00 00 00 00 00 00 00 	0000000000000000
  0xca90	00 00 00 00 00 00 00 00 00 00 00 00 00 00 00 00 	0000000000000000
  0xcaa0	00 00 00 00 00 00 00 00 01 00 00 00 00 00 00 00 	0000000000000000
  0xcab0	00 00 00 00 00 00 00 00 01 00 00 00 00 00 00 00 	0000000000000000
  0xcac0	00 00 00 00 00 00 00 00 01 00 00 00 00 00 00 00 	0000000000000000
  0xcad0	00 00 00 00 00 00 00 00 00 00 00 00 00 00 00 00 	0000000000000000
  0xcae0	00 00 00 00 00 00 00 00 01 00 00 00 00 00 00 00 	0000000000000000
  0xcaf0	00 00 00 00 00 00 00 00 01 00 00 00 00 00 00 00 	0000000000000000
  0xcb00	00 00 00 00 00 00 00 00 01 00 00 00 00 00 00 00 	0000000000000000
  0xcb10	00 00 00 00 00 00 00 00 00 00 00 00 00 00 00 00 	0000000000000000
  0xcb20	00 00 00 00 00 00 00 00 00 00 00 00 00 00 00 00 	0000000000000000
  0xcb30	00 00 00 00 00 00 00 00 00 00 00 00 00 00 00 00 	0000000000000000
  0xcb40	00 00 00 00 00 00 00 00 00 00 00 00 00 00 00 00 	0000000000000000
  0xcb50	00 00 00 00 00 00 00 00 00 00 00 00 00 00 00 00 	0000000000000000
  0xcb60	00 00 00 00 00 00 00 00 00 00 00 00 00 00 00 00 	0000000000000000
  0xcb70	00 00 00 00 00 00 00 00 00 00 00 00 00 00 00 00 	0000000000000000
  0xcb80	00 00 00 00 00 00 00 00 00 00 00 00 00 00 00 00 	0000000000000000
  0xcb90	00 00 00 00 00 00 00 00 00 00 00 00 00 00 00 00 	0000000000000000
  0xcba0	00 00 00 00 00 00 00 00 00 00 00 00 00 00 00 00 	0000000000000000
  0xcbb0	00 00 00 00 00 00 00 00 00 00 00 00 00 00 00 00 	0000000000000000
  0xcbc0	00 00 00 00 00 00 00 00 00 00 00 00 00 00 00 00 	0000000000000000
  0xcbd0	00 00 00 00 00 00 00 00 00 00 00 00 00 00 00 00 	0000000000000000
  0xcbe0	00 00 00 00 00 00 00 00 00 00 00 00 00 00 00 00 	0000000000000000
  0xcbf0	00 00 00 00 00 00 00 00 00 00 00 00 00 00 00 00 	0000000000000000
  0xcc00	00 00 00 00 00 00 00 00 00 00 00 00 00 00 00 00 	0000000000000000
  0xcc10	00 00 00 00 00 00 00 00 00 00 00 00 00 00 00 00 	0000000000000000
  0xcc20	02 00 00 00 00 00 00 00 00 00 00 00 00 00 00 00 	0000000000000000
  0xcc30	00 00 00 00 00 00 00 00 00 00 00 00 00 00 00 00 	0000000000000000
  0xcc40	00 00 00 00 00 00 00 00 00 00 00 00 00 00 00 00 	0000000000000000
  0xcc50	00 00 00 00 00 00 00 00 00 00 00 00 00 00 00 00 	0000000000000000
  0xcc60	00 00 00 00 00 00 00 00 00 00 00 00 00 00 00 00 	0000000000000000
  0xcc70	00 00 00 00 00 00 00 00 00 00 00 00 00 00 00 00 	0000000000000000
  0xcc80	00 00 00 00 00 00 00 00 00 00 00 00 00 00 00 00 	0000000000000000
  0xcc90	00 00 00 00 00 00 00 00 00 00 00 00 00 00 00 00 	0000000000000000
  0xcca0	00 00 00 00 00 00 00 00 00 00 00 00 00 00 00 00 	0000000000000000
  0xccb0	00 00 00 00 00 00 00 00 00 00 00 00 00 00 00 00 	0000000000000000
  0xccc0	00 00 00 00 00 00 00 00 00 00 00 00 00 00 00 00 	0000000000000000
  0xccd0	00 00 00 00 00 00 00 00 00 00 00 00 00 00 00 00 	0000000000000000
  0xcce0	00 00 00 00 00 00 00 00 00 00 00 00 00 00 00 00 	0000000000000000
  0xccf0	00 00 00 00 00 00 00 00 00 00 00 00 00 00 00 00 	0000000000000000
  0xcd00	00 00 00 00 00 00 00 00 00 00 00 00 00 00 00 00 	0000000000000000
  0xcd10	00 00 00 00 00 00 00 00 00 00 00 00 00 00 00 00 	0000000000000000
  0xcd20	00 00 00 00 00 00 00 00 00 00 00 00 00 00 00 00 	0000000000000000
  0xcd30	00 00 00 00 00 00 00 00 00 00 00 00 00 00 00 00 	0000000000000000
  0xcd40	00 00 00 00 00 00 00 00 00 00 00 00 00 00 00 00 	0000000000000000
  0xcd50	00 00 00 00 00 00 00 00 00 00 00 00 00 00 00 00 	0000000000000000
  0xcd60	00 00 00 00 00 00 00 00 00 00 00 00 00 00 00 00 	0000000000000000
  0xcd70	00 00 00 00 00 00 00 00 00 00 00 00 00 00 00 00 	0000000000000000
  0xcd80	00 00 00 00 00 00 00 00 00 00 00 00 00 00 00 00 	0000000000000000
  0xcd90	00 00 00 00 00 00 00 00 00 00 00 00 00 00 00 00 	0000000000000000
  0xcda0	00 00 00 00 00 00 00 00 00 00 00 00 00 00 00 00 	0000000000000000
  0xcdb0	00 00 00 00 00 00 00 00 00 00 00 00 00 00 00 00 	0000000000000000
  0xcdc0	00 00 00 00 00 00 00 00 00 00 00 00 00 00 00 00 	0000000000000000
  0xcdd0	00 00 00 00 00 00 00 00 00 00 00 00 00 00 00 00 	0000000000000000
  0xcde0	00 00 00 00 00 00 00 00 00 00 00 00 00 00 00 00 	0000000000000000
  0xcdf0	00 00 00 00 00 00 00 00 00 00 00 00 00 00 00 00 	0000000000000000
=== DATA BLOCK END ===

=== DATA BLOCK ADDRESS 0x13000 ===
  0x13000	08 10 00 00 4b 11 00 00 30 a1 00 00 54 11 00 00 	0000K0000000T000
  0x13010	da 11 00 00 4c a1 00 00 e0 11 00 00 7d 13 00 00 	0000L0000000}000
  0x13020	58 a1 00 00 84 13 00 00 bc 14 00 00 7c a1 00 00 	X00000000000|000
  0x13030	c4 14 00 00 b6 16 00 00 98 a1 00 00 bc 16 00 00 	0000000000000000
  0x13040	b0 17 00 00 b4 a1 00 00 b8 17 00 00 5d 19 00 00 	000000000000]000
  0x13050	c8 a1 00 00 64 19 00 00 ad 1b 00 00 e8 a1 00 00 	0000d00000000000
  0x13060	c0 1b 00 00 d2 1b 00 00 2c a2 00 00 f0 1b 00 00 	00000000,0000000
  0x13070	0e 1c 00 00 38 a2 00 00 14 1c 00 00 ec 1c 00 00 	0000800000000000
  0x13080	58 a2 00 00 f4 1c 00 00 a1 1d 00 00 3c a2 00 00 	X00000000000<000
  0x13090	a8 1d 00 00 b1 1e 00 00 44 a2 00 00 b8 1e 00 00 	00000000D0000000
  0x130a0	d7 1e 00 00 2c a2 00 00 f0 1e 00 00 a5 1f 00 00 	0000,00000000000
  0x130b0	60 a2 00 00 ac 1f 00 00 cc 1f 00 00 2c a2 00 00 	`00000000000,000
  0x130c0	30 20 00 00 68 20 00 00 2c a2 00 00 70 20 00 00 	0 00h 00,000p 00
  0x130d0	88 20 00 00 2c a2 00 00 90 20 00 00 4d 22 00 00 	0 00,0000 00M"00
  0x130e0	64 a2 00 00 6c 22 00 00 c0 22 00 00 78 a2 00 00 	d000l"000"00x000
  0x130f0	c8 22 00 00 0d 23 00 00 58 a2 00 00 50 23 00 00 	0"000#00X000P#00
  0x13100	a6 24 00 00 a4 a2 00 00 ac 24 00 00 d0 24 00 00 	0$0000000$000$00
  0x13110	58 a2 00 00 d8 24 00 00 54 25 00 00 98 a2 00 00 	X0000$00T%000000
  0x13120	5c 25 00 00 28 26 00 00 d8 a2 00 00 30 26 00 00 	0%00(&0000000&00
  0x13130	ae 26 00 00 58 a2 00 00 b4 26 00 00 d9 26 00 00 	0&00X0000&000&00
  0x13140	2c a2 00 00 f4 26 00 00 47 27 00 00 58 a2 00 00 	,0000&00G'00X000
  0x13150	50 27 00 00 66 27 00 00 58 a2 00 00 6c 27 00 00 	P'00f'00X000l'00
  0x13160	9d 27 00 00 58 a2 00 00 d0 27 00 00 a2 28 00 00 	0'00X0000'000(00
  0x13170	0c a3 00 00 a8 28 00 00 ff 28 00 00 58 a2 00 00 	00000(000(00X000
  0x13180	08 29 00 00 6c 29 00 00 64 a2 00 00 84 29 00 00 	0)00l)00d0000)00
  0x13190	0a 2b 00 00 18 a3 00 00 20 2b 00 00 63 2b 00 00 	0+000000 +00c+00
  0x131a0	2c a2 00 00 6c 2b 00 00 30 2d 00 00 48 a3 00 00 	,000l+000-00H000
  0x131b0	38 2d 00 00 a6 2d 00 00 5c a3 00 00 ac 2d 00 00 	8-000-0000000-00
  0x131c0	35 30 00 00 64 a3 00 00 3c 30 00 00 2b 31 00 00 	5000d000<000+100
  0x131d0	84 a3 00 00 34 31 00 00 68 33 00 00 94 a3 00 00 	00004100h3000000
  0x131e0	70 33 00 00 c8 34 00 00 b0 a3 00 00 d0 34 00 00 	p300040000000400
  0x131f0	a4 35 00 00 c8 a3 00 00 ac 35 00 00 2e 36 00 00 	050000000500.600
  0x13200	64 a2 00 00 a4 36 00 00 29 37 00 00 d4 a3 00 00 	d0000600)7000000
  0x13210	30 37 00 00 64 37 00 00 58 a2 00 00 70 37 00 00 	0700d700X000p700
  0x13220	e1 38 00 00 ec a3 00 00 7c 39 00 00 f6 3a 00 00 	08000000|9000:00
  0x13230	14 a4 00 00 a8 3b 00 00 26 3c 00 00 f4 a3 00 00 	00000;00&<000000
  0x13240	2c 3c 00 00 8e 3c 00 00 98 a2 00 00 a0 3c 00 00 	,<000<0000000<00
  0x13250	c8 3c 00 00 2c a2 00 00 d0 3c 00 00 4d 3d 00 00 	0<00,0000<00M=00
  0x13260	98 a4 00 00 54 3d 00 00 e0 3d 00 00 64 a2 00 00 	0000T=000=00d000
  0x13270	e8 3d 00 00 b3 3f 00 00 a0 a4 00 00 bc 3f 00 00 	0=000?0000000?00
  0x13280	81 40 00 00 24 a4 00 00 88 40 00 00 c8 42 00 00 	0@00$0000@000B00
  0x13290	48 a4 00 00 d0 42 00 00 59 45 00 00 78 a4 00 00 	H0000B00YE00x000
  0x132a0	60 45 00 00 32 46 00 00 bc a4 00 00 44 46 00 00 	`E002F000000DF00
  0x132b0	07 47 00 00 c4 a4 00 00 10 47 00 00 54 49 00 00 	0G0000000G00TI00
  0x132c0	d8 a4 00 00 5c 49 00 00 91 49 00 00 f0 a4 00 00 	00000I000I000000
  0x132d0	a0 49 00 00 c3 49 00 00 f8 a4 00 00 cc 49 00 00 	0I000I0000000I00
  0x132e0	e8 49 00 00 2c a2 00 00 f0 49 00 00 ee 4b 00 00 	0I00,0000I000K00
  0x132f0	18 a5 00 00 f4 4b 00 00 38 4c 00 00 98 a2 00 00 	00000K008L000000
  0x13300	40 4c 00 00 c9 4c 00 00 64 a2 00 00 d0 4c 00 00 	@L000L00d0000L00
  0x13310	b4 4d 00 00 48 a5 00 00 bc 4d 00 00 45 4e 00 00 	0M00H0000M00EN00
  0x13320	34 a5 00 00 6c 4e 00 00 a9 4e 00 00 74 a5 00 00 	4000lN000N00t000
  0x13330	b0 4e 00 00 30 4f 00 00 d4 a3 00 00 90 4f 00 00 	0N000O0000000O00
  0x13340	dd 4f 00 00 7c a5 00 00 24 50 00 00 58 50 00 00 	0O00|000$P00XP00
  0x13350	98 a2 00 00 60 50 00 00 96 50 00 00 58 a2 00 00 	0000`P000P00X000
  0x13360	f4 50 00 00 4b 53 00 00 a0 a5 00 00 94 53 00 00 	0P00KS0000000S00
  0x13370	06 54 00 00 3c a2 00 00 0c 54 00 00 97 54 00 00 	0T00<0000T000T00
  0x13380	3c a2 00 00 a0 54 00 00 f0 54 00 00 f0 a4 00 00 	<0000T000T000000
  0x13390	f8 54 00 00 14 57 00 00 d8 a5 00 00 1c 57 00 00 	0T000W0000000W00
  0x133a0	5d 57 00 00 58 a2 00 00 64 57 00 00 1a 58 00 00 	]W00X000dW000X00
  0x133b0	14 a4 00 00 20 58 00 00 a1 58 00 00 f4 a5 00 00 	0000 X000X000000
  0x133c0	b8 58 00 00 d5 58 00 00 2c a2 00 00 dc 58 00 00 	0X000X00,0000X00
  0x133d0	37 59 00 00 04 a6 00 00 40 59 00 00 4a 5a 00 00 	7Y000000@Y00JZ00
  0x133e0	0c a6 00 00 50 5a 00 00 bc 5a 00 00 74 a5 00 00 	0000PZ000Z00t000
  0x133f0	c4 5a 00 00 b2 5e 00 00 0c a6 00 00 b8 5e 00 00 	0Z000^0000000^00
  0x13400	29 60 00 00 24 a6 00 00 30 60 00 00 b7 60 00 00 	)`00$0000`000`00
  0x13410	14 a6 00 00 d0 60 00 00 97 61 00 00 50 a6 00 00 	00000`000a00P000
  0x13420	a8 61 00 00 ae 65 00 00 6c a6 00 00 b4 65 00 00 	0a000e00l0000e00
  0x13430	48 66 00 00 5c a6 00 00 50 66 00 00 05 67 00 00 	Hf000000Pf000g00
  0x13440	b0 a6 00 00 0c 67 00 00 92 67 00 00 b8 a6 00 00 	00000g000g000000
  0x13450	40 69 00 00 ce 69 00 00 c8 a6 00 00 e0 69 00 00 	@i000i0000000i00
  0x13460	f8 69 00 00 d8 a6 00 00 00 6a 00 00 01 6a 00 00 	0i0000000j000j00
  0x13470	dc a6 00 00 10 6a 00 00 11 6a 00 00 e0 a6 00 00 	00000j000j000000
  0x13480	28 6a 00 00 d7 6a 00 00 f4 a5 00 00 00 6b 00 00 	(j000j0000000k00
  0x13490	b0 6b 00 00 e8 a6 00 00 b8 6b 00 00 ea 6c 00 00 	0k0000000k000l00
  0x134a0	fc a6 00 00 f0 6c 00 00 53 6d 00 00 20 a7 00 00 	00000l00Sm00 000
  0x134b0	90 6d 00 00 92 6d 00 00 d0 a6 00 00 b0 6d 00 00 	0m000m0000000m00
  0x134c0	fd 6d 00 00 f0 a6 00 00 40 6e 00 00 ea 70 00 00 	0m000000@n000p00
  0x134d0	00 a6 00 00 00 71 00 00 e9 71 00 00 58 a6 00 00 	00000q000q00X000
  0x134e0	f0 71 00 00 0e 72 00 00 24 a2 00 00 14 72 00 00 	0q000r00$0000r00
  0x134f0	2d 72 00 00 24 a2 00 00 2d 72 00 00 46 72 00 00 	-r00$000-r00Fr00
  0x13500	24 a2 00 00 4c 72 00 00 70 72 00 00 24 a2 00 00 	$000Lr00pr00$000
  0x13510	76 72 00 00 8f 72 00 00 24 a2 00 00 95 72 00 00 	vr000r00$0000r00
  0x13520	ae 72 00 00 24 a2 00 00 b4 72 00 00 d1 72 00 00 	0r00$0000r000r00
  0x13530	24 a2 00 00 e0 72 00 00 00 73 00 00 24 a2 00 00 	$0000r000s00$000
  0x13540	06 73 00 00 24 73 00 00 d0 a5 00 00 00 00 00 00 	0s00$s0000000000
  0x13550	00 00 00 00 00 00 00 00 00 00 00 00 00 00 00 00 	0000000000000000
  0x13560	00 00 00 00 00 00 00 00 00 00 00 00 00 00 00 00 	0000000000000000
  0x13570	00 00 00 00 00 00 00 00 00 00 00 00 00 00 00 00 	0000000000000000
  0x13580	00 00 00 00 00 00 00 00 00 00 00 00 00 00 00 00 	0000000000000000
  0x13590	00 00 00 00 00 00 00 00 00 00 00 00 00 00 00 00 	0000000000000000
  0x135a0	00 00 00 00 00 00 00 00 00 00 00 00 00 00 00 00 	0000000000000000
  0x135b0	00 00 00 00 00 00 00 00 00 00 00 00 00 00 00 00 	0000000000000000
  0x135c0	00 00 00 00 00 00 00 00 00 00 00 00 00 00 00 00 	0000000000000000
  0x135d0	00 00 00 00 00 00 00 00 00 00 00 00 00 00 00 00 	0000000000000000
  0x135e0	00 00 00 00 00 00 00 00 00 00 00 00 00 00 00 00 	0000000000000000
  0x135f0	00 00 00 00 00 00 00 00 00 00 00 00 00 00 00 00 	0000000000000000
=== DATA BLOCK END ===
