===== Assembly blocks =====

=== CODE BLOCK ADDRESS 0x1000 ===
=== CODE BLOCK END ===

=== DATA BLOCK ADDRESS 0x9000 ===
  0x9000	60 d1 00 40 01 00 00 00 00 d2 00 40 01 00 00 00 	`00@0000000@0000
  0x9010	18 a2 00 40 01 00 00 00 60 6e 00 40 01 00 00 00 	000@0000`n0@0000
  0x9020	90 a2 00 40 01 00 00 00 10 1a 00 40 01 00 00 00 	000@0000000@0000
  0x9030	f0 19 00 40 01 00 00 00 08 a3 00 40 01 00 00 00 	000@0000000@0000
  0x9040	30 78 00 40 01 00 00 00 f0 19 00 40 01 00 00 00 	0x0@0000000@0000
  0x9050	88 a3 00 40 01 00 00 00 30 78 00 40 01 00 00 00 	000@00000x0@0000
  0x9060	f0 19 00 40 01 00 00 00 a0 31 00 40 01 00 00 00 	000@0000010@0000
  0x9070	a0 2e 00 40 01 00 00 00 b0 2e 00 40 01 00 00 00 	0.0@00000.0@0000
  0x9080	80 33 00 40 01 00 00 00 a0 31 00 40 01 00 00 00 	030@0000010@0000
  0x9090	a0 2e 00 40 01 00 00 00 b0 2e 00 40 01 00 00 00 	0.0@00000.0@0000
  0x90a0	e0 31 00 40 01 00 00 00 c0 25 00 40 01 00 00 00 	010@00000%0@0000
  0x90b0	00 25 00 40 01 00 00 00 a0 38 00 40 01 00 00 00 	0%0@0000080@0000
  0x90c0	a0 93 00 40 01 00 00 00 d0 68 00 40 01 00 00 00 	000@00000h0@0000
  0x90d0	f0 68 00 40 01 00 00 00 00 00 00 00 00 00 00 00 	0h0@000000000000
  0x90e0	00 00 00 00 00 00 00 00 00 00 00 00 00 00 00 00 	0000000000000000
  0x90f0	00 00 00 00 00 00 00 00 00 00 00 00 00 00 00 00 	0000000000000000
  0x9100	f2 9e 00 40 01 00 00 00 01 00 00 00 00 00 0a 00 	000@000000000000
  0x9110	00 00 00 00 00 00 00 00 6e 02 01 08 00 00 00 00 	00000000n0000000
  0x9120	00 00 00 00 00 00 00 00 00 00 00 00 00 00 00 00 	0000000000000000
  0x9130	00 00 00 00 00 00 00 00 01 00 00 02 00 00 00 00 	0000000000000000
  0x9140	00 00 00 00 00 00 00 00 40 93 00 40 01 00 00 00 	00000000@00@0000
  0x9150	00 00 00 00 00 00 00 00 00 00 00 00 00 00 00 00 	0000000000000000
  0x9160	04 5d 88 8a eb 1c c9 11 9f e8 08 00 2b 10 48 60 	0]0000000000+0H`
  0x9170	02 00 00 00 00 00 00 00 80 93 00 40 01 00 00 00 	00000000000@0000
  0x9180	32 9f 00 40 01 00 00 00 ec 9e 00 40 01 00 00 00 	200@0000000@0000
  0x9190	f2 9e 00 40 01 00 00 00 00 00 00 00 00 00 00 00 	000@000000000000
  0x91a0	00 00 00 00 00 00 00 00 00 00 00 00 00 00 00 00 	0000000000000000
  0x91b0	33 05 71 71 ba be 37 49 83 19 b5 db ef 9c cc 36 	30qq007I00000006
  0x91c0	01 00 00 00 00 00 00 00 00 92 00 40 01 00 00 00 	00000000000@0000
  0x91d0	00 00 00 00 00 00 00 00 18 92 00 40 01 00 00 00 	00000000000@0000
  0x91e0	00 00 00 00 00 00 00 00 00 00 00 00 00 00 00 00 	0000000000000000
  0x91f0	00 00 00 00 00 00 00 00 00 00 00 00 00 00 00 00 	0000000000000000
  0x9200	01 00 00 00 00 00 00 00 e0 d8 00 40 01 00 00 00 	00000000000@0000
  0x9210	00 00 00 00 00 00 00 00 20 92 00 40 01 00 00 00 	00000000 00@0000
  0x9220	40 00 6e 01 50 00 00 00 0e 00 00 00 28 00 00 00 	@0n0P0000000(000
  0x9230	00 00 00 00 09 00 08 00 72 00 00 00 00 00 00 00 	00000000r0000000
  0x9240	c4 9e 00 40 01 00 00 00 0b 01 00 00 08 00 00 00 	000@000000000000
  0x9250	c4 9e 00 40 01 00 00 00 0b 01 00 00 10 00 00 00 	000@000000000000
  0x9260	c3 9e 00 40 01 00 00 00 c8 00 00 00 18 00 00 00 	000@000000000000
  0x9270	c4 9e 00 40 01 00 00 00 0b 01 00 00 20 00 00 00 	000@00000000 000
  0x9280	d0 92 00 40 01 00 00 00 0b 00 00 00 28 00 00 00 	000@00000000(000
  0x9290	e9 9e 00 40 01 00 00 00 c8 00 00 00 30 00 00 00 	000@000000000000
  0x92a0	00 93 00 40 01 00 00 00 13 80 00 00 38 00 00 00 	000@000000008000
  0x92b0	e9 9e 00 40 01 00 00 00 50 81 00 00 40 00 00 00 	000@0000P000@000
  0x92c0	e9 9e 00 40 01 00 00 00 f0 00 00 00 48 00 00 00 	000@00000000H000
  0x92d0	21 20 00 00 00 00 00 00 e0 92 00 40 01 00 00 00 	! 000000000@0000
  0x92e0	41 00 00 00 01 00 00 00 c8 9e 00 40 01 00 00 00 	A0000000000@0000
  0x92f0	01 00 00 00 00 00 00 00 e8 9e 00 40 01 00 00 00 	00000000000@0000
  0x9300	20 14 00 00 00 00 00 00 10 93 00 40 01 00 00 00 	 0000000000@0000
  0x9310	21 20 00 00 00 00 00 00 20 93 00 40 01 00 00 00 	! 000000 00@0000
  0x9320	41 00 00 00 01 00 00 00 d8 9e 00 40 01 00 00 00 	A0000000000@0000
  0x9330	01 00 00 00 00 00 00 00 e8 9e 00 40 01 00 00 00 	00000000000@0000
  0x9340	c0 90 00 40 01 00 00 00 b8 90 00 40 01 00 00 00 	000@0000000@0000
  0x9350	32 9f 00 40 01 00 00 00 ec 9e 00 40 01 00 00 00 	200@0000000@0000
  0x9360	00 00 00 00 00 00 00 00 88 9f 00 40 01 00 00 00 	00000000000@0000
  0x9370	02 00 00 00 00 00 00 00 60 91 00 40 01 00 00 00 	00000000`00@0000
  0x9380	01 00 00 00 00 00 00 00 d0 d8 00 40 01 00 00 00 	00000000000@0000
  0x9390	00 00 00 00 00 00 00 00 00 00 00 00 00 00 00 00 	0000000000000000
  0x93a0	60 00 00 00 61 99 3a a1 3f 95 57 41 8a 29 e6 5e 	`000a0:0?0WA0)0^
  0x93b0	29 be 51 0d 01 00 00 00 04 5d 88 8a eb 1c c9 11 	)0Q000000]000000
  0x93c0	9f e8 08 00 2b 10 48 60 02 00 00 00 00 00 00 00 	0000+0H`00000000
  0x93d0	80 93 00 40 01 00 00 00 00 00 00 00 00 00 00 00 	000@000000000000
  0x93e0	00 00 00 00 00 00 00 00 00 00 00 00 00 00 00 00 	0000000000000000
  0x93f0	40 93 00 40 01 00 00 00 00 00 00 06 00 00 00 00 	@00@000000000000
  0x9400	18 01 00 00 00 00 00 00 00 00 00 00 00 00 00 00 	0000000000000000
  0x9410	00 00 00 00 00 00 00 00 00 00 00 00 00 00 00 00 	0000000000000000
  0x9420	00 00 00 00 00 00 00 00 00 00 00 00 00 00 00 00 	0000000000000000
  0x9430	00 00 00 00 00 00 00 00 00 00 00 00 00 00 00 00 	0000000000000000
  0x9440	00 00 00 00 00 00 00 00 00 00 00 00 00 00 00 00 	0000000000000000
  0x9450	00 00 00 00 00 00 00 00 20 d1 00 40 01 00 00 00 	00000000 00@0000
  0x9460	00 00 00 00 00 00 00 00 00 00 00 00 00 00 00 00 	0000000000000000
  0x9470	00 99 00 40 01 00 00 00 08 99 00 40 01 00 00 00 	000@0000000@0000
  0x9480	dc 99 00 40 01 00 00 00 2f 00 00 00 00 00 00 00 	000@0000/0000000
  0x9490	00 75 41 00 00 00 00 00 00 00 00 00 00 00 00 00 	0uA0000000000000
  0x94a0	98 9a 00 40 01 00 00 00 02 00 00 00 00 00 00 00 	000@000000000000
  0x94b0	00 00 00 00 00 00 00 00 00 00 00 00 00 00 00 00 	0000000000000000
  0x94c0	00 00 00 00 00 00 00 00 00 00 00 00 00 00 00 00 	0000000000000000
  0x94d0	00 00 00 00 00 00 00 00 00 00 00 00 00 00 00 00 	0000000000000000
  0x94e0	00 00 00 00 00 00 00 00 00 00 00 00 00 00 00 00 	0000000000000000
  0x94f0	00 00 00 00 00 00 00 00 00 00 00 00 00 00 00 00 	0000000000000000
  0x9500	00 00 00 00 00 00 00 00 b8 99 00 40 01 00 00 00 	00000000000@0000
  0x9510	09 00 00 00 00 00 00 00 34 bc 00 00 00 00 00 00 	0000000040000000
  0x9520	ba bc 00 00 00 00 00 00 cc bc 00 00 00 00 00 00 	0000000000000000
  0x9530	ea bc 00 00 00 00 00 00 fc bc 00 00 00 00 00 00 	0000000000000000
  0x9540	8a bc 00 00 00 00 00 00 72 bc 00 00 00 00 00 00 	00000000r0000000
  0x9550	5a bc 00 00 00 00 00 00 46 bc 00 00 00 00 00 00 	Z0000000F0000000
  0x9560	a2 bc 00 00 00 00 00 00 00 00 00 00 00 00 00 00 	0000000000000000
  0x9570	f4 bf 00 00 00 00 00 00 40 c0 00 00 00 00 00 00 	00000000@0000000
  0x9580	2a c0 00 00 00 00 00 00 14 c0 00 00 00 00 00 00 	*000000000000000
  0x9590	02 c0 00 00 00 00 00 00 6a c0 00 00 00 00 00 00 	00000000j0000000
  0x95a0	a2 bf 00 00 00 00 00 00 d0 bf 00 00 00 00 00 00 	0000000000000000
  0x95b0	be bf 00 00 00 00 00 00 00 00 00 00 00 00 00 00 	0000000000000000
  0x95c0	58 c1 00 00 00 00 00 00 88 bd 00 00 00 00 00 00 	X000000000000000
  0x95d0	74 bd 00 00 00 00 00 00 00 00 00 00 00 00 00 00 	t000000000000000
  0x95e0	5a c0 00 00 00 00 00 00 1a be 00 00 00 00 00 00 	Z000000000000000
  0x95f0	cc be 00 00 00 00 00 00 b0 be 00 00 00 00 00 00 	0000000000000000
  0x9600	00 00 00 00 00 00 00 00 26 c1 00 00 00 00 00 00 	00000000&0000000
  0x9610	00 00 00 00 00 00 00 00 4a bd 00 00 00 00 00 00 	00000000J0000000
  0x9620	56 bd 00 00 00 00 00 00 68 bd 00 00 00 00 00 00 	V0000000h0000000
  0x9630	00 00 00 00 00 00 00 00 62 be 00 00 00 00 00 00 	00000000b0000000
  0x9640	e6 bf 00 00 00 00 00 00 00 00 00 00 00 00 00 00 	0000000000000000
  0x9650	78 bf 00 00 00 00 00 00 00 00 00 00 00 00 00 00 	x000000000000000
  0x9660	34 c1 00 00 00 00 00 00 c0 c0 00 00 00 00 00 00 	4000000000000000
  0x9670	8e bf 00 00 00 00 00 00 80 c0 00 00 00 00 00 00 	0000000000000000
  0x9680	00 00 00 00 00 00 00 00 22 bd 00 00 00 00 00 00 	00000000"0000000
  0x9690	00 00 00 00 00 00 00 00 fe be 00 00 00 00 00 00 	0000000000000000
  0x96a0	48 bf 00 00 00 00 00 00 ea be 00 00 00 00 00 00 	H000000000000000
  0x96b0	34 bd 00 00 00 00 00 00 00 00 00 00 00 00 00 00 	4000000000000000
  0x96c0	12 bf 00 00 00 00 00 00 00 00 00 00 00 00 00 00 	0000000000000000
  0x96d0	2e bf 00 00 00 00 00 00 00 00 00 00 00 00 00 00 	.000000000000000
  0x96e0	6e be 00 00 00 00 00 00 82 be 00 00 00 00 00 00 	n000000000000000
  0x96f0	9c be 00 00 00 00 00 00 00 00 00 00 00 00 00 00 	0000000000000000
  0x9700	d6 c0 00 00 00 00 00 00 96 c0 00 00 00 00 00 00 	0000000000000000
  0x9710	ac c0 00 00 00 00 00 00 fc c0 00 00 00 00 00 00 	0000000000000000
  0x9720	ec c0 00 00 00 00 00 00 14 c1 00 00 00 00 00 00 	0000000000000000
  0x9730	46 c1 00 00 00 00 00 00 00 00 00 00 00 00 00 00 	F000000000000000
  0x9740	06 be 00 00 00 00 00 00 ec bd 00 00 00 00 00 00 	0000000000000000
  0x9750	00 00 00 00 00 00 00 00 5e bf 00 00 00 00 00 00 	00000000^0000000
  0x9760	00 00 00 00 00 00 00 00 f4 b9 00 00 00 00 00 00 	0000000000000000
  0x9770	04 ba 00 00 00 00 00 00 10 ba 00 00 00 00 00 00 	0000000000000000
  0x9780	2a ba 00 00 00 00 00 00 44 ba 00 00 00 00 00 00 	*0000000D0000000
  0x9790	56 ba 00 00 00 00 00 00 62 ba 00 00 00 00 00 00 	V0000000b0000000
  0x97a0	6e ba 00 00 00 00 00 00 92 ba 00 00 00 00 00 00 	n000000000000000
  0x97b0	b0 ba 00 00 00 00 00 00 d2 ba 00 00 00 00 00 00 	0000000000000000
  0x97c0	f2 ba 00 00 00 00 00 00 1a bb 00 00 00 00 00 00 	0000000000000000
  0x97d0	3a bb 00 00 00 00 00 00 50 bb 00 00 00 00 00 00 	:0000000P0000000
  0x97e0	64 bb 00 00 00 00 00 00 74 bb 00 00 00 00 00 00 	d0000000t0000000
  0x97f0	b6 b9 00 00 00 00 00 00 00 c4 00 00 00 00 00 00 	0000000000000000
  0x9800	88 bb 00 00 00 00 00 00 92 bb 00 00 00 00 00 00 	0000000000000000
  0x9810	9c bb 00 00 00 00 00 00 a8 bb 00 00 00 00 00 00 	0000000000000000
  0x9820	b8 bb 00 00 00 00 00 00 da bb 00 00 00 00 00 00 	0000000000000000
  0x9830	98 b9 00 00 00 00 00 00 7e b9 00 00 00 00 00 00 	00000000~0000000
  0x9840	6c b9 00 00 00 00 00 00 5a b9 00 00 00 00 00 00 	l0000000Z0000000
  0x9850	4a b9 00 00 00 00 00 00 d6 b9 00 00 00 00 00 00 	J000000000000000
  0x9860	34 b9 00 00 00 00 00 00 f6 c3 00 00 00 00 00 00 	4000000000000000
  0x9870	00 00 00 00 00 00 00 00 cc b8 00 00 00 00 00 00 	0000000000000000
  0x9880	da b8 00 00 00 00 00 00 e4 b8 00 00 00 00 00 00 	0000000000000000
  0x9890	c0 b8 00 00 00 00 00 00 00 00 00 00 00 00 00 00 	0000000000000000
  0x98a0	ec c3 00 00 00 00 00 00 d0 bb 00 00 00 00 00 00 	0000000000000000
  0x98b0	00 00 00 00 00 00 00 00 d6 bd 00 00 00 00 00 00 	0000000000000000
  0x98c0	b0 bd 00 00 00 00 00 00 c0 bd 00 00 00 00 00 00 	0000000000000000
  0x98d0	9e bd 00 00 00 00 00 00 00 00 00 00 00 00 00 00 	0000000000000000
  0x98e0	2a be 00 00 00 00 00 00 00 00 00 00 00 00 00 00 	*000000000000000
  0x98f0	90 b8 00 00 00 00 00 00 00 00 00 00 00 00 00 00 	0000000000000000
  0x9900	90 72 00 40 01 00 00 00 e0 7c 00 40 01 00 00 00 	0r0@00000|0@0000
  0x9910	00 00 00 00 00 00 00 00 90 6a 00 40 01 00 00 00 	000000000j0@0000
  0x9920	e0 17 00 40 01 00 00 00 20 18 00 40 01 00 00 00 	000@0000 00@0000
  0x9930	40 18 00 40 01 00 00 00 60 18 00 40 01 00 00 00 	@00@0000`00@0000
  0x9940	80 18 00 40 01 00 00 00 a0 18 00 40 01 00 00 00 	000@0000000@0000
  0x9950	e0 18 00 40 01 00 00 00 00 00 00 00 00 00 00 00 	000@000000000000
  0x9960	00 00 00 00 00 00 00 00 c0 69 00 40 01 00 00 00 	000000000i0@0000
  0x9970	70 6a 00 40 01 00 00 00 20 69 00 40 01 00 00 00 	pj0@0000 i0@0000
  0x9980	50 69 00 40 01 00 00 00 90 69 00 40 01 00 00 00 	Pi0@00000i0@0000
  0x9990	00 00 00 00 00 00 00 00 00 00 00 00 00 00 00 00 	0000000000000000
  0x99a0	00 00 00 00 00 00 00 00 00 00 00 00 00 00 00 00 	0000000000000000
  0x99b0	00 00 00 00 00 00 00 00 32 27 00 00 22 29 00 00 	000000002'00")00
  0x99c0	29 29 00 00 2f 29 00 00 43 29 00 00 36 40 00 00 	))00/)00C)006@00
  0x99d0	b3 49 00 00 de 6b 00 00 65 70 00 00 10 10 00 00 	0I000k00ep000000
  0x99e0	e0 17 00 00 20 18 00 00 40 18 00 00 60 18 00 00 	0000 000@000`000
  0x99f0	80 18 00 00 a0 18 00 00 e0 18 00 00 f0 19 00 00 	0000000000000000
  0x9a00	10 1a 00 00 c0 1e 00 00 00 25 00 00 c0 25 00 00 	000000000%000%00
  0x9a10	50 27 00 00 70 27 00 00 b0 28 00 00 a0 2e 00 00 	P'00p'000(000.00
  0x9a20	b0 2e 00 00 a0 31 00 00 e0 31 00 00 50 32 00 00 	0.0001000100P200
  0x9a30	20 33 00 00 80 33 00 00 a0 38 00 00 c0 51 00 00 	 300030008000Q00
  0x9a40	10 52 00 00 30 52 00 00 d0 60 00 00 30 62 00 00 	0R000R000`000b00
  0x9a50	b0 62 00 00 d0 68 00 00 f0 68 00 00 20 69 00 00 	0b000h000h00 i00
  0x9a60	50 69 00 00 90 69 00 00 c0 69 00 00 70 6a 00 00 	Pi000i000i00pj00
  0x9a70	90 6a 00 00 40 6c 00 00 10 6d 00 00 60 6e 00 00 	0j00@l000m00`n00
  0x9a80	90 72 00 00 c0 74 00 00 50 75 00 00 30 78 00 00 	0r000t00Pu000x00
  0x9a90	d0 80 00 00 00 81 00 00 18 95 00 00 58 95 00 00 	000000000000X000
  0x9aa0	62 61 64 20 61 6c 6c 6f 63 61 74 69 6f 6e 00 00 	bad allocation00
  0x9ab0	62 61 64 20 61 72 72 61 79 20 6e 65 77 20 6c 65 	bad array new le
  0x9ac0	6e 67 74 68 00 00 00 00 00 00 00 00 00 00 00 00 	ngth000000000000
  0x9ad0	55 6e 6b 6e 6f 77 6e 20 65 78 63 65 70 74 69 6f 	Unknown exceptio
  0x9ae0	6e 00 00 00 00 00 00 00 45 78 63 65 70 74 69 6f 	n0000000Exceptio
  0x9af0	6e 00 00 00 00 00 00 00 52 65 74 75 72 6e 48 72 	n0000000ReturnHr
  0x9b00	00 00 00 00 4c 6f 67 48 72 00 00 00 00 00 00 00 	0000LogHr0000000
  0x9b10	46 61 69 6c 46 61 73 74 00 00 00 00 00 00 00 00 	FailFast00000000
  0x9b20	25 00 68 00 73 00 28 00 25 00 75 00 29 00 5c 00 	%0h0s0(0%0u0)000
  0x9b30	25 00 68 00 73 00 21 00 25 00 70 00 3a 00 20 00 	%0h0s0!0%0p0:0 0
  0x9b40	00 00 00 00 00 00 00 00 25 00 68 00 73 00 21 00 	00000000%0h0s0!0
  0x9b50	25 00 70 00 3a 00 20 00 00 00 00 00 00 00 00 00 	%0p0:0 000000000
  0x9b60	28 00 63 00 61 00 6c 00 6c 00 65 00 72 00 3a 00 	(0c0a0l0l0e0r0:0
  0x9b70	20 00 25 00 70 00 29 00 20 00 00 00 00 00 00 00 	 0%0p0)0 0000000
  0x9b80	25 00 68 00 73 00 28 00 25 00 64 00 29 00 20 00 	%0h0s0(0%0d0)0 0
  0x9b90	74 00 69 00 64 00 28 00 25 00 78 00 29 00 20 00 	t0i0d0(0%0x0)0 0
  0x9ba0	25 00 30 00 38 00 58 00 20 00 25 00 77 00 73 00 	%00080X0 0%0w0s0
  0x9bb0	00 00 00 00 00 00 00 00 20 00 20 00 20 00 20 00 	00000000 0 0 0 0
  0x9bc0	00 00 00 00 00 00 00 00 4d 00 73 00 67 00 3a 00 	00000000M0s0g0:0
  0x9bd0	5b 00 25 00 77 00 73 00 5d 00 20 00 00 00 00 00 	[0%0w0s0]0 00000
  0x9be0	43 00 61 00 6c 00 6c 00 43 00 6f 00 6e 00 74 00 	C0a0l0l0C0o0n0t0
  0x9bf0	65 00 78 00 74 00 3a 00 5b 00 25 00 68 00 73 00 	e0x0t0:0[0%0h0s0
  0x9c00	5d 00 20 00 00 00 00 00 5b 00 25 00 68 00 73 00 	]0 00000[0%0h0s0
  0x9c10	28 00 25 00 68 00 73 00 29 00 5d 00 0a 00 00 00 	(0%0h0s0)0]00000
  0x9c20	5b 00 25 00 68 00 73 00 5d 00 0a 00 00 00 00 00 	[0%0h0s0]0000000
  0x9c30	0a 00 00 00 25 77 73 00 73 00 74 00 64 00 3a 00 	0000%ws0s0t0d0:0
  0x9c40	3a 00 65 00 78 00 63 00 65 00 70 00 74 00 69 00 	:0e0x0c0e0p0t0i0
  0x9c50	6f 00 6e 00 3a 00 20 00 25 00 68 00 73 00 00 00 	o0n0:0 0%0h0s000
  0x9c60	6f 6e 65 63 6f 72 65 5c 61 6d 63 6f 72 65 5c 6f 	onecore0amcore0o
  0x9c70	63 74 61 67 6f 6e 5c 6c 70 61 63 5c 73 65 72 76 	ctagon0lpac0serv
  0x9c80	65 72 5c 6d 61 69 6e 2e 63 70 70 00 00 00 00 00 	er0main.cpp00000
  0x9c90	4c 70 61 63 52 70 63 3a 3a 53 74 61 72 74 53 65 	LpacRpc::StartSe
  0x9ca0	72 76 65 72 00 00 00 00 47 65 74 4c 70 61 63 50 	rver0000GetLpacP
  0x9cb0	6f 72 74 53 64 20 66 61 69 6c 65 64 00 00 00 00 	ortSd failed0000
  0x9cc0	6e 00 63 00 61 00 6c 00 72 00 70 00 63 00 00 00 	n0c0a0l0r0p0c000
  0x9cd0	4c 50 41 43 20 52 70 63 53 65 72 76 65 72 55 73 	LPAC RpcServerUs
  0x9ce0	65 50 72 6f 74 73 65 71 45 70 00 00 00 00 00 00 	eProtseqEp000000
  0x9cf0	4c 50 41 43 20 52 70 63 53 65 72 76 65 72 52 65 	LPAC RpcServerRe
  0x9d00	67 69 73 74 65 72 49 66 45 78 00 00 00 00 00 00 	gisterIfEx000000
  0x9d10	4c 50 41 43 20 52 70 63 53 65 72 76 65 72 49 6e 	LPAC RpcServerIn
  0x9d20	71 42 69 6e 64 69 6e 67 73 45 78 00 00 00 00 00 	qBindingsEx00000
  0x9d30	4c 50 41 43 20 52 70 63 45 70 52 65 67 69 73 74 	LPAC RpcEpRegist
  0x9d40	65 72 00 00 00 00 00 00 4c 50 41 43 20 52 70 63 	er000000LPAC Rpc
  0x9d50	53 65 72 76 65 72 52 65 67 69 73 74 65 72 41 75 	ServerRegisterAu
  0x9d60	74 68 49 6e 66 6f 00 00 4c 50 41 43 20 52 70 63 	thInfo00LPAC Rpc
  0x9d70	53 65 72 76 65 72 4c 69 73 74 65 6e 00 00 00 00 	ServerListen0000
  0x9d80	6f 6e 65 63 6f 72 65 5c 61 6d 63 6f 72 65 5c 6f 	onecore0amcore0o
  0x9d90	63 74 61 67 6f 6e 5c 6c 70 61 63 5c 73 65 72 76 	ctagon0lpac0serv
  0x9da0	65 72 5c 6c 70 61 63 72 70 63 2e 63 70 70 00 00 	er0lpacrpc.cpp00
  0x9db0	44 00 3a 00 28 00 41 00 3b 00 3b 00 47 00 41 00 	D0:0(0A0;0;0G0A0
  0x9dc0	3b 00 3b 00 3b 00 53 00 2d 00 31 00 2d 00 35 00 	;0;0;0S0-010-050
  0x9dd0	2d 00 38 00 30 00 2d 00 33 00 37 00 30 00 36 00 	-08000-030700060
  0x9de0	38 00 35 00 30 00 33 00 39 00 39 00 2d 00 33 00 	805000309090-030
  0x9df0	34 00 35 00 39 00 31 00 33 00 38 00 37 00 39 00 	4050901030807090
  0x9e00	36 00 2d 00 32 00 38 00 33 00 35 00 39 00 33 00 	60-0208030509030
  0x9e10	36 00 37 00 36 00 34 00 2d 00 35 00 36 00 32 00 	60706040-0506020
  0x9e20	30 00 32 00 39 00 35 00 34 00 32 00 2d 00 33 00 	002090504020-030
  0x9e30	39 00 37 00 37 00 31 00 30 00 31 00 34 00 37 00 	9070701000104070
  0x9e40	29 00 00 00 00 00 00 00 4c 70 61 63 52 70 63 3a 	)0000000LpacRpc:
  0x9e50	3a 47 65 74 4c 70 61 63 50 6f 72 74 53 64 00 00 	:GetLpacPortSd00
  0x9e60	43 6f 6e 76 65 72 74 53 74 72 69 6e 67 53 65 63 	ConvertStringSec
  0x9e70	75 72 69 74 79 44 65 73 63 72 69 70 74 6f 72 54 	urityDescriptorT
  0x9e80	6f 53 65 63 75 72 69 74 79 44 65 73 63 72 69 70 	oSecurityDescrip
  0x9e90	74 6f 72 20 66 61 69 6c 65 64 00 00 00 00 00 00 	tor failed000000
  0x9ea0	6d 65 6d 63 70 79 20 66 61 69 6c 65 64 00 00 00 	memcpy failed000
  0x9eb0	76 65 63 74 6f 72 3c 54 3e 20 74 6f 6f 20 6c 6f 	vector<T> too lo
  0x9ec0	6e 67 00 04 64 00 02 00 00 00 00 00 03 06 00 00 	ng00d00000000000
  0x9ed0	30 00 00 00 00 00 00 00 00 00 00 00 04 05 06 00 	0000000000000000
  0x9ee0	03 08 00 00 40 00 00 00 10 05 00 00 00 00 00 00 	0000@00000000000
  0x9ef0	00 00 00 00 11 08 25 5c 12 20 02 00 1b 00 01 00 	000000%00 000000
  0x9f00	29 00 30 00 00 00 02 5b 11 14 02 00 12 20 02 00 	)000000[00000 00
  0x9f10	1b 00 01 00 29 54 40 00 00 00 02 5b 11 0c 08 5c 	0000)T@0000[0000
  0x9f20	00 00 00 00 00 00 00 00 00 00 00 00 00 00 00 00 	0000000000000000
  0x9f30	00 00 00 48 00 00 00 00 00 00 50 00 32 00 00 00 	000H000000P02000
  0x9f40	0e 00 24 00 47 09 0a 07 01 00 01 00 00 00 00 00 	00$0G00000000000
  0x9f50	0b 01 08 00 04 00 0b 01 10 00 04 00 48 00 18 00 	000000000000H000
  0x9f60	06 00 0b 01 20 00 04 00 0b 00 28 00 06 00 48 00 	0000 00000(000H0
  0x9f70	30 00 08 00 13 20 38 00 16 00 50 21 40 00 08 00 	00000 8000P!@000
  0x9f80	70 00 48 00 08 00 00 00 33 05 71 71 ba be 37 49 	p0H0000030qq007I
  0x9f90	83 19 b5 db ef 9c cc 36 01 00 00 00 00 00 00 00 	0000000600000000
  0x9fa0	6f 6e 65 63 6f 72 65 5c 61 6d 63 6f 72 65 5c 6f 	onecore0amcore0o
  0x9fb0	63 74 61 67 6f 6e 5c 6c 70 61 63 5c 6c 69 62 5c 	ctagon0lpac0lib0
  0x9fc0	68 74 74 70 63 6c 69 65 6e 74 2e 63 70 70 00 00 	httpclient.cpp00
  0x9fd0	78 00 2d 00 6d 00 73 00 2d 00 65 00 72 00 72 00 	x0-0m0s0-0e0r0r0
  0x9fe0	6f 00 72 00 2d 00 63 00 6f 00 64 00 65 00 00 00 	o0r0-0c0o0d0e000
  0x9ff0	43 00 6c 00 69 00 65 00 6e 00 74 00 4c 00 6f 00 	C0l0i0e0n0t0L0o0
  0xa000	67 00 69 00 63 00 55 00 70 00 64 00 61 00 74 00 	g0i0c0U0p0d0a0t0
  0xa010	65 00 52 00 65 00 71 00 75 00 69 00 72 00 65 00 	e0R0e0q0u0i0r0e0
  0xa020	64 00 00 00 00 00 00 00 53 00 67 00 72 00 6d 00 	d0000000S0g0r0m0
  0xa030	42 00 72 00 6f 00 6b 00 65 00 72 00 00 00 00 00 	B0r0o0k0e0r00000
  0xa040	50 00 4f 00 53 00 54 00 00 00 00 00 00 00 00 00 	P0O0S0T000000000
  0xa050	0a 00 63 00 6f 00 6e 00 74 00 65 00 6e 00 74 00 	00c0o0n0t0e0n0t0
  0xa060	2d 00 74 00 79 00 70 00 65 00 3a 00 74 00 65 00 	-0t0y0p0e0:0t0e0
  0xa070	78 00 74 00 2f 00 70 00 6c 00 61 00 69 00 6e 00 	x0t0/0p0l0a0i0n0
  0xa080	00 00 00 00 00 00 00 00 73 74 72 69 6e 67 20 74 	00000000string t
  0xa090	6f 6f 20 6c 6f 6e 67 00 6b 00 65 00 72 00 6e 00 	oo long0k0e0r0n0
  0xa0a0	65 00 6c 00 62 00 61 00 73 00 65 00 2e 00 64 00 	e0l0b0a0s0e0.0d0
  0xa0b0	6c 00 6c 00 00 00 00 00 52 61 69 73 65 46 61 69 	l0l00000RaiseFai
  0xa0c0	6c 46 61 73 74 45 78 63 65 70 74 69 6f 6e 00 00 	lFastException00
  0xa0d0	77 69 6c 00 00 00 00 00 6f 6e 65 63 6f 72 65 5c 	wil00000onecore0
  0xa0e0	69 6e 74 65 72 6e 61 6c 5c 73 64 6b 5c 69 6e 63 	internal0sdk0inc
  0xa0f0	5c 77 69 6c 5c 6f 70 65 6e 73 6f 75 72 63 65 5c 	0wil0opensource0
  0xa100	77 69 6c 5c 72 65 73 6f 75 72 63 65 2e 68 00 00 	wil0resource.h00
  0xa110	5f 00 70 00 30 00 00 00 68 00 00 00 00 00 00 00 	_0p00000h0000000
  0xa120	57 69 6c 45 72 72 6f 72 5f 30 33 00 00 00 00 00 	WilError_0300000
  0xa130	6e 00 74 00 64 00 6c 00 6c 00 2e 00 64 00 6c 00 	n0t0d0l0l0.0d0l0
  0xa140	6c 00 00 00 00 00 00 00 52 74 6c 44 6c 6c 53 68 	l0000000RtlDllSh
  0xa150	75 74 64 6f 77 6e 49 6e 50 72 6f 67 72 65 73 73 	utdownInProgress
  0xa160	00 00 00 00 00 00 00 00 52 74 6c 44 69 73 6f 77 	00000000RtlDisow
  0xa170	6e 4d 6f 64 75 6c 65 48 65 61 70 41 6c 6c 6f 63 	nModuleHeapAlloc
  0xa180	61 74 69 6f 6e 00 00 00 4c 00 6f 00 63 00 61 00 	ation000L0o0c0a0
  0xa190	6c 00 5c 00 53 00 4d 00 30 00 3a 00 25 00 64 00 	l000S0M000:0%0d0
  0xa1a0	3a 00 25 00 64 00 3a 00 25 00 68 00 73 00 00 00 	:0%0d0:0%0h0s000
  0xa1b0	00 00 00 00 00 00 00 00 07 00 00 00 00 00 00 00 	0000000000000000
  0xa1c0	00 00 00 00 75 4a e6 c5 00 00 00 00 02 00 00 00 	0000uJ0000000000
  0xa1d0	25 00 00 00 e8 a6 00 00 e8 8c 00 00 00 00 00 00 	%000000000000000
  0xa1e0	75 4a e6 c5 00 00 00 00 0d 00 00 00 c4 03 00 00 	uJ00000000000000
  0xa1f0	10 a7 00 00 10 8d 00 00 00 00 00 00 75 4a e6 c5 	000000000000uJ00
  0xa200	00 00 00 00 10 00 00 00 24 00 00 00 d4 aa 00 00 	00000000$0000000
  0xa210	d4 90 00 00 00 00 00 00 01 00 00 00 00 00 00 00 	0000000000000000
  0xa220	00 00 00 00 48 d0 00 00 40 a2 00 00 18 a2 00 00 	0000H000@0000000
  0xa230	00 00 00 00 00 00 00 00 00 00 00 00 00 00 00 00 	0000000000000000
  0xa240	00 00 00 00 00 00 00 00 01 00 00 00 58 a2 00 00 	000000000000X000
  0xa250	00 00 00 00 00 00 00 00 68 a2 00 00 00 00 00 00 	00000000h0000000
  0xa260	00 00 00 00 00 00 00 00 48 d0 00 00 00 00 00 00 	00000000H0000000
  0xa270	00 00 00 00 ff ff ff ff 00 00 00 00 40 00 00 00 	000000000000@000
  0xa280	40 a2 00 00 00 00 00 00 00 00 00 00 00 00 00 00 	@000000000000000
  0xa290	01 00 00 00 00 00 00 00 00 00 00 00 f0 d0 00 00 	0000000000000000
  0xa2a0	b8 a2 00 00 90 a2 00 00 00 00 00 00 00 00 00 00 	0000000000000000
  0xa2b0	00 00 00 00 00 00 00 00 00 00 00 00 00 00 00 00 	0000000000000000
  0xa2c0	01 00 00 00 d0 a2 00 00 00 00 00 00 00 00 00 00 	0000000000000000
  0xa2d0	e0 a2 00 00 00 00 00 00 00 00 00 00 00 00 00 00 	0000000000000000
  0xa2e0	f0 d0 00 00 00 00 00 00 00 00 00 00 ff ff ff ff 	0000000000000000
  0xa2f0	00 00 00 00 40 00 00 00 b8 a2 00 00 00 00 00 00 	0000@00000000000
  0xa300	00 00 00 00 00 00 00 00 01 00 00 00 00 00 00 00 	0000000000000000
  0xa310	00 00 00 00 98 d0 00 00 30 a3 00 00 08 a3 00 00 	0000000000000000
  0xa320	00 00 00 00 00 00 00 00 00 00 00 00 00 00 00 00 	0000000000000000
  0xa330	00 00 00 00 00 00 00 00 02 00 00 00 48 a3 00 00 	000000000000H000
  0xa340	00 00 00 00 00 00 00 00 60 a3 00 00 e0 a2 00 00 	00000000`0000000
  0xa350	00 00 00 00 00 00 00 00 00 00 00 00 00 00 00 00 	0000000000000000
  0xa360	98 d0 00 00 01 00 00 00 00 00 00 00 ff ff ff ff 	0000000000000000
  0xa370	00 00 00 00 40 00 00 00 30 a3 00 00 00 00 00 00 	0000@00000000000
  0xa380	00 00 00 00 00 00 00 00 01 00 00 00 00 00 00 00 	0000000000000000
  0xa390	00 00 00 00 68 d0 00 00 b0 a3 00 00 88 a3 00 00 	0000h00000000000
  0xa3a0	00 00 00 00 00 00 00 00 00 00 00 00 00 00 00 00 	0000000000000000
  0xa3b0	00 00 00 00 00 00 00 00 03 00 00 00 c8 a3 00 00 	0000000000000000
  0xa3c0	00 00 00 00 00 00 00 00 e8 a3 00 00 60 a3 00 00 	000000000000`000
  0xa3d0	e0 a2 00 00 00 00 00 00 00 00 00 00 00 00 00 00 	0000000000000000
  0xa3e0	00 00 00 00 00 00 00 00 68 d0 00 00 02 00 00 00 	00000000h0000000
  0xa3f0	00 00 00 00 ff ff ff ff 00 00 00 00 40 00 00 00 	000000000000@000
  0xa400	b0 a3 00 00 00 00 00 00 00 00 00 00 00 00 00 00 	0000000000000000
  0xa410	45 54 57 30 10 00 00 01 86 0e 04 88 2b 05 8a bb 	ETW000000000+000
  0xa420	06 0b 02 00 00 00 00 00 00 00 00 00 2a 01 00 46 	000000000000*00F
  0xa430	61 6c 6c 62 61 63 6b 45 72 72 6f 72 00 50 61 72 	allbackError0Par
  0xa440	74 41 5f 50 72 69 76 54 61 67 73 00 0a 77 69 6c 	tA_PrivTags00wil
  0xa450	52 65 73 75 6c 74 00 98 11 68 72 65 73 75 6c 74 	Result000hresult
  0xa460	00 08 66 69 6c 65 4e 61 6d 65 00 02 6c 69 6e 65 	00fileName00line
  0xa470	4e 75 6d 62 65 72 00 08 6d 6f 64 75 6c 65 00 02 	Number00module00
  0xa480	66 61 69 6c 75 72 65 54 79 70 65 00 08 6d 65 73 	failureType00mes
  0xa490	73 61 67 65 00 01 74 68 72 65 61 64 49 64 00 08 	sage00threadId00
  0xa4a0	63 61 6c 6c 43 6f 6e 74 65 78 74 00 02 6f 72 69 	callContext00ori
  0xa4b0	67 69 6e 61 74 69 6e 67 43 6f 6e 74 65 78 74 49 	ginatingContextI
  0xa4c0	64 00 08 6f 72 69 67 69 6e 61 74 69 6e 67 43 6f 	d00originatingCo
  0xa4d0	6e 74 65 78 74 4e 61 6d 65 00 02 6f 72 69 67 69 	ntextName00origi
  0xa4e0	6e 61 74 69 6e 67 43 6f 6e 74 65 78 74 4d 65 73 	natingContextMes
  0xa4f0	73 61 67 65 00 01 63 75 72 72 65 6e 74 43 6f 6e 	sage00currentCon
  0xa500	74 65 78 74 49 64 00 08 63 75 72 72 65 6e 74 43 	textId00currentC
  0xa510	6f 6e 74 65 78 74 4e 61 6d 65 00 02 63 75 72 72 	ontextName00curr
  0xa520	65 6e 74 43 6f 6e 74 65 78 74 4d 65 73 73 61 67 	entContextMessag
  0xa530	65 00 01 66 61 69 6c 75 72 65 49 64 00 08 66 61 	e00failureId00fa
  0xa540	69 6c 75 72 65 43 6f 75 6e 74 00 08 66 75 6e 63 	ilureCount00func
  0xa550	74 69 6f 6e 00 02 06 0b 02 00 00 00 00 00 00 20 	tion00000000000 
  0xa560	00 00 07 01 00 46 61 6c 6c 62 61 63 6b 45 72 72 	00000FallbackErr
  0xa570	6f 72 00 50 61 72 74 41 5f 50 72 69 76 54 61 67 	or0PartA_PrivTag
  0xa580	73 00 0a 77 69 6c 52 65 73 75 6c 74 00 98 0e 68 	s00wilResult000h
  0xa590	72 65 73 75 6c 74 00 08 66 69 6c 65 4e 61 6d 65 	result00fileName
  0xa5a0	00 02 6c 69 6e 65 4e 75 6d 62 65 72 00 08 6d 6f 	00lineNumber00mo
  0xa5b0	64 75 6c 65 00 02 66 61 69 6c 75 72 65 54 79 70 	dule00failureTyp
  0xa5c0	65 00 08 6d 65 73 73 61 67 65 00 01 74 68 72 65 	e00message00thre
  0xa5d0	61 64 49 64 00 08 63 61 6c 6c 43 6f 6e 74 65 78 	adId00callContex
  0xa5e0	74 00 02 6f 72 69 67 69 6e 61 74 69 6e 67 43 6f 	t00originatingCo
  0xa5f0	6e 74 65 78 74 49 64 00 08 6f 72 69 67 69 6e 61 	ntextId00origina
  0xa600	74 69 6e 67 43 6f 6e 74 65 78 74 4e 61 6d 65 00 	tingContextName0
  0xa610	02 6f 72 69 67 69 6e 61 74 69 6e 67 43 6f 6e 74 	0originatingCont
  0xa620	65 78 74 4d 65 73 73 61 67 65 00 01 63 75 72 72 	extMessage00curr
  0xa630	65 6e 74 43 6f 6e 74 65 78 74 49 64 00 08 63 75 	entContextId00cu
  0xa640	72 72 65 6e 74 43 6f 6e 74 65 78 74 4e 61 6d 65 	rrentContextName
  0xa650	00 02 63 75 72 72 65 6e 74 43 6f 6e 74 65 78 74 	00currentContext
  0xa660	4d 65 73 73 61 67 65 00 01 06 0b 02 00 00 00 00 	Message000000000
  0xa670	00 00 40 00 00 30 00 00 4c 70 61 63 45 72 72 6f 	00@00000LpacErro
  0xa680	72 00 48 52 65 73 75 6c 74 00 87 0f 46 75 6e 63 	r0HResult000Func
  0xa690	74 69 6f 6e 00 02 4c 69 6e 65 00 08 4d 65 73 73 	tion00Line00Mess
  0xa6a0	61 67 65 00 02 04 56 b2 4e e0 03 d6 d7 52 7a dc 	age000V0N0000Rz0
  0xa6b0	20 fb 46 49 e7 bf 30 00 4d 69 63 72 6f 73 6f 66 	 0FI0000Microsof
  0xa6c0	74 2e 57 69 6e 64 6f 77 73 2e 4f 63 74 2e 4c 70 	t.Windows.Oct.Lp
  0xa6d0	61 63 00 13 00 01 1a 73 50 4f cf 89 82 47 b3 e0 	ac00000sPO000G00
  0xa6e0	dc e8 c9 04 76 ba 01 00 52 53 44 53 ce 41 f8 0f 	0000v000RSDS0A00
  0xa6f0	f9 a7 23 38 bd 12 49 73 fe b7 c7 6d 01 00 00 00 	00#800Is000m0000
  0xa700	53 67 72 6d 4c 70 61 63 2e 70 64 62 00 00 00 00 	SgrmLpac.pdb0000
  0xa710	47 43 54 4c 00 10 00 00 e0 07 00 00 2e 74 65 78 	GCTL00000000.tex
  0xa720	74 00 00 00 e0 17 00 00 50 01 00 00 2e 74 65 78 	t0000000P000.tex
  0xa730	74 24 64 69 00 00 00 00 30 19 00 00 a0 63 00 00 	t$di000000000c00
  0xa740	2e 74 65 78 74 24 6d 6e 00 00 00 00 d0 7c 00 00 	.text$mn00000|00
  0xa750	12 00 00 00 2e 74 65 78 74 24 6d 6e 24 30 30 00 	0000.text$mn$000
  0xa760	e2 7c 00 00 de 03 00 00 2e 74 65 78 74 24 78 00 	0|000000.text$x0
  0xa770	c0 80 00 00 ab 00 00 00 2e 74 65 78 74 24 79 64 	00000000.text$yd
  0xa780	00 00 00 00 00 90 00 00 18 05 00 00 2e 72 64 61 	000000000000.rda
  0xa790	74 61 24 62 72 63 00 00 18 95 00 00 e8 03 00 00 	ta$brc0000000000
  0xa7a0	2e 69 64 61 74 61 24 35 00 00 00 00 00 99 00 00 	.idata$500000000
  0xa7b0	10 00 00 00 2e 30 30 63 66 67 00 00 10 99 00 00 	0000.00cfg000000
  0xa7c0	08 00 00 00 2e 43 52 54 24 58 43 41 00 00 00 00 	0000.CRT$XCA0000
  0xa7d0	18 99 00 00 08 00 00 00 2e 43 52 54 24 58 43 41 	00000000.CRT$XCA
  0xa7e0	41 00 00 00 20 99 00 00 38 00 00 00 2e 43 52 54 	A000 0008000.CRT
  0xa7f0	24 58 43 55 00 00 00 00 58 99 00 00 08 00 00 00 	$XCU0000X0000000
  0xa800	2e 43 52 54 24 58 43 5a 00 00 00 00 60 99 00 00 	.CRT$XCZ0000`000
  0xa810	08 00 00 00 2e 43 52 54 24 58 49 41 00 00 00 00 	0000.CRT$XIA0000
  0xa820	68 99 00 00 08 00 00 00 2e 43 52 54 24 58 49 41 	h0000000.CRT$XIA
  0xa830	41 00 00 00 70 99 00 00 08 00 00 00 2e 43 52 54 	A000p0000000.CRT
  0xa840	24 58 49 41 43 00 00 00 78 99 00 00 18 00 00 00 	$XIAC000x0000000
  0xa850	2e 43 52 54 24 58 49 43 00 00 00 00 90 99 00 00 	.CRT$XIC00000000
  0xa860	08 00 00 00 2e 43 52 54 24 58 49 5a 00 00 00 00 	0000.CRT$XIZ0000
  0xa870	98 99 00 00 08 00 00 00 2e 43 52 54 24 58 50 41 	00000000.CRT$XPA
  0xa880	00 00 00 00 a0 99 00 00 08 00 00 00 2e 43 52 54 	000000000000.CRT
  0xa890	24 58 50 5a 00 00 00 00 a8 99 00 00 08 00 00 00 	$XPZ000000000000
  0xa8a0	2e 43 52 54 24 58 54 41 00 00 00 00 b0 99 00 00 	.CRT$XTA00000000
  0xa8b0	08 00 00 00 2e 43 52 54 24 58 54 5a 00 00 00 00 	0000.CRT$XTZ0000
  0xa8c0	b8 99 00 00 24 00 00 00 2e 67 65 68 63 6f 6e 74 	0000$000.gehcont
  0xa8d0	00 00 00 00 dc 99 00 00 bc 00 00 00 2e 67 66 69 	000000000000.gfi
  0xa8e0	64 73 00 00 98 9a 00 00 08 00 00 00 2e 67 69 61 	ds0000000000.gia
  0xa8f0	74 73 00 00 a0 9a 00 00 78 07 00 00 2e 72 64 61 	ts000000x000.rda
  0xa900	74 61 00 00 18 a2 00 00 f8 01 00 00 2e 72 64 61 	ta0000000000.rda
  0xa910	74 61 24 72 00 00 00 00 10 a4 00 00 10 00 00 00 	ta$r000000000000
  0xa920	2e 72 64 61 74 61 24 7a 45 54 57 30 00 00 00 00 	.rdata$zETW00000
  0xa930	20 a4 00 00 85 02 00 00 2e 72 64 61 74 61 24 7a 	 0000000.rdata$z
  0xa940	45 54 57 31 00 00 00 00 a5 a6 00 00 41 00 00 00 	ETW100000000A000
  0xa950	2e 72 64 61 74 61 24 7a 45 54 57 32 00 00 00 00 	.rdata$zETW20000
  0xa960	e6 a6 00 00 02 00 00 00 2e 72 64 61 74 61 24 7a 	00000000.rdata$z
  0xa970	45 54 57 39 00 00 00 00 e8 a6 00 00 10 04 00 00 	ETW9000000000000
  0xa980	2e 72 64 61 74 61 24 7a 7a 7a 64 62 67 00 00 00 	.rdata$zzzdbg000
  0xa990	f8 aa 00 00 08 00 00 00 2e 72 74 63 24 49 41 41 	00000000.rtc$IAA
  0xa9a0	00 00 00 00 00 ab 00 00 08 00 00 00 2e 72 74 63 	000000000000.rtc
  0xa9b0	24 49 5a 5a 00 00 00 00 08 ab 00 00 08 00 00 00 	$IZZ000000000000
  0xa9c0	2e 72 74 63 24 54 41 41 00 00 00 00 10 ab 00 00 	.rtc$TAA00000000
  0xa9d0	08 00 00 00 2e 72 74 63 24 54 5a 5a 00 00 00 00 	0000.rtc$TZZ0000
  0xa9e0	18 ab 00 00 60 06 00 00 2e 78 64 61 74 61 00 00 	0000`000.xdata00
  0xa9f0	78 b1 00 00 4c 01 00 00 2e 78 64 61 74 61 24 78 	x000L000.xdata$x
  0xaa00	00 00 00 00 c4 b2 00 00 cc 01 00 00 2e 69 64 61 	000000000000.ida
  0xaa10	74 61 24 32 00 00 00 00 90 b4 00 00 18 00 00 00 	ta$2000000000000
  0xaa20	2e 69 64 61 74 61 24 33 00 00 00 00 a8 b4 00 00 	.idata$300000000
  0xaa30	e8 03 00 00 2e 69 64 61 74 61 24 34 00 00 00 00 	0000.idata$40000
  0xaa40	90 b8 00 00 7a 0b 00 00 2e 69 64 61 74 61 24 36 	0000z000.idata$6
  0xaa50	00 00 00 00 00 d0 00 00 48 00 00 00 2e 64 61 74 	00000000H000.dat
  0xaa60	61 24 62 72 63 00 00 00 48 d0 00 00 d8 00 00 00 	a$brc000H0000000
  0xaa70	2e 64 61 74 61 24 72 24 62 72 63 00 20 d1 00 00 	.data$r$brc0 000
  0xaa80	30 00 00 00 2e 64 61 74 61 00 00 00 50 d1 00 00 	0000.data000P000
  0xaa90	80 08 00 00 2e 62 73 73 00 00 00 00 00 e0 00 00 	0000.bss00000000
  0xaaa0	cc 06 00 00 2e 70 64 61 74 61 00 00 00 f0 00 00 	0000.pdata000000
  0xaab0	60 00 00 00 2e 72 73 72 63 24 30 31 00 00 00 00 	`000.rsrc$010000
  0xaac0	60 f0 00 00 b0 03 00 00 2e 72 73 72 63 24 30 32 	`0000000.rsrc$02
  0xaad0	00 00 00 00 20 00 00 00 ce 41 f8 0f f9 a7 23 38 	0000 0000A0000#8
  0xaae0	bd 12 49 73 fe b7 c7 6d 56 7e ad 77 a8 0a 50 bc 	00Is000mV~0w00P0
  0xaaf0	31 2d 57 58 75 4a e6 c5 00 00 00 00 00 00 00 00 	1-WXuJ0000000000
  0xab00	00 00 00 00 00 00 00 00 00 00 00 00 00 00 00 00 	0000000000000000
  0xab10	00 00 00 00 00 00 00 00 01 12 05 00 12 42 0e 70 	0000000000000B0p
  0xab20	0d 60 0c 50 0b 30 00 00 01 06 02 00 06 32 02 30 	0`0P000000000200
  0xab30	01 0a 04 00 0a 34 06 00 0a 32 06 70 01 11 04 00 	00000400020p0000
  0xab40	11 32 0d 70 0c 60 0b 30 19 25 09 00 13 34 53 00 	020p0`000%0004S0
  0xab50	13 01 4a 00 0c f0 0a e0 08 70 07 60 06 50 00 00 	00J000000p0`0P00
  0xab60	38 7b 00 00 40 02 00 00 01 14 08 00 14 64 08 00 	8{00@00000000d00
  0xab70	14 54 07 00 14 34 06 00 14 32 10 70 01 04 01 00 	0T000400020p0000
  0xab80	04 42 00 00 01 12 04 00 12 52 0e 70 0d 60 0c 30 	0B0000000R0p0`00
  0xab90	01 1c 0c 00 1c 64 0d 00 1c 54 0c 00 1c 34 0b 00 	00000d000T000400
  0xaba0	1c 32 18 f0 16 e0 14 d0 12 c0 10 70 19 21 03 00 	02000000000p0!00
  0xabb0	0f 01 86 02 02 30 00 00 38 7b 00 00 20 14 00 00 	000000008{00 000
  0xabc0	19 0f 02 00 0f 52 0b 30 f6 78 00 00 d0 ab 00 00 	00000R000x000000
  0xabd0	38 dd ab 00 00 e0 ab 00 00 fc ab 00 00 04 08 10 	8000000000000000
  0xabe0	02 00 00 02 e8 ab 00 00 04 17 10 f0 d0 00 00 40 	000000000000000@
  0xabf0	e8 7c 00 00 5c 11 80 4e 7d 00 00 5c 04 32 00 48 	0|00000N}000020H
  0xac00	02 00 00 00 01 0b 03 00 0b 42 07 50 06 30 00 00 	000000000B0P0000
  0xac10	01 0a 02 00 0a 32 06 50 01 07 02 00 07 01 1f 00 	0000020P00000000
  0xac20	19 0d 06 00 0d 34 13 00 0d b2 09 e0 07 70 06 60 	0000040000000p0`
  0xac30	f6 78 00 00 38 ac 00 00 38 45 ac 00 00 4a ac 00 	0x0080008E000J00
  0xac40	00 a7 ac 00 00 08 08 10 18 20 04 00 00 02 59 ac 	000000000 0000Y0
  0xac50	00 00 04 04 06 7a ac 00 00 06 17 12 c0 d0 00 00 	00000z0000000000
  0xac60	70 72 7d 00 00 f2 17 12 98 d0 00 00 90 ca 7d 00 	pr}00000000000}0
  0xac70	00 e4 21 80 21 7e 00 00 f2 fe 08 17 12 c0 d0 00 	00!0!~0000000000
  0xac80	00 80 65 7e 00 00 f2 17 12 98 d0 00 00 a0 bd 7e 	00e~00000000000~
  0xac90	00 00 e4 17 10 f0 d0 00 00 b0 14 7f 00 00 4d 02 	00000000000000M0
  0xaca0	11 80 4e 7d 00 00 fe 08 80 00 60 02 68 06 14 00 	00N}000000`0h000
  0xacb0	01 11 09 00 11 c2 0d f0 0b e0 09 d0 07 c0 05 70 	000000000000000p
  0xacc0	04 60 03 50 02 30 00 00 01 09 03 00 09 01 18 00 	0`0P000000000000
  0xacd0	02 30 00 00 19 22 04 00 10 01 a5 02 03 70 02 30 	00000"0000000p00
  0xace0	38 7b 00 00 10 15 00 00 01 04 01 00 04 a2 00 00 	8{00000000000000
  0xacf0	01 04 01 00 04 82 00 00 01 06 02 00 06 72 02 30 	0000000000000r00
  0xad00	01 0f 03 00 0f 01 20 00 04 50 00 00 01 0f 03 00 	000000 00P000000
  0xad10	0f 01 24 00 04 50 00 00 01 06 02 00 06 52 02 70 	00$00P0000000R0p
  0xad20	01 09 03 00 09 01 16 00 02 30 00 00 19 24 08 00 	0000000000000$00
  0xad30	15 74 0d 00 15 64 0c 00 15 34 0b 00 15 72 11 e0 	0t000d0004000r00
  0xad40	38 7b 00 00 30 00 00 00 19 28 09 00 1a 64 31 00 	8{0000000(000d10
  0xad50	1a 34 30 00 1a 01 2a 00 0e e0 0c 70 0b 50 00 00 	040000*0000p0P00
  0xad60	38 7b 00 00 40 01 00 00 19 28 09 00 1a 64 37 00 	8{00@0000(000d70
  0xad70	1a 34 36 00 1a 01 30 00 0e f0 0c 70 0b 50 00 00 	04600000000p0P00
  0xad80	38 7b 00 00 70 01 00 00 01 0f 06 00 0f 64 07 00 	8{00p00000000d00
  0xad90	0f 34 06 00 0f 32 0b 70 11 0c 04 00 0c 34 0f 00 	0400020p00000400
  0xada0	0c b2 08 70 f6 78 00 00 ac ad 00 00 28 b5 ad 00 	000p0x000000(000
  0xadb0	00 bc ad 00 00 02 0a d0 3b 00 00 80 02 44 02 00 	00000000;0000D00
  0xadc0	01 0c 04 00 0c 34 0e 00 0c b2 08 70 19 24 07 00 	00000400000p0$00
  0xadd0	12 64 22 00 12 34 21 00 12 01 1e 00 0b 70 00 00 	0d"004!000000p00
  0xade0	38 7b 00 00 e0 00 00 00 19 18 08 00 18 64 0b 00 	8{00000000000d00
  0xadf0	18 34 09 00 18 32 14 f0 12 e0 10 70 f6 78 00 00 	04000200000p0x00
  0xae00	04 ae 00 00 38 dd ab 00 00 11 ae 00 00 20 ae 00 	0000800000000 00
  0xae10	00 02 00 00 02 19 ae 00 00 02 01 80 7d 7f 00 00 	000000000000}000
  0xae20	06 f4 00 72 02 25 02 00 01 14 06 00 14 64 0f 00 	000r0%0000000d00
  0xae30	14 34 0e 00 14 b2 10 70 19 1c 03 00 0e 01 14 00 	0400000p00000000
  0xae40	02 50 00 00 38 7b 00 00 90 00 00 00 19 0d 06 00 	0P008{0000000000
  0xae50	0d 34 08 00 0d 32 09 e0 07 70 06 60 f6 78 00 00 	040002000p0`0x00
  0xae60	64 ae 00 00 38 dd ab 00 00 71 ae 00 00 82 ae 00 	d00080000q000000
  0xae70	00 02 00 00 02 79 ae 00 00 02 11 80 a7 7f 00 00 	00000y0000000000
  0xae80	59 06 04 9c 02 21 05 00 01 10 06 00 10 64 09 00 	Y0000!0000000d00
  0xae90	10 34 08 00 10 52 0c 70 19 25 09 00 13 01 14 00 	04000R0p0%000000
  0xaea0	0c f0 0a e0 08 d0 06 c0 04 70 03 60 02 30 00 00 	000000000p0`0000
  0xaeb0	c0 7b 00 00 bc ae 00 00 93 00 00 00 38 c9 ae 00 	0{00000000008000
  0xaec0	00 e4 ae 00 00 f5 ae 00 00 0c 08 0a e4 49 00 00 	0000000000000I00
  0xaed0	b0 32 e4 49 00 00 c0 32 e4 49 00 00 d0 32 0c 4a 	020I00020I00020J
  0xaee0	00 00 e0 d0 02 00 08 0a ec ae 00 00 02 11 80 24 	000000000000000$
  0xaef0	80 00 00 0d 20 08 2d 07 08 d0 0a 99 12 08 e5 04 	0000 0-000000000
  0xaf00	02 00 00 00 01 0a 02 00 0a 72 06 50 19 04 01 00 	000000000r0P0000
  0xaf10	04 42 00 00 f6 78 00 00 1c af 00 00 60 21 af 00 	0B000x000000`!00
  0xaf20	00 00 00 00 01 1d 0c 00 1d 74 0b 00 1d 64 0a 00 	000000000t000d00
  0xaf30	1d 54 09 00 1d 34 08 00 1d 32 19 f0 17 e0 15 c0 	0T00040002000000
  0xaf40	01 1c 0c 00 1c 64 0c 00 1c 54 0b 00 1c 34 0a 00 	00000d000T000400
  0xaf50	1c 32 18 f0 16 e0 14 d0 12 c0 10 70 19 2d 09 00 	02000000000p0-00
  0xaf60	1b 54 15 02 1b 34 14 02 1b 01 0e 02 0e e0 0c 70 	0T0004000000000p
  0xaf70	0b 60 00 00 38 7b 00 00 60 10 00 00 01 19 0a 00 	0`008{00`0000000
  0xaf80	19 74 0f 00 19 64 0e 00 19 54 0d 00 19 34 0c 00 	0t000d000T000400
  0xaf90	19 92 15 e0 19 21 07 00 0f 34 31 00 0f 01 2a 00 	00000!00041000*0
  0xafa0	08 70 07 60 06 50 00 00 38 7b 00 00 40 01 00 00 	0p0`0P008{00@000
  0xafb0	01 14 08 00 14 64 0e 00 14 54 0d 00 14 34 0c 00 	00000d000T000400
  0xafc0	14 92 10 70 19 2b 0b 00 19 54 52 00 19 34 51 00 	000p0+000TR004Q0
  0xafd0	19 01 4a 00 12 f0 10 e0 0e c0 0c 70 0b 60 00 00 	00J00000000p0`00
  0xafe0	38 7b 00 00 40 02 00 00 01 0a 04 00 0a 64 06 00 	8{00@00000000d00
  0xaff0	0a 32 06 70 19 33 0b 00 22 74 51 00 22 64 4f 00 	020p0300"tQ0"dO0
  0xb000	22 34 4e 00 22 01 4a 00 14 f0 12 e0 10 50 00 00 	"4N0"0J000000P00
  0xb010	38 7b 00 00 40 02 00 00 01 19 0a 00 19 74 09 00 	8{00@00000000t00
  0xb020	19 64 08 00 19 54 07 00 19 34 06 00 19 32 15 e0 	0d000T0004000200
  0xb030	19 32 0b 00 21 64 59 00 21 34 58 00 21 01 50 00 	0200!dY0!4X0!0P0
  0xb040	12 f0 10 e0 0e c0 0c 70 0b 50 00 00 c0 7b 00 00 	0000000p0P000{00
  0xb050	58 b0 00 00 72 02 00 00 28 61 b0 00 00 6e b0 00 	X000r000(a000n00
  0xb060	00 04 0a a8 68 00 00 90 32 90 54 00 00 a0 04 95 	0000h00020T00000
  0xb070	06 00 e0 04 01 12 08 00 12 54 0a 00 12 34 08 00 	000000000T000400
  0xb080	12 32 0e e0 0c 70 0b 60 09 0f 06 00 0f 64 09 00 	02000p0`00000d00
  0xb090	0f 34 08 00 0f 52 0b 70 3a 7a 00 00 02 00 00 00 	04000R0p:z000000
  0xb0a0	d9 6a 00 00 de 6b 00 00 80 80 00 00 de 6b 00 00 	0j000k0000000k00
  0xb0b0	12 6c 00 00 24 6c 00 00 80 80 00 00 de 6b 00 00 	0l00$l0000000k00
  0xb0c0	01 06 02 00 06 32 02 50 01 00 00 00 01 09 01 00 	0000020P00000000
  0xb0d0	09 62 00 00 01 08 04 00 08 72 04 70 03 60 02 30 	0b0000000r0p0`00
  0xb0e0	09 04 01 00 04 22 00 00 3a 7a 00 00 01 00 00 00 	00000"00:z000000
  0xb0f0	db 6f 00 00 65 70 00 00 a4 80 00 00 65 70 00 00 	0o00ep000000ep00
  0xb100	01 02 01 00 02 50 00 00 01 0d 04 00 0d 34 09 00 	00000P0000000400
  0xb110	0d 32 06 50 01 15 05 00 15 34 ba 00 15 01 b8 00 	020P000004000000
  0xb120	06 50 00 00 01 0f 06 00 0f 64 06 00 0f 34 05 00 	0P0000000d000400
  0xb130	0f 12 0b 70 00 00 00 00 01 00 00 00 01 14 08 00 	000p000000000000
  0xb140	14 64 0a 00 14 54 09 00 14 34 08 00 14 52 10 70 	0d000T0004000R0p
  0xb150	01 14 08 00 14 64 0c 00 14 54 0b 00 14 34 0a 00 	00000d000T000400
  0xb160	14 72 10 70 01 02 01 00 02 30 00 00 00 00 00 00 	0r0p000000000000
  0xb170	01 04 01 00 04 12 00 00 00 00 00 00 08 78 00 00 	0000000000000x00
  0xb180	00 00 00 00 98 b1 00 00 00 00 00 00 00 00 00 00 	0000000000000000
  0xb190	00 00 00 00 00 00 00 00 02 00 00 00 b0 b1 00 00 	0000000000000000
  0xb1a0	58 b2 00 00 00 00 00 00 00 00 00 00 00 00 00 00 	X000000000000000
  0xb1b0	10 00 00 00 98 d0 00 00 00 00 00 00 ff ff ff ff 	0000000000000000
  0xb1c0	00 00 00 00 18 00 00 00 38 77 00 00 00 00 00 00 	000000008w000000
  0xb1d0	00 00 00 00 00 00 00 00 00 00 00 00 08 78 00 00 	0000000000000x00
  0xb1e0	00 00 00 00 f8 b1 00 00 00 00 00 00 00 00 00 00 	0000000000000000
  0xb1f0	00 00 00 00 00 00 00 00 03 00 00 00 18 b2 00 00 	0000000000000000
  0xb200	b0 b1 00 00 58 b2 00 00 00 00 00 00 00 00 00 00 	0000X00000000000
  0xb210	00 00 00 00 00 00 00 00 00 00 00 00 68 d0 00 00 	000000000000h000
  0xb220	00 00 00 00 ff ff ff ff 00 00 00 00 18 00 00 00 	0000000000000000
  0xb230	a0 77 00 00 00 00 00 00 00 00 00 00 00 00 00 00 	0w00000000000000
  0xb240	02 00 00 00 80 b2 00 00 58 b2 00 00 00 00 00 00 	00000000X0000000
  0xb250	00 00 00 00 00 00 00 00 00 00 00 00 f0 d0 00 00 	0000000000000000
  0xb260	00 00 00 00 ff ff ff ff 00 00 00 00 18 00 00 00 	0000000000000000
  0xb270	b0 19 00 00 00 00 00 00 00 00 00 00 00 00 00 00 	0000000000000000
  0xb280	00 00 00 00 c0 d0 00 00 00 00 00 00 ff ff ff ff 	0000000000000000
  0xb290	00 00 00 00 c8 00 00 00 9c 27 00 00 00 00 00 00 	000000000'000000
  0xb2a0	00 00 00 00 00 00 00 00 00 00 00 00 fc 25 00 00 	0000000000000%00
  0xb2b0	00 00 00 00 40 b2 00 00 00 00 00 00 00 00 00 00 	0000@00000000000
  0xb2c0	00 00 00 00 80 b8 00 00 00 00 00 00 00 00 00 00 	0000000000000000
  0xb2d0	b2 b8 00 00 f0 98 00 00 08 b8 00 00 00 00 00 00 	0000000000000000
  0xb2e0	00 00 00 00 12 b9 00 00 78 98 00 00 f8 b6 00 00 	00000000x0000000
  0xb2f0	00 00 00 00 00 00 00 00 f0 bb 00 00 68 97 00 00 	000000000000h000
  0xb300	30 b8 00 00 00 00 00 00 00 00 00 00 12 bc 00 00 	0000000000000000
  0xb310	a0 98 00 00 a8 b4 00 00 00 00 00 00 00 00 00 00 	0000000000000000
  0xb320	16 bd 00 00 18 95 00 00 18 b6 00 00 00 00 00 00 	0000000000000000
  0xb330	00 00 00 00 66 c1 00 00 88 96 00 00 28 b6 00 00 	0000f0000000(000
  0xb340	00 00 00 00 00 00 00 00 8e c1 00 00 98 96 00 00 	0000000000000000
  0xb350	a8 b5 00 00 00 00 00 00 00 00 00 00 b8 c1 00 00 	0000000000000000
  0xb360	18 96 00 00 50 b5 00 00 00 00 00 00 00 00 00 00 	0000P00000000000
  0xb370	d8 c1 00 00 c0 95 00 00 48 b8 00 00 00 00 00 00 	00000000H0000000
  0xb380	00 00 00 00 fa c1 00 00 b8 98 00 00 d0 b6 00 00 	0000000000000000
  0xb390	00 00 00 00 00 00 00 00 22 c2 00 00 40 97 00 00 	00000000"000@000
  0xb3a0	70 b5 00 00 00 00 00 00 00 00 00 00 44 c2 00 00 	p00000000000D000
  0xb3b0	e0 95 00 00 70 b8 00 00 00 00 00 00 00 00 00 00 	0000p00000000000
  0xb3c0	6e c2 00 00 e0 98 00 00 c8 b5 00 00 00 00 00 00 	n000000000000000
  0xb3d0	00 00 00 00 92 c2 00 00 38 96 00 00 70 b6 00 00 	000000008000p000
  0xb3e0	00 00 00 00 00 00 00 00 b2 c2 00 00 e0 96 00 00 	0000000000000000
  0xb3f0	50 b6 00 00 00 00 00 00 00 00 00 00 d8 c2 00 00 	P000000000000000
  0xb400	c0 96 00 00 60 b6 00 00 00 00 00 00 00 00 00 00 	0000`00000000000
  0xb410	02 c3 00 00 d0 96 00 00 e8 b6 00 00 00 00 00 00 	0000000000000000
  0xb420	00 00 00 00 26 c3 00 00 58 97 00 00 e0 b5 00 00 	0000&000X0000000
  0xb430	00 00 00 00 00 00 00 00 4a c3 00 00 50 96 00 00 	00000000J000P000
  0xb440	f0 b5 00 00 00 00 00 00 00 00 00 00 72 c3 00 00 	000000000000r000
  0xb450	60 96 00 00 00 b5 00 00 00 00 00 00 00 00 00 00 	`000000000000000
  0xb460	9c c3 00 00 70 95 00 00 90 b6 00 00 00 00 00 00 	0000p00000000000
  0xb470	00 00 00 00 a8 c3 00 00 00 97 00 00 98 b5 00 00 	0000000000000000
  0xb480	00 00 00 00 00 00 00 00 ca c3 00 00 08 96 00 00 	0000000000000000
  0xb490	00 00 00 00 00 00 00 00 00 00 00 00 00 00 00 00 	0000000000000000
  0xb4a0	00 00 00 00 00 00 00 00 34 bc 00 00 00 00 00 00 	0000000040000000
  0xb4b0	ba bc 00 00 00 00 00 00 cc bc 00 00 00 00 00 00 	0000000000000000
  0xb4c0	ea bc 00 00 00 00 00 00 fc bc 00 00 00 00 00 00 	0000000000000000
  0xb4d0	8a bc 00 00 00 00 00 00 72 bc 00 00 00 00 00 00 	00000000r0000000
  0xb4e0	5a bc 00 00 00 00 00 00 46 bc 00 00 00 00 00 00 	Z0000000F0000000
  0xb4f0	a2 bc 00 00 00 00 00 00 00 00 00 00 00 00 00 00 	0000000000000000
  0xb500	f4 bf 00 00 00 00 00 00 40 c0 00 00 00 00 00 00 	00000000@0000000
  0xb510	2a c0 00 00 00 00 00 00 14 c0 00 00 00 00 00 00 	*000000000000000
  0xb520	02 c0 00 00 00 00 00 00 6a c0 00 00 00 00 00 00 	00000000j0000000
  0xb530	a2 bf 00 00 00 00 00 00 d0 bf 00 00 00 00 00 00 	0000000000000000
  0xb540	be bf 00 00 00 00 00 00 00 00 00 00 00 00 00 00 	0000000000000000
  0xb550	58 c1 00 00 00 00 00 00 88 bd 00 00 00 00 00 00 	X000000000000000
  0xb560	74 bd 00 00 00 00 00 00 00 00 00 00 00 00 00 00 	t000000000000000
  0xb570	5a c0 00 00 00 00 00 00 1a be 00 00 00 00 00 00 	Z000000000000000
  0xb580	cc be 00 00 00 00 00 00 b0 be 00 00 00 00 00 00 	0000000000000000
  0xb590	00 00 00 00 00 00 00 00 26 c1 00 00 00 00 00 00 	00000000&0000000
  0xb5a0	00 00 00 00 00 00 00 00 4a bd 00 00 00 00 00 00 	00000000J0000000
  0xb5b0	56 bd 00 00 00 00 00 00 68 bd 00 00 00 00 00 00 	V0000000h0000000
  0xb5c0	00 00 00 00 00 00 00 00 62 be 00 00 00 00 00 00 	00000000b0000000
  0xb5d0	e6 bf 00 00 00 00 00 00 00 00 00 00 00 00 00 00 	0000000000000000
  0xb5e0	78 bf 00 00 00 00 00 00 00 00 00 00 00 00 00 00 	x000000000000000
  0xb5f0	34 c1 00 00 00 00 00 00 c0 c0 00 00 00 00 00 00 	4000000000000000
  0xb600	8e bf 00 00 00 00 00 00 80 c0 00 00 00 00 00 00 	0000000000000000
  0xb610	00 00 00 00 00 00 00 00 22 bd 00 00 00 00 00 00 	00000000"0000000
  0xb620	00 00 00 00 00 00 00 00 fe be 00 00 00 00 00 00 	0000000000000000
  0xb630	48 bf 00 00 00 00 00 00 ea be 00 00 00 00 00 00 	H000000000000000
  0xb640	34 bd 00 00 00 00 00 00 00 00 00 00 00 00 00 00 	4000000000000000
  0xb650	12 bf 00 00 00 00 00 00 00 00 00 00 00 00 00 00 	0000000000000000
  0xb660	2e bf 00 00 00 00 00 00 00 00 00 00 00 00 00 00 	.000000000000000
  0xb670	6e be 00 00 00 00 00 00 82 be 00 00 00 00 00 00 	n000000000000000
  0xb680	9c be 00 00 00 00 00 00 00 00 00 00 00 00 00 00 	0000000000000000
  0xb690	d6 c0 00 00 00 00 00 00 96 c0 00 00 00 00 00 00 	0000000000000000
  0xb6a0	ac c0 00 00 00 00 00 00 fc c0 00 00 00 00 00 00 	0000000000000000
  0xb6b0	ec c0 00 00 00 00 00 00 14 c1 00 00 00 00 00 00 	0000000000000000
  0xb6c0	46 c1 00 00 00 00 00 00 00 00 00 00 00 00 00 00 	F000000000000000
  0xb6d0	06 be 00 00 00 00 00 00 ec bd 00 00 00 00 00 00 	0000000000000000
  0xb6e0	00 00 00 00 00 00 00 00 5e bf 00 00 00 00 00 00 	00000000^0000000
  0xb6f0	00 00 00 00 00 00 00 00 f4 b9 00 00 00 00 00 00 	0000000000000000
  0xb700	04 ba 00 00 00 00 00 00 10 ba 00 00 00 00 00 00 	0000000000000000
  0xb710	2a ba 00 00 00 00 00 00 44 ba 00 00 00 00 00 00 	*0000000D0000000
  0xb720	56 ba 00 00 00 00 00 00 62 ba 00 00 00 00 00 00 	V0000000b0000000
  0xb730	6e ba 00 00 00 00 00 00 92 ba 00 00 00 00 00 00 	n000000000000000
  0xb740	b0 ba 00 00 00 00 00 00 d2 ba 00 00 00 00 00 00 	0000000000000000
  0xb750	f2 ba 00 00 00 00 00 00 1a bb 00 00 00 00 00 00 	0000000000000000
  0xb760	3a bb 00 00 00 00 00 00 50 bb 00 00 00 00 00 00 	:0000000P0000000
  0xb770	64 bb 00 00 00 00 00 00 74 bb 00 00 00 00 00 00 	d0000000t0000000
  0xb780	b6 b9 00 00 00 00 00 00 00 c4 00 00 00 00 00 00 	0000000000000000
  0xb790	88 bb 00 00 00 00 00 00 92 bb 00 00 00 00 00 00 	0000000000000000
  0xb7a0	9c bb 00 00 00 00 00 00 a8 bb 00 00 00 00 00 00 	0000000000000000
  0xb7b0	b8 bb 00 00 00 00 00 00 da bb 00 00 00 00 00 00 	0000000000000000
  0xb7c0	98 b9 00 00 00 00 00 00 7e b9 00 00 00 00 00 00 	00000000~0000000
  0xb7d0	6c b9 00 00 00 00 00 00 5a b9 00 00 00 00 00 00 	l0000000Z0000000
  0xb7e0	4a b9 00 00 00 00 00 00 d6 b9 00 00 00 00 00 00 	J000000000000000
  0xb7f0	34 b9 00 00 00 00 00 00 f6 c3 00 00 00 00 00 00 	4000000000000000
  0xb800	00 00 00 00 00 00 00 00 cc b8 00 00 00 00 00 00 	0000000000000000
  0xb810	da b8 00 00 00 00 00 00 e4 b8 00 00 00 00 00 00 	0000000000000000
  0xb820	c0 b8 00 00 00 00 00 00 00 00 00 00 00 00 00 00 	0000000000000000
  0xb830	ec c3 00 00 00 00 00 00 d0 bb 00 00 00 00 00 00 	0000000000000000
  0xb840	00 00 00 00 00 00 00 00 d6 bd 00 00 00 00 00 00 	0000000000000000
  0xb850	b0 bd 00 00 00 00 00 00 c0 bd 00 00 00 00 00 00 	0000000000000000
  0xb860	9e bd 00 00 00 00 00 00 00 00 00 00 00 00 00 00 	0000000000000000
  0xb870	2a be 00 00 00 00 00 00 00 00 00 00 00 00 00 00 	*000000000000000
  0xb880	90 b8 00 00 00 00 00 00 00 00 00 00 00 00 00 00 	0000000000000000
  0xb890	8e 02 3f 5f 58 6c 65 6e 67 74 68 5f 65 72 72 6f 	00?_Xlength_erro
  0xb8a0	72 40 73 74 64 40 40 59 41 58 50 45 42 44 40 5a 	r@std@@YAXPEBD@Z
  0xb8b0	00 00 6d 73 76 63 70 5f 77 69 6e 2e 64 6c 6c 00 	00msvcp_win.dll0
  0xb8c0	36 00 5f 69 6e 69 74 74 65 72 6d 00 37 00 5f 69 	60_initterm070_i
  0xb8d0	6e 69 74 74 65 72 6d 5f 65 00 15 00 5f 63 5f 65 	nitterm_e000_c_e
  0xb8e0	78 69 74 00 3d 00 5f 72 65 67 69 73 74 65 72 5f 	xit0=0_register_
  0xb8f0	74 68 72 65 61 64 5f 6c 6f 63 61 6c 5f 65 78 65 	thread_local_exe
  0xb900	5f 61 74 65 78 69 74 5f 63 61 6c 6c 62 61 63 6b 	_atexit_callback
  0xb910	00 00 61 70 69 2d 6d 73 2d 77 69 6e 2d 63 72 74 	00api-ms-win-crt
  0xb920	2d 72 75 6e 74 69 6d 65 2d 6c 31 2d 31 2d 30 2e 	-runtime-l1-1-0.
  0xb930	64 6c 6c 00 13 00 5f 5f 43 78 78 46 72 61 6d 65 	dll000__CxxFrame
  0xb940	48 61 6e 64 6c 65 72 34 00 00 4f 00 5f 6f 5f 5f 	Handler400O0_o__
  0xb950	5f 70 5f 5f 5f 61 72 67 63 00 51 00 5f 6f 5f 5f 	_p___argc0Q0_o__
  0xb960	5f 70 5f 5f 5f 77 61 72 67 76 00 00 53 00 5f 6f 	_p___wargv00S0_o
  0xb970	5f 5f 5f 70 5f 5f 63 6f 6d 6d 6f 64 65 00 5e 00 	___p__commode0^0
  0xb980	5f 6f 5f 5f 5f 73 74 64 5f 65 78 63 65 70 74 69 	_o___std_excepti
  0xb990	6f 6e 5f 63 6f 70 79 00 5f 00 5f 6f 5f 5f 5f 73 	on_copy0_0_o___s
  0xb9a0	74 64 5f 65 78 63 65 70 74 69 6f 6e 5f 64 65 73 	td_exception_des
  0xb9b0	74 72 6f 79 00 00 6a 00 5f 6f 5f 5f 5f 73 74 64 	troy00j0_o___std
  0xb9c0	69 6f 5f 63 6f 6d 6d 6f 6e 5f 76 73 6e 70 72 69 	io_common_vsnpri
  0xb9d0	6e 74 66 5f 73 00 70 00 5f 6f 5f 5f 5f 73 74 64 	ntf_s0p0_o___std
  0xb9e0	69 6f 5f 63 6f 6d 6d 6f 6e 5f 76 73 77 70 72 69 	io_common_vswpri
  0xb9f0	6e 74 66 00 91 00 5f 6f 5f 5f 63 61 6c 6c 6e 65 	ntf000_o__callne
  0xba00	77 68 00 00 93 00 5f 6f 5f 5f 63 65 78 69 74 00 	wh0000_o__cexit0
  0xba10	9f 00 5f 6f 5f 5f 63 6f 6e 66 69 67 74 68 72 65 	00_o__configthre
  0xba20	61 64 6c 6f 63 61 6c 65 00 00 a1 00 5f 6f 5f 5f 	adlocale0000_o__
  0xba30	63 6f 6e 66 69 67 75 72 65 5f 77 69 64 65 5f 61 	configure_wide_a
  0xba40	72 67 76 00 a7 00 5f 6f 5f 5f 63 72 74 5f 61 74 	rgv000_o__crt_at
  0xba50	65 78 69 74 00 00 c0 00 5f 6f 5f 5f 65 72 72 6e 	exit0000_o__errn
  0xba60	6f 00 c7 00 5f 6f 5f 5f 65 78 69 74 00 00 0f 01 	o000_o__exit0000
  0xba70	5f 6f 5f 5f 67 65 74 5f 69 6e 69 74 69 61 6c 5f 	_o__get_initial_
  0xba80	77 69 64 65 5f 65 6e 76 69 72 6f 6e 6d 65 6e 74 	wide_environment
  0xba90	00 00 3d 01 5f 6f 5f 5f 69 6e 69 74 69 61 6c 69 	00=0_o__initiali
  0xbaa0	7a 65 5f 6f 6e 65 78 69 74 5f 74 61 62 6c 65 00 	ze_onexit_table0
  0xbab0	3e 01 5f 6f 5f 5f 69 6e 69 74 69 61 6c 69 7a 65 	>0_o__initialize
  0xbac0	5f 77 69 64 65 5f 65 6e 76 69 72 6f 6e 6d 65 6e 	_wide_environmen
  0xbad0	74 00 3f 01 5f 6f 5f 5f 69 6e 76 61 6c 69 64 5f 	t0?0_o__invalid_
  0xbae0	70 61 72 61 6d 65 74 65 72 5f 6e 6f 69 6e 66 6f 	parameter_noinfo
  0xbaf0	00 00 40 01 5f 6f 5f 5f 69 6e 76 61 6c 69 64 5f 	00@0_o__invalid_
  0xbb00	70 61 72 61 6d 65 74 65 72 5f 6e 6f 69 6e 66 6f 	parameter_noinfo
  0xbb10	5f 6e 6f 72 65 74 75 72 6e 00 51 02 5f 6f 5f 5f 	_noreturn0Q0_o__
  0xbb20	72 65 67 69 73 74 65 72 5f 6f 6e 65 78 69 74 5f 	register_onexit_
  0xbb30	66 75 6e 63 74 69 6f 6e 00 00 5a 02 5f 6f 5f 5f 	function00Z0_o__
  0xbb40	73 65 68 5f 66 69 6c 74 65 72 5f 65 78 65 00 00 	seh_filter_exe00
  0xbb50	5c 02 5f 6f 5f 5f 73 65 74 5f 61 70 70 5f 74 79 	00_o__set_app_ty
  0xbb60	70 65 00 00 5f 02 5f 6f 5f 5f 73 65 74 5f 66 6d 	pe00_0_o__set_fm
  0xbb70	6f 64 65 00 62 02 5f 6f 5f 5f 73 65 74 5f 6e 65 	ode0b0_o__set_ne
  0xbb80	77 5f 6d 6f 64 65 00 00 6d 03 5f 6f 5f 65 78 69 	w_mode00m0_o_exi
  0xbb90	74 00 8c 03 5f 6f 5f 66 72 65 65 00 d7 03 5f 6f 	t000_o_free000_o
  0xbba0	5f 6d 61 6c 6c 6f 63 00 35 04 5f 6f 5f 74 65 72 	_malloc050_o_ter
  0xbbb0	6d 69 6e 61 74 65 00 00 0c 00 5f 5f 43 5f 73 70 	minate0000__C_sp
  0xbbc0	65 63 69 66 69 63 5f 68 61 6e 64 6c 65 72 00 00 	ecific_handler00
  0xbbd0	83 00 6d 65 6d 73 65 74 00 00 01 00 5f 43 78 78 	00memset0000_Cxx
  0xbbe0	54 68 72 6f 77 45 78 63 65 70 74 69 6f 6e 00 00 	ThrowException00
  0xbbf0	61 70 69 2d 6d 73 2d 77 69 6e 2d 63 72 74 2d 70 	api-ms-win-crt-p
  0xbc00	72 69 76 61 74 65 2d 6c 31 2d 31 2d 30 2e 64 6c 	rivate-l1-1-0.dl
  0xbc10	6c 00 61 70 69 2d 6d 73 2d 77 69 6e 2d 63 72 74 	l0api-ms-win-crt
  0xbc20	2d 73 74 72 69 6e 67 2d 6c 31 2d 31 2d 30 2e 64 	-string-l1-1-0.d
  0xbc30	6c 6c 00 00 31 01 4e 64 72 53 65 72 76 65 72 43 	ll0010NdrServerC
  0xbc40	61 6c 6c 32 00 00 32 01 4e 64 72 53 65 72 76 65 	all20020NdrServe
  0xbc50	72 43 61 6c 6c 41 6c 6c 00 00 8c 01 52 70 63 42 	rCallAll0000RpcB
  0xbc60	69 6e 64 69 6e 67 56 65 63 74 6f 72 46 72 65 65 	indingVectorFree
  0xbc70	00 00 f6 01 52 70 63 53 65 72 76 65 72 55 73 65 	0000RpcServerUse
  0xbc80	50 72 6f 74 73 65 71 57 00 00 e0 01 52 70 63 53 	ProtseqW0000RpcS
  0xbc90	65 72 76 65 72 52 65 67 69 73 74 65 72 49 66 33 	erverRegisterIf3
  0xbca0	00 00 ce 01 52 70 63 53 65 72 76 65 72 49 6e 71 	0000RpcServerInq
  0xbcb0	42 69 6e 64 69 6e 67 73 00 00 95 01 52 70 63 45 	Bindings0000RpcE
  0xbcc0	70 52 65 67 69 73 74 65 72 57 00 00 dd 01 52 70 	pRegisterW0000Rp
  0xbcd0	63 53 65 72 76 65 72 52 65 67 69 73 74 65 72 41 	cServerRegisterA
  0xbce0	75 74 68 49 6e 66 6f 57 00 00 db 01 52 70 63 53 	uthInfoW0000RpcS
  0xbcf0	65 72 76 65 72 4c 69 73 74 65 6e 00 e5 01 52 70 	erverListen000Rp
  0xbd00	63 53 65 72 76 65 72 55 6e 72 65 67 69 73 74 65 	cServerUnregiste
  0xbd10	72 49 66 45 78 00 52 50 43 52 54 34 2e 64 6c 6c 	rIfEx0RPCRT4.dll
  0xbd20	00 00 09 00 46 6f 72 6d 61 74 4d 65 73 73 61 67 	0000FormatMessag
  0xbd30	65 57 00 00 11 00 47 65 74 43 75 72 72 65 6e 74 	eW0000GetCurrent
  0xbd40	54 68 72 65 61 64 49 64 00 00 02 00 48 65 61 70 	ThreadId0000Heap
  0xbd50	41 6c 6c 6f 63 00 00 00 47 65 74 50 72 6f 63 65 	Alloc000GetProce
  0xbd60	73 73 48 65 61 70 00 00 06 00 48 65 61 70 46 72 	ssHeap0000HeapFr
  0xbd70	65 65 00 00 05 00 49 73 44 65 62 75 67 67 65 72 	ee0000IsDebugger
  0xbd80	50 72 65 73 65 6e 74 00 07 00 4f 75 74 70 75 74 	Present000Output
  0xbd90	44 65 62 75 67 53 74 72 69 6e 67 57 00 00 05 00 	DebugStringW0000
  0xbda0	45 76 65 6e 74 55 6e 72 65 67 69 73 74 65 72 00 	EventUnregister0
  0xbdb0	03 00 45 76 65 6e 74 52 65 67 69 73 74 65 72 00 	00EventRegister0
  0xbdc0	04 00 45 76 65 6e 74 53 65 74 49 6e 66 6f 72 6d 	00EventSetInform
  0xbdd0	61 74 69 6f 6e 00 09 00 45 76 65 6e 74 57 72 69 	ation000EventWri
  0xbde0	74 65 54 72 61 6e 73 66 65 72 00 00 13 00 49 6e 	teTransfer0000In
  0xbdf0	69 74 4f 6e 63 65 42 65 67 69 6e 49 6e 69 74 69 	itOnceBeginIniti
  0xbe00	61 6c 69 7a 65 00 14 00 49 6e 69 74 4f 6e 63 65 	alize000InitOnce
  0xbe10	43 6f 6d 70 6c 65 74 65 00 00 05 00 47 65 74 4c 	Complete0000GetL
  0xbe20	61 73 74 45 72 72 6f 72 00 00 02 00 43 6f 6e 76 	astError0000Conv
  0xbe30	65 72 74 53 74 72 69 6e 67 53 65 63 75 72 69 74 	ertStringSecurit
  0xbe40	79 44 65 73 63 72 69 70 74 6f 72 54 6f 53 65 63 	yDescriptorToSec
  0xbe50	75 72 69 74 79 44 65 73 63 72 69 70 74 6f 72 57 	urityDescriptorW
  0xbe60	00 00 0a 00 4c 6f 63 61 6c 46 72 65 65 00 f3 02 	0000LocalFree000
  0xbe70	52 74 6c 43 61 70 74 75 72 65 43 6f 6e 74 65 78 	RtlCaptureContex
  0xbe80	74 00 e9 04 52 74 6c 4c 6f 6f 6b 75 70 46 75 6e 	t000RtlLookupFun
  0xbe90	63 74 69 6f 6e 45 6e 74 72 79 00 00 28 06 52 74 	ctionEntry00(0Rt
  0xbea0	6c 56 69 72 74 75 61 6c 55 6e 77 69 6e 64 00 00 	lVirtualUnwind00
  0xbeb0	11 00 55 6e 68 61 6e 64 6c 65 64 45 78 63 65 70 	00UnhandledExcep
  0xbec0	74 69 6f 6e 46 69 6c 74 65 72 00 00 0f 00 53 65 	tionFilter0000Se
  0xbed0	74 55 6e 68 61 6e 64 6c 65 64 45 78 63 65 70 74 	tUnhandledExcept
  0xbee0	69 6f 6e 46 69 6c 74 65 72 00 0c 00 47 65 74 43 	ionFilter000GetC
  0xbef0	75 72 72 65 6e 74 50 72 6f 63 65 73 73 00 4e 00 	urrentProcess0N0
  0xbf00	54 65 72 6d 69 6e 61 74 65 50 72 6f 63 65 73 73 	TerminateProcess
  0xbf10	00 00 2f 00 49 73 50 72 6f 63 65 73 73 6f 72 46 	00/0IsProcessorF
  0xbf20	65 61 74 75 72 65 50 72 65 73 65 6e 74 00 00 00 	eaturePresent000
  0xbf30	51 75 65 72 79 50 65 72 66 6f 72 6d 61 6e 63 65 	QueryPerformance
  0xbf40	43 6f 75 6e 74 65 72 00 0d 00 47 65 74 43 75 72 	Counter000GetCur
  0xbf50	72 65 6e 74 50 72 6f 63 65 73 73 49 64 00 16 00 	rentProcessId000
  0xbf60	47 65 74 53 79 73 74 65 6d 54 69 6d 65 41 73 46 	GetSystemTimeAsF
  0xbf70	69 6c 65 54 69 6d 65 00 00 00 49 6e 69 74 69 61 	ileTime000Initia
  0xbf80	6c 69 7a 65 53 4c 69 73 74 48 65 61 64 00 14 00 	lizeSListHead000
  0xbf90	47 65 74 4d 6f 64 75 6c 65 48 61 6e 64 6c 65 57 	GetModuleHandleW
  0xbfa0	00 00 2b 00 57 69 6e 48 74 74 70 51 75 65 72 79 	00+0WinHttpQuery
  0xbfb0	44 61 74 61 41 76 61 69 6c 61 62 6c 65 00 2e 00 	DataAvailable0.0
  0xbfc0	57 69 6e 48 74 74 70 52 65 61 64 44 61 74 61 00 	WinHttpReadData0
  0xbfd0	2c 00 57 69 6e 48 74 74 70 51 75 65 72 79 48 65 	,0WinHttpQueryHe
  0xbfe0	61 64 65 72 73 00 08 00 4c 6f 63 61 6c 41 6c 6c 	aders000LocalAll
  0xbff0	6f 63 00 00 26 00 57 69 6e 48 74 74 70 4f 70 65 	oc00&0WinHttpOpe
  0xc000	6e 00 09 00 57 69 6e 48 74 74 70 43 6f 6e 6e 65 	n000WinHttpConne
  0xc010	63 74 00 00 27 00 57 69 6e 48 74 74 70 4f 70 65 	ct00'0WinHttpOpe
  0xc020	6e 52 65 71 75 65 73 74 00 00 34 00 57 69 6e 48 	nRequest0040WinH
  0xc030	74 74 70 53 65 6e 64 52 65 71 75 65 73 74 00 00 	ttpSendRequest00
  0xc040	31 00 57 69 6e 48 74 74 70 52 65 63 65 69 76 65 	10WinHttpReceive
  0xc050	52 65 73 70 6f 6e 73 65 00 00 0d 00 53 65 74 4c 	Response0000SetL
  0xc060	61 73 74 45 72 72 6f 72 00 00 08 00 57 69 6e 48 	astError0000WinH
  0xc070	74 74 70 43 6c 6f 73 65 48 61 6e 64 6c 65 00 00 	ttpCloseHandle00
  0xc080	0f 00 47 65 74 4d 6f 64 75 6c 65 46 69 6c 65 4e 	00GetModuleFileN
  0xc090	61 6d 65 41 00 00 0b 00 43 72 65 61 74 65 53 65 	ameA0000CreateSe
  0xc0a0	6d 61 70 68 6f 72 65 45 78 57 00 00 26 00 52 65 	maphoreExW00&0Re
  0xc0b0	6c 65 61 73 65 53 65 6d 61 70 68 6f 72 65 00 00 	leaseSemaphore00
  0xc0c0	13 00 47 65 74 4d 6f 64 75 6c 65 48 61 6e 64 6c 	00GetModuleHandl
  0xc0d0	65 45 78 57 00 00 36 00 57 61 69 74 46 6f 72 53 	eExW0060WaitForS
  0xc0e0	69 6e 67 6c 65 4f 62 6a 65 63 74 00 23 00 52 65 	ingleObject0#0Re
  0xc0f0	6c 65 61 73 65 4d 75 74 65 78 00 00 37 00 57 61 	leaseMutex0070Wa
  0xc100	69 74 46 6f 72 53 69 6e 67 6c 65 4f 62 6a 65 63 	itForSingleObjec
  0xc110	74 45 78 00 21 00 4f 70 65 6e 53 65 6d 61 70 68 	tEx0!0OpenSemaph
  0xc120	6f 72 65 57 00 00 00 00 43 6c 6f 73 65 48 61 6e 	oreW0000CloseHan
  0xc130	64 6c 65 00 15 00 47 65 74 50 72 6f 63 41 64 64 	dle000GetProcAdd
  0xc140	72 65 73 73 00 00 09 00 43 72 65 61 74 65 4d 75 	ress0000CreateMu
  0xc150	74 65 78 45 78 57 00 00 04 00 44 65 62 75 67 42 	texExW0000DebugB
  0xc160	72 65 61 6b 00 00 61 70 69 2d 6d 73 2d 77 69 6e 	reak00api-ms-win
  0xc170	2d 63 6f 72 65 2d 6c 6f 63 61 6c 69 7a 61 74 69 	-core-localizati
  0xc180	6f 6e 2d 6c 31 2d 32 2d 30 2e 64 6c 6c 00 61 70 	on-l1-2-0.dll0ap
  0xc190	69 2d 6d 73 2d 77 69 6e 2d 63 6f 72 65 2d 70 72 	i-ms-win-core-pr
  0xc1a0	6f 63 65 73 73 74 68 72 65 61 64 73 2d 6c 31 2d 	ocessthreads-l1-
  0xc1b0	31 2d 30 2e 64 6c 6c 00 61 70 69 2d 6d 73 2d 77 	1-0.dll0api-ms-w
  0xc1c0	69 6e 2d 63 6f 72 65 2d 68 65 61 70 2d 6c 31 2d 	in-core-heap-l1-
  0xc1d0	31 2d 30 2e 64 6c 6c 00 61 70 69 2d 6d 73 2d 77 	1-0.dll0api-ms-w
  0xc1e0	69 6e 2d 63 6f 72 65 2d 64 65 62 75 67 2d 6c 31 	in-core-debug-l1
  0xc1f0	2d 31 2d 30 2e 64 6c 6c 00 00 61 70 69 2d 6d 73 	-1-0.dll00api-ms
  0xc200	2d 77 69 6e 2d 65 76 65 6e 74 69 6e 67 2d 70 72 	-win-eventing-pr
  0xc210	6f 76 69 64 65 72 2d 6c 31 2d 31 2d 30 2e 64 6c 	ovider-l1-1-0.dl
  0xc220	6c 00 61 70 69 2d 6d 73 2d 77 69 6e 2d 63 6f 72 	l0api-ms-win-cor
  0xc230	65 2d 73 79 6e 63 68 2d 6c 31 2d 32 2d 30 2e 64 	e-synch-l1-2-0.d
  0xc240	6c 6c 00 00 61 70 69 2d 6d 73 2d 77 69 6e 2d 63 	ll00api-ms-win-c
  0xc250	6f 72 65 2d 65 72 72 6f 72 68 61 6e 64 6c 69 6e 	ore-errorhandlin
  0xc260	67 2d 6c 31 2d 31 2d 30 2e 64 6c 6c 00 00 61 70 	g-l1-1-0.dll00ap
  0xc270	69 2d 6d 73 2d 77 69 6e 2d 73 65 63 75 72 69 74 	i-ms-win-securit
  0xc280	79 2d 73 64 64 6c 2d 6c 31 2d 31 2d 30 2e 64 6c 	y-sddl-l1-1-0.dl
  0xc290	6c 00 61 70 69 2d 6d 73 2d 77 69 6e 2d 63 6f 72 	l0api-ms-win-cor
  0xc2a0	65 2d 68 65 61 70 2d 6c 32 2d 31 2d 30 2e 64 6c 	e-heap-l2-1-0.dl
  0xc2b0	6c 00 61 70 69 2d 6d 73 2d 77 69 6e 2d 63 6f 72 	l0api-ms-win-cor
  0xc2c0	65 2d 72 74 6c 73 75 70 70 6f 72 74 2d 6c 31 2d 	e-rtlsupport-l1-
  0xc2d0	31 2d 30 2e 64 6c 6c 00 61 70 69 2d 6d 73 2d 77 	1-0.dll0api-ms-w
  0xc2e0	69 6e 2d 63 6f 72 65 2d 70 72 6f 63 65 73 73 74 	in-core-processt
  0xc2f0	68 72 65 61 64 73 2d 6c 31 2d 31 2d 31 2e 64 6c 	hreads-l1-1-1.dl
  0xc300	6c 00 61 70 69 2d 6d 73 2d 77 69 6e 2d 63 6f 72 	l0api-ms-win-cor
  0xc310	65 2d 70 72 6f 66 69 6c 65 2d 6c 31 2d 31 2d 30 	e-profile-l1-1-0
  0xc320	2e 64 6c 6c 00 00 61 70 69 2d 6d 73 2d 77 69 6e 	.dll00api-ms-win
  0xc330	2d 63 6f 72 65 2d 73 79 73 69 6e 66 6f 2d 6c 31 	-core-sysinfo-l1
  0xc340	2d 31 2d 30 2e 64 6c 6c 00 00 61 70 69 2d 6d 73 	-1-0.dll00api-ms
  0xc350	2d 77 69 6e 2d 63 6f 72 65 2d 69 6e 74 65 72 6c 	-win-core-interl
  0xc360	6f 63 6b 65 64 2d 6c 31 2d 31 2d 30 2e 64 6c 6c 	ocked-l1-1-0.dll
  0xc370	00 00 61 70 69 2d 6d 73 2d 77 69 6e 2d 63 6f 72 	00api-ms-win-cor
  0xc380	65 2d 6c 69 62 72 61 72 79 6c 6f 61 64 65 72 2d 	e-libraryloader-
  0xc390	6c 31 2d 32 2d 30 2e 64 6c 6c 00 00 57 49 4e 48 	l1-2-0.dll00WINH
  0xc3a0	54 54 50 2e 64 6c 6c 00 61 70 69 2d 6d 73 2d 77 	TTP.dll0api-ms-w
  0xc3b0	69 6e 2d 63 6f 72 65 2d 73 79 6e 63 68 2d 6c 31 	in-core-synch-l1
  0xc3c0	2d 31 2d 30 2e 64 6c 6c 00 00 61 70 69 2d 6d 73 	-1-0.dll00api-ms
  0xc3d0	2d 77 69 6e 2d 63 6f 72 65 2d 68 61 6e 64 6c 65 	-win-core-handle
  0xc3e0	2d 6c 31 2d 31 2d 30 2e 64 6c 6c 00 9e 00 77 63 	-l1-1-0.dll000wc
  0xc3f0	73 63 6d 70 00 00 62 04 6d 65 6d 63 70 79 00 00 	scmp00b0memcpy00
  0xc400	63 04 6d 65 6d 6d 6f 76 65 00 00 00 00 00 00 00 	c0memmove0000000
  0xc410	00 00 00 00 00 00 00 00 00 00 00 00 00 00 00 00 	0000000000000000
  0xc420	00 00 00 00 00 00 00 00 00 00 00 00 00 00 00 00 	0000000000000000
  0xc430	00 00 00 00 00 00 00 00 00 00 00 00 00 00 00 00 	0000000000000000
  0xc440	00 00 00 00 00 00 00 00 00 00 00 00 00 00 00 00 	0000000000000000
  0xc450	00 00 00 00 00 00 00 00 00 00 00 00 00 00 00 00 	0000000000000000
  0xc460	00 00 00 00 00 00 00 00 00 00 00 00 00 00 00 00 	0000000000000000
  0xc470	00 00 00 00 00 00 00 00 00 00 00 00 00 00 00 00 	0000000000000000
  0xc480	00 00 00 00 00 00 00 00 00 00 00 00 00 00 00 00 	0000000000000000
  0xc490	00 00 00 00 00 00 00 00 00 00 00 00 00 00 00 00 	0000000000000000
  0xc4a0	00 00 00 00 00 00 00 00 00 00 00 00 00 00 00 00 	0000000000000000
  0xc4b0	00 00 00 00 00 00 00 00 00 00 00 00 00 00 00 00 	0000000000000000
  0xc4c0	00 00 00 00 00 00 00 00 00 00 00 00 00 00 00 00 	0000000000000000
  0xc4d0	00 00 00 00 00 00 00 00 00 00 00 00 00 00 00 00 	0000000000000000
  0xc4e0	00 00 00 00 00 00 00 00 00 00 00 00 00 00 00 00 	0000000000000000
  0xc4f0	00 00 00 00 00 00 00 00 00 00 00 00 00 00 00 00 	0000000000000000
  0xc500	00 00 00 00 00 00 00 00 00 00 00 00 00 00 00 00 	0000000000000000
  0xc510	00 00 00 00 00 00 00 00 00 00 00 00 00 00 00 00 	0000000000000000
  0xc520	00 00 00 00 00 00 00 00 00 00 00 00 00 00 00 00 	0000000000000000
  0xc530	00 00 00 00 00 00 00 00 00 00 00 00 00 00 00 00 	0000000000000000
  0xc540	00 00 00 00 00 00 00 00 00 00 00 00 00 00 00 00 	0000000000000000
  0xc550	00 00 00 00 00 00 00 00 00 00 00 00 00 00 00 00 	0000000000000000
  0xc560	00 00 00 00 00 00 00 00 00 00 00 00 00 00 00 00 	0000000000000000
  0xc570	00 00 00 00 00 00 00 00 00 00 00 00 00 00 00 00 	0000000000000000
  0xc580	00 00 00 00 00 00 00 00 00 00 00 00 00 00 00 00 	0000000000000000
  0xc590	00 00 00 00 00 00 00 00 00 00 00 00 00 00 00 00 	0000000000000000
  0xc5a0	00 00 00 00 00 00 00 00 00 00 00 00 00 00 00 00 	0000000000000000
  0xc5b0	00 00 00 00 00 00 00 00 00 00 00 00 00 00 00 00 	0000000000000000
  0xc5c0	00 00 00 00 00 00 00 00 00 00 00 00 00 00 00 00 	0000000000000000
  0xc5d0	00 00 00 00 00 00 00 00 00 00 00 00 00 00 00 00 	0000000000000000
  0xc5e0	00 00 00 00 00 00 00 00 00 00 00 00 00 00 00 00 	0000000000000000
  0xc5f0	00 00 00 00 00 00 00 00 00 00 00 00 00 00 00 00 	0000000000000000
=== DATA BLOCK END ===

=== DATA BLOCK ADDRESS 0xd000 ===
  0xd000	00 00 00 00 00 00 00 00 b6 a6 00 40 01 00 00 00 	00000000000@0000
  0xd010	00 00 00 00 00 00 00 00 00 00 00 00 00 00 00 00 	0000000000000000
  0xd020	00 00 00 00 00 00 00 00 00 00 00 00 00 00 00 00 	0000000000000000
  0xd030	00 00 00 00 00 00 00 00 20 a1 00 40 01 00 00 00 	00000000 00@0000
  0xd040	00 00 00 00 00 00 00 00 18 90 00 40 01 00 00 00 	00000000000@0000
  0xd050	00 00 00 00 00 00 00 00 2e 3f 41 56 74 79 70 65 	00000000.?AVtype
  0xd060	5f 69 6e 66 6f 40 40 00 18 90 00 40 01 00 00 00 	_info@@0000@0000
  0xd070	00 00 00 00 00 00 00 00 2e 3f 41 56 62 61 64 5f 	00000000.?AVbad_
  0xd080	61 72 72 61 79 5f 6e 65 77 5f 6c 65 6e 67 74 68 	array_new_length
  0xd090	40 73 74 64 40 40 00 00 18 90 00 40 01 00 00 00 	@std@@00000@0000
  0xd0a0	00 00 00 00 00 00 00 00 2e 3f 41 56 62 61 64 5f 	00000000.?AVbad_
  0xd0b0	61 6c 6c 6f 63 40 73 74 64 40 40 00 00 00 00 00 	alloc@std@@00000
  0xd0c0	18 90 00 40 01 00 00 00 00 00 00 00 00 00 00 00 	000@000000000000
  0xd0d0	2e 3f 41 56 52 65 73 75 6c 74 45 78 63 65 70 74 	.?AVResultExcept
  0xd0e0	69 6f 6e 40 77 69 6c 40 40 00 00 00 00 00 00 00 	ion@wil@@0000000
  0xd0f0	18 90 00 40 01 00 00 00 00 00 00 00 00 00 00 00 	000@000000000000
  0xd100	2e 3f 41 56 65 78 63 65 70 74 69 6f 6e 40 73 74 	.?AVexception@st
  0xd110	64 40 40 00 00 00 00 00 00 00 00 00 00 00 00 00 	d@@0000000000000
  0xd120	32 a2 df 2d 99 2b 00 00 cd 5d 20 d2 66 d4 ff ff 	200-0+000] 0f000
  0xd130	01 00 00 00 02 00 00 00 2f 20 00 00 00 00 00 00 	00000000/ 000000
  0xd140	01 00 00 00 ff ff ff ff 01 00 00 00 01 01 01 00 	0000000000000000
  0xd150	00 00 00 00 00 00 00 00 00 00 00 00 00 00 00 00 	0000000000000000
  0xd160	00 00 00 00 00 00 00 00 00 00 00 00 00 00 00 00 	0000000000000000
  0xd170	00 00 00 00 00 00 00 00 00 00 00 00 00 00 00 00 	0000000000000000
  0xd180	00 00 00 00 00 00 00 00 00 00 00 00 00 00 00 00 	0000000000000000
  0xd190	00 00 00 00 00 00 00 00 00 00 00 00 00 00 00 00 	0000000000000000
  0xd1a0	00 00 00 00 00 00 00 00 00 00 00 00 00 00 00 00 	0000000000000000
  0xd1b0	00 00 00 00 00 00 00 00 00 00 00 00 00 00 00 00 	0000000000000000
  0xd1c0	00 00 00 00 00 00 00 00 00 00 00 00 00 00 00 00 	0000000000000000
  0xd1d0	00 00 00 00 00 00 00 00 00 00 00 00 00 00 00 00 	0000000000000000
  0xd1e0	00 00 00 00 00 00 00 00 00 00 00 00 00 00 00 00 	0000000000000000
  0xd1f0	00 00 00 00 00 00 00 00 00 00 00 00 00 00 00 00 	0000000000000000
=== DATA BLOCK END ===

=== DATA BLOCK ADDRESS 0xe000 ===
  0xe000	10 10 00 00 89 10 00 00 f8 ac 00 00 90 10 00 00 	0000000000000000
  0xe010	25 11 00 00 f0 ac 00 00 2c 11 00 00 db 13 00 00 	%0000000,0000000
  0xe020	48 ad 00 00 e4 13 00 00 e8 16 00 00 68 ad 00 00 	H00000000000h000
  0xe030	f0 16 00 00 d1 17 00 00 38 ae 00 00 30 19 00 00 	0000000080000000
  0xe040	a7 19 00 00 18 ab 00 00 b0 19 00 00 e3 19 00 00 	0000000000000000
  0xe050	28 ab 00 00 10 1a 00 00 53 1a 00 00 30 ab 00 00 	(0000000S0000000
  0xe060	5c 1a 00 00 da 1a 00 00 3c ab 00 00 e0 1a 00 00 	00000000<0000000
  0xe070	44 1d 00 00 48 ab 00 00 4c 1d 00 00 4d 1e 00 00 	D000H000L000M000
  0xe080	68 ab 00 00 d4 1e 00 00 f9 1e 00 00 7c ab 00 00 	h00000000000|000
  0xe090	00 1f 00 00 7a 1f 00 00 84 ab 00 00 80 1f 00 00 	0000z00000000000
  0xe0a0	a2 24 00 00 90 ab 00 00 a8 24 00 00 f5 24 00 00 	0$0000000$000$00
  0xe0b0	28 ab 00 00 00 25 00 00 b1 25 00 00 ac ab 00 00 	(0000%000%000000
  0xe0c0	c0 25 00 00 f5 25 00 00 30 ab 00 00 fc 25 00 00 	0%000%0000000%00
  0xe0d0	b5 26 00 00 28 ab 00 00 bc 26 00 00 d8 26 00 00 	0&00(0000&000&00
  0xe0e0	7c ab 00 00 e0 26 00 00 fc 26 00 00 7c ab 00 00 	|0000&000&00|000
  0xe0f0	04 27 00 00 48 27 00 00 c0 ab 00 00 50 27 00 00 	0'00H'000000P'00
  0xe100	5e 27 00 00 7c ab 00 00 70 27 00 00 96 27 00 00 	^'00|000p'000'00
  0xe110	18 ac 00 00 9c 27 00 00 a0 28 00 00 30 ab 00 00 	00000'000(000000
  0xe120	b0 28 00 00 5f 29 00 00 20 ac 00 00 68 29 00 00 	0(00_)00 000h)00
  0xe130	1c 2c 00 00 b0 ac 00 00 24 2c 00 00 b8 2c 00 00 	0,000000$,000,00
  0xe140	c8 ac 00 00 c0 2c 00 00 f3 2d 00 00 d4 ac 00 00 	00000,000-000000
  0xe150	fc 2d 00 00 46 2e 00 00 e8 ac 00 00 4c 2e 00 00 	0-00F.000000L.00
  0xe160	7b 2e 00 00 f0 ac 00 00 b0 2e 00 00 de 2e 00 00 	{.0000000.000.00
  0xe170	7c ab 00 00 e4 2e 00 00 2d 30 00 00 00 ad 00 00 	|0000.00-0000000
  0xe180	34 30 00 00 90 31 00 00 0c ad 00 00 a0 31 00 00 	4000010000000100
  0xe190	d4 31 00 00 7c ab 00 00 e0 31 00 00 3c 32 00 00 	0100|0000100<200
  0xe1a0	30 ab 00 00 50 32 00 00 86 32 00 00 30 ab 00 00 	0000P20002000000
  0xe1b0	8c 32 00 00 19 33 00 00 18 ad 00 00 20 33 00 00 	020003000000 300
  0xe1c0	6b 33 00 00 7c ab 00 00 80 33 00 00 dc 33 00 00 	k300|00003000300
  0xe1d0	30 ab 00 00 e4 33 00 00 75 34 00 00 20 ad 00 00 	00000300u400 000
  0xe1e0	7c 34 00 00 65 35 00 00 2c ad 00 00 6c 35 00 00 	|400e500,000l500
  0xe1f0	ed 35 00 00 68 ab 00 00 f4 35 00 00 8a 36 00 00 	0500h00005000600
  0xe200	88 ad 00 00 90 36 00 00 8c 38 00 00 98 ad 00 00 	0000060008000000
  0xe210	a0 38 00 00 0e 3a 00 00 c0 ad 00 00 14 3a 00 00 	08000:0000000:00
  0xe220	ca 3b 00 00 cc ad 00 00 d0 3b 00 00 30 3c 00 00 	0;0000000;000<00
  0xe230	28 ab 00 00 38 3c 00 00 7c 3c 00 00 7c ab 00 00 	(0008<00|<00|000
  0xe240	84 3c 00 00 c6 3d 00 00 e8 ad 00 00 cc 3d 00 00 	0<000=0000000=00
  0xe250	e4 3d 00 00 7c ab 00 00 ec 3d 00 00 97 3e 00 00 	0=00|0000=000>00
  0xe260	28 ae 00 00 a0 3e 00 00 49 40 00 00 4c ae 00 00 	(0000>00I@00L000
  0xe270	50 40 00 00 a8 41 00 00 88 ae 00 00 b0 41 00 00 	P@000A0000000A00
  0xe280	db 49 00 00 98 ae 00 00 e4 49 00 00 03 4a 00 00 	0I0000000I000J00
  0xe290	0c af 00 00 0c 4a 00 00 75 4a 00 00 28 ab 00 00 	00000J00uJ00(000
  0xe2a0	7c 4a 00 00 db 4b 00 00 24 af 00 00 e4 4b 00 00 	|J000K00$0000K00
  0xe2b0	89 4d 00 00 40 af 00 00 90 4d 00 00 a8 4d 00 00 	0M00@0000M000M00
  0xe2c0	7c ab 00 00 b0 4d 00 00 ca 4e 00 00 5c af 00 00 	|0000M000N000000
  0xe2d0	d0 4e 00 00 e9 4e 00 00 f0 ac 00 00 f0 4e 00 00 	0N000N0000000N00
  0xe2e0	b7 4f 00 00 7c af 00 00 c0 4f 00 00 d9 4f 00 00 	0O00|0000O000O00
  0xe2f0	f0 ac 00 00 80 50 00 00 ba 51 00 00 94 af 00 00 	00000P000Q000000
  0xe300	c0 51 00 00 fd 51 00 00 7c ab 00 00 30 52 00 00 	0Q000Q00|0000R00
  0xe310	96 52 00 00 88 ad 00 00 9c 52 00 00 f9 52 00 00 	0R0000000R000R00
  0xe320	f0 ac 00 00 00 53 00 00 c3 53 00 00 b0 af 00 00 	00000S000S000000
  0xe330	cc 53 00 00 e5 53 00 00 f0 ac 00 00 ec 53 00 00 	0S000S0000000S00
  0xe340	2a 54 00 00 f0 ac 00 00 30 54 00 00 5a 54 00 00 	*T0000000T00ZT00
  0xe350	7c ab 00 00 60 54 00 00 8a 54 00 00 7c ab 00 00 	|000`T000T00|000
  0xe360	90 54 00 00 a8 54 00 00 0c af 00 00 b0 54 00 00 	0T000T0000000T00
  0xe370	b9 56 00 00 c4 af 00 00 c0 56 00 00 40 58 00 00 	0V0000000V00@X00
  0xe380	e8 af 00 00 48 58 00 00 37 5a 00 00 f4 af 00 00 	0000HX007Z000000
  0xe390	40 5a 00 00 93 5c 00 00 40 af 00 00 9c 5c 00 00 	@Z000000@0000000
  0xe3a0	46 5d 00 00 68 ab 00 00 4c 5d 00 00 a3 5e 00 00 	F]00h000L]000^00
  0xe3b0	24 af 00 00 ac 5e 00 00 71 5f 00 00 30 ab 00 00 	$0000^00q_000000
  0xe3c0	78 5f 00 00 c8 60 00 00 68 ab 00 00 d0 60 00 00 	x_000`00h0000`00
  0xe3d0	27 62 00 00 18 b0 00 00 30 62 00 00 9d 62 00 00 	'b0000000b000b00
  0xe3e0	28 ab 00 00 b0 62 00 00 3c 63 00 00 88 ad 00 00 	(0000b00<c000000
  0xe3f0	44 63 00 00 a2 66 00 00 30 b0 00 00 a8 66 00 00 	Dc000f0000000f00
  0xe400	a2 68 00 00 74 b0 00 00 a8 68 00 00 c0 68 00 00 	0h00t0000h000h00
  0xe410	0c af 00 00 f0 68 00 00 0b 69 00 00 7c ab 00 00 	00000h000i00|000
  0xe420	20 69 00 00 34 69 00 00 7c ab 00 00 50 69 00 00 	 i004i00|000Pi00
  0xe430	6d 69 00 00 7c ab 00 00 90 69 00 00 ad 69 00 00 	mi00|0000i000i00
  0xe440	7c ab 00 00 c0 69 00 00 61 6a 00 00 28 ab 00 00 	|0000i00aj00(000
  0xe450	70 6a 00 00 80 6a 00 00 7c ab 00 00 90 6a 00 00 	pj000j00|0000j00
  0xe460	a9 6a 00 00 7c ab 00 00 b0 6a 00 00 2c 6c 00 00 	0j00|0000j00,l00
  0xe470	88 b0 00 00 40 6c 00 00 52 6c 00 00 7c ab 00 00 	0000@l00Rl00|000
  0xe480	70 6c 00 00 91 6c 00 00 c8 b0 00 00 a4 6c 00 00 	pl000l0000000l00
  0xe490	01 6d 00 00 28 ab 00 00 10 6d 00 00 e2 6d 00 00 	0m00(0000m000m00
  0xe4a0	cc b0 00 00 e8 6d 00 00 59 6e 00 00 d4 b0 00 00 	00000m00Yn000000
  0xe4b0	60 6e 00 00 86 6e 00 00 28 ab 00 00 8c 6e 00 00 	`n000n00(0000n00
  0xe4c0	c5 6e 00 00 7c ab 00 00 cc 6e 00 00 15 6f 00 00 	0n00|0000n000o00
  0xe4d0	28 ab 00 00 1c 6f 00 00 cc 6f 00 00 28 ab 00 00 	(0000o000o00(000
  0xe4e0	d4 6f 00 00 6c 70 00 00 e0 b0 00 00 74 70 00 00 	0o00lp000000tp00
  0xe4f0	98 70 00 00 28 ab 00 00 a0 70 00 00 c9 70 00 00 	0p00(0000p000p00
  0xe500	28 ab 00 00 d0 70 00 00 1f 71 00 00 28 ab 00 00 	(0000p000q00(000
  0xe510	28 71 00 00 3f 71 00 00 7c ab 00 00 48 71 00 00 	(q00?q00|000Hq00
  0xe520	84 71 00 00 28 ab 00 00 8c 71 00 00 38 72 00 00 	0q00(0000q008r00
  0xe530	08 b1 00 00 9c 72 00 00 b7 72 00 00 7c ab 00 00 	00000r000r00|000
  0xe540	f0 72 00 00 3b 74 00 00 14 b1 00 00 50 74 00 00 	0r00;t000000Pt00
  0xe550	a2 74 00 00 7c ab 00 00 c0 74 00 00 f8 74 00 00 	0t00|0000t000t00
  0xe560	7c ab 00 00 00 75 00 00 3c 75 00 00 30 ab 00 00 	|0000u00<u000000
  0xe570	50 75 00 00 8c 75 00 00 30 ab 00 00 a0 75 00 00 	Pu000u0000000u00
  0xe580	1b 77 00 00 24 b1 00 00 38 77 00 00 74 77 00 00 	0w00$0008w00tw00
  0xe590	28 ab 00 00 a0 77 00 00 dc 77 00 00 28 ab 00 00 	(0000w000w00(000
  0xe5a0	30 78 00 00 6d 78 00 00 30 ab 00 00 74 78 00 00 	0x00mx000000tx00
  0xe5b0	94 78 00 00 f0 ac 00 00 9c 78 00 00 bc 78 00 00 	0x0000000x000x00
  0xe5c0	f0 ac 00 00 60 7a 00 00 c2 7a 00 00 3c b1 00 00 	0000`z000z00<000
  0xe5d0	c8 7a 00 00 30 7b 00 00 50 b1 00 00 38 7b 00 00 	0z000{00P0008{00
  0xe5e0	55 7b 00 00 7c ab 00 00 5c 7b 00 00 b7 7b 00 00 	U{00|0000{000{00
  0xe5f0	64 b1 00 00 c0 7b 00 00 3f 7c 00 00 18 b0 00 00 	d0000{00?|000000
  0xe600	50 7c 00 00 a1 7c 00 00 70 b1 00 00 e0 7c 00 00 	P|000|00p0000|00
  0xe610	e2 7c 00 00 38 b1 00 00 e8 7c 00 00 48 7d 00 00 	0|0080000|00H}00
  0xe620	04 ac 00 00 4e 7d 00 00 6c 7d 00 00 10 ac 00 00 	0000N}00l}000000
  0xe630	72 7d 00 00 c4 7d 00 00 04 ac 00 00 ca 7d 00 00 	r}000}0000000}00
  0xe640	1b 7e 00 00 04 ac 00 00 21 7e 00 00 5f 7e 00 00 	0~000000!~00_~00
  0xe650	10 ac 00 00 65 7e 00 00 b7 7e 00 00 04 ac 00 00 	0000e~000~000000
  0xe660	bd 7e 00 00 0e 7f 00 00 04 ac 00 00 14 7f 00 00 	0~00000000000000
  0xe670	65 7f 00 00 04 ac 00 00 7d 7f 00 00 a1 7f 00 00 	e0000000}0000000
  0xe680	10 ac 00 00 a7 7f 00 00 d6 7f 00 00 10 ac 00 00 	0000000000000000
  0xe690	24 80 00 00 56 80 00 00 04 af 00 00 80 80 00 00 	$000V00000000000
  0xe6a0	9e 80 00 00 c0 b0 00 00 a4 80 00 00 bc 80 00 00 	0000000000000000
  0xe6b0	00 b1 00 00 d0 80 00 00 eb 80 00 00 7c ab 00 00 	000000000000|000
  0xe6c0	00 81 00 00 6b 81 00 00 88 ad 00 00 00 00 00 00 	0000k00000000000
  0xe6d0	00 00 00 00 00 00 00 00 00 00 00 00 00 00 00 00 	0000000000000000
  0xe6e0	00 00 00 00 00 00 00 00 00 00 00 00 00 00 00 00 	0000000000000000
  0xe6f0	00 00 00 00 00 00 00 00 00 00 00 00 00 00 00 00 	0000000000000000
  0xe700	00 00 00 00 00 00 00 00 00 00 00 00 00 00 00 00 	0000000000000000
  0xe710	00 00 00 00 00 00 00 00 00 00 00 00 00 00 00 00 	0000000000000000
  0xe720	00 00 00 00 00 00 00 00 00 00 00 00 00 00 00 00 	0000000000000000
  0xe730	00 00 00 00 00 00 00 00 00 00 00 00 00 00 00 00 	0000000000000000
  0xe740	00 00 00 00 00 00 00 00 00 00 00 00 00 00 00 00 	0000000000000000
  0xe750	00 00 00 00 00 00 00 00 00 00 00 00 00 00 00 00 	0000000000000000
  0xe760	00 00 00 00 00 00 00 00 00 00 00 00 00 00 00 00 	0000000000000000
  0xe770	00 00 00 00 00 00 00 00 00 00 00 00 00 00 00 00 	0000000000000000
  0xe780	00 00 00 00 00 00 00 00 00 00 00 00 00 00 00 00 	0000000000000000
  0xe790	00 00 00 00 00 00 00 00 00 00 00 00 00 00 00 00 	0000000000000000
  0xe7a0	00 00 00 00 00 00 00 00 00 00 00 00 00 00 00 00 	0000000000000000
  0xe7b0	00 00 00 00 00 00 00 00 00 00 00 00 00 00 00 00 	0000000000000000
  0xe7c0	00 00 00 00 00 00 00 00 00 00 00 00 00 00 00 00 	0000000000000000
  0xe7d0	00 00 00 00 00 00 00 00 00 00 00 00 00 00 00 00 	0000000000000000
  0xe7e0	00 00 00 00 00 00 00 00 00 00 00 00 00 00 00 00 	0000000000000000
  0xe7f0	00 00 00 00 00 00 00 00 00 00 00 00 00 00 00 00 	0000000000000000
=== DATA BLOCK END ===
