===== Assembly blocks =====

=== CODE BLOCK ADDRESS 0x1000 ===
=== CODE BLOCK END ===

=== DATA BLOCK ADDRESS 0x8000 ===
  0x8000	a0 d1 00 40 01 00 00 00 40 d2 00 40 01 00 00 00 	000@0000@00@0000
  0x8010	80 63 00 40 01 00 00 00 a0 6b 00 40 01 00 00 00 	0c0@00000k0@0000
  0x8020	c0 63 00 40 01 00 00 00 a0 6b 00 40 01 00 00 00 	0c0@00000k0@0000
  0x8030	50 63 00 40 01 00 00 00 50 5c 00 40 01 00 00 00 	Pc0@0000P00@0000
  0x8040	50 5c 00 40 01 00 00 00 60 68 00 40 01 00 00 00 	P00@0000`h0@0000
  0x8050	80 68 00 40 01 00 00 00 a0 68 00 40 01 00 00 00 	0h0@00000h0@0000
  0x8060	50 63 00 40 01 00 00 00 d0 6a 00 40 01 00 00 00 	Pc0@00000j0@0000
  0x8070	80 69 00 40 01 00 00 00 60 68 00 40 01 00 00 00 	0i0@0000`h0@0000
  0x8080	80 68 00 40 01 00 00 00 a0 68 00 40 01 00 00 00 	0h0@00000h0@0000
  0x8090	50 63 00 40 01 00 00 00 e0 6a 00 40 01 00 00 00 	Pc0@00000j0@0000
  0x80a0	e0 69 00 40 01 00 00 00 60 68 00 40 01 00 00 00 	0i0@0000`h0@0000
  0x80b0	80 68 00 40 01 00 00 00 a0 68 00 40 01 00 00 00 	0h0@00000h0@0000
  0x80c0	50 63 00 40 01 00 00 00 f0 6a 00 40 01 00 00 00 	Pc0@00000j0@0000
  0x80d0	70 6a 00 40 01 00 00 00 10 68 00 40 01 00 00 00 	pj0@00000h0@0000
  0x80e0	80 68 00 40 01 00 00 00 a0 68 00 40 01 00 00 00 	0h0@00000h0@0000
  0x80f0	05 00 00 00 00 00 00 00 a8 93 00 40 01 00 00 00 	00000000000@0000
  0x8100	b7 00 00 00 00 00 00 00 c0 93 00 40 01 00 00 00 	00000000000@0000
  0x8110	14 00 00 00 00 00 00 00 d0 93 00 40 01 00 00 00 	00000000000@0000
  0x8120	6f 00 00 00 00 00 00 00 e0 93 00 40 01 00 00 00 	o0000000000@0000
  0x8130	aa 00 00 00 00 00 00 00 f8 93 00 40 01 00 00 00 	00000000000@0000
  0x8140	8e 00 00 00 00 00 00 00 f8 93 00 40 01 00 00 00 	00000000000@0000
  0x8150	52 00 00 00 00 00 00 00 a8 93 00 40 01 00 00 00 	R0000000000@0000
  0x8160	f3 03 00 00 00 00 00 00 10 94 00 40 01 00 00 00 	00000000000@0000
  0x8170	f4 03 00 00 00 00 00 00 10 94 00 40 01 00 00 00 	00000000000@0000
  0x8180	f5 03 00 00 00 00 00 00 10 94 00 40 01 00 00 00 	00000000000@0000
  0x8190	10 00 00 00 00 00 00 00 a8 93 00 40 01 00 00 00 	00000000000@0000
  0x81a0	37 00 00 00 00 00 00 00 d0 93 00 40 01 00 00 00 	70000000000@0000
  0x81b0	64 09 00 00 00 00 00 00 f8 93 00 40 01 00 00 00 	d0000000000@0000
  0x81c0	91 00 00 00 00 00 00 00 20 94 00 40 01 00 00 00 	00000000 00@0000
  0x81d0	0b 01 00 00 00 00 00 00 38 94 00 40 01 00 00 00 	00000000800@0000
  0x81e0	70 00 00 00 00 00 00 00 50 94 00 40 01 00 00 00 	p0000000P00@0000
  0x81f0	50 00 00 00 00 00 00 00 c0 93 00 40 01 00 00 00 	P0000000000@0000
  0x8200	02 00 00 00 00 00 00 00 68 94 00 40 01 00 00 00 	00000000h00@0000
  0x8210	27 00 00 00 00 00 00 00 50 94 00 40 01 00 00 00 	'0000000P00@0000
  0x8220	0c 00 00 00 00 00 00 00 a8 93 00 40 01 00 00 00 	00000000000@0000
  0x8230	0f 00 00 00 00 00 00 00 d0 93 00 40 01 00 00 00 	00000000000@0000
  0x8240	01 00 00 00 00 00 00 00 88 94 00 40 01 00 00 00 	00000000000@0000
  0x8250	06 00 00 00 00 00 00 00 38 94 00 40 01 00 00 00 	00000000800@0000
  0x8260	7b 00 00 00 00 00 00 00 38 94 00 40 01 00 00 00 	{0000000800@0000
  0x8270	21 00 00 00 00 00 00 00 a0 94 00 40 01 00 00 00 	!0000000000@0000
  0x8280	d4 00 00 00 00 00 00 00 a0 94 00 40 01 00 00 00 	00000000000@0000
  0x8290	83 00 00 00 00 00 00 00 38 94 00 40 01 00 00 00 	00000000800@0000
  0x82a0	e6 03 00 00 00 00 00 00 a8 93 00 40 01 00 00 00 	00000000000@0000
  0x82b0	08 00 00 00 00 00 00 00 b8 94 00 40 01 00 00 00 	00000000000@0000
  0x82c0	15 00 00 00 00 00 00 00 d0 94 00 40 01 00 00 00 	00000000000@0000
  0x82d0	11 00 00 00 00 00 00 00 f0 94 00 40 01 00 00 00 	00000000000@0000
  0x82e0	6e 00 00 00 00 00 00 00 10 94 00 40 01 00 00 00 	n0000000000@0000
  0x82f0	61 09 00 00 00 00 00 00 f8 93 00 40 01 00 00 00 	a0000000000@0000
  0x8300	e3 03 00 00 00 00 00 00 08 95 00 40 01 00 00 00 	00000000000@0000
  0x8310	0e 00 00 00 00 00 00 00 b8 94 00 40 01 00 00 00 	00000000000@0000
  0x8320	03 00 00 00 00 00 00 00 68 94 00 40 01 00 00 00 	00000000h00@0000
  0x8330	1e 00 00 00 00 00 00 00 10 94 00 40 01 00 00 00 	00000000000@0000
  0x8340	d5 04 00 00 00 00 00 00 d0 94 00 40 01 00 00 00 	00000000000@0000
  0x8350	19 00 00 00 00 00 00 00 10 94 00 40 01 00 00 00 	00000000000@0000
  0x8360	20 00 00 00 00 00 00 00 a8 93 00 40 01 00 00 00 	 0000000000@0000
  0x8370	04 00 00 00 00 00 00 00 20 95 00 40 01 00 00 00 	00000000 00@0000
  0x8380	1d 00 00 00 00 00 00 00 10 94 00 40 01 00 00 00 	00000000000@0000
  0x8390	13 00 00 00 00 00 00 00 a8 93 00 40 01 00 00 00 	00000000000@0000
  0x83a0	1d 27 00 00 00 00 00 00 38 95 00 40 01 00 00 00 	0'000000800@0000
  0x83b0	40 27 00 00 00 00 00 00 50 95 00 40 01 00 00 00 	@'000000P00@0000
  0x83c0	41 27 00 00 00 00 00 00 60 95 00 40 01 00 00 00 	A'000000`00@0000
  0x83d0	3f 27 00 00 00 00 00 00 78 95 00 40 01 00 00 00 	?'000000x00@0000
  0x83e0	35 27 00 00 00 00 00 00 98 95 00 40 01 00 00 00 	5'000000000@0000
  0x83f0	19 27 00 00 00 00 00 00 b8 95 00 40 01 00 00 00 	0'000000000@0000
  0x8400	45 27 00 00 00 00 00 00 d0 95 00 40 01 00 00 00 	E'000000000@0000
  0x8410	4d 27 00 00 00 00 00 00 e8 95 00 40 01 00 00 00 	M'000000000@0000
  0x8420	46 27 00 00 00 00 00 00 00 96 00 40 01 00 00 00 	F'000000000@0000
  0x8430	37 27 00 00 00 00 00 00 18 96 00 40 01 00 00 00 	7'000000000@0000
  0x8440	1e 27 00 00 00 00 00 00 38 96 00 40 01 00 00 00 	0'000000800@0000
  0x8450	51 27 00 00 00 00 00 00 48 96 00 40 01 00 00 00 	Q'000000H00@0000
  0x8460	34 27 00 00 00 00 00 00 60 96 00 40 01 00 00 00 	4'000000`00@0000
  0x8470	14 27 00 00 00 00 00 00 78 96 00 40 01 00 00 00 	0'000000x00@0000
  0x8480	26 27 00 00 00 00 00 00 88 96 00 40 01 00 00 00 	&'000000000@0000
  0x8490	48 27 00 00 00 00 00 00 a0 96 00 40 01 00 00 00 	H'000000000@0000
  0x84a0	28 27 00 00 00 00 00 00 b8 96 00 40 01 00 00 00 	('000000000@0000
  0x84b0	38 27 00 00 00 00 00 00 d0 96 00 40 01 00 00 00 	8'000000000@0000
  0x84c0	4f 27 00 00 00 00 00 00 e0 96 00 40 01 00 00 00 	O'000000000@0000
  0x84d0	42 27 00 00 00 00 00 00 f8 96 00 40 01 00 00 00 	B'000000000@0000
  0x84e0	44 27 00 00 00 00 00 00 08 97 00 40 01 00 00 00 	D'000000000@0000
  0x84f0	43 27 00 00 00 00 00 00 18 97 00 40 01 00 00 00 	C'000000000@0000
  0x8500	47 27 00 00 00 00 00 00 30 97 00 40 01 00 00 00 	G'000000000@0000
  0x8510	3a 27 00 00 00 00 00 00 40 97 00 40 01 00 00 00 	:'000000@00@0000
  0x8520	49 27 00 00 00 00 00 00 58 97 00 40 01 00 00 00 	I'000000X00@0000
  0x8530	36 27 00 00 00 00 00 00 68 97 00 40 01 00 00 00 	6'000000h00@0000
  0x8540	3d 27 00 00 00 00 00 00 78 97 00 40 01 00 00 00 	='000000x00@0000
  0x8550	3b 27 00 00 00 00 00 00 90 97 00 40 01 00 00 00 	;'000000000@0000
  0x8560	39 27 00 00 00 00 00 00 a8 97 00 40 01 00 00 00 	9'000000000@0000
  0x8570	4c 27 00 00 00 00 00 00 c0 97 00 40 01 00 00 00 	L'000000000@0000
  0x8580	33 27 00 00 00 00 00 00 d0 97 00 40 01 00 00 00 	3'000000000@0000
  0x8590	00 00 00 00 00 00 00 00 00 00 00 00 00 00 00 00 	0000000000000000
  0x85a0	66 00 00 00 00 00 00 00 e8 97 00 40 01 00 00 00 	f0000000000@0000
  0x85b0	64 00 00 00 00 00 00 00 08 98 00 40 01 00 00 00 	d0000000000@0000
  0x85c0	65 00 00 00 00 00 00 00 18 98 00 40 01 00 00 00 	e0000000000@0000
  0x85d0	71 00 00 00 00 00 00 00 30 98 00 40 01 00 00 00 	q0000000000@0000
  0x85e0	07 00 00 00 00 00 00 00 48 98 00 40 01 00 00 00 	00000000H00@0000
  0x85f0	21 00 00 00 00 00 00 00 60 98 00 40 01 00 00 00 	!0000000`00@0000
  0x8600	0e 00 00 00 00 00 00 00 78 98 00 40 01 00 00 00 	00000000x00@0000
  0x8610	09 00 00 00 00 00 00 00 88 98 00 40 01 00 00 00 	00000000000@0000
  0x8620	68 00 00 00 00 00 00 00 a0 98 00 40 01 00 00 00 	h0000000000@0000
  0x8630	20 00 00 00 00 00 00 00 b0 98 00 40 01 00 00 00 	 0000000000@0000
  0x8640	6a 00 00 00 00 00 00 00 c0 98 00 40 01 00 00 00 	j0000000000@0000
  0x8650	67 00 00 00 00 00 00 00 d8 98 00 40 01 00 00 00 	g0000000000@0000
  0x8660	6b 00 00 00 00 00 00 00 f8 98 00 40 01 00 00 00 	k0000000000@0000
  0x8670	6c 00 00 00 00 00 00 00 10 99 00 40 01 00 00 00 	l0000000000@0000
  0x8680	12 00 00 00 00 00 00 00 f0 94 00 40 01 00 00 00 	00000000000@0000
  0x8690	6d 00 00 00 00 00 00 00 28 99 00 40 01 00 00 00 	m0000000(00@0000
  0x86a0	10 00 00 00 00 00 00 00 f8 93 00 40 01 00 00 00 	00000000000@0000
  0x86b0	29 00 00 00 00 00 00 00 20 94 00 40 01 00 00 00 	)0000000 00@0000
  0x86c0	08 00 00 00 00 00 00 00 48 99 00 40 01 00 00 00 	00000000H00@0000
  0x86d0	11 00 00 00 00 00 00 00 c0 93 00 40 01 00 00 00 	00000000000@0000
  0x86e0	1b 00 00 00 00 00 00 00 60 99 00 40 01 00 00 00 	00000000`00@0000
  0x86f0	26 00 00 00 00 00 00 00 e0 93 00 40 01 00 00 00 	&0000000000@0000
  0x8700	28 00 00 00 00 00 00 00 88 94 00 40 01 00 00 00 	(0000000000@0000
  0x8710	6e 00 00 00 00 00 00 00 70 99 00 40 01 00 00 00 	n0000000p00@0000
  0x8720	6f 00 00 00 00 00 00 00 88 99 00 40 01 00 00 00 	o0000000000@0000
  0x8730	2a 00 00 00 00 00 00 00 a0 99 00 40 01 00 00 00 	*0000000000@0000
  0x8740	19 00 00 00 00 00 00 00 b8 99 00 40 01 00 00 00 	00000000000@0000
  0x8750	04 00 00 00 00 00 00 00 78 96 00 40 01 00 00 00 	00000000x00@0000
  0x8760	16 00 00 00 00 00 00 00 38 94 00 40 01 00 00 00 	00000000800@0000
  0x8770	1d 00 00 00 00 00 00 00 e0 99 00 40 01 00 00 00 	00000000000@0000
  0x8780	05 00 00 00 00 00 00 00 10 94 00 40 01 00 00 00 	00000000000@0000
  0x8790	15 00 00 00 00 00 00 00 f0 99 00 40 01 00 00 00 	00000000000@0000
  0x87a0	73 00 00 00 00 00 00 00 00 9a 00 40 01 00 00 00 	s0000000000@0000
  0x87b0	74 00 00 00 00 00 00 00 10 9a 00 40 01 00 00 00 	t0000000000@0000
  0x87c0	75 00 00 00 00 00 00 00 20 9a 00 40 01 00 00 00 	u0000000 00@0000
  0x87d0	76 00 00 00 00 00 00 00 30 9a 00 40 01 00 00 00 	v0000000000@0000
  0x87e0	77 00 00 00 00 00 00 00 48 9a 00 40 01 00 00 00 	w0000000H00@0000
  0x87f0	0a 00 00 00 00 00 00 00 58 9a 00 40 01 00 00 00 	00000000X00@0000
  0x8800	79 00 00 00 00 00 00 00 70 9a 00 40 01 00 00 00 	y0000000p00@0000
  0x8810	27 00 00 00 00 00 00 00 a0 94 00 40 01 00 00 00 	'0000000000@0000
  0x8820	78 00 00 00 00 00 00 00 78 9a 00 40 01 00 00 00 	x0000000x00@0000
  0x8830	7a 00 00 00 00 00 00 00 90 9a 00 40 01 00 00 00 	z0000000000@0000
  0x8840	7b 00 00 00 00 00 00 00 a0 9a 00 40 01 00 00 00 	{0000000000@0000
  0x8850	1c 00 00 00 00 00 00 00 50 94 00 40 01 00 00 00 	00000000P00@0000
  0x8860	7c 00 00 00 00 00 00 00 b8 9a 00 40 01 00 00 00 	|0000000000@0000
  0x8870	06 00 00 00 00 00 00 00 d0 9a 00 40 01 00 00 00 	00000000000@0000
  0x8880	13 00 00 00 00 00 00 00 d0 93 00 40 01 00 00 00 	00000000000@0000
  0x8890	02 00 00 00 00 00 00 00 68 94 00 40 01 00 00 00 	00000000h00@0000
  0x88a0	03 00 00 00 00 00 00 00 f0 9a 00 40 01 00 00 00 	00000000000@0000
  0x88b0	14 00 00 00 00 00 00 00 00 9b 00 40 01 00 00 00 	00000000000@0000
  0x88c0	80 00 00 00 00 00 00 00 10 9b 00 40 01 00 00 00 	00000000000@0000
  0x88d0	7d 00 00 00 00 00 00 00 20 9b 00 40 01 00 00 00 	}0000000 00@0000
  0x88e0	7e 00 00 00 00 00 00 00 30 9b 00 40 01 00 00 00 	~0000000000@0000
  0x88f0	0c 00 00 00 00 00 00 00 b8 94 00 40 01 00 00 00 	00000000000@0000
  0x8900	81 00 00 00 00 00 00 00 40 9b 00 40 01 00 00 00 	00000000@00@0000
  0x8910	69 00 00 00 00 00 00 00 08 95 00 40 01 00 00 00 	i0000000000@0000
  0x8920	70 00 00 00 00 00 00 00 50 9b 00 40 01 00 00 00 	p0000000P00@0000
  0x8930	01 00 00 00 00 00 00 00 68 9b 00 40 01 00 00 00 	00000000h00@0000
  0x8940	82 00 00 00 00 00 00 00 80 9b 00 40 01 00 00 00 	00000000000@0000
  0x8950	8c 00 00 00 00 00 00 00 98 9b 00 40 01 00 00 00 	00000000000@0000
  0x8960	85 00 00 00 00 00 00 00 b0 9b 00 40 01 00 00 00 	00000000000@0000
  0x8970	0d 00 00 00 00 00 00 00 a8 93 00 40 01 00 00 00 	00000000000@0000
  0x8980	86 00 00 00 00 00 00 00 c0 9b 00 40 01 00 00 00 	00000000000@0000
  0x8990	87 00 00 00 00 00 00 00 d0 9b 00 40 01 00 00 00 	00000000000@0000
  0x89a0	1e 00 00 00 00 00 00 00 e8 9b 00 40 01 00 00 00 	00000000000@0000
  0x89b0	24 00 00 00 00 00 00 00 00 9c 00 40 01 00 00 00 	$0000000000@0000
  0x89c0	0b 00 00 00 00 00 00 00 d0 94 00 40 01 00 00 00 	00000000000@0000
  0x89d0	22 00 00 00 00 00 00 00 20 9c 00 40 01 00 00 00 	"0000000 00@0000
  0x89e0	7f 00 00 00 00 00 00 00 38 9c 00 40 01 00 00 00 	00000000800@0000
  0x89f0	89 00 00 00 00 00 00 00 50 9c 00 40 01 00 00 00 	00000000P00@0000
  0x8a00	8b 00 00 00 00 00 00 00 60 9c 00 40 01 00 00 00 	00000000`00@0000
  0x8a10	8a 00 00 00 00 00 00 00 70 9c 00 40 01 00 00 00 	00000000p00@0000
  0x8a20	17 00 00 00 00 00 00 00 80 9c 00 40 01 00 00 00 	00000000000@0000
  0x8a30	18 00 00 00 00 00 00 00 20 95 00 40 01 00 00 00 	00000000 00@0000
  0x8a40	1f 00 00 00 00 00 00 00 a0 9c 00 40 01 00 00 00 	00000000000@0000
  0x8a50	72 00 00 00 00 00 00 00 b0 9c 00 40 01 00 00 00 	r0000000000@0000
  0x8a60	84 00 00 00 00 00 00 00 d0 9c 00 40 01 00 00 00 	00000000000@0000
  0x8a70	88 00 00 00 00 00 00 00 e0 9c 00 40 01 00 00 00 	00000000000@0000
  0x8a80	00 00 00 00 00 00 00 00 00 00 00 00 00 00 00 00 	0000000000000000
  0x8a90	d0 6b 00 40 01 00 00 00 e0 45 00 40 01 00 00 00 	0k0@00000E0@0000
  0x8aa0	b0 40 00 40 01 00 00 00 70 45 00 40 01 00 00 00 	0@0@0000pE0@0000
  0x8ab0	50 5c 00 40 01 00 00 00 50 42 00 40 01 00 00 00 	P00@0000PB0@0000
  0x8ac0	e0 45 00 40 01 00 00 00 b0 40 00 40 01 00 00 00 	0E0@00000@0@0000
  0x8ad0	70 45 00 40 01 00 00 00 60 46 00 40 01 00 00 00 	pE0@0000`F0@0000
  0x8ae0	90 46 00 40 01 00 00 00 f0 40 00 40 01 00 00 00 	0F0@00000@0@0000
  0x8af0	b0 40 00 40 01 00 00 00 40 40 00 40 01 00 00 00 	0@0@0000@@0@0000
  0x8b00	50 5c 00 40 01 00 00 00 50 5c 00 40 01 00 00 00 	P00@0000P00@0000
  0x8b10	50 5c 00 40 01 00 00 00 50 42 00 40 01 00 00 00 	P00@0000PB0@0000
  0x8b20	f0 40 00 40 01 00 00 00 b0 40 00 40 01 00 00 00 	0@0@00000@0@0000
  0x8b30	40 40 00 40 01 00 00 00 10 36 00 40 01 00 00 00 	@@0@0000060@0000
  0x8b40	b0 36 00 40 01 00 00 00 c0 36 00 40 01 00 00 00 	060@0000060@0000
  0x8b50	10 37 00 40 01 00 00 00 80 34 00 40 01 00 00 00 	070@0000040@0000
  0x8b60	20 47 00 40 01 00 00 00 90 34 00 40 01 00 00 00 	 G0@0000040@0000
  0x8b70	80 34 00 40 01 00 00 00 80 34 00 40 01 00 00 00 	040@0000040@0000
  0x8b80	80 34 00 40 01 00 00 00 80 34 00 40 01 00 00 00 	040@0000040@0000
  0x8b90	80 34 00 40 01 00 00 00 90 34 00 40 01 00 00 00 	040@0000040@0000
  0x8ba0	80 34 00 40 01 00 00 00 80 34 00 40 01 00 00 00 	040@0000040@0000
  0x8bb0	90 37 00 40 01 00 00 00 98 a2 00 40 01 00 00 00 	070@0000000@0000
  0x8bc0	c0 a2 00 40 01 00 00 00 e8 a2 00 40 01 00 00 00 	000@0000000@0000
  0x8bd0	18 01 00 00 00 00 00 00 00 00 00 00 00 00 00 00 	0000000000000000
  0x8be0	00 00 00 00 00 00 00 00 00 00 00 00 00 00 00 00 	0000000000000000
  0x8bf0	00 00 00 00 00 00 00 00 00 00 00 00 00 00 00 00 	0000000000000000
  0x8c00	00 00 00 00 00 00 00 00 00 00 00 00 00 00 00 00 	0000000000000000
  0x8c10	00 00 00 00 00 00 00 00 00 00 00 00 00 00 00 00 	0000000000000000
  0x8c20	00 00 00 00 00 00 00 00 48 d1 00 40 01 00 00 00 	00000000H00@0000
  0x8c30	00 00 00 00 00 00 00 00 00 00 00 00 00 00 00 00 	0000000000000000
  0x8c40	08 91 00 40 01 00 00 00 10 91 00 40 01 00 00 00 	000@0000000@0000
  0x8c50	a4 91 00 40 01 00 00 00 43 00 00 00 00 00 00 00 	000@0000C0000000
  0x8c60	00 75 41 00 00 00 00 00 00 00 00 00 00 00 00 00 	0uA0000000000000
  0x8c70	b0 92 00 40 01 00 00 00 04 00 00 00 00 00 00 00 	000@000000000000
  0x8c80	00 00 00 00 00 00 00 00 00 00 00 00 00 00 00 00 	0000000000000000
  0x8c90	00 00 00 00 00 00 00 00 00 00 00 00 00 00 00 00 	0000000000000000
  0x8ca0	00 00 00 00 00 00 00 00 00 00 00 00 00 00 00 00 	0000000000000000
  0x8cb0	00 00 00 00 00 00 00 00 00 00 00 00 00 00 00 00 	0000000000000000
  0x8cc0	00 00 00 00 00 00 00 00 00 00 00 00 00 00 00 00 	0000000000000000
  0x8cd0	00 00 00 00 00 00 00 00 90 91 00 40 01 00 00 00 	00000000000@0000
  0x8ce0	05 00 00 00 00 00 00 00 92 ba 00 00 00 00 00 00 	0000000000000000
  0x8cf0	a4 ba 00 00 00 00 00 00 80 ba 00 00 00 00 00 00 	0000000000000000
  0x8d00	00 00 00 00 00 00 00 00 ec ba 00 00 00 00 00 00 	0000000000000000
  0x8d10	f8 ba 00 00 00 00 00 00 08 bb 00 00 00 00 00 00 	0000000000000000
  0x8d20	1c bb 00 00 00 00 00 00 32 bb 00 00 00 00 00 00 	0000000020000000
  0x8d30	48 bb 00 00 00 00 00 00 5e bb 00 00 00 00 00 00 	H0000000^0000000
  0x8d40	6e bb 00 00 00 00 00 00 80 bb 00 00 00 00 00 00 	n000000000000000
  0x8d50	90 bb 00 00 00 00 00 00 a6 bb 00 00 00 00 00 00 	0000000000000000
  0x8d60	be bb 00 00 00 00 00 00 d0 bb 00 00 00 00 00 00 	0000000000000000
  0x8d70	d6 ba 00 00 00 00 00 00 ea bb 00 00 00 00 00 00 	0000000000000000
  0x8d80	fc bb 00 00 00 00 00 00 0e bc 00 00 00 00 00 00 	0000000000000000
  0x8d90	24 bc 00 00 00 00 00 00 36 bc 00 00 00 00 00 00 	$000000060000000
  0x8da0	4a bc 00 00 00 00 00 00 58 bc 00 00 00 00 00 00 	J0000000X0000000
  0x8db0	6c bc 00 00 00 00 00 00 7c bc 00 00 00 00 00 00 	l0000000|0000000
  0x8dc0	8c bc 00 00 00 00 00 00 9c bc 00 00 00 00 00 00 	0000000000000000
  0x8dd0	c0 ba 00 00 00 00 00 00 a0 c3 00 00 00 00 00 00 	0000000000000000
  0x8de0	b8 c3 00 00 00 00 00 00 de bb 00 00 00 00 00 00 	0000000000000000
  0x8df0	00 00 00 00 00 00 00 00 46 be 00 00 00 00 00 00 	00000000F0000000
  0x8e00	e7 01 00 00 00 00 00 80 6e be 00 00 00 00 00 00 	00000000n0000000
  0x8e10	58 be 00 00 00 00 00 00 00 00 00 00 00 00 00 00 	X000000000000000
  0x8e20	de bc 00 00 00 00 00 00 ca bc 00 00 00 00 00 00 	0000000000000000
  0x8e30	bc bc 00 00 00 00 00 00 00 00 00 00 00 00 00 00 	0000000000000000
  0x8e40	7e c3 00 00 00 00 00 00 00 00 00 00 00 00 00 00 	~000000000000000
  0x8e50	d0 be 00 00 00 00 00 00 e2 be 00 00 00 00 00 00 	0000000000000000
  0x8e60	88 be 00 00 00 00 00 00 be be 00 00 00 00 00 00 	0000000000000000
  0x8e70	aa be 00 00 00 00 00 00 9a be 00 00 00 00 00 00 	0000000000000000
  0x8e80	00 00 00 00 00 00 00 00 90 bf 00 00 00 00 00 00 	0000000000000000
  0x8e90	ac bf 00 00 00 00 00 00 9a c0 00 00 00 00 00 00 	0000000000000000
  0x8ea0	00 00 00 00 00 00 00 00 c8 c0 00 00 00 00 00 00 	0000000000000000
  0x8eb0	da c0 00 00 00 00 00 00 00 00 00 00 00 00 00 00 	0000000000000000
  0x8ec0	e8 c0 00 00 00 00 00 00 00 00 00 00 00 00 00 00 	0000000000000000
  0x8ed0	3c bf 00 00 00 00 00 00 ca bf 00 00 00 00 00 00 	<000000000000000
  0x8ee0	de bf 00 00 00 00 00 00 12 c1 00 00 00 00 00 00 	0000000000000000
  0x8ef0	04 c1 00 00 00 00 00 00 28 c1 00 00 00 00 00 00 	00000000(0000000
  0x8f00	1e c1 00 00 00 00 00 00 00 00 00 00 00 00 00 00 	0000000000000000
  0x8f10	f2 bf 00 00 00 00 00 00 00 00 00 00 00 00 00 00 	0000000000000000
  0x8f20	4e bf 00 00 00 00 00 00 62 bf 00 00 00 00 00 00 	N0000000b0000000
  0x8f30	7c bf 00 00 00 00 00 00 00 00 00 00 00 00 00 00 	|000000000000000
  0x8f40	36 c1 00 00 00 00 00 00 50 c1 00 00 00 00 00 00 	60000000P0000000
  0x8f50	00 00 00 00 00 00 00 00 34 bf 00 00 00 00 00 00 	0000000040000000
  0x8f60	00 00 00 00 00 00 00 00 0c c0 00 00 00 00 00 00 	0000000000000000
  0x8f70	26 c0 00 00 00 00 00 00 00 00 00 00 00 00 00 00 	&000000000000000
  0x8f80	f6 be 00 00 00 00 00 00 00 00 00 00 00 00 00 00 	0000000000000000
  0x8f90	10 bf 00 00 00 00 00 00 00 00 00 00 00 00 00 00 	0000000000000000
  0x8fa0	36 c0 00 00 00 00 00 00 ac c0 00 00 00 00 00 00 	6000000000000000
  0x8fb0	6c c0 00 00 00 00 00 00 4c c0 00 00 00 00 00 00 	l0000000L0000000
  0x8fc0	84 c0 00 00 00 00 00 00 00 00 00 00 00 00 00 00 	0000000000000000
  0x8fd0	12 be 00 00 00 00 00 00 04 be 00 00 00 00 00 00 	0000000000000000
  0x8fe0	ae c4 00 00 00 00 00 00 fa bd 00 00 00 00 00 00 	0000000000000000
  0x8ff0	1c be 00 00 00 00 00 00 32 be 00 00 00 00 00 00 	0000000020000000
  0x9000	f2 bd 00 00 00 00 00 00 da bd 00 00 00 00 00 00 	0000000000000000
  0x9010	d0 bd 00 00 00 00 00 00 c6 bd 00 00 00 00 00 00 	0000000000000000
  0x9020	ae bd 00 00 00 00 00 00 a2 bd 00 00 00 00 00 00 	0000000000000000
  0x9030	a4 c4 00 00 00 00 00 00 c6 c4 00 00 00 00 00 00 	0000000000000000
  0x9040	8e bd 00 00 00 00 00 00 84 bd 00 00 00 00 00 00 	0000000000000000
  0x9050	7c bd 00 00 00 00 00 00 74 bd 00 00 00 00 00 00 	|0000000t0000000
  0x9060	62 bd 00 00 00 00 00 00 50 bd 00 00 00 00 00 00 	b0000000P0000000
  0x9070	42 bd 00 00 00 00 00 00 34 bd 00 00 00 00 00 00 	B000000040000000
  0x9080	28 bd 00 00 00 00 00 00 18 bd 00 00 00 00 00 00 	(000000000000000
  0x9090	0c bd 00 00 00 00 00 00 fe bc 00 00 00 00 00 00 	0000000000000000
  0x90a0	d0 c3 00 00 00 00 00 00 da c3 00 00 00 00 00 00 	0000000000000000
  0x90b0	e4 c3 00 00 00 00 00 00 f0 c3 00 00 00 00 00 00 	0000000000000000
  0x90c0	10 c4 00 00 00 00 00 00 30 c4 00 00 00 00 00 00 	0000000000000000
  0x90d0	4e c4 00 00 00 00 00 00 66 c4 00 00 00 00 00 00 	N0000000f0000000
  0x90e0	84 c4 00 00 00 00 00 00 9a c4 00 00 00 00 00 00 	0000000000000000
  0x90f0	00 00 00 00 00 00 00 00 60 c3 00 00 00 00 00 00 	00000000`0000000
  0x9100	00 00 00 00 00 00 00 00 a0 5f 00 40 01 00 00 00 	000000000_0@0000
  0x9110	b0 6c 00 40 01 00 00 00 00 00 00 00 00 00 00 00 	0l0@000000000000
  0x9120	c0 56 00 40 01 00 00 00 00 11 00 40 01 00 00 00 	0V0@0000000@0000
  0x9130	20 11 00 40 01 00 00 00 40 11 00 40 01 00 00 00 	 00@0000@00@0000
  0x9140	10 10 00 40 01 00 00 00 30 10 00 40 01 00 00 00 	000@0000000@0000
  0x9150	50 10 00 40 01 00 00 00 90 10 00 40 01 00 00 00 	P00@0000000@0000
  0x9160	e0 10 00 40 01 00 00 00 00 00 00 00 00 00 00 00 	000@000000000000
  0x9170	00 00 00 00 00 00 00 00 e0 55 00 40 01 00 00 00 	000000000U0@0000
  0x9180	d0 5c 00 40 01 00 00 00 00 00 00 00 00 00 00 00 	000@000000000000
  0x9190	29 59 00 00 71 5c 00 00 42 5d 00 00 50 5e 00 00 	)Y00q000B]00P^00
  0x91a0	81 64 00 00 10 10 00 00 30 10 00 00 50 10 00 00 	0d0000000000P000
  0x91b0	90 10 00 00 e0 10 00 00 00 11 00 00 20 11 00 00 	000000000000 000
  0x91c0	40 11 00 00 e0 15 00 00 60 17 00 00 b0 17 00 00 	@0000000`0000000
  0x91d0	d0 17 00 00 40 2a 00 00 a0 2b 00 00 20 2c 00 00 	0000@*000+00 ,00
  0x91e0	80 34 00 00 90 34 00 00 10 36 00 00 b0 36 00 00 	0400040006000600
  0x91f0	c0 36 00 00 10 37 00 00 90 37 00 00 10 38 00 00 	0600070007000800
  0x9200	60 38 00 00 40 40 00 00 b0 40 00 00 f0 40 00 00 	`800@@000@000@00
  0x9210	50 42 00 00 70 45 00 00 e0 45 00 00 60 46 00 00 	PB00pE000E00`F00
  0x9220	90 46 00 00 20 47 00 00 f0 4d 00 00 70 55 00 00 	0F00 G000M00pU00
  0x9230	e0 55 00 00 c0 56 00 00 80 59 00 00 10 5a 00 00 	0U000V000Y000Z00
  0x9240	50 5c 00 00 90 5c 00 00 d0 5c 00 00 b0 5d 00 00 	P000000000000]00
  0x9250	a0 5f 00 00 d0 60 00 00 10 61 00 00 50 63 00 00 	0_000`000a00Pc00
  0x9260	80 63 00 00 c0 63 00 00 10 68 00 00 60 68 00 00 	0c000c000h00`h00
  0x9270	80 68 00 00 a0 68 00 00 80 69 00 00 e0 69 00 00 	0h000h000i000i00
  0x9280	70 6a 00 00 d0 6a 00 00 e0 6a 00 00 f0 6a 00 00 	pj000j000j000j00
  0x9290	a0 6b 00 00 d0 6b 00 00 30 6e 00 00 60 6e 00 00 	0k000k000n00`n00
  0x92a0	e0 6e 00 00 10 6f 00 00 30 6f 00 00 50 6f 00 00 	0n000o000o00Po00
  0x92b0	e0 8d 00 00 d0 8f 00 00 30 f0 00 00 48 f0 00 00 	000000000000H000
  0x92c0	00 00 00 00 00 00 00 00 22 05 93 19 02 00 00 00 	00000000"0000000
  0x92d0	0c ab 00 00 01 00 00 00 1c ab 00 00 01 00 00 00 	0000000000000000
  0x92e0	48 ab 00 00 20 00 00 00 00 00 00 00 01 00 00 00 	H000 00000000000
  0x92f0	7d 12 ba 45 a8 10 ea 46 8a b7 56 ea 90 78 94 3c 	}00E000F00V00x0<
  0x9300	44 55 49 37 30 2e 64 6c 6c 00 00 00 00 00 00 00 	DUI70.dll0000000
  0x9310	22 05 93 19 04 00 00 00 d4 ab 00 00 02 00 00 00 	"000000000000000
  0x9320	f4 ab 00 00 05 00 00 00 48 ac 00 00 20 00 00 00 	00000000H000 000
  0x9330	00 00 00 00 01 00 00 00 67 65 6e 65 72 69 63 00 	00000000generic0
  0x9340	75 6e 6b 6e 6f 77 6e 20 65 72 72 6f 72 00 00 00 	unknown error000
  0x9350	69 6f 73 74 72 65 61 6d 00 00 00 00 00 00 00 00 	iostream00000000
  0x9360	69 6f 73 74 72 65 61 6d 20 73 74 72 65 61 6d 20 	iostream stream 
  0x9370	65 72 72 6f 72 00 00 00 73 79 73 74 65 6d 00 00 	error000system00
  0x9380	69 6e 76 61 6c 69 64 20 73 74 72 69 6e 67 20 70 	invalid string p
  0x9390	6f 73 69 74 69 6f 6e 00 73 74 72 69 6e 67 20 74 	osition0string t
  0x93a0	6f 6f 20 6c 6f 6e 67 00 70 65 72 6d 69 73 73 69 	oo long0permissi
  0x93b0	6f 6e 20 64 65 6e 69 65 64 00 00 00 00 00 00 00 	on denied0000000
  0x93c0	66 69 6c 65 20 65 78 69 73 74 73 00 00 00 00 00 	file exists00000
  0x93d0	6e 6f 20 73 75 63 68 20 64 65 76 69 63 65 00 00 	no such device00
  0x93e0	66 69 6c 65 6e 61 6d 65 20 74 6f 6f 20 6c 6f 6e 	filename too lon
  0x93f0	67 00 00 00 00 00 00 00 64 65 76 69 63 65 20 6f 	g0000000device o
  0x9400	72 20 72 65 73 6f 75 72 63 65 20 62 75 73 79 00 	r resource busy0
  0x9410	69 6f 20 65 72 72 6f 72 00 00 00 00 00 00 00 00 	io error00000000
  0x9420	64 69 72 65 63 74 6f 72 79 20 6e 6f 74 20 65 6d 	directory not em
  0x9430	70 74 79 00 00 00 00 00 69 6e 76 61 6c 69 64 20 	pty00000invalid 
  0x9440	61 72 67 75 6d 65 6e 74 00 00 00 00 00 00 00 00 	argument00000000
  0x9450	6e 6f 20 73 70 61 63 65 20 6f 6e 20 64 65 76 69 	no space on devi
  0x9460	63 65 00 00 00 00 00 00 6e 6f 20 73 75 63 68 20 	ce000000no such 
  0x9470	66 69 6c 65 20 6f 72 20 64 69 72 65 63 74 6f 72 	file or director
  0x9480	79 00 00 00 00 00 00 00 66 75 6e 63 74 69 6f 6e 	y0000000function
  0x9490	20 6e 6f 74 20 73 75 70 70 6f 72 74 65 64 00 00 	 not supported00
  0x94a0	6e 6f 20 6c 6f 63 6b 20 61 76 61 69 6c 61 62 6c 	no lock availabl
  0x94b0	65 00 00 00 00 00 00 00 6e 6f 74 20 65 6e 6f 75 	e0000000not enou
  0x94c0	67 68 20 6d 65 6d 6f 72 79 00 00 00 00 00 00 00 	gh memory0000000
  0x94d0	72 65 73 6f 75 72 63 65 20 75 6e 61 76 61 69 6c 	resource unavail
  0x94e0	61 62 6c 65 20 74 72 79 20 61 67 61 69 6e 00 00 	able try again00
  0x94f0	63 72 6f 73 73 20 64 65 76 69 63 65 20 6c 69 6e 	cross device lin
  0x9500	6b 00 00 00 00 00 00 00 6f 70 65 72 61 74 69 6f 	k0000000operatio
  0x9510	6e 20 63 61 6e 63 65 6c 65 64 00 00 00 00 00 00 	n canceled000000
  0x9520	74 6f 6f 20 6d 61 6e 79 20 66 69 6c 65 73 20 6f 	too many files o
  0x9530	70 65 6e 00 00 00 00 00 70 65 72 6d 69 73 73 69 	pen00000permissi
  0x9540	6f 6e 5f 64 65 6e 69 65 64 00 00 00 00 00 00 00 	on_denied0000000
  0x9550	61 64 64 72 65 73 73 5f 69 6e 5f 75 73 65 00 00 	address_in_use00
  0x9560	61 64 64 72 65 73 73 5f 6e 6f 74 5f 61 76 61 69 	address_not_avai
  0x9570	6c 61 62 6c 65 00 00 00 61 64 64 72 65 73 73 5f 	lable000address_
  0x9580	66 61 6d 69 6c 79 5f 6e 6f 74 5f 73 75 70 70 6f 	family_not_suppo
  0x9590	72 74 65 64 00 00 00 00 63 6f 6e 6e 65 63 74 69 	rted0000connecti
  0x95a0	6f 6e 5f 61 6c 72 65 61 64 79 5f 69 6e 5f 70 72 	on_already_in_pr
  0x95b0	6f 67 72 65 73 73 00 00 62 61 64 5f 66 69 6c 65 	ogress00bad_file
  0x95c0	5f 64 65 73 63 72 69 70 74 6f 72 00 00 00 00 00 	_descriptor00000
  0x95d0	63 6f 6e 6e 65 63 74 69 6f 6e 5f 61 62 6f 72 74 	connection_abort
  0x95e0	65 64 00 00 00 00 00 00 63 6f 6e 6e 65 63 74 69 	ed000000connecti
  0x95f0	6f 6e 5f 72 65 66 75 73 65 64 00 00 00 00 00 00 	on_refused000000
  0x9600	63 6f 6e 6e 65 63 74 69 6f 6e 5f 72 65 73 65 74 	connection_reset
  0x9610	00 00 00 00 00 00 00 00 64 65 73 74 69 6e 61 74 	00000000destinat
  0x9620	69 6f 6e 5f 61 64 64 72 65 73 73 5f 72 65 71 75 	ion_address_requ
  0x9630	69 72 65 64 00 00 00 00 62 61 64 5f 61 64 64 72 	ired0000bad_addr
  0x9640	65 73 73 00 00 00 00 00 68 6f 73 74 5f 75 6e 72 	ess00000host_unr
  0x9650	65 61 63 68 61 62 6c 65 00 00 00 00 00 00 00 00 	eachable00000000
  0x9660	6f 70 65 72 61 74 69 6f 6e 5f 69 6e 5f 70 72 6f 	operation_in_pro
  0x9670	67 72 65 73 73 00 00 00 69 6e 74 65 72 72 75 70 	gress000interrup
  0x9680	74 65 64 00 00 00 00 00 69 6e 76 61 6c 69 64 5f 	ted00000invalid_
  0x9690	61 72 67 75 6d 65 6e 74 00 00 00 00 00 00 00 00 	argument00000000
  0x96a0	61 6c 72 65 61 64 79 5f 63 6f 6e 6e 65 63 74 65 	already_connecte
  0x96b0	64 00 00 00 00 00 00 00 74 6f 6f 5f 6d 61 6e 79 	d0000000too_many
  0x96c0	5f 66 69 6c 65 73 5f 6f 70 65 6e 00 00 00 00 00 	_files_open00000
  0x96d0	6d 65 73 73 61 67 65 5f 73 69 7a 65 00 00 00 00 	message_size0000
  0x96e0	66 69 6c 65 6e 61 6d 65 5f 74 6f 6f 5f 6c 6f 6e 	filename_too_lon
  0x96f0	67 00 00 00 00 00 00 00 6e 65 74 77 6f 72 6b 5f 	g0000000network_
  0x9700	64 6f 77 6e 00 00 00 00 6e 65 74 77 6f 72 6b 5f 	down0000network_
  0x9710	72 65 73 65 74 00 00 00 6e 65 74 77 6f 72 6b 5f 	reset000network_
  0x9720	75 6e 72 65 61 63 68 61 62 6c 65 00 00 00 00 00 	unreachable00000
  0x9730	6e 6f 5f 62 75 66 66 65 72 5f 73 70 61 63 65 00 	no_buffer_space0
  0x9740	6e 6f 5f 70 72 6f 74 6f 63 6f 6c 5f 6f 70 74 69 	no_protocol_opti
  0x9750	6f 6e 00 00 00 00 00 00 6e 6f 74 5f 63 6f 6e 6e 	on000000not_conn
  0x9760	65 63 74 65 64 00 00 00 6e 6f 74 5f 61 5f 73 6f 	ected000not_a_so
  0x9770	63 6b 65 74 00 00 00 00 6f 70 65 72 61 74 69 6f 	cket0000operatio
  0x9780	6e 5f 6e 6f 74 5f 73 75 70 70 6f 72 74 65 64 00 	n_not_supported0
  0x9790	70 72 6f 74 6f 63 6f 6c 5f 6e 6f 74 5f 73 75 70 	protocol_not_sup
  0x97a0	70 6f 72 74 65 64 00 00 77 72 6f 6e 67 5f 70 72 	ported00wrong_pr
  0x97b0	6f 74 6f 63 6f 6c 5f 74 79 70 65 00 00 00 00 00 	otocol_type00000
  0x97c0	74 69 6d 65 64 5f 6f 75 74 00 00 00 00 00 00 00 	timed_out0000000
  0x97d0	6f 70 65 72 61 74 69 6f 6e 5f 77 6f 75 6c 64 5f 	operation_would_
  0x97e0	62 6c 6f 63 6b 00 00 00 61 64 64 72 65 73 73 20 	block000address 
  0x97f0	66 61 6d 69 6c 79 20 6e 6f 74 20 73 75 70 70 6f 	family not suppo
  0x9800	72 74 65 64 00 00 00 00 61 64 64 72 65 73 73 20 	rted0000address 
  0x9810	69 6e 20 75 73 65 00 00 61 64 64 72 65 73 73 20 	in use00address 
  0x9820	6e 6f 74 20 61 76 61 69 6c 61 62 6c 65 00 00 00 	not available000
  0x9830	61 6c 72 65 61 64 79 20 63 6f 6e 6e 65 63 74 65 	already connecte
  0x9840	64 00 00 00 00 00 00 00 61 72 67 75 6d 65 6e 74 	d0000000argument
  0x9850	20 6c 69 73 74 20 74 6f 6f 20 6c 6f 6e 67 00 00 	 list too long00
  0x9860	61 72 67 75 6d 65 6e 74 20 6f 75 74 20 6f 66 20 	argument out of 
  0x9870	64 6f 6d 61 69 6e 00 00 62 61 64 20 61 64 64 72 	domain00bad addr
  0x9880	65 73 73 00 00 00 00 00 62 61 64 20 66 69 6c 65 	ess00000bad file
  0x9890	20 64 65 73 63 72 69 70 74 6f 72 00 00 00 00 00 	 descriptor00000
  0x98a0	62 61 64 20 6d 65 73 73 61 67 65 00 00 00 00 00 	bad message00000
  0x98b0	62 72 6f 6b 65 6e 20 70 69 70 65 00 00 00 00 00 	broken pipe00000
  0x98c0	63 6f 6e 6e 65 63 74 69 6f 6e 20 61 62 6f 72 74 	connection abort
  0x98d0	65 64 00 00 00 00 00 00 63 6f 6e 6e 65 63 74 69 	ed000000connecti
  0x98e0	6f 6e 20 61 6c 72 65 61 64 79 20 69 6e 20 70 72 	on already in pr
  0x98f0	6f 67 72 65 73 73 00 00 63 6f 6e 6e 65 63 74 69 	ogress00connecti
  0x9900	6f 6e 20 72 65 66 75 73 65 64 00 00 00 00 00 00 	on refused000000
  0x9910	63 6f 6e 6e 65 63 74 69 6f 6e 20 72 65 73 65 74 	connection reset
  0x9920	00 00 00 00 00 00 00 00 64 65 73 74 69 6e 61 74 	00000000destinat
  0x9930	69 6f 6e 20 61 64 64 72 65 73 73 20 72 65 71 75 	ion address requ
  0x9940	69 72 65 64 00 00 00 00 65 78 65 63 75 74 61 62 	ired0000executab
  0x9950	6c 65 20 66 6f 72 6d 61 74 20 65 72 72 6f 72 00 	le format error0
  0x9960	66 69 6c 65 20 74 6f 6f 20 6c 61 72 67 65 00 00 	file too large00
  0x9970	68 6f 73 74 20 75 6e 72 65 61 63 68 61 62 6c 65 	host unreachable
  0x9980	00 00 00 00 00 00 00 00 69 64 65 6e 74 69 66 69 	00000000identifi
  0x9990	65 72 20 72 65 6d 6f 76 65 64 00 00 00 00 00 00 	er removed000000
  0x99a0	69 6c 6c 65 67 61 6c 20 62 79 74 65 20 73 65 71 	illegal byte seq
  0x99b0	75 65 6e 63 65 00 00 00 69 6e 61 70 70 72 6f 70 	uence000inapprop
  0x99c0	72 69 61 74 65 20 69 6f 20 63 6f 6e 74 72 6f 6c 	riate io control
  0x99d0	20 6f 70 65 72 61 74 69 6f 6e 00 00 00 00 00 00 	 operation000000
  0x99e0	69 6e 76 61 6c 69 64 20 73 65 65 6b 00 00 00 00 	invalid seek0000
  0x99f0	69 73 20 61 20 64 69 72 65 63 74 6f 72 79 00 00 	is a directory00
  0x9a00	6d 65 73 73 61 67 65 20 73 69 7a 65 00 00 00 00 	message size0000
  0x9a10	6e 65 74 77 6f 72 6b 20 64 6f 77 6e 00 00 00 00 	network down0000
  0x9a20	6e 65 74 77 6f 72 6b 20 72 65 73 65 74 00 00 00 	network reset000
  0x9a30	6e 65 74 77 6f 72 6b 20 75 6e 72 65 61 63 68 61 	network unreacha
  0x9a40	62 6c 65 00 00 00 00 00 6e 6f 20 62 75 66 66 65 	ble00000no buffe
  0x9a50	72 20 73 70 61 63 65 00 6e 6f 20 63 68 69 6c 64 	r space0no child
  0x9a60	20 70 72 6f 63 65 73 73 00 00 00 00 00 00 00 00 	 process00000000
  0x9a70	6e 6f 20 6c 69 6e 6b 00 6e 6f 20 6d 65 73 73 61 	no link0no messa
  0x9a80	67 65 20 61 76 61 69 6c 61 62 6c 65 00 00 00 00 	ge available0000
  0x9a90	6e 6f 20 6d 65 73 73 61 67 65 00 00 00 00 00 00 	no message000000
  0x9aa0	6e 6f 20 70 72 6f 74 6f 63 6f 6c 20 6f 70 74 69 	no protocol opti
  0x9ab0	6f 6e 00 00 00 00 00 00 6e 6f 20 73 74 72 65 61 	on000000no strea
  0x9ac0	6d 20 72 65 73 6f 75 72 63 65 73 00 00 00 00 00 	m resources00000
  0x9ad0	6e 6f 20 73 75 63 68 20 64 65 76 69 63 65 20 6f 	no such device o
  0x9ae0	72 20 61 64 64 72 65 73 73 00 00 00 00 00 00 00 	r address0000000
  0x9af0	6e 6f 20 73 75 63 68 20 70 72 6f 63 65 73 73 00 	no such process0
  0x9b00	6e 6f 74 20 61 20 64 69 72 65 63 74 6f 72 79 00 	not a directory0
  0x9b10	6e 6f 74 20 61 20 73 6f 63 6b 65 74 00 00 00 00 	not a socket0000
  0x9b20	6e 6f 74 20 61 20 73 74 72 65 61 6d 00 00 00 00 	not a stream0000
  0x9b30	6e 6f 74 20 63 6f 6e 6e 65 63 74 65 64 00 00 00 	not connected000
  0x9b40	6e 6f 74 20 73 75 70 70 6f 72 74 65 64 00 00 00 	not supported000
  0x9b50	6f 70 65 72 61 74 69 6f 6e 20 69 6e 20 70 72 6f 	operation in pro
  0x9b60	67 72 65 73 73 00 00 00 6f 70 65 72 61 74 69 6f 	gress000operatio
  0x9b70	6e 20 6e 6f 74 20 70 65 72 6d 69 74 74 65 64 00 	n not permitted0
  0x9b80	6f 70 65 72 61 74 69 6f 6e 20 6e 6f 74 20 73 75 	operation not su
  0x9b90	70 70 6f 72 74 65 64 00 6f 70 65 72 61 74 69 6f 	pported0operatio
  0x9ba0	6e 20 77 6f 75 6c 64 20 62 6c 6f 63 6b 00 00 00 	n would block000
  0x9bb0	6f 77 6e 65 72 20 64 65 61 64 00 00 00 00 00 00 	owner dead000000
  0x9bc0	70 72 6f 74 6f 63 6f 6c 20 65 72 72 6f 72 00 00 	protocol error00
  0x9bd0	70 72 6f 74 6f 63 6f 6c 20 6e 6f 74 20 73 75 70 	protocol not sup
  0x9be0	70 6f 72 74 65 64 00 00 72 65 61 64 20 6f 6e 6c 	ported00read onl
  0x9bf0	79 20 66 69 6c 65 20 73 79 73 74 65 6d 00 00 00 	y file system000
  0x9c00	72 65 73 6f 75 72 63 65 20 64 65 61 64 6c 6f 63 	resource deadloc
  0x9c10	6b 20 77 6f 75 6c 64 20 6f 63 63 75 72 00 00 00 	k would occur000
  0x9c20	72 65 73 75 6c 74 20 6f 75 74 20 6f 66 20 72 61 	result out of ra
  0x9c30	6e 67 65 00 00 00 00 00 73 74 61 74 65 20 6e 6f 	nge00000state no
  0x9c40	74 20 72 65 63 6f 76 65 72 61 62 6c 65 00 00 00 	t recoverable000
  0x9c50	73 74 72 65 61 6d 20 74 69 6d 65 6f 75 74 00 00 	stream timeout00
  0x9c60	74 65 78 74 20 66 69 6c 65 20 62 75 73 79 00 00 	text file busy00
  0x9c70	74 69 6d 65 64 20 6f 75 74 00 00 00 00 00 00 00 	timed out0000000
  0x9c80	74 6f 6f 20 6d 61 6e 79 20 66 69 6c 65 73 20 6f 	too many files o
  0x9c90	70 65 6e 20 69 6e 20 73 79 73 74 65 6d 00 00 00 	pen in system000
  0x9ca0	74 6f 6f 20 6d 61 6e 79 20 6c 69 6e 6b 73 00 00 	too many links00
  0x9cb0	74 6f 6f 20 6d 61 6e 79 20 73 79 6d 62 6f 6c 69 	too many symboli
  0x9cc0	63 20 6c 69 6e 6b 20 6c 65 76 65 6c 73 00 00 00 	c link levels000
  0x9cd0	76 61 6c 75 65 20 74 6f 6f 20 6c 61 72 67 65 00 	value too large0
  0x9ce0	77 72 6f 6e 67 20 70 72 6f 74 6f 63 6f 6c 20 74 	wrong protocol t
  0x9cf0	79 70 65 00 00 00 00 00 45 78 63 65 70 74 69 6f 	ype00000Exceptio
  0x9d00	6e 00 00 00 00 00 00 00 52 65 74 75 72 6e 48 72 	n0000000ReturnHr
  0x9d10	00 00 00 00 4c 6f 67 48 72 00 00 00 00 00 00 00 	0000LogHr0000000
  0x9d20	46 61 69 6c 46 61 73 74 00 00 00 00 00 00 00 00 	FailFast00000000
  0x9d30	25 00 68 00 73 00 28 00 25 00 75 00 29 00 5c 00 	%0h0s0(0%0u0)000
  0x9d40	25 00 68 00 73 00 21 00 25 00 70 00 3a 00 20 00 	%0h0s0!0%0p0:0 0
  0x9d50	00 00 00 00 00 00 00 00 25 00 68 00 73 00 21 00 	00000000%0h0s0!0
  0x9d60	25 00 70 00 3a 00 20 00 00 00 00 00 00 00 00 00 	%0p0:0 000000000
  0x9d70	28 00 63 00 61 00 6c 00 6c 00 65 00 72 00 3a 00 	(0c0a0l0l0e0r0:0
  0x9d80	20 00 25 00 70 00 29 00 20 00 00 00 00 00 00 00 	 0%0p0)0 0000000
  0x9d90	25 00 68 00 73 00 28 00 25 00 64 00 29 00 20 00 	%0h0s0(0%0d0)0 0
  0x9da0	74 00 69 00 64 00 28 00 25 00 78 00 29 00 20 00 	t0i0d0(0%0x0)0 0
  0x9db0	25 00 30 00 38 00 58 00 20 00 25 00 77 00 73 00 	%00080X0 0%0w0s0
  0x9dc0	00 00 00 00 00 00 00 00 20 00 20 00 20 00 20 00 	00000000 0 0 0 0
  0x9dd0	00 00 00 00 00 00 00 00 4d 00 73 00 67 00 3a 00 	00000000M0s0g0:0
  0x9de0	5b 00 25 00 77 00 73 00 5d 00 20 00 00 00 00 00 	[0%0w0s0]0 00000
  0x9df0	43 00 61 00 6c 00 6c 00 43 00 6f 00 6e 00 74 00 	C0a0l0l0C0o0n0t0
  0x9e00	65 00 78 00 74 00 3a 00 5b 00 25 00 68 00 73 00 	e0x0t0:0[0%0h0s0
  0x9e10	5d 00 20 00 00 00 00 00 5b 00 25 00 68 00 73 00 	]0 00000[0%0h0s0
  0x9e20	28 00 25 00 68 00 73 00 29 00 5d 00 0a 00 00 00 	(0%0h0s0)0]00000
  0x9e30	5b 00 25 00 68 00 73 00 5d 00 0a 00 00 00 00 00 	[0%0h0s0]0000000
  0x9e40	0a 00 00 00 00 00 00 00 6b 00 65 00 72 00 6e 00 	00000000k0e0r0n0
  0x9e50	65 00 6c 00 62 00 61 00 73 00 65 00 2e 00 64 00 	e0l0b0a0s0e0.0d0
  0x9e60	6c 00 6c 00 00 00 00 00 52 61 69 73 65 46 61 69 	l0l00000RaiseFai
  0x9e70	6c 46 61 73 74 45 78 63 65 70 74 69 6f 6e 00 00 	lFastException00
  0x9e80	77 69 6c 00 00 00 00 00 6f 6e 65 63 6f 72 65 5c 	wil00000onecore0
  0x9e90	69 6e 74 65 72 6e 61 6c 5c 73 64 6b 5c 69 6e 63 	internal0sdk0inc
  0x9ea0	5c 77 69 6c 5c 6f 70 65 6e 73 6f 75 72 63 65 5c 	0wil0opensource0
  0x9eb0	77 69 6c 5c 72 65 73 6f 75 72 63 65 2e 68 00 00 	wil0resource.h00
  0x9ec0	5f 00 70 00 30 00 00 00 68 00 00 00 00 00 00 00 	_0p00000h0000000
  0x9ed0	57 69 6c 45 72 72 6f 72 5f 30 33 00 00 00 00 00 	WilError_0300000
  0x9ee0	6e 00 74 00 64 00 6c 00 6c 00 2e 00 64 00 6c 00 	n0t0d0l0l0.0d0l0
  0x9ef0	6c 00 00 00 00 00 00 00 52 74 6c 44 6c 6c 53 68 	l0000000RtlDllSh
  0x9f00	75 74 64 6f 77 6e 49 6e 50 72 6f 67 72 65 73 73 	utdownInProgress
  0x9f10	00 00 00 00 00 00 00 00 52 74 6c 44 69 73 6f 77 	00000000RtlDisow
  0x9f20	6e 4d 6f 64 75 6c 65 48 65 61 70 41 6c 6c 6f 63 	nModuleHeapAlloc
  0x9f30	61 74 69 6f 6e 00 00 00 4c 00 6f 00 63 00 61 00 	ation000L0o0c0a0
  0x9f40	6c 00 5c 00 53 00 4d 00 30 00 3a 00 25 00 64 00 	l000S0M000:0%0d0
  0x9f50	3a 00 25 00 64 00 3a 00 25 00 68 00 73 00 00 00 	:0%0d0:0%0h0s000
  0x9f60	43 00 6c 00 6f 00 75 00 64 00 53 00 79 00 73 00 	C0l0o0u0d0S0y0s0
  0x9f70	74 00 65 00 6d 00 44 00 69 00 61 00 6c 00 6f 00 	t0e0m0D0i0a0l0o0
  0x9f80	67 00 00 00 00 00 00 00 4e 00 6f 00 4c 00 6f 00 	g0000000N0o0L0o0
  0x9f90	77 00 44 00 69 00 73 00 6b 00 53 00 70 00 61 00 	w0D0i0s0k0S0p0a0
  0x9fa0	63 00 65 00 43 00 68 00 65 00 63 00 6b 00 73 00 	c0e0C0h0e0c0k0s0
  0x9fb0	00 00 00 00 00 00 00 00 00 00 00 00 00 00 00 00 	0000000000000000
  0x9fc0	53 00 6f 00 66 00 74 00 77 00 61 00 72 00 65 00 	S0o0f0t0w0a0r0e0
  0x9fd0	5c 00 4d 00 69 00 63 00 72 00 6f 00 73 00 6f 00 	00M0i0c0r0o0s0o0
  0x9fe0	66 00 74 00 5c 00 57 00 69 00 6e 00 64 00 6f 00 	f0t000W0i0n0d0o0
  0x9ff0	77 00 73 00 5c 00 43 00 75 00 72 00 72 00 65 00 	w0s000C0u0r0r0e0
  0xa000	6e 00 74 00 56 00 65 00 72 00 73 00 69 00 6f 00 	n0t0V0e0r0s0i0o0
  0xa010	6e 00 5c 00 50 00 6f 00 6c 00 69 00 63 00 69 00 	n000P0o0l0i0c0i0
  0xa020	65 00 73 00 5c 00 45 00 78 00 70 00 6c 00 6f 00 	e0s000E0x0p0l0o0
  0xa030	72 00 65 00 72 00 00 00 00 00 00 00 00 00 00 00 	r0e0r00000000000
  0xa040	70 00 61 00 67 00 65 00 3d 00 53 00 65 00 74 00 	p0a0g0e0=0S0e0t0
  0xa050	74 00 69 00 6e 00 67 00 73 00 50 00 61 00 67 00 	t0i0n0g0s0P0a0g0
  0xa060	65 00 53 00 74 00 6f 00 72 00 61 00 67 00 65 00 	e0S0t0o0r0a0g0e0
  0xa070	53 00 65 00 6e 00 73 00 65 00 53 00 74 00 6f 00 	S0e0n0s0e0S0t0o0
  0xa080	72 00 61 00 67 00 65 00 4f 00 76 00 65 00 72 00 	r0a0g0e0O0v0e0r0
  0xa090	76 00 69 00 65 00 77 00 00 00 00 00 00 00 00 00 	v0i0e0w000000000
  0xa0a0	77 00 69 00 6e 00 64 00 6f 00 77 00 73 00 2e 00 	w0i0n0d0o0w0s0.0
  0xa0b0	69 00 6d 00 6d 00 65 00 72 00 73 00 69 00 76 00 	i0m0m0e0r0s0i0v0
  0xa0c0	65 00 63 00 6f 00 6e 00 74 00 72 00 6f 00 6c 00 	e0c0o0n0t0r0o0l0
  0xa0d0	70 00 61 00 6e 00 65 00 6c 00 5f 00 63 00 77 00 	p0a0n0e0l0_0c0w0
  0xa0e0	35 00 6e 00 31 00 68 00 32 00 74 00 78 00 79 00 	50n010h020t0x0y0
  0xa0f0	65 00 77 00 79 00 21 00 6d 00 69 00 63 00 72 00 	e0w0y0!0m0i0c0r0
  0xa100	6f 00 73 00 6f 00 66 00 74 00 2e 00 77 00 69 00 	o0s0o0f0t0.0w0i0
  0xa110	6e 00 64 00 6f 00 77 00 73 00 2e 00 69 00 6d 00 	n0d0o0w0s0.0i0m0
  0xa120	6d 00 65 00 72 00 73 00 69 00 76 00 65 00 63 00 	m0e0r0s0i0v0e0c0
  0xa130	6f 00 6e 00 74 00 72 00 6f 00 6c 00 70 00 61 00 	o0n0t0r0o0l0p0a0
  0xa140	6e 00 65 00 6c 00 00 00 4c 00 6f 00 77 00 53 00 	n0e0l000L0o0w0S0
  0xa150	74 00 6f 00 72 00 61 00 67 00 65 00 4e 00 6f 00 	t0o0r0a0g0e0N0o0
  0xa160	74 00 69 00 66 00 69 00 63 00 61 00 74 00 69 00 	t0i0f0i0c0a0t0i0
  0xa170	6f 00 6e 00 73 00 44 00 69 00 61 00 6c 00 6f 00 	o0n0s0D0i0a0l0o0
  0xa180	67 00 00 00 00 00 00 00 57 00 61 00 72 00 6e 00 	g0000000W0a0r0n0
  0xa190	69 00 6e 00 67 00 54 00 65 00 78 00 74 00 00 00 	i0n0g0T0e0x0t000
  0xa1a0	43 00 6c 00 6f 00 75 00 64 00 4e 00 6f 00 74 00 	C0l0o0u0d0N0o0t0
  0xa1b0	69 00 66 00 69 00 63 00 61 00 74 00 69 00 6f 00 	i0f0i0c0a0t0i0o0
  0xa1c0	6e 00 73 00 00 00 00 00 12 1a a3 4d 32 cc bc 49 	n0s00000000M200I
  0xa1d0	b2 cc 06 0d bc f2 ba fc 09 ce 52 44 88 04 a7 4c 	0000000000RD000L
  0xa1e0	a8 96 c4 f1 40 90 75 49 00 00 00 00 00 00 00 00 	0000@0uI00000000
  0xa1f0	c0 00 00 00 00 00 00 46 fe 17 00 6a 25 df eb 46 	0000000F000j%00F
  0xa200	8a 96 38 df 88 9c b5 b1 41 11 94 2e 97 7f 56 47 	00800000A00.00VG
  0xa210	ba 1d 9d ec de 89 4a 3d 00 00 00 00 00 00 00 00 	000000J=00000000
  0xa220	40 00 25 00 53 00 79 00 73 00 74 00 65 00 6d 00 	@0%0S0y0s0t0e0m0
  0xa230	52 00 6f 00 6f 00 74 00 25 00 5c 00 53 00 79 00 	R0o0o0t0%000S0y0
  0xa240	73 00 74 00 65 00 6d 00 33 00 32 00 5c 00 53 00 	s0t0e0m0302000S0
  0xa250	65 00 74 00 74 00 69 00 6e 00 67 00 53 00 79 00 	e0t0t0i0n0g0S0y0
  0xa260	6e 00 63 00 43 00 6f 00 72 00 65 00 2e 00 64 00 	n0c0C0o0r0e0.0d0
  0xa270	6c 00 6c 00 2c 00 2d 00 31 00 30 00 32 00 34 00 	l0l0,0-010002040
  0xa280	00 00 00 00 00 00 00 00 62 61 64 20 61 6c 6c 6f 	00000000bad allo
  0xa290	63 61 74 69 6f 6e 00 00 53 00 4b 00 59 00 44 00 	cation00S0K0Y0D0
  0xa2a0	52 00 49 00 56 00 45 00 5f 00 42 00 52 00 41 00 	R0I0V0E0_0B0R0A0
  0xa2b0	4e 00 44 00 5f 00 4e 00 41 00 4d 00 45 00 00 00 	N0D0_0N0A0M0E000
  0xa2c0	53 00 4b 00 59 00 44 00 52 00 49 00 56 00 45 00 	S0K0Y0D0R0I0V0E0
  0xa2d0	5f 00 42 00 52 00 41 00 4e 00 44 00 2d 00 4e 00 	_0B0R0A0N0D0-0N0
  0xa2e0	41 00 4d 00 45 00 00 00 53 00 4b 00 59 00 44 00 	A0M0E000S0K0Y0D0
  0xa2f0	52 00 49 00 56 00 45 00 5f 00 42 00 52 00 41 00 	R0I0V0E0_0B0R0A0
  0xa300	4e 00 44 00 5f 00 00 00 4c 76 9a 57 dd 43 62 43 	N0D0_000Lv0W0CbC
  0xa310	bb 67 5f a8 b4 a4 13 15 53 00 68 00 65 00 6c 00 	0g_00000S0h0e0l0
  0xa320	6c 00 00 00 00 00 00 00 53 00 68 00 65 00 6c 00 	l0000000S0h0e0l0
  0xa330	6c 00 53 00 74 00 79 00 6c 00 65 00 2e 00 64 00 	l0S0t0y0l0e0.0d0
  0xa340	6c 00 6c 00 00 00 00 00 00 00 00 00 00 00 00 00 	l0l0000000000000
  0xa350	25 00 53 00 79 00 73 00 74 00 65 00 6d 00 52 00 	%0S0y0s0t0e0m0R0
  0xa360	6f 00 6f 00 74 00 25 00 5c 00 53 00 79 00 73 00 	o0o0t0%000S0y0s0
  0xa370	74 00 65 00 6d 00 33 00 32 00 5c 00 53 00 68 00 	t0e0m0302000S0h0
  0xa380	65 00 6c 00 6c 00 53 00 74 00 79 00 6c 00 65 00 	e0l0l0S0t0y0l0e0
  0xa390	2e 00 64 00 6c 00 6c 00 00 00 00 00 00 00 00 00 	.0d0l0l000000000
  0xa3a0	0c 7d ec 0d 63 bd 59 47 aa 64 ad ef d7 0d cf 9a 	0}00c0YG0d000000
  0xa3b0	00 00 00 00 00 00 00 00 00 00 00 00 00 00 00 00 	0000000000000000
  0xa3c0	00 00 00 00 07 d9 a6 ee 00 00 00 00 02 00 00 00 	0000000000000000
  0xa3d0	2f 00 00 00 18 a4 00 00 18 88 00 00 00 00 00 00 	/000000000000000
  0xa3e0	07 d9 a6 ee 00 00 00 00 0d 00 00 00 14 03 00 00 	0000000000000000
  0xa3f0	48 a4 00 00 48 88 00 00 00 00 00 00 07 d9 a6 ee 	H000H00000000000
  0xa400	00 00 00 00 10 00 00 00 24 00 00 00 5c a7 00 00 	00000000$0000000
  0xa410	5c 8b 00 00 00 00 00 00 52 53 44 53 9c 1e 90 0b 	00000000RSDS0000
  0xa420	7f 8e 73 34 04 97 3a e8 00 d1 9d b0 01 00 00 00 	00s400:000000000
  0xa430	43 6c 6f 75 64 4e 6f 74 69 66 69 63 61 74 69 6f 	CloudNotificatio
  0xa440	6e 73 2e 70 64 62 00 00 47 43 54 4c 00 10 00 00 	ns.pdb00GCTL0000
  0xa450	50 01 00 00 2e 74 65 78 74 24 64 69 00 00 00 00 	P000.text$di0000
  0xa460	50 11 00 00 50 5b 00 00 2e 74 65 78 74 24 6d 6e 	P000P[00.text$mn
  0xa470	00 00 00 00 a0 6c 00 00 80 00 00 00 2e 74 65 78 	00000l000000.tex
  0xa480	74 24 6d 6e 24 30 30 00 20 6d 00 00 00 01 00 00 	t$mn$000 m000000
  0xa490	2e 74 65 78 74 24 78 00 20 6e 00 00 3f 01 00 00 	.text$x0 n00?000
  0xa4a0	2e 74 65 78 74 24 79 64 00 00 00 00 00 70 00 00 	.text$yd00000p00
  0xa4b0	04 00 00 00 2e 69 6d 72 73 69 76 00 00 80 00 00 	0000.imrsiv00000
  0xa4c0	e8 0c 00 00 2e 72 64 61 74 61 24 62 72 63 00 00 	0000.rdata$brc00
  0xa4d0	e8 8c 00 00 20 04 00 00 2e 69 64 61 74 61 24 35 	0000 000.idata$5
  0xa4e0	00 00 00 00 08 91 00 00 10 00 00 00 2e 30 30 63 	000000000000.00c
  0xa4f0	66 67 00 00 18 91 00 00 08 00 00 00 2e 43 52 54 	fg0000000000.CRT
  0xa500	24 58 43 41 00 00 00 00 20 91 00 00 08 00 00 00 	$XCA0000 0000000
  0xa510	2e 43 52 54 24 58 43 41 41 00 00 00 28 91 00 00 	.CRT$XCAA000(000
  0xa520	40 00 00 00 2e 43 52 54 24 58 43 55 00 00 00 00 	@000.CRT$XCU0000
  0xa530	68 91 00 00 08 00 00 00 2e 43 52 54 24 58 43 5a 	h0000000.CRT$XCZ
  0xa540	00 00 00 00 70 91 00 00 08 00 00 00 2e 43 52 54 	0000p0000000.CRT
  0xa550	24 58 49 41 00 00 00 00 78 91 00 00 08 00 00 00 	$XIA0000x0000000
  0xa560	2e 43 52 54 24 58 49 41 41 00 00 00 80 91 00 00 	.CRT$XIAA0000000
  0xa570	08 00 00 00 2e 43 52 54 24 58 49 59 00 00 00 00 	0000.CRT$XIY0000
  0xa580	88 91 00 00 08 00 00 00 2e 43 52 54 24 58 49 5a 	00000000.CRT$XIZ
  0xa590	00 00 00 00 90 91 00 00 14 00 00 00 2e 67 65 68 	000000000000.geh
  0xa5a0	63 6f 6e 74 00 00 00 00 a4 91 00 00 0c 01 00 00 	cont000000000000
  0xa5b0	2e 67 66 69 64 73 00 00 b0 92 00 00 10 00 00 00 	.gfids0000000000
  0xa5c0	2e 67 69 61 74 73 00 00 c0 92 00 00 58 11 00 00 	.giats000000X000
  0xa5d0	2e 72 64 61 74 61 00 00 18 a4 00 00 68 03 00 00 	.rdata000000h000
  0xa5e0	2e 72 64 61 74 61 24 7a 7a 7a 64 62 67 00 00 00 	.rdata$zzzdbg000
  0xa5f0	80 a7 00 00 28 05 00 00 2e 78 64 61 74 61 00 00 	0000(000.xdata00
  0xa600	a8 ac 00 00 80 01 00 00 2e 78 64 61 74 61 24 78 	00000000.xdata$x
  0xa610	00 00 00 00 28 ae 00 00 20 00 00 00 2e 64 69 64 	0000(000 000.did
  0xa620	61 74 24 32 00 00 00 00 48 ae 00 00 20 00 00 00 	at$20000H000 000
  0xa630	2e 64 69 64 61 74 24 33 00 00 00 00 68 ae 00 00 	.didat$30000h000
  0xa640	c8 00 00 00 2e 64 69 64 61 74 24 34 00 00 00 00 	0000.didat$40000
  0xa650	30 af 00 00 c0 04 00 00 2e 64 69 64 61 74 24 36 	00000000.didat$6
  0xa660	00 00 00 00 f0 b3 00 00 c8 00 00 00 2e 64 69 64 	000000000000.did
  0xa670	61 74 24 37 00 00 00 00 b8 b4 00 00 90 01 00 00 	at$7000000000000
  0xa680	2e 69 64 61 74 61 24 32 00 00 00 00 48 b6 00 00 	.idata$20000H000
  0xa690	18 00 00 00 2e 69 64 61 74 61 24 33 00 00 00 00 	0000.idata$30000
  0xa6a0	60 b6 00 00 20 04 00 00 2e 69 64 61 74 61 24 34 	`000 000.idata$4
  0xa6b0	00 00 00 00 80 ba 00 00 50 0a 00 00 2e 69 64 61 	00000000P000.ida
  0xa6c0	74 61 24 36 00 00 00 00 00 d0 00 00 78 00 00 00 	ta$600000000x000
  0xa6d0	2e 64 61 74 61 24 62 72 63 00 00 00 78 d0 00 00 	.data$brc000x000
  0xa6e0	c8 00 00 00 2e 64 61 74 61 24 72 24 62 72 63 00 	0000.data$r$brc0
  0xa6f0	40 d1 00 00 30 00 00 00 2e 64 61 74 61 00 00 00 	@0000000.data000
  0xa700	70 d1 00 00 38 08 00 00 2e 62 73 73 00 00 00 00 	p0008000.bss0000
  0xa710	00 e0 00 00 f4 05 00 00 2e 70 64 61 74 61 00 00 	00000000.pdata00
  0xa720	00 f0 00 00 c8 00 00 00 2e 64 69 64 61 74 24 35 	00000000.didat$5
  0xa730	00 00 00 00 00 00 01 00 50 01 00 00 2e 72 73 72 	00000000P000.rsr
  0xa740	63 24 30 31 00 00 00 00 50 01 01 00 b8 0d 00 00 	c$010000P0000000
  0xa750	2e 72 73 72 63 24 30 32 00 00 00 00 20 00 00 00 	.rsrc$020000 000
  0xa760	9c 1e 90 0b 7f 8e 73 34 04 97 3a e8 00 d1 9d b0 	000000s400:00000
  0xa770	63 af 7f 51 79 df 75 5c b8 7c f5 e4 07 d9 a6 ee 	c00Qy0u00|000000
  0xa780	01 12 05 00 12 42 0e 70 0d 60 0c 50 0b 30 00 00 	00000B0p0`0P0000
  0xa790	01 11 04 00 11 32 0d 70 0c 60 0b 30 19 25 09 00 	0000020p0`000%00
  0xa7a0	13 34 53 00 13 01 4a 00 0c f0 0a e0 08 70 07 60 	04S000J000000p0`
  0xa7b0	06 50 00 00 08 6c 00 00 40 02 00 00 01 04 01 00 	0P000l00@0000000
  0xa7c0	04 42 00 00 19 21 07 00 0f 34 31 00 0f 01 2a 00 	0B000!00041000*0
  0xa7d0	08 70 07 60 06 50 00 00 08 6c 00 00 40 01 00 00 	0p0`0P000l00@000
  0xa7e0	01 0f 06 00 0f 64 07 00 0f 34 06 00 0f 32 0b 70 	00000d000400020p
  0xa7f0	01 04 01 00 04 82 00 00 01 20 0c 00 20 64 11 00 	000000000 00 d00
  0xa800	20 54 10 00 20 34 0f 00 20 72 1c f0 1a e0 18 d0 	 T00 400 r000000
  0xa810	16 c0 14 70 01 09 03 00 09 01 18 00 02 30 00 00 	000p000000000000
  0xa820	19 22 04 00 10 01 a5 02 03 70 02 30 08 6c 00 00 	0"0000000p000l00
  0xa830	10 15 00 00 01 04 01 00 04 a2 00 00 01 14 08 00 	0000000000000000
  0xa840	14 64 0e 00 14 54 0d 00 14 34 0c 00 14 92 10 70 	0d000T000400000p
  0xa850	19 2b 0b 00 19 54 52 00 19 34 51 00 19 01 4a 00 	0+000TR004Q000J0
  0xa860	12 f0 10 e0 0e c0 0c 70 0b 60 00 00 08 6c 00 00 	0000000p0`000l00
  0xa870	40 02 00 00 01 0a 04 00 0a 64 06 00 0a 32 06 70 	@00000000d00020p
  0xa880	01 1c 0c 00 1c 64 0c 00 1c 54 0b 00 1c 34 0a 00 	00000d000T000400
  0xa890	1c 32 18 f0 16 e0 14 d0 12 c0 10 70 01 14 08 00 	02000000000p0000
  0xa8a0	14 64 08 00 14 54 07 00 14 34 06 00 14 32 10 70 	0d000T000400020p
  0xa8b0	01 1d 0c 00 1d 74 0b 00 1d 64 0a 00 1d 54 09 00 	00000t000d000T00
  0xa8c0	1d 34 08 00 1d 32 19 f0 17 e0 15 c0 01 0a 04 00 	0400020000000000
  0xa8d0	0a 34 06 00 0a 32 06 70 01 19 0a 00 19 74 09 00 	0400020p00000t00
  0xa8e0	19 64 08 00 19 54 07 00 19 34 06 00 19 32 15 e0 	0d000T0004000200
  0xa8f0	01 06 02 00 06 32 02 30 19 2c 09 00 1b 34 56 00 	000002000,0004V0
  0xa900	1b 01 4e 00 0c f0 0a e0 08 70 07 60 06 50 00 00 	00N000000p0`0P00
  0xa910	08 6c 00 00 60 02 00 00 01 18 0a 00 18 64 0a 00 	0l00`00000000d00
  0xa920	18 54 09 00 18 34 08 00 18 32 14 f0 12 e0 10 70 	0T0004000200000p
  0xa930	19 32 0b 00 21 64 52 00 21 34 50 00 21 01 4a 00 	0200!dR0!4P0!0J0
  0xa940	12 f0 10 e0 0e c0 0c 70 0b 50 00 00 08 6c 00 00 	0000000p0P000l00
  0xa950	40 02 00 00 01 0c 02 00 0c b2 08 30 01 1c 0a 00 	@000000000000000
  0xa960	1c 64 0b 00 1c 54 09 00 1c 34 08 00 1c 32 18 f0 	0d000T0004000200
  0xa970	16 e0 14 70 01 10 06 00 10 64 0b 00 10 34 0a 00 	000p00000d000400
  0xa980	10 72 0c 70 01 0a 04 00 0a 34 0a 00 0a 72 06 70 	0r0p000004000r0p
  0xa990	01 14 08 00 14 34 10 00 14 92 0d f0 0b e0 09 c0 	0000040000000000
  0xa9a0	07 70 06 50 01 0e 06 00 0e b2 07 e0 05 70 04 60 	0p0P000000000p0`
  0xa9b0	03 30 02 50 01 0a 04 00 0a 34 0d 00 0a 92 06 70 	000P00000400000p
  0xa9c0	01 10 06 00 10 64 0a 00 10 34 09 00 10 52 0c 70 	00000d0004000R0p
  0xa9d0	01 18 0a 00 18 64 0e 00 18 54 0d 00 18 34 0c 00 	00000d000T000400
  0xa9e0	18 72 14 f0 12 e0 10 70 19 30 0b 00 1f 34 62 00 	0r00000p000004b0
  0xa9f0	1f 01 58 00 10 f0 0e e0 0c d0 0a c0 08 70 07 60 	00X0000000000p0`
  0xaa00	06 50 00 00 08 6c 00 00 b0 02 00 00 01 19 0a 00 	0P000l0000000000
  0xaa10	19 74 0d 00 19 64 0c 00 19 54 0b 00 19 34 0a 00 	0t000d000T000400
  0xaa20	19 72 15 e0 19 1b 03 00 09 01 64 00 02 30 00 00 	0r00000000d00000
  0xaa30	08 6c 00 00 10 03 00 00 01 19 0a 00 19 74 0b 00 	0l00000000000t00
  0xaa40	19 64 0a 00 19 54 09 00 19 34 08 00 19 52 15 e0 	0d000T0004000R00
  0xaa50	01 1d 0c 00 1d 74 0d 00 1d 64 0c 00 1d 54 0b 00 	00000t000d000T00
  0xaa60	1d 34 0a 00 1d 52 19 f0 17 e0 15 c0 01 11 06 00 	04000R0000000000
  0xaa70	11 34 0b 00 11 52 0d 70 0c 60 0b 50 01 14 06 00 	04000R0p0`0P0000
  0xaa80	14 64 0c 00 14 34 0b 00 14 72 10 70 01 04 01 00 	0d0004000r0p0000
  0xaa90	04 62 00 00 09 1c 0b 00 1c e4 1b 00 1c 74 1a 00 	0b00000000000t00
  0xaaa0	1c 64 19 00 1c 34 18 00 1c 01 16 00 15 f0 00 00 	0d00040000000000
  0xaab0	8a 5f 00 00 01 00 00 00 3f 57 00 00 29 59 00 00 	0_000000?W00)Y00
  0xaac0	23 6d 00 00 29 59 00 00 01 06 02 00 06 32 02 50 	#m00)Y000000020P
  0xaad0	01 00 00 00 01 0c 02 00 0c 01 11 00 11 06 02 00 	0000000000000000
  0xaae0	06 32 02 30 8a 5f 00 00 01 00 00 00 c1 5b 00 00 	02000_0000000[00
  0xaaf0	06 5c 00 00 47 6d 00 00 00 00 00 00 19 0d 01 00 	0000Gm0000000000
  0xab00	04 62 00 00 cd 5f 00 00 c8 92 00 00 ff ff ff ff 	0b000_0000000000
  0xab10	00 00 00 00 ff ff ff ff 00 00 00 00 00 00 00 00 	0000000000000000
  0xab20	00 00 00 00 01 00 00 00 01 00 00 00 30 ab 00 00 	0000000000000000
  0xab30	40 00 00 00 00 00 00 00 00 00 00 00 68 6d 00 00 	@00000000000hm00
  0xab40	38 00 00 00 00 00 00 00 69 5c 00 00 00 00 00 00 	80000000i0000000
  0xab50	19 0a 02 00 0a 32 06 50 cd 5f 00 00 c8 92 00 00 	0000020P0_000000
  0xab60	09 04 01 00 04 22 00 00 8a 5f 00 00 01 00 00 00 	00000"000_000000
  0xab70	0c 5d 00 00 42 5d 00 00 01 00 00 00 42 5d 00 00 	0]00B]000000B]00
  0xab80	09 0a 04 00 0a 34 06 00 0a 32 06 70 8a 5f 00 00 	00000400020p0_00
  0xab90	01 00 00 00 1d 5e 00 00 50 5e 00 00 90 6d 00 00 	00000^00P^000m00
  0xaba0	50 5e 00 00 01 0d 04 00 0d 34 09 00 0d 32 06 50 	P^0000000400020P
  0xabb0	01 00 00 00 01 18 01 00 18 c2 00 00 19 20 05 00 	0000000000000 00
  0xabc0	18 62 14 e0 12 70 11 60 10 30 00 00 cd 5f 00 00 	0b000p0`00000_00
  0xabd0	10 93 00 00 ff ff ff ff 00 00 00 00 ff ff ff ff 	0000000000000000
  0xabe0	00 00 00 00 01 00 00 00 00 00 00 00 01 00 00 00 	0000000000000000
  0xabf0	00 00 00 00 00 00 00 00 00 00 00 00 03 00 00 00 	0000000000000000
  0xac00	01 00 00 00 1c ac 00 00 02 00 00 00 02 00 00 00 	0000000000000000
  0xac10	03 00 00 00 01 00 00 00 30 ac 00 00 40 00 00 00 	000000000000@000
  0xac20	00 00 00 00 00 00 00 00 b6 6d 00 00 38 00 00 00 	000000000m008000
  0xac30	40 00 00 00 00 00 00 00 00 00 00 00 fa 6d 00 00 	@000000000000m00
  0xac40	38 00 00 00 00 00 00 00 72 64 00 00 00 00 00 00 	80000000rd000000
  0xac50	eb 64 00 00 ff ff ff ff d9 6d 00 00 02 00 00 00 	0d0000000m000000
  0xac60	ec 6d 00 00 00 00 00 00 19 6e 00 00 03 00 00 00 	0m0000000n000000
  0xac70	19 0a 02 00 0a 32 06 50 cd 5f 00 00 10 93 00 00 	0000020P0_000000
  0xac80	01 0a 02 00 0a 32 06 30 01 06 02 00 06 52 02 30 	0000020000000R00
  0xac90	01 02 01 00 02 30 00 00 02 04 03 00 01 16 00 06 	0000000000000000
  0xaca0	04 12 00 00 00 00 00 00 00 00 00 00 20 63 00 00 	000000000000 c00
  0xacb0	00 00 00 00 c8 ac 00 00 00 00 00 00 00 00 00 00 	0000000000000000
  0xacc0	00 00 00 00 00 00 00 00 02 00 00 00 e0 ac 00 00 	0000000000000000
  0xacd0	08 ad 00 00 00 00 00 00 00 00 00 00 00 00 00 00 	0000000000000000
  0xace0	10 00 00 00 78 d0 00 00 00 00 00 00 ff ff ff ff 	0000x00000000000
  0xacf0	00 00 00 00 18 00 00 00 58 62 00 00 00 00 00 00 	00000000Xb000000
  0xad00	00 00 00 00 00 00 00 00 00 00 00 00 a0 d0 00 00 	0000000000000000
  0xad10	00 00 00 00 ff ff ff ff 00 00 00 00 18 00 00 00 	0000000000000000
  0xad20	82 6b 00 00 00 00 00 00 00 00 00 00 00 00 00 00 	0k00000000000000
  0xad30	00 00 00 00 c0 d0 00 00 00 00 00 00 ff ff ff ff 	0000000000000000
  0xad40	00 00 00 00 18 00 00 00 c0 62 00 00 00 00 00 00 	000000000b000000
  0xad50	00 00 00 00 00 00 00 00 00 00 00 00 38 63 00 00 	0000000000008c00
  0xad60	00 00 00 00 78 ad 00 00 00 00 00 00 00 00 00 00 	0000x00000000000
  0xad70	00 00 00 00 00 00 00 00 03 00 00 00 98 ad 00 00 	0000000000000000
  0xad80	30 ad 00 00 08 ad 00 00 00 00 00 00 00 00 00 00 	0000000000000000
  0xad90	00 00 00 00 00 00 00 00 00 00 00 00 e8 d0 00 00 	0000000000000000
  0xada0	00 00 00 00 ff ff ff ff 00 00 00 00 18 00 00 00 	0000000000000000
  0xadb0	c0 62 00 00 00 00 00 00 00 00 00 00 00 00 00 00 	0b00000000000000
  0xadc0	00 00 00 00 38 63 00 00 00 00 00 00 e0 ad 00 00 	00008c0000000000
  0xadd0	00 00 00 00 00 00 00 00 00 00 00 00 00 00 00 00 	0000000000000000
  0xade0	03 00 00 00 00 ae 00 00 30 ad 00 00 08 ad 00 00 	0000000000000000
  0xadf0	00 00 00 00 00 00 00 00 00 00 00 00 00 00 00 00 	0000000000000000
  0xae00	00 00 00 00 10 d1 00 00 00 00 00 00 ff ff ff ff 	0000000000000000
  0xae10	00 00 00 00 18 00 00 00 c0 62 00 00 00 00 00 00 	000000000b000000
  0xae20	00 00 00 00 00 00 00 00 01 00 00 00 00 93 00 00 	0000000000000000
  0xae30	20 d7 00 00 00 f0 00 00 68 ae 00 00 f0 b3 00 00 	 0000000h0000000
  0xae40	00 00 00 00 00 00 00 00 00 00 00 00 00 00 00 00 	0000000000000000
  0xae50	00 00 00 00 00 00 00 00 00 00 00 00 00 00 00 00 	0000000000000000
  0xae60	00 00 00 00 00 00 00 00 30 af 00 00 00 00 00 00 	0000000000000000
  0xae70	74 af 00 00 00 00 00 00 a0 af 00 00 00 00 00 00 	t000000000000000
  0xae80	be af 00 00 00 00 00 00 e6 af 00 00 00 00 00 00 	0000000000000000
  0xae90	26 b0 00 00 00 00 00 00 4e b0 00 00 00 00 00 00 	&0000000N0000000
  0xaea0	88 b0 00 00 00 00 00 00 d4 b0 00 00 00 00 00 00 	0000000000000000
  0xaeb0	16 b1 00 00 00 00 00 00 50 b1 00 00 00 00 00 00 	00000000P0000000
  0xaec0	62 b1 00 00 00 00 00 00 76 b1 00 00 00 00 00 00 	b0000000v0000000
  0xaed0	aa b1 00 00 00 00 00 00 b4 b1 00 00 00 00 00 00 	0000000000000000
  0xaee0	06 b2 00 00 00 00 00 00 14 b2 00 00 00 00 00 00 	0000000000000000
  0xaef0	24 b2 00 00 00 00 00 00 62 b2 00 00 00 00 00 00 	$0000000b0000000
  0xaf00	b8 b2 00 00 00 00 00 00 fe b2 00 00 00 00 00 00 	0000000000000000
  0xaf10	28 b3 00 00 00 00 00 00 74 b3 00 00 00 00 00 00 	(0000000t0000000
  0xaf20	c6 b3 00 00 00 00 00 00 00 00 00 00 00 00 00 00 	0000000000000000
  0xaf30	91 0c 3f 52 65 6d 6f 76 65 4c 69 73 74 65 6e 65 	00?RemoveListene
  0xaf40	72 40 45 6c 65 6d 65 6e 74 40 44 69 72 65 63 74 	r@Element@Direct
  0xaf50	55 49 40 40 51 45 41 41 58 50 45 41 55 49 45 6c 	UI@@QEAAXPEAUIEl
  0xaf60	65 6d 65 6e 74 4c 69 73 74 65 6e 65 72 40 32 40 	ementListener@2@
  0xaf70	40 5a 00 00 1a 04 3f 43 6c 69 63 6b 40 54 6f 75 	@Z0000?Click@Tou
  0xaf80	63 68 42 75 74 74 6f 6e 40 44 69 72 65 63 74 55 	chButton@DirectU
  0xaf90	49 40 40 53 41 3f 41 56 55 49 44 40 40 58 5a 00 	I@@SA?AVUID@@XZ0
  0xafa0	d1 10 52 65 67 69 73 74 65 72 50 56 4c 42 65 68 	00RegisterPVLBeh
  0xafb0	61 76 69 6f 72 46 61 63 74 6f 72 79 00 00 ad 05 	aviorFactory0000
  0xafc0	3f 45 6e 64 44 65 66 65 72 40 45 6c 65 6d 65 6e 	?EndDefer@Elemen
  0xafd0	74 40 44 69 72 65 63 74 55 49 40 40 51 45 41 41 	t@DirectUI@@QEAA
  0xafe0	58 4b 40 5a 00 00 bb 03 3f 41 64 64 4c 69 73 74 	XK@Z0000?AddList
  0xaff0	65 6e 65 72 40 45 6c 65 6d 65 6e 74 40 44 69 72 	ener@Element@Dir
  0xb000	65 63 74 55 49 40 40 51 45 41 41 4a 50 45 41 55 	ectUI@@QEAAJPEAU
  0xb010	49 45 6c 65 6d 65 6e 74 4c 69 73 74 65 6e 65 72 	IElementListener
  0xb020	40 32 40 40 5a 00 49 05 3f 44 65 73 74 72 6f 79 	@2@@Z0I0?Destroy
  0xb030	40 45 6c 65 6d 65 6e 74 40 44 69 72 65 63 74 55 	@Element@DirectU
  0xb040	49 40 40 51 45 41 41 4a 5f 4e 40 5a 00 00 9b 03 	I@@QEAAJ_N@Z0000
  0xb050	3f 41 63 63 4e 61 6d 65 50 72 6f 70 40 45 6c 65 	?AccNameProp@Ele
  0xb060	6d 65 6e 74 40 44 69 72 65 63 74 55 49 40 40 53 	ment@DirectUI@@S
  0xb070	41 50 45 42 55 50 72 6f 70 65 72 74 79 49 6e 66 	APEBUPropertyInf
  0xb080	6f 40 32 40 58 5a 00 00 53 0e 3f 53 65 74 56 61 	o@2@XZ00S0?SetVa
  0xb090	6c 75 65 40 45 6c 65 6d 65 6e 74 40 44 69 72 65 	lue@Element@Dire
  0xb0a0	63 74 55 49 40 40 51 45 41 41 4a 50 36 41 50 45 	ctUI@@QEAAJP6APE
  0xb0b0	42 55 50 72 6f 70 65 72 74 79 49 6e 66 6f 40 32 	BUPropertyInfo@2
  0xb0c0	40 58 5a 48 50 45 41 56 56 61 6c 75 65 40 32 40 	@XZHPEAVValue@2@
  0xb0d0	40 5a 00 00 22 05 3f 43 72 65 61 74 65 53 74 72 	@Z00"0?CreateStr
  0xb0e0	69 6e 67 40 56 61 6c 75 65 40 44 69 72 65 63 74 	ing@Value@Direct
  0xb0f0	55 49 40 40 53 41 50 45 41 56 31 32 40 50 45 42 	UI@@SAPEAV12@PEB
  0xb100	47 50 45 41 55 48 49 4e 53 54 41 4e 43 45 5f 5f 	GPEAUHINSTANCE__
  0xb110	40 40 40 5a 00 00 31 04 3f 43 6f 6e 74 65 6e 74 	@@@Z0010?Content
  0xb120	50 72 6f 70 40 45 6c 65 6d 65 6e 74 40 44 69 72 	Prop@Element@Dir
  0xb130	65 63 74 55 49 40 40 53 41 50 45 42 55 50 72 6f 	ectUI@@SAPEBUPro
  0xb140	70 65 72 74 79 49 6e 66 6f 40 32 40 58 5a 00 00 	pertyInfo@2@XZ00
  0xb150	c0 10 49 6e 69 74 50 72 6f 63 65 73 73 50 72 69 	00InitProcessPri
  0xb160	76 00 de 10 55 6e 49 6e 69 74 50 72 6f 63 65 73 	v000UnInitProces
  0xb170	73 50 72 69 76 00 cc 05 3f 46 69 6e 64 44 65 73 	sPriv000?FindDes
  0xb180	63 65 6e 64 65 6e 74 40 45 6c 65 6d 65 6e 74 40 	cendent@Element@
  0xb190	44 69 72 65 63 74 55 49 40 40 51 45 41 41 50 45 	DirectUI@@QEAAPE
  0xb1a0	41 56 31 32 40 47 40 5a 00 00 d9 10 53 74 72 54 	AV12@G@Z0000StrT
  0xb1b0	6f 49 44 00 fb 04 3f 43 72 65 61 74 65 45 6c 65 	oID000?CreateEle
  0xb1c0	6d 65 6e 74 40 44 55 49 58 6d 6c 50 61 72 73 65 	ment@DUIXmlParse
  0xb1d0	72 40 44 69 72 65 63 74 55 49 40 40 51 45 41 41 	r@DirectUI@@QEAA
  0xb1e0	4a 50 45 42 47 50 45 41 56 45 6c 65 6d 65 6e 74 	JPEBGPEAVElement
  0xb1f0	40 32 40 31 50 45 41 4b 50 45 41 50 45 41 56 33 	@2@1PEAKPEAPEAV3
  0xb200	32 40 40 5a 00 00 c1 10 49 6e 69 74 54 68 72 65 	2@@Z0000InitThre
  0xb210	61 64 00 00 df 10 55 6e 49 6e 69 74 54 68 72 65 	ad0000UnInitThre
  0xb220	61 64 00 00 5f 08 3f 47 65 74 53 68 65 65 74 40 	ad00_0?GetSheet@
  0xb230	44 55 49 58 6d 6c 50 61 72 73 65 72 40 44 69 72 	DUIXmlParser@Dir
  0xb240	65 63 74 55 49 40 40 51 45 41 41 4a 50 45 42 47 	ectUI@@QEAAJPEBG
  0xb250	50 45 41 50 45 41 56 56 61 6c 75 65 40 32 40 40 	PEAPEAVValue@2@@
  0xb260	5a 00 74 04 3f 43 72 65 61 74 65 40 44 55 49 58 	Z0t0?Create@DUIX
  0xb270	6d 6c 50 61 72 73 65 72 40 44 69 72 65 63 74 55 	mlParser@DirectU
  0xb280	49 40 40 53 41 4a 50 45 41 50 45 41 56 31 32 40 	I@@SAJPEAPEAV12@
  0xb290	50 36 41 50 45 41 56 56 61 6c 75 65 40 32 40 50 	P6APEAVValue@2@P
  0xb2a0	45 42 47 50 45 41 58 40 5a 32 50 36 41 58 31 31 	EBGPEAX@Z2P6AX11
  0xb2b0	48 32 40 5a 32 40 5a 00 0c 0e 3f 53 65 74 52 6f 	H2@Z2@Z000?SetRo
  0xb2c0	6f 74 57 69 6e 64 6f 77 46 6f 72 54 68 65 6d 69 	otWindowForThemi
  0xb2d0	6e 67 40 44 55 49 58 6d 6c 50 61 72 73 65 72 40 	ng@DUIXmlParser@
  0xb2e0	44 69 72 65 63 74 55 49 40 40 51 45 41 41 58 50 	DirectUI@@QEAAXP
  0xb2f0	45 41 55 48 57 4e 44 5f 5f 40 40 40 5a 00 48 05 	EAUHWND__@@@Z0H0
  0xb300	3f 44 65 73 74 72 6f 79 40 44 55 49 58 6d 6c 50 	?Destroy@DUIXmlP
  0xb310	61 72 73 65 72 40 44 69 72 65 63 74 55 49 40 40 	arser@DirectUI@@
  0xb320	51 45 41 41 58 58 5a 00 6a 0e 3f 53 65 74 58 4d 	QEAAXXZ0j0?SetXM
  0xb330	4c 46 72 6f 6d 52 65 73 6f 75 72 63 65 40 44 55 	LFromResource@DU
  0xb340	49 58 6d 6c 50 61 72 73 65 72 40 44 69 72 65 63 	IXmlParser@Direc
  0xb350	74 55 49 40 40 51 45 41 41 4a 50 45 42 47 50 45 	tUI@@QEAAJPEBGPE
  0xb360	41 55 48 49 4e 53 54 41 4e 43 45 5f 5f 40 40 31 	AUHINSTANCE__@@1
  0xb370	40 5a 00 00 6b 0e 3f 53 65 74 58 4d 4c 46 72 6f 	@Z00k0?SetXMLFro
  0xb380	6d 52 65 73 6f 75 72 63 65 57 69 74 68 54 68 65 	mResourceWithThe
  0xb390	6d 65 40 44 55 49 58 6d 6c 50 61 72 73 65 72 40 	me@DUIXmlParser@
  0xb3a0	44 69 72 65 63 74 55 49 40 40 51 45 41 41 4a 49 	DirectUI@@QEAAJI
  0xb3b0	50 45 41 55 48 49 4e 53 54 41 4e 43 45 5f 5f 40 	PEAUHINSTANCE__@
  0xb3c0	40 30 30 40 5a 00 82 0c 3f 52 65 6c 65 61 73 65 	@00@Z000?Release
  0xb3d0	40 56 61 6c 75 65 40 44 69 72 65 63 74 55 49 40 	@Value@DirectUI@
  0xb3e0	40 51 45 41 41 58 58 5a 00 00 00 00 00 00 00 00 	@QEAAXXZ00000000
  0xb3f0	00 00 00 00 00 00 00 00 00 00 00 00 00 00 00 00 	0000000000000000
  0xb400	00 00 00 00 00 00 00 00 00 00 00 00 00 00 00 00 	0000000000000000
  0xb410	00 00 00 00 00 00 00 00 00 00 00 00 00 00 00 00 	0000000000000000
  0xb420	00 00 00 00 00 00 00 00 00 00 00 00 00 00 00 00 	0000000000000000
  0xb430	00 00 00 00 00 00 00 00 00 00 00 00 00 00 00 00 	0000000000000000
  0xb440	00 00 00 00 00 00 00 00 00 00 00 00 00 00 00 00 	0000000000000000
  0xb450	00 00 00 00 00 00 00 00 00 00 00 00 00 00 00 00 	0000000000000000
  0xb460	00 00 00 00 00 00 00 00 00 00 00 00 00 00 00 00 	0000000000000000
  0xb470	00 00 00 00 00 00 00 00 00 00 00 00 00 00 00 00 	0000000000000000
  0xb480	00 00 00 00 00 00 00 00 00 00 00 00 00 00 00 00 	0000000000000000
  0xb490	00 00 00 00 00 00 00 00 00 00 00 00 00 00 00 00 	0000000000000000
  0xb4a0	00 00 00 00 00 00 00 00 00 00 00 00 00 00 00 00 	0000000000000000
  0xb4b0	00 00 00 00 00 00 00 00 60 b6 00 00 00 00 00 00 	00000000`0000000
  0xb4c0	00 00 00 00 b2 ba 00 00 e8 8c 00 00 80 b6 00 00 	0000000000000000
  0xb4d0	00 00 00 00 00 00 00 00 ae bc 00 00 08 8d 00 00 	0000000000000000
  0xb4e0	98 b7 00 00 00 00 00 00 00 00 00 00 f2 bc 00 00 	0000000000000000
  0xb4f0	20 8e 00 00 48 b9 00 00 00 00 00 00 00 00 00 00 	 000H00000000000
  0xb500	e6 bd 00 00 d0 8f 00 00 70 b7 00 00 00 00 00 00 	00000000p0000000
  0xb510	00 00 00 00 7c be 00 00 f8 8d 00 00 c8 b7 00 00 	0000|00000000000
  0xb520	00 00 00 00 00 00 00 00 6a c1 00 00 50 8e 00 00 	00000000j000P000
  0xb530	f8 b8 00 00 00 00 00 00 00 00 00 00 8a c1 00 00 	0000000000000000
  0xb540	80 8f 00 00 08 b9 00 00 00 00 00 00 00 00 00 00 	0000000000000000
  0xb550	b2 c1 00 00 90 8f 00 00 d0 b8 00 00 00 00 00 00 	0000000000000000
  0xb560	00 00 00 00 da c1 00 00 58 8f 00 00 48 b8 00 00 	00000000X000H000
  0xb570	00 00 00 00 00 00 00 00 fc c1 00 00 d0 8e 00 00 	0000000000000000
  0xb580	98 b8 00 00 00 00 00 00 00 00 00 00 26 c2 00 00 	000000000000&000
  0xb590	20 8f 00 00 00 b8 00 00 00 00 00 00 00 00 00 00 	 000000000000000
  0xb5a0	4c c2 00 00 88 8e 00 00 88 b8 00 00 00 00 00 00 	L000000000000000
  0xb5b0	00 00 00 00 76 c2 00 00 10 8f 00 00 e0 b8 00 00 	0000v00000000000
  0xb5c0	00 00 00 00 00 00 00 00 9a c2 00 00 68 8f 00 00 	000000000000h000
  0xb5d0	18 b9 00 00 00 00 00 00 00 00 00 00 be c2 00 00 	0000000000000000
  0xb5e0	a0 8f 00 00 b8 b8 00 00 00 00 00 00 00 00 00 00 	0000000000000000
  0xb5f0	e6 c2 00 00 40 8f 00 00 20 b8 00 00 00 00 00 00 	0000@000 0000000
  0xb600	00 00 00 00 08 c3 00 00 a8 8e 00 00 38 b8 00 00 	0000000000008000
  0xb610	00 00 00 00 00 00 00 00 32 c3 00 00 c0 8e 00 00 	0000000020000000
  0xb620	70 ba 00 00 00 00 00 00 00 00 00 00 74 c3 00 00 	p00000000000t000
  0xb630	f8 90 00 00 b8 b7 00 00 00 00 00 00 00 00 00 00 	0000000000000000
  0xb640	94 c3 00 00 40 8e 00 00 00 00 00 00 00 00 00 00 	0000@00000000000
  0xb650	00 00 00 00 00 00 00 00 00 00 00 00 00 00 00 00 	0000000000000000
  0xb660	92 ba 00 00 00 00 00 00 a4 ba 00 00 00 00 00 00 	0000000000000000
  0xb670	80 ba 00 00 00 00 00 00 00 00 00 00 00 00 00 00 	0000000000000000
  0xb680	ec ba 00 00 00 00 00 00 f8 ba 00 00 00 00 00 00 	0000000000000000
  0xb690	08 bb 00 00 00 00 00 00 1c bb 00 00 00 00 00 00 	0000000000000000
  0xb6a0	32 bb 00 00 00 00 00 00 48 bb 00 00 00 00 00 00 	20000000H0000000
  0xb6b0	5e bb 00 00 00 00 00 00 6e bb 00 00 00 00 00 00 	^0000000n0000000
  0xb6c0	80 bb 00 00 00 00 00 00 90 bb 00 00 00 00 00 00 	0000000000000000
  0xb6d0	a6 bb 00 00 00 00 00 00 be bb 00 00 00 00 00 00 	0000000000000000
  0xb6e0	d0 bb 00 00 00 00 00 00 d6 ba 00 00 00 00 00 00 	0000000000000000
  0xb6f0	ea bb 00 00 00 00 00 00 fc bb 00 00 00 00 00 00 	0000000000000000
  0xb700	0e bc 00 00 00 00 00 00 24 bc 00 00 00 00 00 00 	00000000$0000000
  0xb710	36 bc 00 00 00 00 00 00 4a bc 00 00 00 00 00 00 	60000000J0000000
  0xb720	58 bc 00 00 00 00 00 00 6c bc 00 00 00 00 00 00 	X0000000l0000000
  0xb730	7c bc 00 00 00 00 00 00 8c bc 00 00 00 00 00 00 	|000000000000000
  0xb740	9c bc 00 00 00 00 00 00 c0 ba 00 00 00 00 00 00 	0000000000000000
  0xb750	a0 c3 00 00 00 00 00 00 b8 c3 00 00 00 00 00 00 	0000000000000000
  0xb760	de bb 00 00 00 00 00 00 00 00 00 00 00 00 00 00 	0000000000000000
  0xb770	46 be 00 00 00 00 00 00 e7 01 00 00 00 00 00 80 	F000000000000000
  0xb780	6e be 00 00 00 00 00 00 58 be 00 00 00 00 00 00 	n0000000X0000000
  0xb790	00 00 00 00 00 00 00 00 de bc 00 00 00 00 00 00 	0000000000000000
  0xb7a0	ca bc 00 00 00 00 00 00 bc bc 00 00 00 00 00 00 	0000000000000000
  0xb7b0	00 00 00 00 00 00 00 00 7e c3 00 00 00 00 00 00 	00000000~0000000
  0xb7c0	00 00 00 00 00 00 00 00 d0 be 00 00 00 00 00 00 	0000000000000000
  0xb7d0	e2 be 00 00 00 00 00 00 88 be 00 00 00 00 00 00 	0000000000000000
  0xb7e0	be be 00 00 00 00 00 00 aa be 00 00 00 00 00 00 	0000000000000000
  0xb7f0	9a be 00 00 00 00 00 00 00 00 00 00 00 00 00 00 	0000000000000000
  0xb800	90 bf 00 00 00 00 00 00 ac bf 00 00 00 00 00 00 	0000000000000000
  0xb810	9a c0 00 00 00 00 00 00 00 00 00 00 00 00 00 00 	0000000000000000
  0xb820	c8 c0 00 00 00 00 00 00 da c0 00 00 00 00 00 00 	0000000000000000
  0xb830	00 00 00 00 00 00 00 00 e8 c0 00 00 00 00 00 00 	0000000000000000
  0xb840	00 00 00 00 00 00 00 00 3c bf 00 00 00 00 00 00 	00000000<0000000
  0xb850	ca bf 00 00 00 00 00 00 de bf 00 00 00 00 00 00 	0000000000000000
  0xb860	12 c1 00 00 00 00 00 00 04 c1 00 00 00 00 00 00 	0000000000000000
  0xb870	28 c1 00 00 00 00 00 00 1e c1 00 00 00 00 00 00 	(000000000000000
  0xb880	00 00 00 00 00 00 00 00 f2 bf 00 00 00 00 00 00 	0000000000000000
  0xb890	00 00 00 00 00 00 00 00 4e bf 00 00 00 00 00 00 	00000000N0000000
  0xb8a0	62 bf 00 00 00 00 00 00 7c bf 00 00 00 00 00 00 	b0000000|0000000
  0xb8b0	00 00 00 00 00 00 00 00 36 c1 00 00 00 00 00 00 	0000000060000000
  0xb8c0	50 c1 00 00 00 00 00 00 00 00 00 00 00 00 00 00 	P000000000000000
  0xb8d0	34 bf 00 00 00 00 00 00 00 00 00 00 00 00 00 00 	4000000000000000
  0xb8e0	0c c0 00 00 00 00 00 00 26 c0 00 00 00 00 00 00 	00000000&0000000
  0xb8f0	00 00 00 00 00 00 00 00 f6 be 00 00 00 00 00 00 	0000000000000000
  0xb900	00 00 00 00 00 00 00 00 10 bf 00 00 00 00 00 00 	0000000000000000
  0xb910	00 00 00 00 00 00 00 00 36 c0 00 00 00 00 00 00 	0000000060000000
  0xb920	ac c0 00 00 00 00 00 00 6c c0 00 00 00 00 00 00 	00000000l0000000
  0xb930	4c c0 00 00 00 00 00 00 84 c0 00 00 00 00 00 00 	L000000000000000
  0xb940	00 00 00 00 00 00 00 00 12 be 00 00 00 00 00 00 	0000000000000000
  0xb950	04 be 00 00 00 00 00 00 ae c4 00 00 00 00 00 00 	0000000000000000
  0xb960	fa bd 00 00 00 00 00 00 1c be 00 00 00 00 00 00 	0000000000000000
  0xb970	32 be 00 00 00 00 00 00 f2 bd 00 00 00 00 00 00 	2000000000000000
  0xb980	da bd 00 00 00 00 00 00 d0 bd 00 00 00 00 00 00 	0000000000000000
  0xb990	c6 bd 00 00 00 00 00 00 ae bd 00 00 00 00 00 00 	0000000000000000
  0xb9a0	a2 bd 00 00 00 00 00 00 a4 c4 00 00 00 00 00 00 	0000000000000000
  0xb9b0	c6 c4 00 00 00 00 00 00 8e bd 00 00 00 00 00 00 	0000000000000000
  0xb9c0	84 bd 00 00 00 00 00 00 7c bd 00 00 00 00 00 00 	00000000|0000000
  0xb9d0	74 bd 00 00 00 00 00 00 62 bd 00 00 00 00 00 00 	t0000000b0000000
  0xb9e0	50 bd 00 00 00 00 00 00 42 bd 00 00 00 00 00 00 	P0000000B0000000
  0xb9f0	34 bd 00 00 00 00 00 00 28 bd 00 00 00 00 00 00 	40000000(0000000
  0xba00	18 bd 00 00 00 00 00 00 0c bd 00 00 00 00 00 00 	0000000000000000
  0xba10	fe bc 00 00 00 00 00 00 d0 c3 00 00 00 00 00 00 	0000000000000000
  0xba20	da c3 00 00 00 00 00 00 e4 c3 00 00 00 00 00 00 	0000000000000000
  0xba30	f0 c3 00 00 00 00 00 00 10 c4 00 00 00 00 00 00 	0000000000000000
  0xba40	30 c4 00 00 00 00 00 00 4e c4 00 00 00 00 00 00 	00000000N0000000
  0xba50	66 c4 00 00 00 00 00 00 84 c4 00 00 00 00 00 00 	f000000000000000
  0xba60	9a c4 00 00 00 00 00 00 00 00 00 00 00 00 00 00 	0000000000000000
  0xba70	60 c3 00 00 00 00 00 00 00 00 00 00 00 00 00 00 	`000000000000000
  0xba80	64 02 52 65 67 43 72 65 61 74 65 4b 65 79 45 78 	d0RegCreateKeyEx
  0xba90	57 00 a9 02 52 65 67 53 65 74 56 61 6c 75 65 45 	W000RegSetValueE
  0xbaa0	78 57 00 00 5b 02 52 65 67 43 6c 6f 73 65 4b 65 	xW00[0RegCloseKe
  0xbab0	79 00 41 44 56 41 50 49 33 32 2e 64 6c 6c 00 00 	y0ADVAPI32.dll00
  0xbac0	7c 02 47 65 74 4d 6f 64 75 6c 65 46 69 6c 65 4e 	|0GetModuleFileN
  0xbad0	61 6d 65 41 00 00 ee 00 43 72 65 61 74 65 53 65 	ameA0000CreateSe
  0xbae0	6d 61 70 68 6f 72 65 45 78 57 00 00 55 03 48 65 	maphoreExW00U0He
  0xbaf0	61 70 46 72 65 65 00 00 41 05 53 65 74 4c 61 73 	apFree00A0SetLas
  0xbb00	74 45 72 72 6f 72 00 00 ba 04 52 65 6c 65 61 73 	tError0000Releas
  0xbb10	65 53 65 6d 61 70 68 6f 72 65 00 00 80 02 47 65 	eSemaphore0000Ge
  0xbb20	74 4d 6f 64 75 6c 65 48 61 6e 64 6c 65 45 78 57 	tModuleHandleExW
  0xbb30	00 00 ea 05 57 61 69 74 46 6f 72 53 69 6e 67 6c 	0000WaitForSingl
  0xbb40	65 4f 62 6a 65 63 74 00 25 02 47 65 74 43 75 72 	eObject0%0GetCur
  0xbb50	72 65 6e 74 54 68 72 65 61 64 49 64 00 00 b6 04 	rentThreadId0000
  0xbb60	52 65 6c 65 61 73 65 4d 75 74 65 78 00 00 b0 01 	ReleaseMutex0000
  0xbb70	46 6f 72 6d 61 74 4d 65 73 73 61 67 65 57 00 00 	FormatMessageW00
  0xbb80	6a 02 47 65 74 4c 61 73 74 45 72 72 6f 72 00 00 	j0GetLastError00
  0xbb90	1e 04 4f 75 74 70 75 74 44 65 62 75 67 53 74 72 	00OutputDebugStr
  0xbba0	69 6e 67 57 00 00 eb 05 57 61 69 74 46 6f 72 53 	ingW0000WaitForS
  0xbbb0	69 6e 67 6c 65 4f 62 6a 65 63 74 45 78 00 16 04 	ingleObjectEx000
  0xbbc0	4f 70 65 6e 53 65 6d 61 70 68 6f 72 65 57 00 00 	OpenSemaphoreW00
  0xbbd0	89 00 43 6c 6f 73 65 48 61 6e 64 6c 65 00 51 03 	00CloseHandle0Q0
  0xbbe0	48 65 61 70 41 6c 6c 6f 63 00 b8 02 47 65 74 50 	HeapAlloc000GetP
  0xbbf0	72 6f 63 41 64 64 72 65 73 73 00 00 dc 00 43 72 	rocAddress0000Cr
  0xbc00	65 61 74 65 4d 75 74 65 78 45 78 57 00 00 21 02 	eateMutexExW00!0
  0xbc10	47 65 74 43 75 72 72 65 6e 74 50 72 6f 63 65 73 	GetCurrentProces
  0xbc20	73 49 64 00 be 02 47 65 74 50 72 6f 63 65 73 73 	sId000GetProcess
  0xbc30	48 65 61 70 00 00 81 02 47 65 74 4d 6f 64 75 6c 	Heap0000GetModul
  0xbc40	65 48 61 6e 64 6c 65 57 00 00 0a 01 44 65 62 75 	eHandleW0000Debu
  0xbc50	67 42 72 65 61 6b 00 00 85 03 49 73 44 65 62 75 	gBreak0000IsDebu
  0xbc60	67 67 65 72 50 72 65 73 65 6e 74 00 dd 00 43 72 	ggerPresent000Cr
  0xbc70	65 61 74 65 4d 75 74 65 78 57 00 00 e2 03 4c 6f 	eateMutexW0000Lo
  0xbc80	63 6b 52 65 73 6f 75 72 63 65 00 00 ce 03 4c 6f 	ckResource0000Lo
  0xbc90	61 64 52 65 73 6f 75 72 63 65 00 00 9e 01 46 69 	adResource0000Fi
  0xbca0	6e 64 52 65 73 6f 75 72 63 65 45 78 57 00 4b 45 	ndResourceExW0KE
  0xbcb0	52 4e 45 4c 33 32 2e 64 6c 6c 00 00 89 01 47 65 	RNEL32.dll0000Ge
  0xbcc0	74 4d 65 73 73 61 67 65 57 00 ad 03 54 72 61 6e 	tMessageW000Tran
  0xbcd0	73 6c 61 74 65 4d 65 73 73 61 67 65 00 00 bd 00 	slateMessage0000
  0xbce0	44 69 73 70 61 74 63 68 4d 65 73 73 61 67 65 57 	DispatchMessageW
  0xbcf0	00 00 55 53 45 52 33 32 2e 64 6c 6c 00 00 69 03 	00USER32.dll00i0
  0xbd00	5f 76 73 6e 77 70 72 69 6e 74 66 00 93 04 6d 65 	_vsnwprintf000me
  0xbd10	6d 63 70 79 5f 73 00 00 14 00 3f 3f 33 40 59 41 	mcpy_s0000??3@YA
  0xbd20	58 50 45 41 58 40 5a 00 9e 02 5f 70 75 72 65 63 	XPEAX@Z000_purec
  0xbd30	61 6c 6c 00 55 00 5f 58 63 70 74 46 69 6c 74 65 	all0U0_XcptFilte
  0xbd40	72 00 ae 00 5f 61 6d 73 67 5f 65 78 69 74 00 00 	r000_amsg_exit00
  0xbd50	9d 00 5f 5f 77 67 65 74 6d 61 69 6e 61 72 67 73 	00__wgetmainargs
  0xbd60	00 00 8e 00 5f 5f 73 65 74 5f 61 70 70 5f 74 79 	0000__set_app_ty
  0xbd70	70 65 00 00 32 04 65 78 69 74 00 00 0e 01 5f 65 	pe0020exit0000_e
  0xbd80	78 69 74 00 c1 00 5f 63 65 78 69 74 00 00 90 00 	xit000_cexit0000
  0xbd90	5f 5f 73 65 74 75 73 65 72 6d 61 74 68 65 72 72 	__setusermatherr
  0xbda0	00 00 7d 01 5f 69 6e 69 74 74 65 72 6d 00 57 00 	00}0_initterm0W0
  0xbdb0	5f 5f 43 5f 73 70 65 63 69 66 69 63 5f 68 61 6e 	__C_specific_han
  0xbdc0	64 6c 65 72 00 00 82 03 5f 77 63 6d 64 6c 6e 00 	dler0000_wcmdln0
  0xbdd0	27 01 5f 66 6d 6f 64 65 00 00 d2 00 5f 63 6f 6d 	'0_fmode0000_com
  0xbde0	6d 6f 64 65 00 00 6d 73 76 63 72 74 2e 64 6c 6c 	mode00msvcrt.dll
  0xbdf0	00 00 e6 01 5f 6c 6f 63 6b 00 41 03 5f 75 6e 6c 	0000_lock0A0_unl
  0xbe00	6f 63 6b 00 7b 00 5f 5f 64 6c 6c 6f 6e 65 78 69 	ock0{0__dllonexi
  0xbe10	74 00 90 02 5f 6f 6e 65 78 69 74 00 5b 00 5f 5f 	t000_onexit0[0__
  0xbe20	43 78 78 46 72 61 6d 65 48 61 6e 64 6c 65 72 33 	CxxFrameHandler3
  0xbe30	00 00 2f 00 3f 74 65 72 6d 69 6e 61 74 65 40 40 	00/0?terminate@@
  0xbe40	59 41 58 58 5a 00 c5 00 53 48 47 65 74 54 68 72 	YAXXZ000SHGetThr
  0xbe50	65 61 64 52 65 66 00 00 8f 00 50 61 74 68 52 65 	eadRef0000PathRe
  0xbe60	6d 6f 76 65 46 69 6c 65 53 70 65 63 57 00 37 00 	moveFileSpecW070
  0xbe70	50 61 74 68 41 70 70 65 6e 64 57 00 53 48 4c 57 	PathAppendW0SHLW
  0xbe80	41 50 49 2e 64 6c 6c 00 42 00 43 6f 54 61 73 6b 	API.dll0B0CoTask
  0xbe90	4d 65 6d 41 6c 6c 6f 63 00 00 43 00 43 6f 54 61 	MemAlloc00C0CoTa
  0xbea0	73 6b 4d 65 6d 46 72 65 65 00 09 00 43 6f 43 72 	skMemFree000CoCr
  0xbeb0	65 61 74 65 49 6e 73 74 61 6e 63 65 00 00 28 00 	eateInstance00(0
  0xbec0	43 6f 49 6e 69 74 69 61 6c 69 7a 65 45 78 00 00 	CoInitializeEx00
  0xbed0	46 00 43 6f 55 6e 69 6e 69 74 69 61 6c 69 7a 65 	F0CoUninitialize
  0xbee0	00 00 44 00 43 6f 54 61 73 6b 4d 65 6d 52 65 61 	00D0CoTaskMemRea
  0xbef0	6c 6c 6f 63 00 00 12 00 53 65 74 52 65 73 74 72 	lloc0000SetRestr
  0xbf00	69 63 74 65 64 45 72 72 6f 72 49 6e 66 6f 00 00 	ictedErrorInfo00
  0xbf10	06 00 52 6f 47 65 74 4d 61 74 63 68 69 6e 67 52 	00RoGetMatchingR
  0xbf20	65 73 74 72 69 63 74 65 64 45 72 72 6f 72 49 6e 	estrictedErrorIn
  0xbf30	66 6f 00 00 2d 00 53 6c 65 65 70 00 20 00 47 65 	fo00-0Sleep0 0Ge
  0xbf40	74 53 74 61 72 74 75 70 49 6e 66 6f 57 00 02 00 	tStartupInfoW000
  0xbf50	52 74 6c 43 61 70 74 75 72 65 43 6f 6e 74 65 78 	RtlCaptureContex
  0xbf60	74 00 0a 00 52 74 6c 4c 6f 6f 6b 75 70 46 75 6e 	t000RtlLookupFun
  0xbf70	63 74 69 6f 6e 45 6e 74 72 79 00 00 10 00 52 74 	ctionEntry0000Rt
  0xbf80	6c 56 69 72 74 75 61 6c 55 6e 77 69 6e 64 00 00 	lVirtualUnwind00
  0xbf90	11 00 55 6e 68 61 6e 64 6c 65 64 45 78 63 65 70 	00UnhandledExcep
  0xbfa0	74 69 6f 6e 46 69 6c 74 65 72 00 00 0f 00 53 65 	tionFilter0000Se
  0xbfb0	74 55 6e 68 61 6e 64 6c 65 64 45 78 63 65 70 74 	tUnhandledExcept
  0xbfc0	69 6f 6e 46 69 6c 74 65 72 00 0c 00 47 65 74 43 	ionFilter000GetC
  0xbfd0	75 72 72 65 6e 74 50 72 6f 63 65 73 73 00 4f 00 	urrentProcess0O0
  0xbfe0	54 65 72 6d 69 6e 61 74 65 50 72 6f 63 65 73 73 	TerminateProcess
  0xbff0	00 00 00 00 51 75 65 72 79 50 65 72 66 6f 72 6d 	0000QueryPerform
  0xc000	61 6e 63 65 43 6f 75 6e 74 65 72 00 16 00 47 65 	anceCounter000Ge
  0xc010	74 53 79 73 74 65 6d 54 69 6d 65 41 73 46 69 6c 	tSystemTimeAsFil
  0xc020	65 54 69 6d 65 00 1a 00 47 65 74 54 69 63 6b 43 	eTime000GetTickC
  0xc030	6f 75 6e 74 00 00 0a 00 57 69 6e 64 6f 77 73 43 	ount0000WindowsC
  0xc040	72 65 61 74 65 53 74 72 69 6e 67 00 0b 00 57 69 	reateString000Wi
  0xc050	6e 64 6f 77 73 43 72 65 61 74 65 53 74 72 69 6e 	ndowsCreateStrin
  0xc060	67 52 65 66 65 72 65 6e 63 65 00 00 16 00 57 69 	gReference0000Wi
  0xc070	6e 64 6f 77 73 52 65 70 6c 61 63 65 53 74 72 69 	ndowsReplaceStri
  0xc080	6e 67 00 00 0c 00 57 69 6e 64 6f 77 73 44 65 6c 	ng0000WindowsDel
  0xc090	65 74 65 53 74 72 69 6e 67 00 07 00 52 61 69 73 	eteString000Rais
  0xc0a0	65 45 78 63 65 70 74 69 6f 6e 00 00 10 00 57 69 	eException0000Wi
  0xc0b0	6e 64 6f 77 73 47 65 74 53 74 72 69 6e 67 52 61 	ndowsGetStringRa
  0xc0c0	77 42 75 66 66 65 72 00 18 00 4c 6f 61 64 4c 69 	wBuffer000LoadLi
  0xc0d0	62 72 61 72 79 45 78 57 00 00 0c 00 46 72 65 65 	braryExW0000Free
  0xc0e0	4c 69 62 72 61 72 79 00 01 00 45 78 70 61 6e 64 	Library000Expand
  0xc0f0	45 6e 76 69 72 6f 6e 6d 65 6e 74 53 74 72 69 6e 	EnvironmentStrin
  0xc100	67 73 57 00 53 00 54 6c 73 47 65 74 56 61 6c 75 	gsW0S0TlsGetValu
  0xc110	65 00 51 00 54 6c 73 41 6c 6c 6f 63 00 00 52 00 	e0Q0TlsAlloc00R0
  0xc120	54 6c 73 46 72 65 65 00 54 00 54 6c 73 53 65 74 	TlsFree0T0TlsSet
  0xc130	56 61 6c 75 65 00 00 00 41 63 71 75 69 72 65 53 	Value000AcquireS
  0xc140	52 57 4c 6f 63 6b 45 78 63 6c 75 73 69 76 65 00 	RWLockExclusive0
  0xc150	24 00 52 65 6c 65 61 73 65 53 52 57 4c 6f 63 6b 	$0ReleaseSRWLock
  0xc160	45 78 63 6c 75 73 69 76 65 00 61 70 69 2d 6d 73 	Exclusive0api-ms
  0xc170	2d 77 69 6e 2d 63 6f 72 65 2d 63 6f 6d 2d 6c 31 	-win-core-com-l1
  0xc180	2d 31 2d 30 2e 64 6c 6c 00 00 61 70 69 2d 6d 73 	-1-0.dll00api-ms
  0xc190	2d 77 69 6e 2d 63 6f 72 65 2d 77 69 6e 72 74 2d 	-win-core-winrt-
  0xc1a0	65 72 72 6f 72 2d 6c 31 2d 31 2d 30 2e 64 6c 6c 	error-l1-1-0.dll
  0xc1b0	00 00 61 70 69 2d 6d 73 2d 77 69 6e 2d 63 6f 72 	00api-ms-win-cor
  0xc1c0	65 2d 77 69 6e 72 74 2d 65 72 72 6f 72 2d 6c 31 	e-winrt-error-l1
  0xc1d0	2d 31 2d 31 2e 64 6c 6c 00 00 61 70 69 2d 6d 73 	-1-1.dll00api-ms
  0xc1e0	2d 77 69 6e 2d 63 6f 72 65 2d 73 79 6e 63 68 2d 	-win-core-synch-
  0xc1f0	6c 31 2d 32 2d 30 2e 64 6c 6c 00 00 61 70 69 2d 	l1-2-0.dll00api-
  0xc200	6d 73 2d 77 69 6e 2d 63 6f 72 65 2d 70 72 6f 63 	ms-win-core-proc
  0xc210	65 73 73 74 68 72 65 61 64 73 2d 6c 31 2d 31 2d 	essthreads-l1-1-
  0xc220	30 2e 64 6c 6c 00 61 70 69 2d 6d 73 2d 77 69 6e 	0.dll0api-ms-win
  0xc230	2d 63 6f 72 65 2d 72 74 6c 73 75 70 70 6f 72 74 	-core-rtlsupport
  0xc240	2d 6c 31 2d 31 2d 30 2e 64 6c 6c 00 61 70 69 2d 	-l1-1-0.dll0api-
  0xc250	6d 73 2d 77 69 6e 2d 63 6f 72 65 2d 65 72 72 6f 	ms-win-core-erro
  0xc260	72 68 61 6e 64 6c 69 6e 67 2d 6c 31 2d 31 2d 30 	rhandling-l1-1-0
  0xc270	2e 64 6c 6c 00 00 61 70 69 2d 6d 73 2d 77 69 6e 	.dll00api-ms-win
  0xc280	2d 63 6f 72 65 2d 70 72 6f 66 69 6c 65 2d 6c 31 	-core-profile-l1
  0xc290	2d 31 2d 30 2e 64 6c 6c 00 00 61 70 69 2d 6d 73 	-1-0.dll00api-ms
  0xc2a0	2d 77 69 6e 2d 63 6f 72 65 2d 73 79 73 69 6e 66 	-win-core-sysinf
  0xc2b0	6f 2d 6c 31 2d 31 2d 30 2e 64 6c 6c 00 00 61 70 	o-l1-1-0.dll00ap
  0xc2c0	69 2d 6d 73 2d 77 69 6e 2d 63 6f 72 65 2d 77 69 	i-ms-win-core-wi
  0xc2d0	6e 72 74 2d 73 74 72 69 6e 67 2d 6c 31 2d 31 2d 	nrt-string-l1-1-
  0xc2e0	30 2e 64 6c 6c 00 61 70 69 2d 6d 73 2d 77 69 6e 	0.dll0api-ms-win
  0xc2f0	2d 63 6f 72 65 2d 73 79 6e 63 68 2d 6c 31 2d 31 	-core-synch-l1-1
  0xc300	2d 30 2e 64 6c 6c 00 00 61 70 69 2d 6d 73 2d 77 	-0.dll00api-ms-w
  0xc310	69 6e 2d 63 6f 72 65 2d 6c 69 62 72 61 72 79 6c 	in-core-libraryl
  0xc320	6f 61 64 65 72 2d 6c 31 2d 32 2d 30 2e 64 6c 6c 	oader-l1-2-0.dll
  0xc330	00 00 61 70 69 2d 6d 73 2d 77 69 6e 2d 63 6f 72 	00api-ms-win-cor
  0xc340	65 2d 70 72 6f 63 65 73 73 65 6e 76 69 72 6f 6e 	e-processenviron
  0xc350	6d 65 6e 74 2d 6c 31 2d 31 2d 30 2e 64 6c 6c 00 	ment-l1-1-0.dll0
  0xc360	d0 06 57 69 6e 53 71 6d 41 64 64 54 6f 53 74 72 	00WinSqmAddToStr
  0xc370	65 61 6d 00 6e 74 64 6c 6c 2e 64 6c 6c 00 1f 00 	eam0ntdll.dll000
  0xc380	47 65 74 43 75 72 72 65 6e 74 54 68 65 6d 65 4e 	GetCurrentThemeN
  0xc390	61 6d 65 00 55 78 54 68 65 6d 65 2e 64 6c 6c 00 	ame0UxTheme.dll0
  0xc3a0	cf 04 52 65 73 6f 6c 76 65 44 65 6c 61 79 4c 6f 	00ResolveDelayLo
  0xc3b0	61 64 65 64 41 50 49 00 11 01 44 65 6c 61 79 4c 	adedAPI000DelayL
  0xc3c0	6f 61 64 46 61 69 6c 75 72 65 48 6f 6f 6b 00 00 	oadFailureHook00
  0xc3d0	14 05 77 63 73 73 74 72 00 00 86 04 6d 61 6c 6c 	00wcsstr0000mall
  0xc3e0	6f 63 00 00 bf 00 5f 63 61 6c 6c 6e 65 77 68 00 	oc0000_callnewh0
  0xc3f0	0a 00 3f 3f 30 65 78 63 65 70 74 69 6f 6e 40 40 	00??0exception@@
  0xc400	51 45 41 41 40 41 45 42 51 45 42 44 40 5a 00 00 	QEAA@AEBQEBD@Z00
  0xc410	0b 00 3f 3f 30 65 78 63 65 70 74 69 6f 6e 40 40 	00??0exception@@
  0xc420	51 45 41 41 40 41 45 42 51 45 42 44 48 40 5a 00 	QEAA@AEBQEBDH@Z0
  0xc430	0c 00 3f 3f 30 65 78 63 65 70 74 69 6f 6e 40 40 	00??0exception@@
  0xc440	51 45 41 41 40 41 45 42 56 30 40 40 5a 00 11 00 	QEAA@AEBV0@@Z000
  0xc450	3f 3f 31 65 78 63 65 70 74 69 6f 6e 40 40 55 45 	??1exception@@UE
  0xc460	41 41 40 58 5a 00 31 00 3f 77 68 61 74 40 65 78 	AA@XZ010?what@ex
  0xc470	63 65 70 74 69 6f 6e 40 40 55 45 42 41 50 45 42 	ception@@UEBAPEB
  0xc480	44 58 5a 00 4b 00 5f 43 78 78 54 68 72 6f 77 45 	DXZ0K0_CxxThrowE
  0xc490	78 63 65 70 74 69 6f 6e 00 00 92 04 6d 65 6d 63 	xception0000memc
  0xc4a0	70 79 00 00 94 04 6d 65 6d 6d 6f 76 65 00 12 00 	py0000memmove000
  0xc4b0	3f 3f 31 74 79 70 65 5f 69 6e 66 6f 40 40 55 45 	??1type_info@@UE
  0xc4c0	41 41 40 58 5a 00 96 04 6d 65 6d 73 65 74 00 00 	AA@XZ000memset00
  0xc4d0	00 00 00 00 00 00 00 00 00 00 00 00 00 00 00 00 	0000000000000000
  0xc4e0	00 00 00 00 00 00 00 00 00 00 00 00 00 00 00 00 	0000000000000000
  0xc4f0	00 00 00 00 00 00 00 00 00 00 00 00 00 00 00 00 	0000000000000000
  0xc500	00 00 00 00 00 00 00 00 00 00 00 00 00 00 00 00 	0000000000000000
  0xc510	00 00 00 00 00 00 00 00 00 00 00 00 00 00 00 00 	0000000000000000
  0xc520	00 00 00 00 00 00 00 00 00 00 00 00 00 00 00 00 	0000000000000000
  0xc530	00 00 00 00 00 00 00 00 00 00 00 00 00 00 00 00 	0000000000000000
  0xc540	00 00 00 00 00 00 00 00 00 00 00 00 00 00 00 00 	0000000000000000
  0xc550	00 00 00 00 00 00 00 00 00 00 00 00 00 00 00 00 	0000000000000000
  0xc560	00 00 00 00 00 00 00 00 00 00 00 00 00 00 00 00 	0000000000000000
  0xc570	00 00 00 00 00 00 00 00 00 00 00 00 00 00 00 00 	0000000000000000
  0xc580	00 00 00 00 00 00 00 00 00 00 00 00 00 00 00 00 	0000000000000000
  0xc590	00 00 00 00 00 00 00 00 00 00 00 00 00 00 00 00 	0000000000000000
  0xc5a0	00 00 00 00 00 00 00 00 00 00 00 00 00 00 00 00 	0000000000000000
  0xc5b0	00 00 00 00 00 00 00 00 00 00 00 00 00 00 00 00 	0000000000000000
  0xc5c0	00 00 00 00 00 00 00 00 00 00 00 00 00 00 00 00 	0000000000000000
  0xc5d0	00 00 00 00 00 00 00 00 00 00 00 00 00 00 00 00 	0000000000000000
  0xc5e0	00 00 00 00 00 00 00 00 00 00 00 00 00 00 00 00 	0000000000000000
  0xc5f0	00 00 00 00 00 00 00 00 00 00 00 00 00 00 00 00 	0000000000000000
=== DATA BLOCK END ===

=== DATA BLOCK ADDRESS 0xd000 ===
  0xd000	60 80 00 40 01 00 00 00 90 80 00 40 01 00 00 00 	`00@0000000@0000
  0xd010	c0 80 00 40 01 00 00 00 d0 9e 00 40 01 00 00 00 	000@0000000@0000
  0xd020	00 00 00 00 00 00 00 00 00 00 00 00 00 00 00 00 	0000000000000000
  0xd030	00 00 00 00 00 00 00 00 00 00 00 00 00 00 00 00 	0000000000000000
  0xd040	ff ff ff ff 0a 00 00 00 00 00 00 00 00 00 00 00 	0000000000000000
  0xd050	00 00 00 00 00 00 00 00 60 9f 00 40 01 00 00 00 	00000000`00@0000
  0xd060	00 00 00 00 00 00 00 00 00 00 00 00 00 00 00 00 	0000000000000000
  0xd070	00 00 00 00 00 00 00 00 90 8a 00 40 01 00 00 00 	00000000000@0000
  0xd080	00 00 00 00 00 00 00 00 2e 3f 41 56 62 61 64 5f 	00000000.?AVbad_
  0xd090	61 6c 6c 6f 63 40 73 74 64 40 40 00 00 00 00 00 	alloc@std@@00000
  0xd0a0	90 8a 00 40 01 00 00 00 00 00 00 00 00 00 00 00 	000@000000000000
  0xd0b0	2e 3f 41 56 65 78 63 65 70 74 69 6f 6e 40 40 00 	.?AVexception@@0
  0xd0c0	90 8a 00 40 01 00 00 00 00 00 00 00 00 00 00 00 	000@000000000000
  0xd0d0	2e 3f 41 56 6c 6f 67 69 63 5f 65 72 72 6f 72 40 	.?AVlogic_error@
  0xd0e0	73 74 64 40 40 00 00 00 90 8a 00 40 01 00 00 00 	std@@000000@0000
  0xd0f0	00 00 00 00 00 00 00 00 2e 3f 41 56 6c 65 6e 67 	00000000.?AVleng
  0xd100	74 68 5f 65 72 72 6f 72 40 73 74 64 40 40 00 00 	th_error@std@@00
  0xd110	90 8a 00 40 01 00 00 00 00 00 00 00 00 00 00 00 	000@000000000000
  0xd120	2e 3f 41 56 6f 75 74 5f 6f 66 5f 72 61 6e 67 65 	.?AVout_of_range
  0xd130	40 73 74 64 40 40 00 00 00 00 00 00 00 00 00 00 	@std@@0000000000
  0xd140	01 00 00 00 00 00 00 00 32 a2 df 2d 99 2b 00 00 	00000000200-0+00
  0xd150	cd 5d 20 d2 66 d4 ff ff 00 00 00 00 00 00 00 00 	0] 0f00000000000
  0xd160	01 00 00 00 01 01 00 00 00 00 00 00 00 00 00 00 	0000000000000000
  0xd170	00 00 00 00 00 00 00 00 00 00 00 00 00 00 00 00 	0000000000000000
  0xd180	00 00 00 00 00 00 00 00 00 00 00 00 00 00 00 00 	0000000000000000
  0xd190	00 00 00 00 00 00 00 00 00 00 00 00 00 00 00 00 	0000000000000000
  0xd1a0	00 00 00 00 00 00 00 00 00 00 00 00 00 00 00 00 	0000000000000000
  0xd1b0	00 00 00 00 00 00 00 00 00 00 00 00 00 00 00 00 	0000000000000000
  0xd1c0	00 00 00 00 00 00 00 00 00 00 00 00 00 00 00 00 	0000000000000000
  0xd1d0	00 00 00 00 00 00 00 00 00 00 00 00 00 00 00 00 	0000000000000000
  0xd1e0	00 00 00 00 00 00 00 00 00 00 00 00 00 00 00 00 	0000000000000000
  0xd1f0	00 00 00 00 00 00 00 00 00 00 00 00 00 00 00 00 	0000000000000000
=== DATA BLOCK END ===

=== DATA BLOCK ADDRESS 0xe000 ===
  0xe000	f4 11 00 00 72 12 00 00 80 a7 00 00 78 12 00 00 	0000r0000000x000
  0xe010	fd 12 00 00 90 a7 00 00 04 13 00 00 71 15 00 00 	000000000000q000
  0xe020	9c a7 00 00 f4 15 00 00 19 16 00 00 bc a7 00 00 	0000000000000000
  0xe030	20 16 00 00 5a 17 00 00 c4 a7 00 00 60 17 00 00 	 000Z0000000`000
  0xe040	9d 17 00 00 bc a7 00 00 d0 17 00 00 36 18 00 00 	0000000000006000
  0xe050	e0 a7 00 00 3c 18 00 00 99 18 00 00 f0 a7 00 00 	0000<00000000000
  0xe060	a0 18 00 00 bc 18 00 00 bc a7 00 00 c4 18 00 00 	0000000000000000
  0xe070	82 1b 00 00 f8 a7 00 00 88 1b 00 00 1c 1c 00 00 	0000000000000000
  0xe080	14 a8 00 00 24 1c 00 00 2a 1d 00 00 20 a8 00 00 	0000$000*000 000
  0xe090	30 1d 00 00 6f 1d 00 00 34 a8 00 00 78 1d 00 00 	0000o0004000x000
  0xe0a0	30 1e 00 00 3c a8 00 00 38 1e 00 00 ee 1e 00 00 	0000<00080000000
  0xe0b0	3c a8 00 00 f4 1e 00 00 2a 1f 00 00 f0 a7 00 00 	<0000000*0000000
  0xe0c0	30 1f 00 00 49 1f 00 00 f0 a7 00 00 50 1f 00 00 	0000I0000000P000
  0xe0d0	69 1f 00 00 f0 a7 00 00 70 1f 00 00 ae 1f 00 00 	i0000000p0000000
  0xe0e0	f0 a7 00 00 c4 1f 00 00 ee 1f 00 00 bc a7 00 00 	0000000000000000
  0xe0f0	f4 1f 00 00 1e 20 00 00 bc a7 00 00 24 20 00 00 	00000 000000$ 00
  0xe100	26 22 00 00 50 a8 00 00 2c 22 00 00 9e 23 00 00 	&"00P000,"000#00
  0xe110	74 a8 00 00 a4 23 00 00 4f 26 00 00 80 a8 00 00 	t0000#00O&000000
  0xe120	58 26 00 00 02 27 00 00 9c a8 00 00 08 27 00 00 	X&000'0000000'00
  0xe130	5f 28 00 00 b0 a8 00 00 68 28 00 00 2d 29 00 00 	_(000000h(00-)00
  0xe140	cc a8 00 00 34 29 00 00 30 2a 00 00 9c a8 00 00 	00004)000*000000
  0xe150	40 2a 00 00 97 2b 00 00 d8 a8 00 00 a0 2b 00 00 	@*000+0000000+00
  0xe160	0d 2c 00 00 f0 a8 00 00 20 2c 00 00 ac 2c 00 00 	0,000000 ,000,00
  0xe170	e0 a7 00 00 b4 2c 00 00 ae 2f 00 00 f8 a8 00 00 	00000,000/000000
  0xe180	b4 2f 00 00 a1 31 00 00 18 a9 00 00 a8 31 00 00 	0/00010000000100
  0xe190	b2 33 00 00 30 a9 00 00 b8 33 00 00 75 34 00 00 	030000000300u400
  0xe1a0	54 a9 00 00 9c 34 00 00 02 36 00 00 5c a9 00 00 	T000040006000000
  0xe1b0	10 36 00 00 a4 36 00 00 74 a9 00 00 c0 36 00 00 	06000600t0000600
  0xe1c0	fb 36 00 00 cc a8 00 00 10 37 00 00 89 37 00 00 	0600000007000700
  0xe1d0	cc a8 00 00 90 37 00 00 07 38 00 00 84 a9 00 00 	0000070008000000
  0xe1e0	10 38 00 00 4e 38 00 00 f0 a7 00 00 60 38 00 00 	0800N8000000`800
  0xe1f0	1f 39 00 00 34 a8 00 00 28 39 00 00 b9 39 00 00 	09004000(9000900
  0xe200	f0 a8 00 00 c0 39 00 00 f5 3b 00 00 90 a9 00 00 	000009000;000000
  0xe210	fc 3b 00 00 46 3e 00 00 a4 a9 00 00 4c 3e 00 00 	0;00F>000000L>00
  0xe220	a1 3f 00 00 b4 a9 00 00 a8 3f 00 00 32 40 00 00 	0?0000000?002@00
  0xe230	cc a8 00 00 40 40 00 00 a4 40 00 00 f0 a8 00 00 	0000@@000@000000
  0xe240	f0 40 00 00 69 41 00 00 f0 a8 00 00 70 41 00 00 	0@00iA000000pA00
  0xe250	45 42 00 00 18 a9 00 00 50 42 00 00 7b 42 00 00 	EB000000PB00{B00
  0xe260	f0 a8 00 00 84 42 00 00 95 43 00 00 18 a9 00 00 	00000B000C000000
  0xe270	9c 43 00 00 ca 44 00 00 d8 a8 00 00 d0 44 00 00 	0C000D0000000D00
  0xe280	60 45 00 00 c0 a9 00 00 70 45 00 00 d4 45 00 00 	`E000000pE000E00
  0xe290	f0 a8 00 00 e0 45 00 00 59 46 00 00 f0 a8 00 00 	00000E00YF000000
  0xe2a0	60 46 00 00 8a 46 00 00 f0 a8 00 00 90 46 00 00 	`F000F0000000F00
  0xe2b0	bb 46 00 00 f0 a8 00 00 c4 46 00 00 17 47 00 00 	0F0000000F000G00
  0xe2c0	bc a7 00 00 34 47 00 00 3e 48 00 00 cc a8 00 00 	00004G00>H000000
  0xe2d0	44 48 00 00 10 49 00 00 d0 a9 00 00 18 49 00 00 	DH000I0000000I00
  0xe2e0	2e 4c 00 00 e8 a9 00 00 34 4c 00 00 c5 4c 00 00 	.L0000004L000L00
  0xe2f0	0c aa 00 00 cc 4c 00 00 ea 4d 00 00 24 aa 00 00 	00000L000M00$000
  0xe300	f0 4d 00 00 36 4e 00 00 f0 a8 00 00 3c 4e 00 00 	0M006N000000<N00
  0xe310	fe 4e 00 00 38 aa 00 00 04 4f 00 00 01 50 00 00 	0N0080000O000P00
  0xe320	50 aa 00 00 08 50 00 00 97 50 00 00 9c a8 00 00 	P0000P000P000000
  0xe330	a0 50 00 00 eb 52 00 00 6c aa 00 00 f4 52 00 00 	0P000R00l0000R00
  0xe340	cb 53 00 00 f0 a8 00 00 d4 53 00 00 1f 54 00 00 	0S0000000S000T00
  0xe350	cc a8 00 00 28 54 00 00 5e 55 00 00 7c aa 00 00 	0000(T00^U00|000
  0xe360	70 55 00 00 ad 55 00 00 8c aa 00 00 e0 55 00 00 	pU000U0000000U00
  0xe370	b3 56 00 00 bc a7 00 00 c0 56 00 00 09 57 00 00 	0V0000000V000W00
  0xe380	8c aa 00 00 10 57 00 00 74 59 00 00 94 aa 00 00 	00000W00tY000000
  0xe390	80 59 00 00 92 59 00 00 bc a7 00 00 b0 59 00 00 	0Y000Y0000000Y00
  0xe3a0	ce 59 00 00 d0 aa 00 00 d4 59 00 00 08 5a 00 00 	0Y0000000Y000Z00
  0xe3b0	f0 a8 00 00 10 5a 00 00 81 5b 00 00 d4 aa 00 00 	00000Z000[000000
  0xe3c0	88 5b 00 00 15 5c 00 00 dc aa 00 00 1c 5c 00 00 	0[00000000000000
  0xe3d0	33 5c 00 00 bc a7 00 00 5c 5c 00 00 7b 5c 00 00 	300000000000{000
  0xe3e0	fc aa 00 00 90 5c 00 00 c9 5c 00 00 bc a7 00 00 	0000000000000000
  0xe3f0	d0 5c 00 00 e8 5c 00 00 bc a7 00 00 fc 5c 00 00 	0000000000000000
  0xe400	50 5d 00 00 60 ab 00 00 58 5d 00 00 9d 5d 00 00 	P]00`000X]000]00
  0xe410	f0 a8 00 00 10 5e 00 00 5d 5e 00 00 80 ab 00 00 	00000^00]^000000
  0xe420	a4 5e 00 00 78 5f 00 00 a4 ab 00 00 f2 5f 00 00 	0^00x_0000000_00
  0xe430	69 60 00 00 b4 ab 00 00 20 62 00 00 51 62 00 00 	i`000000 b00Qb00
  0xe440	f0 a8 00 00 58 62 00 00 79 62 00 00 f0 a8 00 00 	0000Xb00yb000000
  0xe450	80 62 00 00 b8 62 00 00 f0 a8 00 00 c0 62 00 00 	0b000b0000000b00
  0xe460	e1 62 00 00 f0 a8 00 00 e8 62 00 00 17 63 00 00 	0b0000000b000c00
  0xe470	80 ac 00 00 50 63 00 00 76 63 00 00 f0 a8 00 00 	0000Pc00vc000000
  0xe480	80 63 00 00 b9 63 00 00 cc a8 00 00 c0 63 00 00 	0c000c0000000c00
  0xe490	ef 63 00 00 cc a8 00 00 f8 63 00 00 ec 64 00 00 	0c0000000c000d00
  0xe4a0	bc ab 00 00 f4 64 00 00 4c 65 00 00 e0 a7 00 00 	00000d00Le000000
  0xe4b0	54 65 00 00 74 65 00 00 f0 a7 00 00 7c 65 00 00 	Te00te000000|e00
  0xe4c0	8d 65 00 00 bc a7 00 00 94 65 00 00 b7 65 00 00 	0e0000000e000e00
  0xe4d0	f0 a7 00 00 c0 65 00 00 e3 65 00 00 f0 a7 00 00 	00000e000e000000
  0xe4e0	ec 65 00 00 fd 65 00 00 bc a7 00 00 04 66 00 00 	0e000e0000000f00
  0xe4f0	07 67 00 00 9c a8 00 00 10 67 00 00 03 68 00 00 	0g0000000g000h00
  0xe500	e0 a7 00 00 10 68 00 00 4f 68 00 00 cc a8 00 00 	00000h00Oh000000
  0xe510	a0 68 00 00 da 68 00 00 88 ac 00 00 e0 68 00 00 	0h000h0000000h00
  0xe520	78 69 00 00 cc a8 00 00 80 69 00 00 d7 69 00 00 	xi0000000i000i00
  0xe530	f0 a8 00 00 e0 69 00 00 5e 6a 00 00 f0 a8 00 00 	00000i00^j000000
  0xe540	70 6a 00 00 c7 6a 00 00 f0 a8 00 00 d0 6b 00 00 	pj000j0000000k00
  0xe550	00 6c 00 00 cc a8 00 00 08 6c 00 00 25 6c 00 00 	0l0000000l00%l00
  0xe560	bc a7 00 00 2c 6c 00 00 87 6c 00 00 90 ac 00 00 	0000,l000l000000
  0xe570	b0 6c 00 00 b2 6c 00 00 b0 ab 00 00 d0 6c 00 00 	0l000l0000000l00
  0xe580	1d 6d 00 00 98 ac 00 00 23 6d 00 00 41 6d 00 00 	0m000000#m00Am00
  0xe590	c8 aa 00 00 47 6d 00 00 62 6d 00 00 c8 aa 00 00 	0000Gm00bm000000
  0xe5a0	68 6d 00 00 88 6d 00 00 50 ab 00 00 90 6d 00 00 	hm000m00P0000m00
  0xe5b0	b0 6d 00 00 c8 aa 00 00 b6 6d 00 00 fa 6d 00 00 	0m0000000m000m00
  0xe5c0	70 ac 00 00 fa 6d 00 00 1f 6e 00 00 70 ac 00 00 	p0000m000n00p000
  0xe5d0	30 6e 00 00 4b 6e 00 00 bc a7 00 00 60 6e 00 00 	0n00Kn000000`n00
  0xe5e0	cb 6e 00 00 e0 a7 00 00 e0 6e 00 00 02 6f 00 00 	0n0000000n000o00
  0xe5f0	bc a7 00 00 00 00 00 00 00 00 00 00 00 00 00 00 	0000000000000000
=== DATA BLOCK END ===
