===== Assembly blocks =====

=== CODE BLOCK ADDRESS 0x1000 ===
=== CODE BLOCK END ===

=== DATA BLOCK ADDRESS 0x8000 ===
  0x8000	20 b1 00 40 01 00 00 00 c0 b1 00 40 01 00 00 00 	 00@0000000@0000
  0x8010	e0 67 00 40 01 00 00 00 e0 43 00 40 01 00 00 00 	0g0@00000C0@0000
  0x8020	e0 40 00 40 01 00 00 00 f0 40 00 40 01 00 00 00 	0@0@00000@0@0000
  0x8030	20 44 00 40 01 00 00 00 40 50 00 40 01 00 00 00 	 D0@0000@P0@0000
  0x8040	80 45 00 40 01 00 00 00 b0 48 00 40 01 00 00 00 	0E0@00000H0@0000
  0x8050	30 28 00 40 01 00 00 00 70 27 00 40 01 00 00 00 	0(0@0000p'0@0000
  0x8060	18 01 00 00 00 00 00 00 00 00 00 00 00 00 00 00 	0000000000000000
  0x8070	00 00 00 00 00 00 00 00 00 00 00 00 00 00 00 00 	0000000000000000
  0x8080	00 00 00 00 00 00 00 00 00 00 00 00 00 00 00 00 	0000000000000000
  0x8090	00 00 00 00 00 00 00 00 00 00 00 00 00 00 00 00 	0000000000000000
  0x80a0	00 00 00 00 00 00 00 00 00 00 00 00 00 00 00 00 	0000000000000000
  0x80b0	00 00 00 00 00 00 00 00 c8 b0 00 40 01 00 00 00 	00000000000@0000
  0x80c0	00 00 00 00 00 00 00 00 00 00 00 00 00 00 00 00 	0000000000000000
  0x80d0	68 84 00 40 01 00 00 00 70 84 00 40 01 00 00 00 	h00@0000p00@0000
  0x80e0	d8 84 00 40 01 00 00 00 25 00 00 00 00 00 00 00 	000@0000%0000000
  0x80f0	00 75 01 00 00 00 00 00 00 00 00 00 00 00 00 00 	0u00000000000000
  0x8100	6c 85 00 40 01 00 00 00 01 00 00 00 00 00 00 00 	l00@000000000000
  0x8110	00 00 00 00 00 00 00 00 00 00 00 00 00 00 00 00 	0000000000000000
  0x8120	00 00 00 00 00 00 00 00 00 00 00 00 00 00 00 00 	0000000000000000
  0x8130	00 00 00 00 00 00 00 00 00 00 00 00 00 00 00 00 	0000000000000000
  0x8140	00 00 00 00 00 00 00 00 00 00 00 00 00 00 00 00 	0000000000000000
  0x8150	00 00 00 00 00 00 00 00 00 00 00 00 00 00 00 00 	0000000000000000
  0x8160	00 00 00 00 00 00 00 00 00 00 00 00 00 00 00 00 	0000000000000000
  0x8170	00 00 00 00 00 00 00 00 b4 a3 00 00 00 00 00 00 	0000000000000000
  0x8180	c6 a3 00 00 00 00 00 00 00 00 00 00 00 00 00 00 	0000000000000000
  0x8190	98 a5 00 00 00 00 00 00 a6 a5 00 00 00 00 00 00 	0000000000000000
  0x81a0	8a a4 00 00 00 00 00 00 00 00 00 00 00 00 00 00 	0000000000000000
  0x81b0	68 a3 00 00 00 00 00 00 de a5 00 00 00 00 00 00 	h000000000000000
  0x81c0	60 a4 00 00 00 00 00 00 c2 a5 00 00 00 00 00 00 	`000000000000000
  0x81d0	00 00 00 00 00 00 00 00 f8 a4 00 00 00 00 00 00 	0000000000000000
  0x81e0	00 00 00 00 00 00 00 00 5c a5 00 00 00 00 00 00 	0000000000000000
  0x81f0	06 a5 00 00 00 00 00 00 5c a3 00 00 00 00 00 00 	0000000000000000
  0x8200	00 00 00 00 00 00 00 00 22 a5 00 00 00 00 00 00 	00000000"0000000
  0x8210	84 a5 00 00 00 00 00 00 9e a3 00 00 00 00 00 00 	0000000000000000
  0x8220	16 a3 00 00 00 00 00 00 00 00 00 00 00 00 00 00 	0000000000000000
  0x8230	4e a4 00 00 00 00 00 00 00 00 00 00 00 00 00 00 	N000000000000000
  0x8240	78 a3 00 00 00 00 00 00 00 00 00 00 00 00 00 00 	x000000000000000
  0x8250	02 a4 00 00 00 00 00 00 46 a5 00 00 00 00 00 00 	00000000F0000000
  0x8260	fc a5 00 00 00 00 00 00 10 a6 00 00 00 00 00 00 	0000000000000000
  0x8270	00 00 00 00 00 00 00 00 24 a6 00 00 00 00 00 00 	00000000$0000000
  0x8280	00 00 00 00 00 00 00 00 28 a4 00 00 00 00 00 00 	00000000(0000000
  0x8290	00 00 00 00 00 00 00 00 46 a3 00 00 00 00 00 00 	00000000F0000000
  0x82a0	ec a3 00 00 00 00 00 00 34 a5 00 00 00 00 00 00 	0000000040000000
  0x82b0	8a a3 00 00 00 00 00 00 e6 a4 00 00 00 00 00 00 	0000000000000000
  0x82c0	ce a4 00 00 00 00 00 00 b4 a4 00 00 00 00 00 00 	0000000000000000
  0x82d0	70 a4 00 00 00 00 00 00 18 a4 00 00 00 00 00 00 	p000000000000000
  0x82e0	00 00 00 00 00 00 00 00 ba a5 00 00 00 00 00 00 	0000000000000000
  0x82f0	2c a3 00 00 00 00 00 00 a0 a4 00 00 00 00 00 00 	,000000000000000
  0x8300	00 00 00 00 00 00 00 00 3e a6 00 00 00 00 00 00 	00000000>0000000
  0x8310	58 a6 00 00 00 00 00 00 00 00 00 00 00 00 00 00 	X000000000000000
  0x8320	38 a4 00 00 00 00 00 00 fc a2 00 00 00 00 00 00 	8000000000000000
  0x8330	da a3 00 00 00 00 00 00 6e a5 00 00 00 00 00 00 	00000000n0000000
  0x8340	12 a5 00 00 00 00 00 00 00 00 00 00 00 00 00 00 	0000000000000000
  0x8350	9e a8 00 00 00 00 00 00 00 00 00 00 00 00 00 00 	0000000000000000
  0x8360	08 a1 00 00 00 00 00 00 14 a2 00 00 00 00 00 00 	0000000000000000
  0x8370	38 a2 00 00 00 00 00 00 5a a2 00 00 00 00 00 00 	80000000Z0000000
  0x8380	00 a2 00 00 00 00 00 00 f6 a1 00 00 00 00 00 00 	0000000000000000
  0x8390	ee a1 00 00 00 00 00 00 98 a2 00 00 00 00 00 00 	0000000000000000
  0x83a0	e6 a1 00 00 00 00 00 00 d4 a1 00 00 00 00 00 00 	0000000000000000
  0x83b0	c2 a1 00 00 00 00 00 00 b4 a1 00 00 00 00 00 00 	0000000000000000
  0x83c0	a6 a1 00 00 00 00 00 00 ce a8 00 00 00 00 00 00 	0000000000000000
  0x83d0	62 a2 00 00 00 00 00 00 42 a2 00 00 00 00 00 00 	b0000000B0000000
  0x83e0	96 a1 00 00 00 00 00 00 6c a2 00 00 00 00 00 00 	00000000l0000000
  0x83f0	7a a2 00 00 00 00 00 00 78 a1 00 00 00 00 00 00 	z0000000x0000000
  0x8400	60 a1 00 00 00 00 00 00 48 a1 00 00 00 00 00 00 	`0000000H0000000
  0x8410	38 a1 00 00 00 00 00 00 84 a2 00 00 00 00 00 00 	8000000000000000
  0x8420	2c a1 00 00 00 00 00 00 1e a1 00 00 00 00 00 00 	,000000000000000
  0x8430	20 a2 00 00 00 00 00 00 e4 a8 00 00 00 00 00 00 	 000000000000000
  0x8440	00 00 00 00 00 00 00 00 b0 a2 00 00 00 00 00 00 	0000000000000000
  0x8450	c4 a2 00 00 00 00 00 00 de a2 00 00 00 00 00 00 	0000000000000000
  0x8460	00 00 00 00 00 00 00 00 30 6b 00 40 01 00 00 00 	000000000k0@0000
  0x8470	a0 6c 00 40 01 00 00 00 00 00 00 00 00 00 00 00 	0l0@000000000000
  0x8480	e0 62 00 40 01 00 00 00 c0 19 00 40 01 00 00 00 	0b0@0000000@0000
  0x8490	00 1a 00 40 01 00 00 00 20 1a 00 40 01 00 00 00 	000@0000 00@0000
  0x84a0	40 1a 00 40 01 00 00 00 80 1a 00 40 01 00 00 00 	@00@0000000@0000
  0x84b0	00 00 00 00 00 00 00 00 00 00 00 00 00 00 00 00 	0000000000000000
  0x84c0	00 62 00 40 01 00 00 00 60 68 00 40 01 00 00 00 	0b0@0000`h0@0000
  0x84d0	00 00 00 00 00 00 00 00 10 10 00 00 c0 19 00 00 	0000000000000000
  0x84e0	00 1a 00 00 20 1a 00 00 40 1a 00 00 80 1a 00 00 	0000 000@0000000
  0x84f0	60 20 00 00 e0 21 00 00 30 22 00 00 50 22 00 00 	` 000!000"00P"00
  0x8500	70 27 00 00 30 28 00 00 d0 29 00 00 f0 29 00 00 	p'000(000)000)00
  0x8510	20 2b 00 00 60 3e 00 00 c0 3f 00 00 40 40 00 00 	 +00`>000?00@@00
  0x8520	e0 40 00 00 f0 40 00 00 e0 43 00 00 20 44 00 00 	0@000@000C00 D00
  0x8530	20 45 00 00 80 45 00 00 b0 48 00 00 40 50 00 00 	 E000E000H00@P00
  0x8540	00 62 00 00 e0 62 00 00 00 65 00 00 90 65 00 00 	0b000b000e000e00
  0x8550	e0 67 00 00 20 68 00 00 60 68 00 00 40 69 00 00 	0g00 h00`h00@i00
  0x8560	30 6b 00 00 70 70 00 00 a0 70 00 00 f0 83 00 00 	0k00pp000p000000
  0x8570	00 00 00 00 00 00 00 00 45 78 63 65 70 74 69 6f 	00000000Exceptio
  0x8580	6e 00 00 00 00 00 00 00 52 65 74 75 72 6e 48 72 	n0000000ReturnHr
  0x8590	00 00 00 00 4c 6f 67 48 72 00 00 00 00 00 00 00 	0000LogHr0000000
  0x85a0	46 61 69 6c 46 61 73 74 00 00 00 00 00 00 00 00 	FailFast00000000
  0x85b0	25 00 68 00 73 00 28 00 25 00 75 00 29 00 5c 00 	%0h0s0(0%0u0)000
  0x85c0	25 00 68 00 73 00 21 00 25 00 70 00 3a 00 20 00 	%0h0s0!0%0p0:0 0
  0x85d0	00 00 00 00 00 00 00 00 25 00 68 00 73 00 21 00 	00000000%0h0s0!0
  0x85e0	25 00 70 00 3a 00 20 00 00 00 00 00 00 00 00 00 	%0p0:0 000000000
  0x85f0	28 00 63 00 61 00 6c 00 6c 00 65 00 72 00 3a 00 	(0c0a0l0l0e0r0:0
  0x8600	20 00 25 00 70 00 29 00 20 00 00 00 00 00 00 00 	 0%0p0)0 0000000
  0x8610	25 00 68 00 73 00 28 00 25 00 64 00 29 00 20 00 	%0h0s0(0%0d0)0 0
  0x8620	74 00 69 00 64 00 28 00 25 00 78 00 29 00 20 00 	t0i0d0(0%0x0)0 0
  0x8630	25 00 30 00 38 00 58 00 20 00 25 00 77 00 73 00 	%00080X0 0%0w0s0
  0x8640	00 00 00 00 00 00 00 00 20 00 20 00 20 00 20 00 	00000000 0 0 0 0
  0x8650	00 00 00 00 00 00 00 00 4d 00 73 00 67 00 3a 00 	00000000M0s0g0:0
  0x8660	5b 00 25 00 77 00 73 00 5d 00 20 00 00 00 00 00 	[0%0w0s0]0 00000
  0x8670	43 00 61 00 6c 00 6c 00 43 00 6f 00 6e 00 74 00 	C0a0l0l0C0o0n0t0
  0x8680	65 00 78 00 74 00 3a 00 5b 00 25 00 68 00 73 00 	e0x0t0:0[0%0h0s0
  0x8690	5d 00 20 00 00 00 00 00 5b 00 25 00 68 00 73 00 	]0 00000[0%0h0s0
  0x86a0	28 00 25 00 68 00 73 00 29 00 5d 00 0a 00 00 00 	(0%0h0s0)0]00000
  0x86b0	5b 00 25 00 68 00 73 00 5d 00 0a 00 00 00 00 00 	[0%0h0s0]0000000
  0x86c0	0a 00 00 00 00 00 00 00 6b 00 65 00 72 00 6e 00 	00000000k0e0r0n0
  0x86d0	65 00 6c 00 62 00 61 00 73 00 65 00 2e 00 64 00 	e0l0b0a0s0e0.0d0
  0x86e0	6c 00 6c 00 00 00 00 00 52 61 69 73 65 46 61 69 	l0l00000RaiseFai
  0x86f0	6c 46 61 73 74 45 78 63 65 70 74 69 6f 6e 00 00 	lFastException00
  0x8700	25 77 73 00 77 69 6c 00 73 00 74 00 64 00 3a 00 	%ws0wil0s0t0d0:0
  0x8710	3a 00 65 00 78 00 63 00 65 00 70 00 74 00 69 00 	:0e0x0c0e0p0t0i0
  0x8720	6f 00 6e 00 3a 00 20 00 25 00 68 00 73 00 00 00 	o0n0:0 0%0h0s000
  0x8730	6f 6e 65 63 6f 72 65 5c 69 6e 74 65 72 6e 61 6c 	onecore0internal
  0x8740	5c 73 64 6b 5c 69 6e 63 5c 77 69 6c 5c 6f 70 65 	0sdk0inc0wil0ope
  0x8750	6e 73 6f 75 72 63 65 5c 77 69 6c 5c 72 65 73 6f 	nsource0wil0reso
  0x8760	75 72 63 65 2e 68 00 00 5f 00 70 00 30 00 00 00 	urce.h00_0p00000
  0x8770	68 00 00 00 00 00 00 00 6f 6e 65 63 6f 72 65 5c 	h0000000onecore0
  0x8780	69 6e 74 65 72 6e 61 6c 5c 73 64 6b 5c 69 6e 63 	internal0sdk0inc
  0x8790	5c 77 69 6c 5c 6f 70 65 6e 73 6f 75 72 63 65 5c 	0wil0opensource0
  0x87a0	77 69 6c 5c 72 65 73 75 6c 74 2e 68 00 00 00 00 	wil0result.h0000
  0x87b0	57 69 6c 45 72 72 6f 72 5f 30 33 00 00 00 00 00 	WilError_0300000
  0x87c0	6e 00 74 00 64 00 6c 00 6c 00 2e 00 64 00 6c 00 	n0t0d0l0l0.0d0l0
  0x87d0	6c 00 00 00 00 00 00 00 52 74 6c 44 6c 6c 53 68 	l0000000RtlDllSh
  0x87e0	75 74 64 6f 77 6e 49 6e 50 72 6f 67 72 65 73 73 	utdownInProgress
  0x87f0	00 00 00 00 00 00 00 00 52 74 6c 44 69 73 6f 77 	00000000RtlDisow
  0x8800	6e 4d 6f 64 75 6c 65 48 65 61 70 41 6c 6c 6f 63 	nModuleHeapAlloc
  0x8810	61 74 69 6f 6e 00 00 00 50 61 63 6b 61 67 65 64 	ation000Packaged
  0x8820	43 57 41 4c 61 75 6e 63 68 65 72 00 00 00 00 00 	CWALauncher00000
  0x8830	6f 6e 65 63 6f 72 65 5c 62 61 73 65 5c 61 70 70 	onecore0base0app
  0x8840	6d 6f 64 65 6c 5c 65 78 65 63 6d 6f 64 65 6c 5c 	model0execmodel0
  0x8850	64 65 73 6b 74 6f 70 61 70 70 78 5c 70 61 63 6b 	desktopappx0pack
  0x8860	61 67 65 64 63 77 61 6c 61 75 6e 63 68 65 72 5c 	agedcwalauncher0
  0x8870	70 61 63 6b 61 67 65 64 63 77 61 6c 61 75 6e 63 	packagedcwalaunc
  0x8880	68 65 72 2e 63 70 70 00 4c 00 6f 00 63 00 61 00 	her.cpp0L0o0c0a0
  0x8890	6c 00 5c 00 53 00 4d 00 30 00 3a 00 25 00 64 00 	l000S0M000:0%0d0
  0x88a0	3a 00 25 00 64 00 3a 00 25 00 68 00 73 00 00 00 	:0%0d0:0%0h0s000
  0x88b0	62 b4 8e 16 5f 77 ae 42 91 11 d7 14 b2 30 6c 2e 	b000_w0B000000l.
  0x88c0	b0 a5 e3 72 ea 8f 5c 48 9f 8b 82 2b 16 db a1 7f 	000r000H000+0000
  0x88d0	22 05 93 19 00 00 00 00 00 00 00 00 00 00 00 00 	"000000000000000
  0x88e0	00 00 00 00 00 00 00 00 00 00 00 00 20 00 00 00 	000000000000 000
  0x88f0	00 00 00 00 05 00 00 00 22 05 93 19 02 00 00 00 	00000000"0000000
  0x8900	4c 9a 00 00 00 00 00 00 00 00 00 00 02 00 00 00 	L000000000000000
  0x8910	60 9a 00 00 50 00 00 00 00 00 00 00 01 00 00 00 	`000P00000000000
  0x8920	22 05 93 19 02 00 00 00 dc 95 00 00 01 00 00 00 	"000000000000000
  0x8930	90 99 00 00 01 00 00 00 b8 99 00 00 20 00 00 00 	000000000000 000
  0x8940	00 00 00 00 01 00 00 00 22 05 93 19 03 00 00 00 	00000000"0000000
  0x8950	30 99 00 00 00 00 00 00 00 00 00 00 07 00 00 00 	0000000000000000
  0x8960	48 99 00 00 50 00 00 00 00 00 00 00 01 00 00 00 	H000P00000000000
  0x8970	22 05 93 19 04 00 00 00 84 96 00 00 02 00 00 00 	"000000000000000
  0x8980	a4 96 00 00 08 00 00 00 60 97 00 00 48 00 00 00 	00000000`000H000
  0x8990	00 00 00 00 01 00 00 00 22 05 93 19 02 00 00 00 	00000000"0000000
  0x89a0	dc 95 00 00 01 00 00 00 ec 95 00 00 03 00 00 00 	0000000000000000
  0x89b0	28 96 00 00 20 00 00 00 00 00 00 00 01 00 00 00 	(000 00000000000
  0x89c0	00 00 00 00 39 61 70 51 00 00 00 00 02 00 00 00 	00009apQ00000000
  0x89d0	30 00 00 00 b4 91 00 00 b4 77 00 00 00 00 00 00 	000000000w000000
  0x89e0	39 61 70 51 00 00 00 00 0d 00 00 00 e8 02 00 00 	9apQ000000000000
  0x89f0	e4 91 00 00 e4 77 00 00 00 00 00 00 39 61 70 51 	00000w0000009apQ
  0x8a00	00 00 00 00 10 00 00 00 24 00 00 00 cc 94 00 00 	00000000$0000000
  0x8a10	cc 7a 00 00 00 00 00 00 45 54 57 30 10 00 00 01 	0z000000ETW00000
  0x8a20	86 0e 04 88 2b 05 8a bb 06 0b 05 00 00 00 00 00 	0000+00000000000
  0x8a30	00 40 00 00 4d 00 00 41 63 74 69 76 69 74 79 49 	0@00M00ActivityI
  0x8a40	6e 74 65 72 6d 65 64 69 61 74 65 53 74 6f 70 00 	ntermediateStop0
  0x8a50	50 61 72 74 41 5f 50 72 69 76 54 61 67 73 00 0a 	PartA_PrivTags00
  0x8a60	77 69 6c 41 63 74 69 76 69 74 79 00 98 02 68 72 	wilActivity000hr
  0x8a70	65 73 75 6c 74 00 08 74 68 72 65 61 64 49 64 00 	esult00threadId0
  0x8a80	08 06 0b 02 00 00 00 00 00 00 00 00 00 2a 01 00 	0000000000000*00
  0x8a90	46 61 6c 6c 62 61 63 6b 45 72 72 6f 72 00 50 61 	FallbackError0Pa
  0x8aa0	72 74 41 5f 50 72 69 76 54 61 67 73 00 0a 77 69 	rtA_PrivTags00wi
  0x8ab0	6c 52 65 73 75 6c 74 00 98 11 68 72 65 73 75 6c 	lResult000hresul
  0x8ac0	74 00 08 66 69 6c 65 4e 61 6d 65 00 02 6c 69 6e 	t00fileName00lin
  0x8ad0	65 4e 75 6d 62 65 72 00 08 6d 6f 64 75 6c 65 00 	eNumber00module0
  0x8ae0	02 66 61 69 6c 75 72 65 54 79 70 65 00 08 6d 65 	0failureType00me
  0x8af0	73 73 61 67 65 00 01 74 68 72 65 61 64 49 64 00 	ssage00threadId0
  0x8b00	08 63 61 6c 6c 43 6f 6e 74 65 78 74 00 02 6f 72 	0callContext00or
  0x8b10	69 67 69 6e 61 74 69 6e 67 43 6f 6e 74 65 78 74 	iginatingContext
  0x8b20	49 64 00 08 6f 72 69 67 69 6e 61 74 69 6e 67 43 	Id00originatingC
  0x8b30	6f 6e 74 65 78 74 4e 61 6d 65 00 02 6f 72 69 67 	ontextName00orig
  0x8b40	69 6e 61 74 69 6e 67 43 6f 6e 74 65 78 74 4d 65 	inatingContextMe
  0x8b50	73 73 61 67 65 00 01 63 75 72 72 65 6e 74 43 6f 	ssage00currentCo
  0x8b60	6e 74 65 78 74 49 64 00 08 63 75 72 72 65 6e 74 	ntextId00current
  0x8b70	43 6f 6e 74 65 78 74 4e 61 6d 65 00 02 63 75 72 	ContextName00cur
  0x8b80	72 65 6e 74 43 6f 6e 74 65 78 74 4d 65 73 73 61 	rentContextMessa
  0x8b90	67 65 00 01 66 61 69 6c 75 72 65 49 64 00 08 66 	ge00failureId00f
  0x8ba0	61 69 6c 75 72 65 43 6f 75 6e 74 00 08 66 75 6e 	ailureCount00fun
  0x8bb0	63 74 69 6f 6e 00 02 06 0b 02 00 00 00 00 00 00 	ction00000000000
  0x8bc0	20 00 00 07 01 00 46 61 6c 6c 62 61 63 6b 45 72 	 00000FallbackEr
  0x8bd0	72 6f 72 00 50 61 72 74 41 5f 50 72 69 76 54 61 	ror0PartA_PrivTa
  0x8be0	67 73 00 0a 77 69 6c 52 65 73 75 6c 74 00 98 0e 	gs00wilResult000
  0x8bf0	68 72 65 73 75 6c 74 00 08 66 69 6c 65 4e 61 6d 	hresult00fileNam
  0x8c00	65 00 02 6c 69 6e 65 4e 75 6d 62 65 72 00 08 6d 	e00lineNumber00m
  0x8c10	6f 64 75 6c 65 00 02 66 61 69 6c 75 72 65 54 79 	odule00failureTy
  0x8c20	70 65 00 08 6d 65 73 73 61 67 65 00 01 74 68 72 	pe00message00thr
  0x8c30	65 61 64 49 64 00 08 63 61 6c 6c 43 6f 6e 74 65 	eadId00callConte
  0x8c40	78 74 00 02 6f 72 69 67 69 6e 61 74 69 6e 67 43 	xt00originatingC
  0x8c50	6f 6e 74 65 78 74 49 64 00 08 6f 72 69 67 69 6e 	ontextId00origin
  0x8c60	61 74 69 6e 67 43 6f 6e 74 65 78 74 4e 61 6d 65 	atingContextName
  0x8c70	00 02 6f 72 69 67 69 6e 61 74 69 6e 67 43 6f 6e 	00originatingCon
  0x8c80	74 65 78 74 4d 65 73 73 61 67 65 00 01 63 75 72 	textMessage00cur
  0x8c90	72 65 6e 74 43 6f 6e 74 65 78 74 49 64 00 08 63 	rentContextId00c
  0x8ca0	75 72 72 65 6e 74 43 6f 6e 74 65 78 74 4e 61 6d 	urrentContextNam
  0x8cb0	65 00 02 63 75 72 72 65 6e 74 43 6f 6e 74 65 78 	e00currentContex
  0x8cc0	74 4d 65 73 73 61 67 65 00 01 06 0b 05 02 00 00 	tMessage00000000
  0x8cd0	00 00 00 40 00 00 1f 01 00 50 61 63 6b 61 67 65 	000@00000Package
  0x8ce0	64 43 57 41 4c 61 75 6e 63 68 65 72 00 50 61 72 	dCWALauncher0Par
  0x8cf0	74 41 5f 50 72 69 76 54 61 67 73 00 0a 50 61 72 	tA_PrivTags00Par
  0x8d00	74 41 5f 50 72 69 76 54 61 67 73 00 0a 77 69 6c 	tA_PrivTags00wil
  0x8d10	41 63 74 69 76 69 74 79 00 98 0e 68 72 65 73 75 	Activity000hresu
  0x8d20	6c 74 00 08 66 69 6c 65 4e 61 6d 65 00 02 6c 69 	lt00fileName00li
  0x8d30	6e 65 4e 75 6d 62 65 72 00 08 6d 6f 64 75 6c 65 	neNumber00module
  0x8d40	00 02 66 61 69 6c 75 72 65 54 79 70 65 00 08 6d 	00failureType00m
  0x8d50	65 73 73 61 67 65 00 01 74 68 72 65 61 64 49 64 	essage00threadId
  0x8d60	00 08 63 61 6c 6c 43 6f 6e 74 65 78 74 00 02 6f 	00callContext00o
  0x8d70	72 69 67 69 6e 61 74 69 6e 67 43 6f 6e 74 65 78 	riginatingContex
  0x8d80	74 49 64 00 08 6f 72 69 67 69 6e 61 74 69 6e 67 	tId00originating
  0x8d90	43 6f 6e 74 65 78 74 4e 61 6d 65 00 02 6f 72 69 	ContextName00ori
  0x8da0	67 69 6e 61 74 69 6e 67 43 6f 6e 74 65 78 74 4d 	ginatingContextM
  0x8db0	65 73 73 61 67 65 00 01 63 75 72 72 65 6e 74 43 	essage00currentC
  0x8dc0	6f 6e 74 65 78 74 49 64 00 08 63 75 72 72 65 6e 	ontextId00curren
  0x8dd0	74 43 6f 6e 74 65 78 74 4e 61 6d 65 00 02 63 75 	tContextName00cu
  0x8de0	72 72 65 6e 74 43 6f 6e 74 65 78 74 4d 65 73 73 	rrentContextMess
  0x8df0	61 67 65 00 01 06 0b 05 01 00 00 00 00 00 40 00 	age00000000000@0
  0x8e00	00 3f 00 00 50 61 63 6b 61 67 65 64 43 57 41 4c 	0?00PackagedCWAL
  0x8e10	61 75 6e 63 68 65 72 00 50 61 72 74 41 5f 50 72 	auncher0PartA_Pr
  0x8e20	69 76 54 61 67 73 00 0a 77 69 6c 41 63 74 69 76 	ivTags00wilActiv
  0x8e30	69 74 79 00 98 01 74 68 72 65 61 64 49 64 00 08 	ity000threadId00
  0x8e40	06 0b 02 00 00 00 00 00 00 40 00 00 2c 01 00 41 	000000000@00,00A
  0x8e50	63 74 69 76 69 74 79 45 72 72 6f 72 00 50 61 72 	ctivityError0Par
  0x8e60	74 41 5f 50 72 69 76 54 61 67 73 00 0a 77 69 6c 	tA_PrivTags00wil
  0x8e70	41 63 74 69 76 69 74 79 00 98 11 68 72 65 73 75 	Activity000hresu
  0x8e80	6c 74 00 08 66 69 6c 65 4e 61 6d 65 00 02 6c 69 	lt00fileName00li
  0x8e90	6e 65 4e 75 6d 62 65 72 00 08 6d 6f 64 75 6c 65 	neNumber00module
  0x8ea0	00 02 66 61 69 6c 75 72 65 54 79 70 65 00 08 6d 	00failureType00m
  0x8eb0	65 73 73 61 67 65 00 01 74 68 72 65 61 64 49 64 	essage00threadId
  0x8ec0	00 08 63 61 6c 6c 43 6f 6e 74 65 78 74 00 02 6f 	00callContext00o
  0x8ed0	72 69 67 69 6e 61 74 69 6e 67 43 6f 6e 74 65 78 	riginatingContex
  0x8ee0	74 49 64 00 08 6f 72 69 67 69 6e 61 74 69 6e 67 	tId00originating
  0x8ef0	43 6f 6e 74 65 78 74 4e 61 6d 65 00 02 6f 72 69 	ContextName00ori
  0x8f00	67 69 6e 61 74 69 6e 67 43 6f 6e 74 65 78 74 4d 	ginatingContextM
  0x8f10	65 73 73 61 67 65 00 01 63 75 72 72 65 6e 74 43 	essage00currentC
  0x8f20	6f 6e 74 65 78 74 49 64 00 08 63 75 72 72 65 6e 	ontextId00curren
  0x8f30	74 43 6f 6e 74 65 78 74 4e 61 6d 65 00 02 63 75 	tContextName00cu
  0x8f40	72 72 65 6e 74 43 6f 6e 74 65 78 74 4d 65 73 73 	rrentContextMess
  0x8f50	61 67 65 00 01 66 61 69 6c 75 72 65 49 64 00 08 	age00failureId00
  0x8f60	66 61 69 6c 75 72 65 43 6f 75 6e 74 00 08 66 75 	failureCount00fu
  0x8f70	6e 63 74 69 6f 6e 00 02 06 0b 02 00 00 00 00 00 	nction0000000000
  0x8f80	00 60 00 00 09 01 00 41 63 74 69 76 69 74 79 45 	0`00000ActivityE
  0x8f90	72 72 6f 72 00 50 61 72 74 41 5f 50 72 69 76 54 	rror0PartA_PrivT
  0x8fa0	61 67 73 00 0a 77 69 6c 41 63 74 69 76 69 74 79 	ags00wilActivity
  0x8fb0	00 98 0e 68 72 65 73 75 6c 74 00 08 66 69 6c 65 	000hresult00file
  0x8fc0	4e 61 6d 65 00 02 6c 69 6e 65 4e 75 6d 62 65 72 	Name00lineNumber
  0x8fd0	00 08 6d 6f 64 75 6c 65 00 02 66 61 69 6c 75 72 	00module00failur
  0x8fe0	65 54 79 70 65 00 08 6d 65 73 73 61 67 65 00 01 	eType00message00
  0x8ff0	74 68 72 65 61 64 49 64 00 08 63 61 6c 6c 43 6f 	threadId00callCo
  0x9000	6e 74 65 78 74 00 02 6f 72 69 67 69 6e 61 74 69 	ntext00originati
  0x9010	6e 67 43 6f 6e 74 65 78 74 49 64 00 08 6f 72 69 	ngContextId00ori
  0x9020	67 69 6e 61 74 69 6e 67 43 6f 6e 74 65 78 74 4e 	ginatingContextN
  0x9030	61 6d 65 00 02 6f 72 69 67 69 6e 61 74 69 6e 67 	ame00originating
  0x9040	43 6f 6e 74 65 78 74 4d 65 73 73 61 67 65 00 01 	ContextMessage00
  0x9050	63 75 72 72 65 6e 74 43 6f 6e 74 65 78 74 49 64 	currentContextId
  0x9060	00 08 63 75 72 72 65 6e 74 43 6f 6e 74 65 78 74 	00currentContext
  0x9070	4e 61 6d 65 00 02 63 75 72 72 65 6e 74 43 6f 6e 	Name00currentCon
  0x9080	74 65 78 74 4d 65 73 73 61 67 65 00 01 06 0b 05 	textMessage00000
  0x9090	02 00 00 00 00 00 40 00 00 48 00 00 50 61 63 6b 	000000@00H00Pack
  0x90a0	61 67 65 64 43 57 41 4c 61 75 6e 63 68 65 72 00 	agedCWALauncher0
  0x90b0	50 61 72 74 41 5f 50 72 69 76 54 61 67 73 00 0a 	PartA_PrivTags00
  0x90c0	77 69 6c 41 63 74 69 76 69 74 79 00 98 02 68 72 	wilActivity000hr
  0x90d0	65 73 75 6c 74 00 08 74 68 72 65 61 64 49 64 00 	esult00threadId0
  0x90e0	08 06 0b 05 02 00 00 00 00 00 40 00 00 20 00 00 	0000000000@00 00
  0x90f0	41 63 74 69 76 69 74 79 53 74 6f 70 70 65 64 41 	ActivityStoppedA
  0x9100	75 74 6f 6d 61 74 69 63 61 6c 6c 79 00 06 0b 05 	utomatically0000
  0x9110	00 00 00 00 00 00 40 00 00 44 00 00 4c 61 75 6e 	000000@00D00Laun
  0x9120	63 68 69 6e 67 50 61 63 6b 61 67 65 64 43 57 41 	chingPackagedCWA
  0x9130	00 61 70 70 6c 69 63 61 74 69 6f 6e 55 73 65 72 	0applicationUser
  0x9140	4d 6f 64 65 6c 49 64 00 01 70 61 63 6b 61 67 65 	ModelId00package
  0x9150	52 65 6c 61 74 69 76 65 45 78 65 00 01 04 d1 ae 	RelativeExe00000
  0x9160	26 55 e5 f6 96 58 cb f0 27 d9 f5 9b 6b e7 44 00 	&U000X00'000k0D0
  0x9170	4d 69 63 72 6f 73 6f 66 74 2e 57 69 6e 64 6f 77 	Microsoft.Window
  0x9180	73 2e 41 70 70 6c 69 63 61 74 69 6f 6e 4d 6f 64 	s.ApplicationMod
  0x9190	65 6c 2e 44 65 73 6b 74 6f 70 41 70 70 78 00 13 	el.DesktopAppx00
  0x91a0	00 01 1a 73 50 4f cf 89 82 47 b3 e0 dc e8 c9 04 	000sPO000G000000
  0x91b0	76 ba 01 00 52 53 44 53 c0 3d 26 45 0b 41 30 9f 	v000RSDS0=&E0A00
  0x91c0	63 3c 9a 87 53 02 9d ca 01 00 00 00 50 61 63 6b 	c<00S0000000Pack
  0x91d0	61 67 65 64 43 57 41 4c 61 75 6e 63 68 65 72 2e 	agedCWALauncher.
  0x91e0	70 64 62 00 47 43 54 4c 00 10 00 00 c0 09 00 00 	pdb0GCTL00000000
  0x91f0	2e 74 65 78 74 00 00 00 c0 19 00 00 10 01 00 00 	.text00000000000
  0x9200	2e 74 65 78 74 24 64 69 00 00 00 00 d0 1a 00 00 	.text$di00000000
  0x9210	c0 51 00 00 2e 74 65 78 74 24 6d 6e 00 00 00 00 	0Q00.text$mn0000
  0x9220	90 6c 00 00 80 00 00 00 2e 74 65 78 74 24 6d 6e 	0l000000.text$mn
  0x9230	24 30 30 00 10 6d 00 00 50 03 00 00 2e 74 65 78 	$0000m00P000.tex
  0x9240	74 24 78 00 60 70 00 00 ab 00 00 00 2e 74 65 78 	t$x0`p000000.tex
  0x9250	74 24 79 64 00 00 00 00 00 80 00 00 78 01 00 00 	t$yd00000000x000
  0x9260	2e 72 64 61 74 61 24 62 72 63 00 00 78 81 00 00 	.rdata$brc00x000
  0x9270	f0 02 00 00 2e 69 64 61 74 61 24 35 00 00 00 00 	0000.idata$50000
  0x9280	68 84 00 00 10 00 00 00 2e 30 30 63 66 67 00 00 	h0000000.00cfg00
  0x9290	78 84 00 00 08 00 00 00 2e 43 52 54 24 58 43 41 	x0000000.CRT$XCA
  0x92a0	00 00 00 00 80 84 00 00 08 00 00 00 2e 43 52 54 	000000000000.CRT
  0x92b0	24 58 43 41 41 00 00 00 88 84 00 00 28 00 00 00 	$XCAA0000000(000
  0x92c0	2e 43 52 54 24 58 43 55 00 00 00 00 b0 84 00 00 	.CRT$XCU00000000
  0x92d0	08 00 00 00 2e 43 52 54 24 58 43 5a 00 00 00 00 	0000.CRT$XCZ0000
  0x92e0	b8 84 00 00 08 00 00 00 2e 43 52 54 24 58 49 41 	00000000.CRT$XIA
  0x92f0	00 00 00 00 c0 84 00 00 08 00 00 00 2e 43 52 54 	000000000000.CRT
  0x9300	24 58 49 41 41 00 00 00 c8 84 00 00 08 00 00 00 	$XIAA00000000000
  0x9310	2e 43 52 54 24 58 49 59 00 00 00 00 d0 84 00 00 	.CRT$XIY00000000
  0x9320	08 00 00 00 2e 43 52 54 24 58 49 5a 00 00 00 00 	0000.CRT$XIZ0000
  0x9330	d8 84 00 00 94 00 00 00 2e 67 66 69 64 73 00 00 	00000000.gfids00
  0x9340	6c 85 00 00 04 00 00 00 2e 67 69 61 74 73 00 00 	l0000000.giats00
  0x9350	70 85 00 00 a8 04 00 00 2e 72 64 61 74 61 00 00 	p0000000.rdata00
  0x9360	18 8a 00 00 10 00 00 00 2e 72 64 61 74 61 24 7a 	00000000.rdata$z
  0x9370	45 54 57 30 00 00 00 00 28 8a 00 00 35 07 00 00 	ETW00000(0005000
  0x9380	2e 72 64 61 74 61 24 7a 45 54 57 31 00 00 00 00 	.rdata$zETW10000
  0x9390	5d 91 00 00 55 00 00 00 2e 72 64 61 74 61 24 7a 	]000U000.rdata$z
  0x93a0	45 54 57 32 00 00 00 00 b2 91 00 00 02 00 00 00 	ETW2000000000000
  0x93b0	2e 72 64 61 74 61 24 7a 45 54 57 39 00 00 00 00 	.rdata$zETW90000
  0x93c0	b4 91 00 00 3c 03 00 00 2e 72 64 61 74 61 24 7a 	0000<000.rdata$z
  0x93d0	7a 7a 64 62 67 00 00 00 f0 94 00 00 20 07 00 00 	zzdbg0000000 000
  0x93e0	2e 78 64 61 74 61 00 00 10 9c 00 00 88 00 00 00 	.xdata0000000000
  0x93f0	2e 78 64 61 74 61 24 78 00 00 00 00 98 9c 00 00 	.xdata$x00000000
  0x9400	68 01 00 00 2e 69 64 61 74 61 24 32 00 00 00 00 	h000.idata$20000
  0x9410	00 9e 00 00 18 00 00 00 2e 69 64 61 74 61 24 33 	00000000.idata$3
  0x9420	00 00 00 00 18 9e 00 00 f0 02 00 00 2e 69 64 61 	000000000000.ida
  0x9430	74 61 24 34 00 00 00 00 08 a1 00 00 e6 07 00 00 	ta$4000000000000
  0x9440	2e 69 64 61 74 61 24 36 00 00 00 00 00 b0 00 00 	.idata$600000000
  0x9450	48 00 00 00 2e 64 61 74 61 24 62 72 63 00 00 00 	H000.data$brc000
  0x9460	48 b0 00 00 78 00 00 00 2e 64 61 74 61 24 72 24 	H000x000.data$r$
  0x9470	62 72 63 00 c0 b0 00 00 30 00 00 00 2e 64 61 74 	brc000000000.dat
  0x9480	61 00 00 00 f0 b0 00 00 28 08 00 00 2e 62 73 73 	a0000000(000.bss
  0x9490	00 00 00 00 00 c0 00 00 88 05 00 00 2e 70 64 61 	000000000000.pda
  0x94a0	74 61 00 00 00 d0 00 00 60 00 00 00 2e 72 73 72 	ta000000`000.rsr
  0x94b0	63 24 30 31 00 00 00 00 60 d0 00 00 c8 03 00 00 	c$010000`0000000
  0x94c0	2e 72 73 72 63 24 30 32 00 00 00 00 20 00 00 00 	.rsrc$020000 000
  0x94d0	c0 3d 26 45 0b 41 30 9f 63 3c 9a 87 53 02 9d ca 	0=&E0A00c<00S000
  0x94e0	d9 48 df 61 7c 4c 48 2a 5f 92 dd 54 39 61 70 51 	0H0a|LH*_00T9apQ
  0x94f0	01 12 05 00 12 42 0e 70 0d 60 0c 50 0b 30 00 00 	00000B0p0`0P0000
  0x9500	01 11 04 00 11 32 0d 70 0c 60 0b 30 19 25 09 00 	0000020p0`000%00
  0x9510	13 34 53 00 13 01 4a 00 0c f0 0a e0 08 70 07 60 	04S000J000000p0`
  0x9520	06 50 00 00 74 6b 00 00 40 02 00 00 01 14 08 00 	0P00tk00@0000000
  0x9530	14 64 08 00 14 54 07 00 14 34 06 00 14 32 10 70 	0d000T000400020p
  0x9540	01 04 01 00 04 42 00 00 19 21 07 00 0f 34 31 00 	00000B000!000410
  0x9550	0f 01 2a 00 08 70 07 60 06 50 00 00 74 6b 00 00 	00*00p0`0P00tk00
  0x9560	40 01 00 00 01 0f 06 00 0f 64 07 00 0f 34 06 00 	@00000000d000400
  0x9570	0f 32 0b 70 01 04 01 00 04 82 00 00 01 12 04 00 	020p000000000000
  0x9580	12 52 0e 70 0d 60 0c 30 01 1c 0c 00 1c 64 0c 00 	0R0p0`0000000d00
  0x9590	1c 54 0b 00 1c 34 0a 00 1c 32 18 f0 16 e0 14 d0 	0T00040002000000
  0x95a0	12 c0 10 70 01 0a 04 00 0a 34 06 00 0a 32 06 70 	000p00000400020p
  0x95b0	19 21 03 00 0f 01 86 02 02 30 00 00 74 6b 00 00 	0!0000000000tk00
  0x95c0	20 14 00 00 01 06 02 00 06 32 02 30 19 18 02 00 	 000000002000000
  0x95d0	0f 52 0b 30 18 65 00 00 98 89 00 00 ff ff ff ff 	0R000e0000000000
  0x95e0	00 00 00 00 ff ff ff ff 00 00 00 00 00 00 00 00 	0000000000000000
  0x95f0	00 00 00 00 01 00 00 00 02 00 00 00 00 96 00 00 	0000000000000000
  0x9600	08 00 00 00 a0 b0 00 00 28 00 00 00 13 6d 00 00 	00000000(0000m00
  0x9610	48 00 00 00 40 00 00 00 00 00 00 00 00 00 00 00 	H000@00000000000
  0x9620	70 6d 00 00 38 00 00 00 96 29 00 00 ff ff ff ff 	pm0080000)000000
  0x9630	ba 29 00 00 00 00 00 00 35 6d 00 00 01 00 00 00 	0)0000005m000000
  0x9640	19 0b 03 00 0b 42 07 50 06 30 00 00 18 65 00 00 	00000B0P00000e00
  0x9650	98 89 00 00 19 0a 02 00 0a 32 06 50 18 65 00 00 	00000000020P0e00
  0x9660	98 89 00 00 01 07 02 00 07 01 1f 00 19 17 06 00 	0000000000000000
  0x9670	17 34 15 00 0b d2 07 e0 05 70 04 60 18 65 00 00 	040000000p0`0e00
  0x9680	70 89 00 00 ff ff ff ff 00 00 00 00 ff ff ff ff 	p000000000000000
  0x9690	00 00 00 00 ff ff ff ff 00 00 00 00 ff ff ff ff 	0000000000000000
  0x96a0	00 00 00 00 00 00 00 00 00 00 00 00 01 00 00 00 	0000000000000000
  0x96b0	03 00 00 00 cc 96 00 00 02 00 00 00 02 00 00 00 	0000000000000000
  0x96c0	03 00 00 00 04 00 00 00 08 97 00 00 09 00 00 00 	0000000000000000
  0x96d0	70 b0 00 00 38 00 00 00 91 6d 00 00 48 00 00 00 	p00080000m00H000
  0x96e0	09 00 00 00 48 b0 00 00 50 00 00 00 e0 6d 00 00 	0000H000P0000m00
  0x96f0	48 00 00 00 40 00 00 00 00 00 00 00 00 00 00 00 	H000@00000000000
  0x9700	2e 6e 00 00 38 00 00 00 09 00 00 00 70 b0 00 00 	.n0080000000p000
  0x9710	40 00 00 00 66 6e 00 00 48 00 00 00 09 00 00 00 	@000fn00H0000000
  0x9720	48 b0 00 00 58 00 00 00 b5 6e 00 00 48 00 00 00 	H000X0000n00H000
  0x9730	08 00 00 00 a0 b0 00 00 60 00 00 00 03 6f 00 00 	00000000`0000o00
  0x9740	48 00 00 00 40 00 00 00 00 00 00 00 00 00 00 00 	H000@00000000000
  0x9750	51 6f 00 00 38 00 00 00 00 00 00 00 00 00 00 00 	Qo00800000000000
  0x9760	6a 2b 00 00 ff ff ff ff 9a 2b 00 00 00 00 00 00 	j+0000000+000000
  0x9770	ce 2b 00 00 02 00 00 00 d8 2b 00 00 ff ff ff ff 	0+0000000+000000
  0x9780	02 6e 00 00 01 00 00 00 4f 6e 00 00 00 00 00 00 	0n000000On000000
  0x9790	d7 6e 00 00 03 00 00 00 42 6f 00 00 00 00 00 00 	0n000000Bo000000
  0x97a0	19 0b 03 00 0b 42 07 50 06 30 00 00 18 65 00 00 	00000B0P00000e00
  0x97b0	70 89 00 00 19 0a 02 00 0a 32 06 50 18 65 00 00 	p0000000020P0e00
  0x97c0	70 89 00 00 01 11 09 00 11 c2 0d f0 0b e0 09 d0 	p000000000000000
  0x97d0	07 c0 05 70 04 60 03 50 02 30 00 00 01 09 03 00 	000p0`0P00000000
  0x97e0	09 01 18 00 02 30 00 00 19 22 04 00 10 01 a5 02 	000000000"000000
  0x97f0	03 70 02 30 74 6b 00 00 10 15 00 00 01 04 01 00 	0p00tk0000000000
  0x9800	04 a2 00 00 01 14 08 00 14 64 0e 00 14 54 0d 00 	000000000d000T00
  0x9810	14 34 0c 00 14 92 10 70 19 2f 09 00 1d 64 13 02 	0400000p0/000d00
  0x9820	1d 54 12 02 1d 34 11 02 1d 01 0e 02 10 70 00 00 	0T00040000000p00
  0x9830	74 6b 00 00 60 10 00 00 01 06 02 00 06 72 02 30 	tk00`00000000r00
  0x9840	19 0d 01 00 04 62 00 00 18 65 00 00 d0 88 00 00 	00000b000e000000
  0x9850	19 2b 0b 00 19 54 52 00 19 34 51 00 19 01 4a 00 	0+000TR004Q000J0
  0x9860	12 f0 10 e0 0e c0 0c 70 0b 60 00 00 74 6b 00 00 	0000000p0`00tk00
  0x9870	40 02 00 00 01 0a 04 00 0a 64 06 00 0a 32 06 70 	@00000000d00020p
  0x9880	01 19 0a 00 19 74 09 00 19 64 08 00 19 54 07 00 	00000t000d000T00
  0x9890	19 34 06 00 19 32 15 e0 01 0f 03 00 0f 01 20 00 	04000200000000 0
  0x98a0	04 50 00 00 01 0f 03 00 0f 01 24 00 04 50 00 00 	0P00000000$00P00
  0x98b0	01 06 02 00 06 52 02 70 19 25 07 00 17 74 32 00 	00000R0p0%000t20
  0x98c0	17 34 31 00 17 01 2e 00 0b 50 00 00 74 6b 00 00 	041000.00P00tk00
  0x98d0	60 01 00 00 01 12 07 00 12 64 1c 00 12 34 1b 00 	`00000000d000400
  0x98e0	12 01 18 00 0b 70 00 00 19 29 09 00 1b e4 29 00 	00000p000)0000)0
  0x98f0	1b 74 28 00 1b 34 27 00 1b 01 24 00 10 50 00 00 	0t(004'000$00P00
  0x9900	74 6b 00 00 10 01 00 00 19 3b 0b 00 2a 64 3e 00 	tk0000000;00*d>0
  0x9910	26 34 3c 00 19 01 36 00 0b f0 09 e0 07 c0 05 70 	&4<000600000000p
  0x9920	04 50 00 00 fc 6b 00 00 48 89 00 00 a2 01 00 00 	0P000k00H0000000
  0x9930	ff ff ff ff 72 6f 00 00 00 00 00 00 84 6f 00 00 	0000ro0000000o00
  0x9940	01 00 00 00 96 6f 00 00 fb 4e 00 00 02 00 00 00 	00000o000N000000
  0x9950	2d 4f 00 00 01 00 00 00 55 4f 00 00 ff ff ff ff 	-O000000UO000000
  0x9960	7f 4f 00 00 02 00 00 00 8d 4f 00 00 00 00 00 00 	0O0000000O000000
  0x9970	9e 4f 00 00 01 00 00 00 ac 4f 00 00 02 00 00 00 	0O0000000O000000
  0x9980	19 0d 01 00 04 62 00 00 18 65 00 00 20 89 00 00 	00000b000e00 000
  0x9990	00 00 00 00 00 00 00 00 01 00 00 00 01 00 00 00 	0000000000000000
  0x99a0	a4 99 00 00 40 00 00 00 00 00 00 00 00 00 00 00 	0000@00000000000
  0x99b0	a8 6f 00 00 38 00 00 00 c5 4f 00 00 00 00 00 00 	0o0080000O000000
  0x99c0	19 0a 02 00 0a 32 06 50 18 65 00 00 20 89 00 00 	0000020P0e00 000
  0x99d0	01 10 05 00 10 01 30 00 04 70 03 30 02 50 00 00 	000000000p000P00
  0x99e0	19 25 07 00 17 74 22 00 17 34 21 00 17 01 1e 00 	0%000t"004!00000
  0x99f0	0b 50 00 00 74 6b 00 00 e0 00 00 00 19 24 08 00 	0P00tk0000000$00
  0x9a00	15 74 0d 00 15 64 0c 00 15 34 0b 00 15 72 11 e0 	0t000d0004000r00
  0x9a10	74 6b 00 00 30 00 00 00 01 0f 06 00 0f 64 09 00 	tk00000000000d00
  0x9a20	0f 34 08 00 0f 32 0b 70 19 36 09 00 25 34 5a 00 	0400020p0600%4Z0
  0x9a30	18 01 52 00 0a f0 08 e0 06 70 05 60 04 50 00 00 	00R000000p0`0P00
  0x9a40	fc 6b 00 00 f8 88 00 00 82 02 00 00 ff ff ff ff 	0k00000000000000
  0x9a50	d5 6f 00 00 00 00 00 00 e7 6f 00 00 00 00 00 00 	0o0000000o000000
  0x9a60	6b 59 00 00 ff ff ff ff d6 59 00 00 01 00 00 00 	kY0000000Y000000
  0x9a70	01 12 08 00 12 54 0a 00 12 34 08 00 12 32 0e e0 	00000T0004000200
  0x9a80	0c 70 0b 60 19 32 0b 00 21 64 52 00 21 34 50 00 	0p0`0200!dR0!4P0
  0x9a90	21 01 4a 00 12 f0 10 e0 0e c0 0c 70 0b 50 00 00 	!0J00000000p0P00
  0x9aa0	74 6b 00 00 40 02 00 00 19 26 09 00 18 34 33 00 	tk00@0000&000430
  0x9ab0	18 01 2a 00 0c f0 0a e0 08 70 07 60 06 50 00 00 	00*000000p0`0P00
  0x9ac0	74 6b 00 00 40 01 00 00 19 26 09 00 18 34 39 00 	tk00@0000&000490
  0x9ad0	18 01 30 00 0c e0 0a c0 08 70 07 60 06 50 00 00 	000000000p0`0P00
  0x9ae0	74 6b 00 00 70 01 00 00 19 26 09 00 18 34 35 00 	tk00p0000&000450
  0x9af0	18 01 2c 00 0c f0 0a e0 08 70 07 60 06 50 00 00 	00,000000p0`0P00
  0x9b00	74 6b 00 00 50 01 00 00 19 21 06 00 12 64 14 00 	tk00P0000!000d00
  0x9b10	12 34 13 00 12 f2 0b 70 74 6b 00 00 70 00 00 00 	0400000ptk00p000
  0x9b20	19 13 01 00 04 c2 00 00 74 6b 00 00 50 00 00 00 	00000000tk00P000
  0x9b30	01 04 01 00 04 62 00 00 09 15 08 00 15 74 0a 00 	00000b0000000t00
  0x9b40	15 64 09 00 15 34 08 00 15 52 11 f0 1a 6b 00 00 	0d0004000R000k00
  0x9b50	01 00 00 00 45 63 00 00 ab 64 00 00 f9 6f 00 00 	0000Ec000d000o00
  0x9b60	ab 64 00 00 01 06 02 00 06 32 02 50 00 00 00 00 	0d000000020P0000
  0x9b70	01 00 00 00 01 0c 02 00 0c 01 11 00 11 06 02 00 	0000000000000000
  0x9b80	06 32 02 30 1a 6b 00 00 01 00 00 00 41 67 00 00 	02000k000000Ag00
  0x9b90	86 67 00 00 1d 70 00 00 00 00 00 00 09 04 01 00 	0g000p0000000000
  0x9ba0	04 22 00 00 1a 6b 00 00 01 00 00 00 9c 68 00 00 	0"000k0000000h00
  0x9bb0	d2 68 00 00 01 00 00 00 d2 68 00 00 09 0a 04 00 	0h0000000h000000
  0x9bc0	0a 34 06 00 0a 32 06 70 1a 6b 00 00 01 00 00 00 	0400020p0k000000
  0x9bd0	ad 69 00 00 e0 69 00 00 40 70 00 00 e0 69 00 00 	0i000i00@p000i00
  0x9be0	01 0d 04 00 0d 34 09 00 0d 32 06 50 00 00 00 00 	00000400020P0000
  0x9bf0	01 00 00 00 01 02 01 00 02 30 00 00 00 00 00 00 	0000000000000000
  0x9c00	02 04 03 00 01 16 00 06 04 12 00 00 00 00 00 00 	0000000000000000
  0x9c10	02 00 00 00 28 9c 00 00 50 9c 00 00 00 00 00 00 	0000(000P0000000
  0x9c20	00 00 00 00 00 00 00 00 00 00 00 00 70 b0 00 00 	000000000000p000
  0x9c30	00 00 00 00 ff ff ff ff 00 00 00 00 c8 00 00 00 	0000000000000000
  0x9c40	1c 2a 00 00 00 00 00 00 00 00 00 00 00 00 00 00 	0*00000000000000
  0x9c50	00 00 00 00 a0 b0 00 00 00 00 00 00 ff ff ff ff 	0000000000000000
  0x9c60	00 00 00 00 18 00 00 00 c5 67 00 00 00 00 00 00 	000000000g000000
  0x9c70	00 00 00 00 00 00 00 00 00 00 00 00 70 28 00 00 	000000000000p(00
  0x9c80	00 00 00 00 10 9c 00 00 00 00 00 00 00 00 00 00 	0000000000000000
  0x9c90	00 00 00 00 00 00 00 00 00 a0 00 00 00 00 00 00 	0000000000000000
  0x9ca0	00 00 00 00 4e a2 00 00 60 83 00 00 e8 a0 00 00 	0000N000`0000000
  0x9cb0	00 00 00 00 00 00 00 00 f2 a2 00 00 48 84 00 00 	000000000000H000
  0x9cc0	c0 9f 00 00 00 00 00 00 00 00 00 00 68 a6 00 00 	000000000000h000
  0x9cd0	20 83 00 00 a8 9e 00 00 00 00 00 00 00 00 00 00 	 000000000000000
  0x9ce0	90 a6 00 00 08 82 00 00 88 9f 00 00 00 00 00 00 	0000000000000000
  0x9cf0	00 00 00 00 ba a6 00 00 e8 82 00 00 38 9f 00 00 	0000000000008000
  0x9d00	00 00 00 00 00 00 00 00 dc a6 00 00 98 82 00 00 	0000000000000000
  0x9d10	88 9e 00 00 00 00 00 00 00 00 00 00 fe a6 00 00 	0000000000000000
  0x9d20	e8 81 00 00 50 9e 00 00 00 00 00 00 00 00 00 00 	0000P00000000000
  0x9d30	1e a7 00 00 b0 81 00 00 e0 9e 00 00 00 00 00 00 	0000000000000000
  0x9d40	00 00 00 00 48 a7 00 00 40 82 00 00 18 9e 00 00 	0000H000@0000000
  0x9d50	00 00 00 00 00 00 00 00 76 a7 00 00 78 81 00 00 	00000000v000x000
  0x9d60	f0 9e 00 00 00 00 00 00 00 00 00 00 96 a7 00 00 	0000000000000000
  0x9d70	50 82 00 00 28 9f 00 00 00 00 00 00 00 00 00 00 	P000(00000000000
  0x9d80	c0 a7 00 00 88 82 00 00 d0 9e 00 00 00 00 00 00 	0000000000000000
  0x9d90	00 00 00 00 ea a7 00 00 30 82 00 00 30 9e 00 00 	0000000000000000
  0x9da0	00 00 00 00 00 00 00 00 12 a8 00 00 90 81 00 00 	0000000000000000
  0x9db0	78 9e 00 00 00 00 00 00 00 00 00 00 34 a8 00 00 	x000000000004000
  0x9dc0	d8 81 00 00 18 9f 00 00 00 00 00 00 00 00 00 00 	0000000000000000
  0x9dd0	56 a8 00 00 78 82 00 00 a8 9f 00 00 00 00 00 00 	V000x00000000000
  0x9de0	00 00 00 00 7a a8 00 00 08 83 00 00 f0 9f 00 00 	0000z00000000000
  0x9df0	00 00 00 00 00 00 00 00 ae a8 00 00 50 83 00 00 	000000000000P000
  0x9e00	00 00 00 00 00 00 00 00 00 00 00 00 00 00 00 00 	0000000000000000
  0x9e10	00 00 00 00 00 00 00 00 b4 a3 00 00 00 00 00 00 	0000000000000000
  0x9e20	c6 a3 00 00 00 00 00 00 00 00 00 00 00 00 00 00 	0000000000000000
  0x9e30	98 a5 00 00 00 00 00 00 a6 a5 00 00 00 00 00 00 	0000000000000000
  0x9e40	8a a4 00 00 00 00 00 00 00 00 00 00 00 00 00 00 	0000000000000000
  0x9e50	68 a3 00 00 00 00 00 00 de a5 00 00 00 00 00 00 	h000000000000000
  0x9e60	60 a4 00 00 00 00 00 00 c2 a5 00 00 00 00 00 00 	`000000000000000
  0x9e70	00 00 00 00 00 00 00 00 f8 a4 00 00 00 00 00 00 	0000000000000000
  0x9e80	00 00 00 00 00 00 00 00 5c a5 00 00 00 00 00 00 	0000000000000000
  0x9e90	06 a5 00 00 00 00 00 00 5c a3 00 00 00 00 00 00 	0000000000000000
  0x9ea0	00 00 00 00 00 00 00 00 22 a5 00 00 00 00 00 00 	00000000"0000000
  0x9eb0	84 a5 00 00 00 00 00 00 9e a3 00 00 00 00 00 00 	0000000000000000
  0x9ec0	16 a3 00 00 00 00 00 00 00 00 00 00 00 00 00 00 	0000000000000000
  0x9ed0	4e a4 00 00 00 00 00 00 00 00 00 00 00 00 00 00 	N000000000000000
  0x9ee0	78 a3 00 00 00 00 00 00 00 00 00 00 00 00 00 00 	x000000000000000
  0x9ef0	02 a4 00 00 00 00 00 00 46 a5 00 00 00 00 00 00 	00000000F0000000
  0x9f00	fc a5 00 00 00 00 00 00 10 a6 00 00 00 00 00 00 	0000000000000000
  0x9f10	00 00 00 00 00 00 00 00 24 a6 00 00 00 00 00 00 	00000000$0000000
  0x9f20	00 00 00 00 00 00 00 00 28 a4 00 00 00 00 00 00 	00000000(0000000
  0x9f30	00 00 00 00 00 00 00 00 46 a3 00 00 00 00 00 00 	00000000F0000000
  0x9f40	ec a3 00 00 00 00 00 00 34 a5 00 00 00 00 00 00 	0000000040000000
  0x9f50	8a a3 00 00 00 00 00 00 e6 a4 00 00 00 00 00 00 	0000000000000000
  0x9f60	ce a4 00 00 00 00 00 00 b4 a4 00 00 00 00 00 00 	0000000000000000
  0x9f70	70 a4 00 00 00 00 00 00 18 a4 00 00 00 00 00 00 	p000000000000000
  0x9f80	00 00 00 00 00 00 00 00 ba a5 00 00 00 00 00 00 	0000000000000000
  0x9f90	2c a3 00 00 00 00 00 00 a0 a4 00 00 00 00 00 00 	,000000000000000
  0x9fa0	00 00 00 00 00 00 00 00 3e a6 00 00 00 00 00 00 	00000000>0000000
  0x9fb0	58 a6 00 00 00 00 00 00 00 00 00 00 00 00 00 00 	X000000000000000
  0x9fc0	38 a4 00 00 00 00 00 00 fc a2 00 00 00 00 00 00 	8000000000000000
  0x9fd0	da a3 00 00 00 00 00 00 6e a5 00 00 00 00 00 00 	00000000n0000000
  0x9fe0	12 a5 00 00 00 00 00 00 00 00 00 00 00 00 00 00 	0000000000000000
  0x9ff0	9e a8 00 00 00 00 00 00 00 00 00 00 00 00 00 00 	0000000000000000
  0xa000	08 a1 00 00 00 00 00 00 14 a2 00 00 00 00 00 00 	0000000000000000
  0xa010	38 a2 00 00 00 00 00 00 5a a2 00 00 00 00 00 00 	80000000Z0000000
  0xa020	00 a2 00 00 00 00 00 00 f6 a1 00 00 00 00 00 00 	0000000000000000
  0xa030	ee a1 00 00 00 00 00 00 98 a2 00 00 00 00 00 00 	0000000000000000
  0xa040	e6 a1 00 00 00 00 00 00 d4 a1 00 00 00 00 00 00 	0000000000000000
  0xa050	c2 a1 00 00 00 00 00 00 b4 a1 00 00 00 00 00 00 	0000000000000000
  0xa060	a6 a1 00 00 00 00 00 00 ce a8 00 00 00 00 00 00 	0000000000000000
  0xa070	62 a2 00 00 00 00 00 00 42 a2 00 00 00 00 00 00 	b0000000B0000000
  0xa080	96 a1 00 00 00 00 00 00 6c a2 00 00 00 00 00 00 	00000000l0000000
  0xa090	7a a2 00 00 00 00 00 00 78 a1 00 00 00 00 00 00 	z0000000x0000000
  0xa0a0	60 a1 00 00 00 00 00 00 48 a1 00 00 00 00 00 00 	`0000000H0000000
  0xa0b0	38 a1 00 00 00 00 00 00 84 a2 00 00 00 00 00 00 	8000000000000000
  0xa0c0	2c a1 00 00 00 00 00 00 1e a1 00 00 00 00 00 00 	,000000000000000
  0xa0d0	20 a2 00 00 00 00 00 00 e4 a8 00 00 00 00 00 00 	 000000000000000
  0xa0e0	00 00 00 00 00 00 00 00 b0 a2 00 00 00 00 00 00 	0000000000000000
  0xa0f0	c4 a2 00 00 00 00 00 00 de a2 00 00 00 00 00 00 	0000000000000000
  0xa100	00 00 00 00 00 00 00 00 5b 00 5f 5f 43 78 78 46 	00000000[0__CxxF
  0xa110	72 61 6d 65 48 61 6e 64 6c 65 72 33 00 00 69 03 	rameHandler300i0
  0xa120	5f 76 73 6e 77 70 72 69 6e 74 66 00 93 04 6d 65 	_vsnwprintf000me
  0xa130	6d 63 70 79 5f 73 00 00 14 00 3f 3f 33 40 59 41 	mcpy_s0000??3@YA
  0xa140	58 50 45 41 58 40 5a 00 11 00 3f 3f 31 65 78 63 	XPEAX@Z000??1exc
  0xa150	65 70 74 69 6f 6e 40 40 55 45 41 41 40 58 5a 00 	eption@@UEAA@XZ0
  0xa160	0d 00 3f 3f 30 65 78 63 65 70 74 69 6f 6e 40 40 	00??0exception@@
  0xa170	51 45 41 41 40 58 5a 00 0c 00 3f 3f 30 65 78 63 	QEAA@XZ000??0exc
  0xa180	65 70 74 69 6f 6e 40 40 51 45 41 41 40 41 45 42 	eption@@QEAA@AEB
  0xa190	56 30 40 40 5a 00 67 03 5f 76 73 6e 70 72 69 6e 	V0@@Z0g0_vsnprin
  0xa1a0	74 66 5f 73 00 00 55 00 5f 58 63 70 74 46 69 6c 	tf_s00U0_XcptFil
  0xa1b0	74 65 72 00 ae 00 5f 61 6d 73 67 5f 65 78 69 74 	ter000_amsg_exit
  0xa1c0	00 00 9d 00 5f 5f 77 67 65 74 6d 61 69 6e 61 72 	0000__wgetmainar
  0xa1d0	67 73 00 00 8e 00 5f 5f 73 65 74 5f 61 70 70 5f 	gs0000__set_app_
  0xa1e0	74 79 70 65 00 00 32 04 65 78 69 74 00 00 0e 01 	type0020exit0000
  0xa1f0	5f 65 78 69 74 00 c1 00 5f 63 65 78 69 74 00 00 	_exit000_cexit00
  0xa200	90 00 5f 5f 73 65 74 75 73 65 72 6d 61 74 68 65 	00__setusermathe
  0xa210	72 72 00 00 7d 01 5f 69 6e 69 74 74 65 72 6d 00 	rr00}0_initterm0
  0xa220	57 00 5f 5f 43 5f 73 70 65 63 69 66 69 63 5f 68 	W0__C_specific_h
  0xa230	61 6e 64 6c 65 72 00 00 27 01 5f 66 6d 6f 64 65 	andler00'0_fmode
  0xa240	00 00 d2 00 5f 63 6f 6d 6d 6f 64 65 00 00 6d 73 	0000_commode00ms
  0xa250	76 63 72 74 2e 64 6c 6c 00 00 e6 01 5f 6c 6f 63 	vcrt.dll0000_loc
  0xa260	6b 00 41 03 5f 75 6e 6c 6f 63 6b 00 7b 00 5f 5f 	k0A0_unlock0{0__
  0xa270	64 6c 6c 6f 6e 65 78 69 74 00 90 02 5f 6f 6e 65 	dllonexit000_one
  0xa280	78 69 74 00 2f 00 3f 74 65 72 6d 69 6e 61 74 65 	xit0/0?terminate
  0xa290	40 40 59 41 58 58 5a 00 12 00 3f 3f 31 74 79 70 	@@YAXXZ000??1typ
  0xa2a0	65 5f 69 6e 66 6f 40 40 55 45 41 41 40 58 5a 00 	e_info@@UEAA@XZ0
  0xa2b0	f2 02 52 74 6c 43 61 70 74 75 72 65 43 6f 6e 74 	00RtlCaptureCont
  0xa2c0	65 78 74 00 e8 04 52 74 6c 4c 6f 6f 6b 75 70 46 	ext000RtlLookupF
  0xa2d0	75 6e 63 74 69 6f 6e 45 6e 74 72 79 00 00 27 06 	unctionEntry00'0
  0xa2e0	52 74 6c 56 69 72 74 75 61 6c 55 6e 77 69 6e 64 	RtlVirtualUnwind
  0xa2f0	00 00 6e 74 64 6c 6c 2e 64 6c 6c 00 00 00 45 76 	00ntdll.dll000Ev
  0xa300	65 6e 74 41 63 74 69 76 69 74 79 49 64 43 6f 6e 	entActivityIdCon
  0xa310	74 72 6f 6c 00 00 0f 00 47 65 74 4d 6f 64 75 6c 	trol0000GetModul
  0xa320	65 46 69 6c 65 4e 61 6d 65 41 00 00 13 00 49 6e 	eFileNameA0000In
  0xa330	69 74 4f 6e 63 65 42 65 67 69 6e 49 6e 69 74 69 	itOnceBeginIniti
  0xa340	61 6c 69 7a 65 00 0b 00 43 72 65 61 74 65 53 65 	alize000CreateSe
  0xa350	6d 61 70 68 6f 72 65 45 78 57 00 00 06 00 48 65 	maphoreExW0000He
  0xa360	61 70 46 72 65 65 00 00 0d 00 53 65 74 4c 61 73 	apFree0000SetLas
  0xa370	74 45 72 72 6f 72 00 00 05 00 47 65 74 43 6f 6d 	tError0000GetCom
  0xa380	6d 61 6e 64 4c 69 6e 65 57 00 26 00 52 65 6c 65 	mandLineW0&0Rele
  0xa390	61 73 65 53 65 6d 61 70 68 6f 72 65 00 00 13 00 	aseSemaphore0000
  0xa3a0	47 65 74 4d 6f 64 75 6c 65 48 61 6e 64 6c 65 45 	GetModuleHandleE
  0xa3b0	78 57 00 00 46 00 43 6f 55 6e 69 6e 69 74 69 61 	xW00F0CoUninitia
  0xa3c0	6c 69 7a 65 00 00 09 00 43 6f 43 72 65 61 74 65 	lize0000CoCreate
  0xa3d0	49 6e 73 74 61 6e 63 65 00 00 05 00 45 76 65 6e 	Instance0000Even
  0xa3e0	74 55 6e 72 65 67 69 73 74 65 72 00 36 00 57 61 	tUnregister060Wa
  0xa3f0	69 74 46 6f 72 53 69 6e 67 6c 65 4f 62 6a 65 63 	itForSingleObjec
  0xa400	74 00 11 00 47 65 74 43 75 72 72 65 6e 74 54 68 	t000GetCurrentTh
  0xa410	72 65 61 64 49 64 00 00 23 00 52 65 6c 65 61 73 	readId00#0Releas
  0xa420	65 4d 75 74 65 78 00 00 1c 00 50 61 74 68 47 65 	eMutex0000PathGe
  0xa430	74 41 72 67 73 57 00 00 04 00 45 76 65 6e 74 53 	tArgsW0000EventS
  0xa440	65 74 49 6e 66 6f 72 6d 61 74 69 6f 6e 00 09 00 	etInformation000
  0xa450	46 6f 72 6d 61 74 4d 65 73 73 61 67 65 57 00 00 	FormatMessageW00
  0xa460	05 00 47 65 74 4c 61 73 74 45 72 72 6f 72 00 00 	00GetLastError00
  0xa470	24 00 52 65 6c 65 61 73 65 53 52 57 4c 6f 63 6b 	$0ReleaseSRWLock
  0xa480	45 78 63 6c 75 73 69 76 65 00 07 00 4f 75 74 70 	Exclusive000Outp
  0xa490	75 74 44 65 62 75 67 53 74 72 69 6e 67 57 00 00 	utDebugStringW00
  0xa4a0	14 00 49 6e 69 74 4f 6e 63 65 43 6f 6d 70 6c 65 	00InitOnceComple
  0xa4b0	74 65 00 00 00 00 41 63 71 75 69 72 65 53 52 57 	te0000AcquireSRW
  0xa4c0	4c 6f 63 6b 45 78 63 6c 75 73 69 76 65 00 37 00 	LockExclusive070
  0xa4d0	57 61 69 74 46 6f 72 53 69 6e 67 6c 65 4f 62 6a 	WaitForSingleObj
  0xa4e0	65 63 74 45 78 00 21 00 4f 70 65 6e 53 65 6d 61 	ectEx0!0OpenSema
  0xa4f0	70 68 6f 72 65 57 00 00 00 00 43 6c 6f 73 65 48 	phoreW0000CloseH
  0xa500	61 6e 64 6c 65 00 02 00 48 65 61 70 41 6c 6c 6f 	andle000HeapAllo
  0xa510	63 00 03 00 45 76 65 6e 74 52 65 67 69 73 74 65 	c000EventRegiste
  0xa520	72 00 15 00 47 65 74 50 72 6f 63 41 64 64 72 65 	r000GetProcAddre
  0xa530	73 73 00 00 09 00 43 72 65 61 74 65 4d 75 74 65 	ss0000CreateMute
  0xa540	78 45 78 57 00 00 0d 00 47 65 74 43 75 72 72 65 	xExW0000GetCurre
  0xa550	6e 74 50 72 6f 63 65 73 73 49 64 00 00 00 47 65 	ntProcessId000Ge
  0xa560	74 50 72 6f 63 65 73 73 48 65 61 70 00 00 09 00 	tProcessHeap0000
  0xa570	45 76 65 6e 74 57 72 69 74 65 54 72 61 6e 73 66 	EventWriteTransf
  0xa580	65 72 00 00 14 00 47 65 74 4d 6f 64 75 6c 65 48 	er0000GetModuleH
  0xa590	61 6e 64 6c 65 57 00 00 04 00 44 65 62 75 67 42 	andleW0000DebugB
  0xa5a0	72 65 61 6b 00 00 05 00 49 73 44 65 62 75 67 67 	reak0000IsDebugg
  0xa5b0	65 72 50 72 65 73 65 6e 74 00 2d 00 53 6c 65 65 	erPresent0-0Slee
  0xa5c0	70 00 11 00 55 6e 68 61 6e 64 6c 65 64 45 78 63 	p000UnhandledExc
  0xa5d0	65 70 74 69 6f 6e 46 69 6c 74 65 72 00 00 0f 00 	eptionFilter0000
  0xa5e0	53 65 74 55 6e 68 61 6e 64 6c 65 64 45 78 63 65 	SetUnhandledExce
  0xa5f0	70 74 69 6f 6e 46 69 6c 74 65 72 00 0c 00 47 65 	ptionFilter000Ge
  0xa600	74 43 75 72 72 65 6e 74 50 72 6f 63 65 73 73 00 	tCurrentProcess0
  0xa610	4e 00 54 65 72 6d 69 6e 61 74 65 50 72 6f 63 65 	N0TerminateProce
  0xa620	73 73 00 00 00 00 51 75 65 72 79 50 65 72 66 6f 	ss0000QueryPerfo
  0xa630	72 6d 61 6e 63 65 43 6f 75 6e 74 65 72 00 16 00 	rmanceCounter000
  0xa640	47 65 74 53 79 73 74 65 6d 54 69 6d 65 41 73 46 	GetSystemTimeAsF
  0xa650	69 6c 65 54 69 6d 65 00 1a 00 47 65 74 54 69 63 	ileTime000GetTic
  0xa660	6b 43 6f 75 6e 74 00 00 61 70 69 2d 6d 73 2d 77 	kCount00api-ms-w
  0xa670	69 6e 2d 65 76 65 6e 74 69 6e 67 2d 70 72 6f 76 	in-eventing-prov
  0xa680	69 64 65 72 2d 6c 31 2d 31 2d 30 2e 64 6c 6c 00 	ider-l1-1-0.dll0
  0xa690	61 70 69 2d 6d 73 2d 77 69 6e 2d 63 6f 72 65 2d 	api-ms-win-core-
  0xa6a0	6c 69 62 72 61 72 79 6c 6f 61 64 65 72 2d 6c 31 	libraryloader-l1
  0xa6b0	2d 32 2d 30 2e 64 6c 6c 00 00 61 70 69 2d 6d 73 	-2-0.dll00api-ms
  0xa6c0	2d 77 69 6e 2d 63 6f 72 65 2d 73 79 6e 63 68 2d 	-win-core-synch-
  0xa6d0	6c 31 2d 32 2d 30 2e 64 6c 6c 00 00 61 70 69 2d 	l1-2-0.dll00api-
  0xa6e0	6d 73 2d 77 69 6e 2d 63 6f 72 65 2d 73 79 6e 63 	ms-win-core-sync
  0xa6f0	68 2d 6c 31 2d 31 2d 30 2e 64 6c 6c 00 00 61 70 	h-l1-1-0.dll00ap
  0xa700	69 2d 6d 73 2d 77 69 6e 2d 63 6f 72 65 2d 68 65 	i-ms-win-core-he
  0xa710	61 70 2d 6c 31 2d 31 2d 30 2e 64 6c 6c 00 61 70 	ap-l1-1-0.dll0ap
  0xa720	69 2d 6d 73 2d 77 69 6e 2d 63 6f 72 65 2d 65 72 	i-ms-win-core-er
  0xa730	72 6f 72 68 61 6e 64 6c 69 6e 67 2d 6c 31 2d 31 	rorhandling-l1-1
  0xa740	2d 30 2e 64 6c 6c 00 00 61 70 69 2d 6d 73 2d 77 	-0.dll00api-ms-w
  0xa750	69 6e 2d 63 6f 72 65 2d 70 72 6f 63 65 73 73 65 	in-core-processe
  0xa760	6e 76 69 72 6f 6e 6d 65 6e 74 2d 6c 31 2d 31 2d 	nvironment-l1-1-
  0xa770	30 2e 64 6c 6c 00 61 70 69 2d 6d 73 2d 77 69 6e 	0.dll0api-ms-win
  0xa780	2d 63 6f 72 65 2d 63 6f 6d 2d 6c 31 2d 31 2d 30 	-core-com-l1-1-0
  0xa790	2e 64 6c 6c 00 00 61 70 69 2d 6d 73 2d 77 69 6e 	.dll00api-ms-win
  0xa7a0	2d 63 6f 72 65 2d 70 72 6f 63 65 73 73 74 68 72 	-core-processthr
  0xa7b0	65 61 64 73 2d 6c 31 2d 31 2d 30 2e 64 6c 6c 00 	eads-l1-1-0.dll0
  0xa7c0	61 70 69 2d 6d 73 2d 77 69 6e 2d 63 6f 72 65 2d 	api-ms-win-core-
  0xa7d0	73 68 6c 77 61 70 69 2d 6c 65 67 61 63 79 2d 6c 	shlwapi-legacy-l
  0xa7e0	31 2d 31 2d 30 2e 64 6c 6c 00 61 70 69 2d 6d 73 	1-1-0.dll0api-ms
  0xa7f0	2d 77 69 6e 2d 63 6f 72 65 2d 6c 6f 63 61 6c 69 	-win-core-locali
  0xa800	7a 61 74 69 6f 6e 2d 6c 31 2d 32 2d 30 2e 64 6c 	zation-l1-2-0.dl
  0xa810	6c 00 61 70 69 2d 6d 73 2d 77 69 6e 2d 63 6f 72 	l0api-ms-win-cor
  0xa820	65 2d 64 65 62 75 67 2d 6c 31 2d 31 2d 30 2e 64 	e-debug-l1-1-0.d
  0xa830	6c 6c 00 00 61 70 69 2d 6d 73 2d 77 69 6e 2d 63 	ll00api-ms-win-c
  0xa840	6f 72 65 2d 68 61 6e 64 6c 65 2d 6c 31 2d 31 2d 	ore-handle-l1-1-
  0xa850	30 2e 64 6c 6c 00 61 70 69 2d 6d 73 2d 77 69 6e 	0.dll0api-ms-win
  0xa860	2d 63 6f 72 65 2d 70 72 6f 66 69 6c 65 2d 6c 31 	-core-profile-l1
  0xa870	2d 31 2d 30 2e 64 6c 6c 00 00 61 70 69 2d 6d 73 	-1-0.dll00api-ms
  0xa880	2d 77 69 6e 2d 63 6f 72 65 2d 73 79 73 69 6e 66 	-win-core-sysinf
  0xa890	6f 2d 6c 31 2d 31 2d 30 2e 64 6c 6c 00 00 0f 00 	o-l1-1-0.dll0000
  0xa8a0	43 6f 49 6e 69 74 69 61 6c 69 7a 65 00 00 65 78 	CoInitialize00ex
  0xa8b0	74 2d 6d 73 2d 77 69 6e 2d 63 6f 6d 2d 6f 6c 65 	t-ms-win-com-ole
  0xa8c0	33 32 2d 6c 31 2d 31 2d 31 2e 64 6c 6c 00 4b 00 	32-l1-1-1.dll0K0
  0xa8d0	5f 43 78 78 54 68 72 6f 77 45 78 63 65 70 74 69 	_CxxThrowExcepti
  0xa8e0	6f 6e 00 00 96 04 6d 65 6d 73 65 74 00 00 00 00 	on0000memset0000
  0xa8f0	00 00 00 00 00 00 00 00 00 00 00 00 00 00 00 00 	0000000000000000
  0xa900	00 00 00 00 00 00 00 00 00 00 00 00 00 00 00 00 	0000000000000000
  0xa910	00 00 00 00 00 00 00 00 00 00 00 00 00 00 00 00 	0000000000000000
  0xa920	00 00 00 00 00 00 00 00 00 00 00 00 00 00 00 00 	0000000000000000
  0xa930	00 00 00 00 00 00 00 00 00 00 00 00 00 00 00 00 	0000000000000000
  0xa940	00 00 00 00 00 00 00 00 00 00 00 00 00 00 00 00 	0000000000000000
  0xa950	00 00 00 00 00 00 00 00 00 00 00 00 00 00 00 00 	0000000000000000
  0xa960	00 00 00 00 00 00 00 00 00 00 00 00 00 00 00 00 	0000000000000000
  0xa970	00 00 00 00 00 00 00 00 00 00 00 00 00 00 00 00 	0000000000000000
  0xa980	00 00 00 00 00 00 00 00 00 00 00 00 00 00 00 00 	0000000000000000
  0xa990	00 00 00 00 00 00 00 00 00 00 00 00 00 00 00 00 	0000000000000000
  0xa9a0	00 00 00 00 00 00 00 00 00 00 00 00 00 00 00 00 	0000000000000000
  0xa9b0	00 00 00 00 00 00 00 00 00 00 00 00 00 00 00 00 	0000000000000000
  0xa9c0	00 00 00 00 00 00 00 00 00 00 00 00 00 00 00 00 	0000000000000000
  0xa9d0	00 00 00 00 00 00 00 00 00 00 00 00 00 00 00 00 	0000000000000000
  0xa9e0	00 00 00 00 00 00 00 00 00 00 00 00 00 00 00 00 	0000000000000000
  0xa9f0	00 00 00 00 00 00 00 00 00 00 00 00 00 00 00 00 	0000000000000000
=== DATA BLOCK END ===

=== DATA BLOCK ADDRESS 0xb000 ===
  0xb000	00 00 00 00 00 00 00 00 6e 91 00 40 01 00 00 00 	00000000n00@0000
  0xb010	00 00 00 00 00 00 00 00 00 00 00 00 00 00 00 00 	0000000000000000
  0xb020	00 00 00 00 00 00 00 00 00 00 00 00 00 00 00 00 	0000000000000000
  0xb030	00 00 00 00 00 00 00 00 b0 87 00 40 01 00 00 00 	00000000000@0000
  0xb040	00 00 00 00 00 00 00 00 10 80 00 40 01 00 00 00 	00000000000@0000
  0xb050	00 00 00 00 00 00 00 00 2e 3f 41 56 62 61 64 5f 	00000000.?AVbad_
  0xb060	61 6c 6c 6f 63 40 73 74 64 40 40 00 00 00 00 00 	alloc@std@@00000
  0xb070	10 80 00 40 01 00 00 00 00 00 00 00 00 00 00 00 	000@000000000000
  0xb080	2e 3f 41 56 52 65 73 75 6c 74 45 78 63 65 70 74 	.?AVResultExcept
  0xb090	69 6f 6e 40 77 69 6c 40 40 00 00 00 00 00 00 00 	ion@wil@@0000000
  0xb0a0	10 80 00 40 01 00 00 00 00 00 00 00 00 00 00 00 	000@000000000000
  0xb0b0	2e 3f 41 56 65 78 63 65 70 74 69 6f 6e 40 40 00 	.?AVexception@@0
  0xb0c0	01 00 00 00 00 00 00 00 32 a2 df 2d 99 2b 00 00 	00000000200-0+00
  0xb0d0	cd 5d 20 d2 66 d4 ff ff 00 00 00 00 00 00 00 00 	0] 0f00000000000
  0xb0e0	01 00 00 00 ff ff ff ff 01 01 01 00 00 00 00 00 	0000000000000000
  0xb0f0	00 00 00 00 00 00 00 00 00 00 00 00 00 00 00 00 	0000000000000000
  0xb100	00 00 00 00 00 00 00 00 00 00 00 00 00 00 00 00 	0000000000000000
  0xb110	00 00 00 00 00 00 00 00 00 00 00 00 00 00 00 00 	0000000000000000
  0xb120	00 00 00 00 00 00 00 00 00 00 00 00 00 00 00 00 	0000000000000000
  0xb130	00 00 00 00 00 00 00 00 00 00 00 00 00 00 00 00 	0000000000000000
  0xb140	00 00 00 00 00 00 00 00 00 00 00 00 00 00 00 00 	0000000000000000
  0xb150	00 00 00 00 00 00 00 00 00 00 00 00 00 00 00 00 	0000000000000000
  0xb160	00 00 00 00 00 00 00 00 00 00 00 00 00 00 00 00 	0000000000000000
  0xb170	00 00 00 00 00 00 00 00 00 00 00 00 00 00 00 00 	0000000000000000
  0xb180	00 00 00 00 00 00 00 00 00 00 00 00 00 00 00 00 	0000000000000000
  0xb190	00 00 00 00 00 00 00 00 00 00 00 00 00 00 00 00 	0000000000000000
  0xb1a0	00 00 00 00 00 00 00 00 00 00 00 00 00 00 00 00 	0000000000000000
  0xb1b0	00 00 00 00 00 00 00 00 00 00 00 00 00 00 00 00 	0000000000000000
  0xb1c0	00 00 00 00 00 00 00 00 00 00 00 00 00 00 00 00 	0000000000000000
  0xb1d0	00 00 00 00 00 00 00 00 00 00 00 00 00 00 00 00 	0000000000000000
  0xb1e0	00 00 00 00 00 00 00 00 00 00 00 00 00 00 00 00 	0000000000000000
  0xb1f0	00 00 00 00 00 00 00 00 00 00 00 00 00 00 00 00 	0000000000000000
=== DATA BLOCK END ===

=== DATA BLOCK ADDRESS 0xc000 ===
  0xc000	10 10 00 00 89 10 00 00 38 98 00 00 90 10 00 00 	0000000080000000
  0xc010	25 11 00 00 74 95 00 00 2c 11 00 00 db 13 00 00 	%000t000,0000000
  0xc020	a8 9a 00 00 e4 13 00 00 e8 16 00 00 c8 9a 00 00 	0000000000000000
  0xc030	f0 16 00 00 b1 19 00 00 e8 9a 00 00 70 1b 00 00 	000000000000p000
  0xc040	ee 1b 00 00 f0 94 00 00 f4 1b 00 00 79 1c 00 00 	000000000000y000
  0xc050	00 95 00 00 80 1c 00 00 e4 1e 00 00 0c 95 00 00 	0000000000000000
  0xc060	ec 1e 00 00 f4 1f 00 00 2c 95 00 00 74 20 00 00 	00000000,000t 00
  0xc070	99 20 00 00 40 95 00 00 a0 20 00 00 da 21 00 00 	0 00@0000 000!00
  0xc080	48 95 00 00 e0 21 00 00 1d 22 00 00 40 95 00 00 	H0000!000"00@000
  0xc090	50 22 00 00 b6 22 00 00 64 95 00 00 bc 22 00 00 	P"000"00d0000"00
  0xc0a0	19 23 00 00 74 95 00 00 20 23 00 00 a1 23 00 00 	0#00t000 #000#00
  0xc0b0	7c 95 00 00 a8 23 00 00 f6 26 00 00 88 95 00 00 	|0000#000&000000
  0xc0c0	fc 26 00 00 5d 27 00 00 a4 95 00 00 70 27 00 00 	0&00]'000000p'00
  0xc0d0	21 28 00 00 b0 95 00 00 30 28 00 00 67 28 00 00 	!(0000000(00g(00
  0xc0e0	a4 95 00 00 70 28 00 00 25 29 00 00 c4 95 00 00 	0000p(00%)000000
  0xc0f0	2c 29 00 00 48 29 00 00 40 95 00 00 50 29 00 00 	,)00H)00@000P)00
  0xc100	6c 29 00 00 40 95 00 00 74 29 00 00 c1 29 00 00 	l)00@000t)000)00
  0xc110	cc 95 00 00 d0 29 00 00 de 29 00 00 40 95 00 00 	00000)000)00@000
  0xc120	f0 29 00 00 16 2a 00 00 64 96 00 00 1c 2a 00 00 	0)000*00d0000*00
  0xc130	0b 2b 00 00 a4 95 00 00 20 2b 00 00 d9 2b 00 00 	0+000000 +000+00
  0xc140	6c 96 00 00 e0 2b 00 00 94 2e 00 00 c4 97 00 00 	l0000+000.000000
  0xc150	9c 2e 00 00 30 2f 00 00 dc 97 00 00 38 2f 00 00 	0.000/0000008/00
  0xc160	6b 30 00 00 e8 97 00 00 74 30 00 00 be 30 00 00 	k0000000t0000000
  0xc170	fc 97 00 00 c4 30 00 00 87 31 00 00 04 98 00 00 	0000000001000000
  0xc180	90 31 00 00 51 32 00 00 04 98 00 00 58 32 00 00 	0100Q2000000X200
  0xc190	6f 33 00 00 18 98 00 00 78 33 00 00 ae 33 00 00 	o3000000x3000300
  0xc1a0	74 95 00 00 b4 33 00 00 cd 33 00 00 74 95 00 00 	t00003000300t000
  0xc1b0	d4 33 00 00 ed 33 00 00 74 95 00 00 f4 33 00 00 	03000300t0000300
  0xc1c0	36 34 00 00 38 98 00 00 3c 34 00 00 55 34 00 00 	64008000<400U400
  0xc1d0	74 95 00 00 5c 34 00 00 9a 34 00 00 74 95 00 00 	t00004000400t000
  0xc1e0	b0 34 00 00 e3 34 00 00 74 95 00 00 ec 34 00 00 	04000400t0000400
  0xc1f0	16 35 00 00 40 95 00 00 1c 35 00 00 46 35 00 00 	0500@0000500F500
  0xc200	40 95 00 00 4c 35 00 00 6d 35 00 00 40 98 00 00 	@000L500m500@000
  0xc210	74 35 00 00 76 37 00 00 50 98 00 00 7c 37 00 00 	t500v700P000|700
  0xc220	ee 38 00 00 74 98 00 00 f4 38 00 00 9e 39 00 00 	0800t00008000900
  0xc230	2c 95 00 00 a4 39 00 00 7c 3c 00 00 88 95 00 00 	,0000900|<000000
  0xc240	84 3c 00 00 49 3d 00 00 a4 95 00 00 50 3d 00 00 	0<00I=000000P=00
  0xc250	4c 3e 00 00 2c 95 00 00 60 3e 00 00 b7 3f 00 00 	L>00,000`>000?00
  0xc260	80 98 00 00 c0 3f 00 00 2d 40 00 00 c4 95 00 00 	00000?00-@000000
  0xc270	40 40 00 00 cc 40 00 00 64 95 00 00 f0 40 00 00 	@@000@00d0000@00
  0xc280	1e 41 00 00 40 95 00 00 24 41 00 00 70 42 00 00 	0A00@000$A00pB00
  0xc290	98 98 00 00 78 42 00 00 d7 43 00 00 a4 98 00 00 	0000xB000C000000
  0xc2a0	e0 43 00 00 14 44 00 00 40 95 00 00 20 44 00 00 	0C000D00@000 D00
  0xc2b0	7e 44 00 00 a4 95 00 00 84 44 00 00 15 45 00 00 	~D0000000D000E00
  0xc2c0	b0 98 00 00 20 45 00 00 6b 45 00 00 40 95 00 00 	0000 E00kE00@000
  0xc2d0	80 45 00 00 9b 48 00 00 b8 98 00 00 cc 48 00 00 	0E000H0000000H00
  0xc2e0	dc 49 00 00 d4 98 00 00 e4 49 00 00 c6 4b 00 00 	0I0000000I000K00
  0xc2f0	e8 98 00 00 cc 4b 00 00 87 4c 00 00 a4 95 00 00 	00000K000L000000
  0xc300	90 4c 00 00 44 4d 00 00 a4 95 00 00 4c 4d 00 00 	0L00DM000000LM00
  0xc310	b2 4f 00 00 08 99 00 00 b8 4f 00 00 d8 4f 00 00 	0O0000000O000O00
  0xc320	80 99 00 00 e0 4f 00 00 06 50 00 00 40 95 00 00 	00000O000P00@000
  0xc330	0c 50 00 00 2c 50 00 00 40 95 00 00 40 50 00 00 	0P00,P00@000@P00
  0xc340	9b 53 00 00 d0 99 00 00 a4 53 00 00 59 55 00 00 	0S0000000S00YU00
  0xc350	e0 99 00 00 60 55 00 00 59 56 00 00 2c 95 00 00 	0000`U00YV00,000
  0xc360	60 56 00 00 49 57 00 00 fc 99 00 00 50 57 00 00 	`V00IW000000PW00
  0xc370	f5 57 00 00 18 9a 00 00 fc 57 00 00 16 5b 00 00 	0W0000000W000[00
  0xc380	28 9a 00 00 1c 5b 00 00 16 5d 00 00 70 9a 00 00 	(0000[000]00p000
  0xc390	1c 5d 00 00 3d 5d 00 00 40 98 00 00 44 5d 00 00 	0]00=]00@000D]00
  0xc3a0	cc 5d 00 00 2c 95 00 00 d4 5d 00 00 4c 5e 00 00 	0]00,0000]00L^00
  0xc3b0	64 95 00 00 54 5e 00 00 5e 60 00 00 84 9a 00 00 	d000T^00^`000000
  0xc3c0	64 60 00 00 86 61 00 00 08 9b 00 00 8c 61 00 00 	d`000a0000000a00
  0xc3d0	f8 61 00 00 20 9b 00 00 00 62 00 00 d3 62 00 00 	0a00 0000b000b00
  0xc3e0	40 95 00 00 e0 62 00 00 29 63 00 00 30 9b 00 00 	@0000b00)c000000
  0xc3f0	30 63 00 00 ee 64 00 00 38 9b 00 00 00 65 00 00 	0c000d0080000e00
  0xc400	12 65 00 00 40 95 00 00 30 65 00 00 4e 65 00 00 	0e00@0000e00Ne00
  0xc410	70 9b 00 00 54 65 00 00 88 65 00 00 c4 95 00 00 	p000Te000e000000
  0xc420	90 65 00 00 01 67 00 00 74 9b 00 00 08 67 00 00 	0e000g00t0000g00
  0xc430	95 67 00 00 7c 9b 00 00 9c 67 00 00 b3 67 00 00 	0g00|0000g000g00
  0xc440	40 95 00 00 e0 67 00 00 10 68 00 00 a4 95 00 00 	@0000g000h000000
  0xc450	20 68 00 00 59 68 00 00 40 95 00 00 60 68 00 00 	 h00Yh00@000`h00
  0xc460	78 68 00 00 40 95 00 00 8c 68 00 00 e0 68 00 00 	xh00@0000h000h00
  0xc470	9c 9b 00 00 e8 68 00 00 2d 69 00 00 c4 95 00 00 	00000h00-i000000
  0xc480	a0 69 00 00 ed 69 00 00 bc 9b 00 00 34 6a 00 00 	0i000i0000004j00
  0xc490	08 6b 00 00 e0 9b 00 00 74 6b 00 00 91 6b 00 00 	0k000000tk000k00
  0xc4a0	40 95 00 00 98 6b 00 00 f3 6b 00 00 f4 9b 00 00 	@0000k000k000000
  0xc4b0	fc 6b 00 00 7b 6c 00 00 80 98 00 00 a0 6c 00 00 	0k00{l0000000l00
  0xc4c0	a2 6c 00 00 f0 9b 00 00 c0 6c 00 00 0d 6d 00 00 	0l0000000l000m00
  0xc4d0	00 9c 00 00 13 6d 00 00 70 6d 00 00 40 96 00 00 	00000m00pm00@000
  0xc4e0	70 6d 00 00 8b 6d 00 00 54 96 00 00 91 6d 00 00 	pm000m00T0000m00
  0xc4f0	e0 6d 00 00 a0 97 00 00 e0 6d 00 00 2e 6e 00 00 	0m0000000m00.n00
  0xc500	a0 97 00 00 2e 6e 00 00 66 6e 00 00 b4 97 00 00 	0000.n00fn000000
  0xc510	66 6e 00 00 b5 6e 00 00 a0 97 00 00 b5 6e 00 00 	fn000n0000000n00
  0xc520	03 6f 00 00 a0 97 00 00 03 6f 00 00 51 6f 00 00 	0o0000000o00Qo00
  0xc530	a0 97 00 00 51 6f 00 00 6c 6f 00 00 b4 97 00 00 	0000Qo00lo000000
  0xc540	a8 6f 00 00 cf 6f 00 00 c0 99 00 00 f9 6f 00 00 	0o000o0000000o00
  0xc550	17 70 00 00 64 9b 00 00 1d 70 00 00 38 70 00 00 	0p00d0000p008p00
  0xc560	64 9b 00 00 40 70 00 00 60 70 00 00 64 9b 00 00 	d000@p00`p00d000
  0xc570	70 70 00 00 8b 70 00 00 40 95 00 00 a0 70 00 00 	pp000p00@0000p00
  0xc580	0b 71 00 00 64 95 00 00 00 00 00 00 00 00 00 00 	0q00d00000000000
  0xc590	00 00 00 00 00 00 00 00 00 00 00 00 00 00 00 00 	0000000000000000
  0xc5a0	00 00 00 00 00 00 00 00 00 00 00 00 00 00 00 00 	0000000000000000
  0xc5b0	00 00 00 00 00 00 00 00 00 00 00 00 00 00 00 00 	0000000000000000
  0xc5c0	00 00 00 00 00 00 00 00 00 00 00 00 00 00 00 00 	0000000000000000
  0xc5d0	00 00 00 00 00 00 00 00 00 00 00 00 00 00 00 00 	0000000000000000
  0xc5e0	00 00 00 00 00 00 00 00 00 00 00 00 00 00 00 00 	0000000000000000
  0xc5f0	00 00 00 00 00 00 00 00 00 00 00 00 00 00 00 00 	0000000000000000
=== DATA BLOCK END ===
