===== Assembly blocks =====

=== CODE BLOCK ADDRESS 0x1000 ===
=== CODE BLOCK END ===

=== DATA BLOCK ADDRESS 0x4000 ===
  0x4000	10 28 00 40 01 00 00 00 10 33 00 40 01 00 00 00 	0(0@0000030@0000
  0x4010	e0 27 00 40 01 00 00 00 80 33 00 40 01 00 00 00 	0'0@0000030@0000
  0x4020	80 33 00 40 01 00 00 00 b0 2c 00 40 01 00 00 00 	030@00000,0@0000
  0x4030	d0 2c 00 40 01 00 00 00 f0 2c 00 40 01 00 00 00 	0,0@00000,0@0000
  0x4040	e0 27 00 40 01 00 00 00 20 2f 00 40 01 00 00 00 	0'0@0000 /0@0000
  0x4050	d0 2d 00 40 01 00 00 00 b0 2c 00 40 01 00 00 00 	0-0@00000,0@0000
  0x4060	d0 2c 00 40 01 00 00 00 f0 2c 00 40 01 00 00 00 	0,0@00000,0@0000
  0x4070	e0 27 00 40 01 00 00 00 30 2f 00 40 01 00 00 00 	0'0@00000/0@0000
  0x4080	30 2e 00 40 01 00 00 00 b0 2c 00 40 01 00 00 00 	0.0@00000,0@0000
  0x4090	d0 2c 00 40 01 00 00 00 f0 2c 00 40 01 00 00 00 	0,0@00000,0@0000
  0x40a0	e0 27 00 40 01 00 00 00 40 2f 00 40 01 00 00 00 	0'0@0000@/0@0000
  0x40b0	c0 2e 00 40 01 00 00 00 60 2c 00 40 01 00 00 00 	0.0@0000`,0@0000
  0x40c0	d0 2c 00 40 01 00 00 00 f0 2c 00 40 01 00 00 00 	0,0@00000,0@0000
  0x40d0	05 00 00 00 00 00 00 00 58 4f 00 40 01 00 00 00 	00000000XO0@0000
  0x40e0	b7 00 00 00 00 00 00 00 70 4f 00 40 01 00 00 00 	00000000pO0@0000
  0x40f0	14 00 00 00 00 00 00 00 80 4f 00 40 01 00 00 00 	000000000O0@0000
  0x4100	6f 00 00 00 00 00 00 00 90 4f 00 40 01 00 00 00 	o00000000O0@0000
  0x4110	aa 00 00 00 00 00 00 00 a8 4f 00 40 01 00 00 00 	000000000O0@0000
  0x4120	8e 00 00 00 00 00 00 00 a8 4f 00 40 01 00 00 00 	000000000O0@0000
  0x4130	52 00 00 00 00 00 00 00 58 4f 00 40 01 00 00 00 	R0000000XO0@0000
  0x4140	f3 03 00 00 00 00 00 00 c0 4f 00 40 01 00 00 00 	000000000O0@0000
  0x4150	f4 03 00 00 00 00 00 00 c0 4f 00 40 01 00 00 00 	000000000O0@0000
  0x4160	f5 03 00 00 00 00 00 00 c0 4f 00 40 01 00 00 00 	000000000O0@0000
  0x4170	10 00 00 00 00 00 00 00 58 4f 00 40 01 00 00 00 	00000000XO0@0000
  0x4180	37 00 00 00 00 00 00 00 80 4f 00 40 01 00 00 00 	700000000O0@0000
  0x4190	64 09 00 00 00 00 00 00 a8 4f 00 40 01 00 00 00 	d00000000O0@0000
  0x41a0	91 00 00 00 00 00 00 00 d0 4f 00 40 01 00 00 00 	000000000O0@0000
  0x41b0	0b 01 00 00 00 00 00 00 e8 4f 00 40 01 00 00 00 	000000000O0@0000
  0x41c0	70 00 00 00 00 00 00 00 00 50 00 40 01 00 00 00 	p00000000P0@0000
  0x41d0	50 00 00 00 00 00 00 00 70 4f 00 40 01 00 00 00 	P0000000pO0@0000
  0x41e0	02 00 00 00 00 00 00 00 18 50 00 40 01 00 00 00 	000000000P0@0000
  0x41f0	27 00 00 00 00 00 00 00 00 50 00 40 01 00 00 00 	'00000000P0@0000
  0x4200	0c 00 00 00 00 00 00 00 58 4f 00 40 01 00 00 00 	00000000XO0@0000
  0x4210	0f 00 00 00 00 00 00 00 80 4f 00 40 01 00 00 00 	000000000O0@0000
  0x4220	01 00 00 00 00 00 00 00 38 50 00 40 01 00 00 00 	000000008P0@0000
  0x4230	06 00 00 00 00 00 00 00 e8 4f 00 40 01 00 00 00 	000000000O0@0000
  0x4240	7b 00 00 00 00 00 00 00 e8 4f 00 40 01 00 00 00 	{00000000O0@0000
  0x4250	21 00 00 00 00 00 00 00 50 50 00 40 01 00 00 00 	!0000000PP0@0000
  0x4260	d4 00 00 00 00 00 00 00 50 50 00 40 01 00 00 00 	00000000PP0@0000
  0x4270	83 00 00 00 00 00 00 00 e8 4f 00 40 01 00 00 00 	000000000O0@0000
  0x4280	e6 03 00 00 00 00 00 00 58 4f 00 40 01 00 00 00 	00000000XO0@0000
  0x4290	08 00 00 00 00 00 00 00 68 50 00 40 01 00 00 00 	00000000hP0@0000
  0x42a0	15 00 00 00 00 00 00 00 80 50 00 40 01 00 00 00 	000000000P0@0000
  0x42b0	11 00 00 00 00 00 00 00 a0 50 00 40 01 00 00 00 	000000000P0@0000
  0x42c0	6e 00 00 00 00 00 00 00 c0 4f 00 40 01 00 00 00 	n00000000O0@0000
  0x42d0	61 09 00 00 00 00 00 00 a8 4f 00 40 01 00 00 00 	a00000000O0@0000
  0x42e0	e3 03 00 00 00 00 00 00 b8 50 00 40 01 00 00 00 	000000000P0@0000
  0x42f0	0e 00 00 00 00 00 00 00 68 50 00 40 01 00 00 00 	00000000hP0@0000
  0x4300	03 00 00 00 00 00 00 00 18 50 00 40 01 00 00 00 	000000000P0@0000
  0x4310	1e 00 00 00 00 00 00 00 c0 4f 00 40 01 00 00 00 	000000000O0@0000
  0x4320	d5 04 00 00 00 00 00 00 80 50 00 40 01 00 00 00 	000000000P0@0000
  0x4330	19 00 00 00 00 00 00 00 c0 4f 00 40 01 00 00 00 	000000000O0@0000
  0x4340	20 00 00 00 00 00 00 00 58 4f 00 40 01 00 00 00 	 0000000XO0@0000
  0x4350	04 00 00 00 00 00 00 00 d0 50 00 40 01 00 00 00 	000000000P0@0000
  0x4360	1d 00 00 00 00 00 00 00 c0 4f 00 40 01 00 00 00 	000000000O0@0000
  0x4370	13 00 00 00 00 00 00 00 58 4f 00 40 01 00 00 00 	00000000XO0@0000
  0x4380	1d 27 00 00 00 00 00 00 e8 50 00 40 01 00 00 00 	0'0000000P0@0000
  0x4390	40 27 00 00 00 00 00 00 00 51 00 40 01 00 00 00 	@'0000000Q0@0000
  0x43a0	41 27 00 00 00 00 00 00 10 51 00 40 01 00 00 00 	A'0000000Q0@0000
  0x43b0	3f 27 00 00 00 00 00 00 28 51 00 40 01 00 00 00 	?'000000(Q0@0000
  0x43c0	35 27 00 00 00 00 00 00 48 51 00 40 01 00 00 00 	5'000000HQ0@0000
  0x43d0	19 27 00 00 00 00 00 00 68 51 00 40 01 00 00 00 	0'000000hQ0@0000
  0x43e0	45 27 00 00 00 00 00 00 80 51 00 40 01 00 00 00 	E'0000000Q0@0000
  0x43f0	4d 27 00 00 00 00 00 00 98 51 00 40 01 00 00 00 	M'0000000Q0@0000
  0x4400	46 27 00 00 00 00 00 00 b0 51 00 40 01 00 00 00 	F'0000000Q0@0000
  0x4410	37 27 00 00 00 00 00 00 c8 51 00 40 01 00 00 00 	7'0000000Q0@0000
  0x4420	1e 27 00 00 00 00 00 00 e8 51 00 40 01 00 00 00 	0'0000000Q0@0000
  0x4430	51 27 00 00 00 00 00 00 f8 51 00 40 01 00 00 00 	Q'0000000Q0@0000
  0x4440	34 27 00 00 00 00 00 00 10 52 00 40 01 00 00 00 	4'0000000R0@0000
  0x4450	14 27 00 00 00 00 00 00 28 52 00 40 01 00 00 00 	0'000000(R0@0000
  0x4460	26 27 00 00 00 00 00 00 38 52 00 40 01 00 00 00 	&'0000008R0@0000
  0x4470	48 27 00 00 00 00 00 00 50 52 00 40 01 00 00 00 	H'000000PR0@0000
  0x4480	28 27 00 00 00 00 00 00 68 52 00 40 01 00 00 00 	('000000hR0@0000
  0x4490	38 27 00 00 00 00 00 00 80 52 00 40 01 00 00 00 	8'0000000R0@0000
  0x44a0	4f 27 00 00 00 00 00 00 90 52 00 40 01 00 00 00 	O'0000000R0@0000
  0x44b0	42 27 00 00 00 00 00 00 a8 52 00 40 01 00 00 00 	B'0000000R0@0000
  0x44c0	44 27 00 00 00 00 00 00 b8 52 00 40 01 00 00 00 	D'0000000R0@0000
  0x44d0	43 27 00 00 00 00 00 00 c8 52 00 40 01 00 00 00 	C'0000000R0@0000
  0x44e0	47 27 00 00 00 00 00 00 e0 52 00 40 01 00 00 00 	G'0000000R0@0000
  0x44f0	3a 27 00 00 00 00 00 00 f0 52 00 40 01 00 00 00 	:'0000000R0@0000
  0x4500	49 27 00 00 00 00 00 00 08 53 00 40 01 00 00 00 	I'0000000S0@0000
  0x4510	36 27 00 00 00 00 00 00 18 53 00 40 01 00 00 00 	6'0000000S0@0000
  0x4520	3d 27 00 00 00 00 00 00 28 53 00 40 01 00 00 00 	='000000(S0@0000
  0x4530	3b 27 00 00 00 00 00 00 40 53 00 40 01 00 00 00 	;'000000@S0@0000
  0x4540	39 27 00 00 00 00 00 00 58 53 00 40 01 00 00 00 	9'000000XS0@0000
  0x4550	4c 27 00 00 00 00 00 00 70 53 00 40 01 00 00 00 	L'000000pS0@0000
  0x4560	33 27 00 00 00 00 00 00 80 53 00 40 01 00 00 00 	3'0000000S0@0000
  0x4570	00 00 00 00 00 00 00 00 00 00 00 00 00 00 00 00 	0000000000000000
  0x4580	66 00 00 00 00 00 00 00 98 53 00 40 01 00 00 00 	f00000000S0@0000
  0x4590	64 00 00 00 00 00 00 00 b8 53 00 40 01 00 00 00 	d00000000S0@0000
  0x45a0	65 00 00 00 00 00 00 00 c8 53 00 40 01 00 00 00 	e00000000S0@0000
  0x45b0	71 00 00 00 00 00 00 00 e0 53 00 40 01 00 00 00 	q00000000S0@0000
  0x45c0	07 00 00 00 00 00 00 00 f8 53 00 40 01 00 00 00 	000000000S0@0000
  0x45d0	21 00 00 00 00 00 00 00 10 54 00 40 01 00 00 00 	!00000000T0@0000
  0x45e0	0e 00 00 00 00 00 00 00 28 54 00 40 01 00 00 00 	00000000(T0@0000
  0x45f0	09 00 00 00 00 00 00 00 38 54 00 40 01 00 00 00 	000000008T0@0000
  0x4600	68 00 00 00 00 00 00 00 50 54 00 40 01 00 00 00 	h0000000PT0@0000
  0x4610	20 00 00 00 00 00 00 00 60 54 00 40 01 00 00 00 	 0000000`T0@0000
  0x4620	6a 00 00 00 00 00 00 00 70 54 00 40 01 00 00 00 	j0000000pT0@0000
  0x4630	67 00 00 00 00 00 00 00 88 54 00 40 01 00 00 00 	g00000000T0@0000
  0x4640	6b 00 00 00 00 00 00 00 a8 54 00 40 01 00 00 00 	k00000000T0@0000
  0x4650	6c 00 00 00 00 00 00 00 c0 54 00 40 01 00 00 00 	l00000000T0@0000
  0x4660	12 00 00 00 00 00 00 00 a0 50 00 40 01 00 00 00 	000000000P0@0000
  0x4670	6d 00 00 00 00 00 00 00 d8 54 00 40 01 00 00 00 	m00000000T0@0000
  0x4680	10 00 00 00 00 00 00 00 a8 4f 00 40 01 00 00 00 	000000000O0@0000
  0x4690	29 00 00 00 00 00 00 00 d0 4f 00 40 01 00 00 00 	)00000000O0@0000
  0x46a0	08 00 00 00 00 00 00 00 f8 54 00 40 01 00 00 00 	000000000T0@0000
  0x46b0	11 00 00 00 00 00 00 00 70 4f 00 40 01 00 00 00 	00000000pO0@0000
  0x46c0	1b 00 00 00 00 00 00 00 10 55 00 40 01 00 00 00 	000000000U0@0000
  0x46d0	26 00 00 00 00 00 00 00 90 4f 00 40 01 00 00 00 	&00000000O0@0000
  0x46e0	28 00 00 00 00 00 00 00 38 50 00 40 01 00 00 00 	(00000008P0@0000
  0x46f0	6e 00 00 00 00 00 00 00 20 55 00 40 01 00 00 00 	n0000000 U0@0000
  0x4700	6f 00 00 00 00 00 00 00 38 55 00 40 01 00 00 00 	o00000008U0@0000
  0x4710	2a 00 00 00 00 00 00 00 50 55 00 40 01 00 00 00 	*0000000PU0@0000
  0x4720	19 00 00 00 00 00 00 00 68 55 00 40 01 00 00 00 	00000000hU0@0000
  0x4730	04 00 00 00 00 00 00 00 28 52 00 40 01 00 00 00 	00000000(R0@0000
  0x4740	16 00 00 00 00 00 00 00 e8 4f 00 40 01 00 00 00 	000000000O0@0000
  0x4750	1d 00 00 00 00 00 00 00 90 55 00 40 01 00 00 00 	000000000U0@0000
  0x4760	05 00 00 00 00 00 00 00 c0 4f 00 40 01 00 00 00 	000000000O0@0000
  0x4770	15 00 00 00 00 00 00 00 a0 55 00 40 01 00 00 00 	000000000U0@0000
  0x4780	73 00 00 00 00 00 00 00 b0 55 00 40 01 00 00 00 	s00000000U0@0000
  0x4790	74 00 00 00 00 00 00 00 c0 55 00 40 01 00 00 00 	t00000000U0@0000
  0x47a0	75 00 00 00 00 00 00 00 d0 55 00 40 01 00 00 00 	u00000000U0@0000
  0x47b0	76 00 00 00 00 00 00 00 e0 55 00 40 01 00 00 00 	v00000000U0@0000
  0x47c0	77 00 00 00 00 00 00 00 f8 55 00 40 01 00 00 00 	w00000000U0@0000
  0x47d0	0a 00 00 00 00 00 00 00 08 56 00 40 01 00 00 00 	000000000V0@0000
  0x47e0	79 00 00 00 00 00 00 00 20 56 00 40 01 00 00 00 	y0000000 V0@0000
  0x47f0	27 00 00 00 00 00 00 00 50 50 00 40 01 00 00 00 	'0000000PP0@0000
  0x4800	78 00 00 00 00 00 00 00 28 56 00 40 01 00 00 00 	x0000000(V0@0000
  0x4810	7a 00 00 00 00 00 00 00 40 56 00 40 01 00 00 00 	z0000000@V0@0000
  0x4820	7b 00 00 00 00 00 00 00 50 56 00 40 01 00 00 00 	{0000000PV0@0000
  0x4830	1c 00 00 00 00 00 00 00 00 50 00 40 01 00 00 00 	000000000P0@0000
  0x4840	7c 00 00 00 00 00 00 00 68 56 00 40 01 00 00 00 	|0000000hV0@0000
  0x4850	06 00 00 00 00 00 00 00 80 56 00 40 01 00 00 00 	000000000V0@0000
  0x4860	13 00 00 00 00 00 00 00 80 4f 00 40 01 00 00 00 	000000000O0@0000
  0x4870	02 00 00 00 00 00 00 00 18 50 00 40 01 00 00 00 	000000000P0@0000
  0x4880	03 00 00 00 00 00 00 00 a0 56 00 40 01 00 00 00 	000000000V0@0000
  0x4890	14 00 00 00 00 00 00 00 b0 56 00 40 01 00 00 00 	000000000V0@0000
  0x48a0	80 00 00 00 00 00 00 00 c0 56 00 40 01 00 00 00 	000000000V0@0000
  0x48b0	7d 00 00 00 00 00 00 00 d0 56 00 40 01 00 00 00 	}00000000V0@0000
  0x48c0	7e 00 00 00 00 00 00 00 e0 56 00 40 01 00 00 00 	~00000000V0@0000
  0x48d0	0c 00 00 00 00 00 00 00 68 50 00 40 01 00 00 00 	00000000hP0@0000
  0x48e0	81 00 00 00 00 00 00 00 f0 56 00 40 01 00 00 00 	000000000V0@0000
  0x48f0	69 00 00 00 00 00 00 00 b8 50 00 40 01 00 00 00 	i00000000P0@0000
  0x4900	70 00 00 00 00 00 00 00 00 57 00 40 01 00 00 00 	p00000000W0@0000
  0x4910	01 00 00 00 00 00 00 00 18 57 00 40 01 00 00 00 	000000000W0@0000
  0x4920	82 00 00 00 00 00 00 00 30 57 00 40 01 00 00 00 	000000000W0@0000
  0x4930	8c 00 00 00 00 00 00 00 48 57 00 40 01 00 00 00 	00000000HW0@0000
  0x4940	85 00 00 00 00 00 00 00 60 57 00 40 01 00 00 00 	00000000`W0@0000
  0x4950	0d 00 00 00 00 00 00 00 58 4f 00 40 01 00 00 00 	00000000XO0@0000
  0x4960	86 00 00 00 00 00 00 00 70 57 00 40 01 00 00 00 	00000000pW0@0000
  0x4970	87 00 00 00 00 00 00 00 80 57 00 40 01 00 00 00 	000000000W0@0000
  0x4980	1e 00 00 00 00 00 00 00 98 57 00 40 01 00 00 00 	000000000W0@0000
  0x4990	24 00 00 00 00 00 00 00 b0 57 00 40 01 00 00 00 	$00000000W0@0000
  0x49a0	0b 00 00 00 00 00 00 00 80 50 00 40 01 00 00 00 	000000000P0@0000
  0x49b0	22 00 00 00 00 00 00 00 d0 57 00 40 01 00 00 00 	"00000000W0@0000
  0x49c0	7f 00 00 00 00 00 00 00 e8 57 00 40 01 00 00 00 	000000000W0@0000
  0x49d0	89 00 00 00 00 00 00 00 00 58 00 40 01 00 00 00 	000000000X0@0000
  0x49e0	8b 00 00 00 00 00 00 00 10 58 00 40 01 00 00 00 	000000000X0@0000
  0x49f0	8a 00 00 00 00 00 00 00 20 58 00 40 01 00 00 00 	00000000 X0@0000
  0x4a00	17 00 00 00 00 00 00 00 30 58 00 40 01 00 00 00 	000000000X0@0000
  0x4a10	18 00 00 00 00 00 00 00 d0 50 00 40 01 00 00 00 	000000000P0@0000
  0x4a20	1f 00 00 00 00 00 00 00 50 58 00 40 01 00 00 00 	00000000PX0@0000
  0x4a30	72 00 00 00 00 00 00 00 60 58 00 40 01 00 00 00 	r0000000`X0@0000
  0x4a40	84 00 00 00 00 00 00 00 80 58 00 40 01 00 00 00 	000000000X0@0000
  0x4a50	88 00 00 00 00 00 00 00 90 58 00 40 01 00 00 00 	000000000X0@0000
  0x4a60	00 00 00 00 00 00 00 00 00 00 00 00 00 00 00 00 	0000000000000000
  0x4a70	40 33 00 40 01 00 00 00 70 81 00 40 01 00 00 00 	@30@0000p00@0000
  0x4a80	10 82 00 40 01 00 00 00 50 11 00 40 01 00 00 00 	000@0000P00@0000
  0x4a90	10 33 00 40 01 00 00 00 a8 58 00 40 01 00 00 00 	030@00000X0@0000
  0x4aa0	ac 58 00 40 01 00 00 00 b0 58 00 40 01 00 00 00 	0X0@00000X0@0000
  0x4ab0	18 01 00 00 00 00 00 00 00 00 00 00 00 00 00 00 	0000000000000000
  0x4ac0	00 00 00 00 00 00 00 00 00 00 00 00 00 00 00 00 	0000000000000000
  0x4ad0	00 00 00 00 00 00 00 00 00 00 00 00 00 00 00 00 	0000000000000000
  0x4ae0	00 00 00 00 00 00 00 00 00 00 00 00 00 00 00 00 	0000000000000000
  0x4af0	00 00 00 00 00 00 00 00 00 00 00 00 00 00 00 00 	0000000000000000
  0x4b00	00 00 00 00 00 00 00 00 e8 80 00 40 01 00 00 00 	00000000000@0000
  0x4b10	00 00 00 00 00 00 00 00 00 00 00 00 00 00 00 00 	0000000000000000
  0x4b20	d8 4d 00 40 01 00 00 00 e0 4d 00 40 01 00 00 00 	0M0@00000M0@0000
  0x4b30	38 4e 00 40 01 00 00 00 1e 00 00 00 00 00 00 00 	8N0@000000000000
  0x4b40	00 75 01 00 00 00 00 00 00 00 00 00 00 00 00 00 	0u00000000000000
  0x4b50	b0 4e 00 40 01 00 00 00 01 00 00 00 00 00 00 00 	0N0@000000000000
  0x4b60	00 00 00 00 00 00 00 00 00 00 00 00 00 00 00 00 	0000000000000000
  0x4b70	00 00 00 00 00 00 00 00 00 00 00 00 00 00 00 00 	0000000000000000
  0x4b80	00 00 00 00 00 00 00 00 00 00 00 00 00 00 00 00 	0000000000000000
  0x4b90	00 00 00 00 00 00 00 00 00 00 00 00 00 00 00 00 	0000000000000000
  0x4ba0	00 00 00 00 00 00 00 00 00 00 00 00 00 00 00 00 	0000000000000000
  0x4bb0	00 00 00 00 00 00 00 00 00 00 00 00 00 00 00 00 	0000000000000000
  0x4bc0	00 00 00 00 00 00 00 00 ac 70 00 00 00 00 00 00 	000000000p000000
  0x4bd0	dc 6f 00 00 00 00 00 00 00 00 00 00 00 00 00 00 	0o00000000000000
  0x4be0	52 6f 00 00 00 00 00 00 8e 6f 00 00 00 00 00 00 	Ro0000000o000000
  0x4bf0	74 6f 00 00 00 00 00 00 5e 6f 00 00 00 00 00 00 	to000000^o000000
  0x4c00	00 00 00 00 00 00 00 00 80 6f 00 00 00 00 00 00 	000000000o000000
  0x4c10	a0 6f 00 00 00 00 00 00 00 00 00 00 00 00 00 00 	0o00000000000000
  0x4c20	b4 6f 00 00 00 00 00 00 00 00 00 00 00 00 00 00 	0o00000000000000
  0x4c30	c8 70 00 00 00 00 00 00 dc 70 00 00 00 00 00 00 	0p0000000p000000
  0x4c40	2a 70 00 00 00 00 00 00 14 70 00 00 00 00 00 00 	*p0000000p000000
  0x4c50	00 00 00 00 00 00 00 00 fa 6f 00 00 00 00 00 00 	000000000o000000
  0x4c60	00 00 00 00 00 00 00 00 6a 70 00 00 00 00 00 00 	00000000jp000000
  0x4c70	98 70 00 00 00 00 00 00 7e 70 00 00 00 00 00 00 	0p000000~p000000
  0x4c80	00 00 00 00 00 00 00 00 d4 6f 00 00 00 00 00 00 	000000000o000000
  0x4c90	00 00 00 00 00 00 00 00 5a 70 00 00 00 00 00 00 	00000000Zp000000
  0x4ca0	40 70 00 00 00 00 00 00 00 00 00 00 00 00 00 00 	@p00000000000000
  0x4cb0	3a 6f 00 00 00 00 00 00 30 6f 00 00 00 00 00 00 	:o0000000o000000
  0x4cc0	28 6f 00 00 00 00 00 00 38 6d 00 00 00 00 00 00 	(o0000008m000000
  0x4cd0	10 6f 00 00 00 00 00 00 fc 6e 00 00 00 00 00 00 	0o0000000n000000
  0x4ce0	e4 6e 00 00 00 00 00 00 da 6e 00 00 00 00 00 00 	0n0000000n000000
  0x4cf0	c2 6e 00 00 00 00 00 00 b6 6e 00 00 00 00 00 00 	0n0000000n000000
  0x4d00	a2 6e 00 00 00 00 00 00 98 6e 00 00 00 00 00 00 	0n0000000n000000
  0x4d10	90 6e 00 00 00 00 00 00 7e 6e 00 00 00 00 00 00 	0n000000~n000000
  0x4d20	6c 6e 00 00 00 00 00 00 5e 6e 00 00 00 00 00 00 	ln000000^n000000
  0x4d30	50 6e 00 00 00 00 00 00 46 6e 00 00 00 00 00 00 	Pn000000Fn000000
  0x4d40	3c 6e 00 00 00 00 00 00 26 6e 00 00 00 00 00 00 	<n000000&n000000
  0x4d50	06 6e 00 00 00 00 00 00 fa 6d 00 00 00 00 00 00 	0n0000000m000000
  0x4d60	dc 6d 00 00 00 00 00 00 bc 6d 00 00 00 00 00 00 	0m0000000m000000
  0x4d70	a4 6d 00 00 00 00 00 00 86 6d 00 00 00 00 00 00 	0m0000000m000000
  0x4d80	7a 6d 00 00 00 00 00 00 6e 6d 00 00 00 00 00 00 	zm000000nm000000
  0x4d90	60 6d 00 00 00 00 00 00 58 6d 00 00 00 00 00 00 	`m000000Xm000000
  0x4da0	4e 6d 00 00 00 00 00 00 48 6f 00 00 00 00 00 00 	Nm000000Ho000000
  0x4db0	00 00 00 00 00 00 00 00 60 72 00 00 00 00 00 00 	00000000`r000000
  0x4dc0	74 72 00 00 00 00 00 00 46 72 00 00 00 00 00 00 	tr000000Fr000000
  0x4dd0	00 00 00 00 00 00 00 00 70 34 00 40 01 00 00 00 	00000000p40@0000
  0x4de0	90 3a 00 40 01 00 00 00 00 00 00 00 00 00 00 00 	0:0@000000000000
  0x4df0	90 30 00 40 01 00 00 00 10 10 00 40 01 00 00 00 	000@0000000@0000
  0x4e00	30 10 00 40 01 00 00 00 50 10 00 40 01 00 00 00 	000@0000P00@0000
  0x4e10	00 00 00 00 00 00 00 00 00 00 00 00 00 00 00 00 	0000000000000000
  0x4e20	b0 2f 00 40 01 00 00 00 c0 34 00 40 01 00 00 00 	0/0@0000040@0000
  0x4e30	00 00 00 00 00 00 00 00 10 10 00 00 30 10 00 00 	0000000000000000
  0x4e40	50 10 00 00 50 11 00 00 e0 27 00 00 10 28 00 00 	P000P0000'000(00
  0x4e50	60 2c 00 00 b0 2c 00 00 d0 2c 00 00 f0 2c 00 00 	`,000,000,000,00
  0x4e60	d0 2d 00 00 30 2e 00 00 c0 2e 00 00 20 2f 00 00 	0-000.000.00 /00
  0x4e70	30 2f 00 00 40 2f 00 00 b0 2f 00 00 90 30 00 00 	0/00@/000/000000
  0x4e80	b0 32 00 00 10 33 00 00 40 33 00 00 80 33 00 00 	02000300@3000300
  0x4e90	70 34 00 00 80 34 00 00 c0 34 00 00 a0 35 00 00 	p400040004000500
  0x4ea0	d0 37 00 00 50 3d 00 00 70 3d 00 00 90 3d 00 00 	0700P=00p=000=00
  0x4eb0	a8 4d 00 00 00 00 00 00 00 00 00 00 00 00 00 00 	0M00000000000000
  0x4ec0	22 05 93 19 04 00 00 00 14 67 00 00 02 00 00 00 	"00000000g000000
  0x4ed0	34 67 00 00 05 00 00 00 88 67 00 00 20 00 00 00 	4g0000000g00 000
  0x4ee0	00 00 00 00 01 00 00 00 67 65 6e 65 72 69 63 00 	00000000generic0
  0x4ef0	75 6e 6b 6e 6f 77 6e 20 65 72 72 6f 72 00 00 00 	unknown error000
  0x4f00	69 6f 73 74 72 65 61 6d 00 00 00 00 00 00 00 00 	iostream00000000
  0x4f10	69 6f 73 74 72 65 61 6d 20 73 74 72 65 61 6d 20 	iostream stream 
  0x4f20	65 72 72 6f 72 00 00 00 73 79 73 74 65 6d 00 00 	error000system00
  0x4f30	69 6e 76 61 6c 69 64 20 73 74 72 69 6e 67 20 70 	invalid string p
  0x4f40	6f 73 69 74 69 6f 6e 00 73 74 72 69 6e 67 20 74 	osition0string t
  0x4f50	6f 6f 20 6c 6f 6e 67 00 70 65 72 6d 69 73 73 69 	oo long0permissi
  0x4f60	6f 6e 20 64 65 6e 69 65 64 00 00 00 00 00 00 00 	on denied0000000
  0x4f70	66 69 6c 65 20 65 78 69 73 74 73 00 00 00 00 00 	file exists00000
  0x4f80	6e 6f 20 73 75 63 68 20 64 65 76 69 63 65 00 00 	no such device00
  0x4f90	66 69 6c 65 6e 61 6d 65 20 74 6f 6f 20 6c 6f 6e 	filename too lon
  0x4fa0	67 00 00 00 00 00 00 00 64 65 76 69 63 65 20 6f 	g0000000device o
  0x4fb0	72 20 72 65 73 6f 75 72 63 65 20 62 75 73 79 00 	r resource busy0
  0x4fc0	69 6f 20 65 72 72 6f 72 00 00 00 00 00 00 00 00 	io error00000000
  0x4fd0	64 69 72 65 63 74 6f 72 79 20 6e 6f 74 20 65 6d 	directory not em
  0x4fe0	70 74 79 00 00 00 00 00 69 6e 76 61 6c 69 64 20 	pty00000invalid 
  0x4ff0	61 72 67 75 6d 65 6e 74 00 00 00 00 00 00 00 00 	argument00000000
  0x5000	6e 6f 20 73 70 61 63 65 20 6f 6e 20 64 65 76 69 	no space on devi
  0x5010	63 65 00 00 00 00 00 00 6e 6f 20 73 75 63 68 20 	ce000000no such 
  0x5020	66 69 6c 65 20 6f 72 20 64 69 72 65 63 74 6f 72 	file or director
  0x5030	79 00 00 00 00 00 00 00 66 75 6e 63 74 69 6f 6e 	y0000000function
  0x5040	20 6e 6f 74 20 73 75 70 70 6f 72 74 65 64 00 00 	 not supported00
  0x5050	6e 6f 20 6c 6f 63 6b 20 61 76 61 69 6c 61 62 6c 	no lock availabl
  0x5060	65 00 00 00 00 00 00 00 6e 6f 74 20 65 6e 6f 75 	e0000000not enou
  0x5070	67 68 20 6d 65 6d 6f 72 79 00 00 00 00 00 00 00 	gh memory0000000
  0x5080	72 65 73 6f 75 72 63 65 20 75 6e 61 76 61 69 6c 	resource unavail
  0x5090	61 62 6c 65 20 74 72 79 20 61 67 61 69 6e 00 00 	able try again00
  0x50a0	63 72 6f 73 73 20 64 65 76 69 63 65 20 6c 69 6e 	cross device lin
  0x50b0	6b 00 00 00 00 00 00 00 6f 70 65 72 61 74 69 6f 	k0000000operatio
  0x50c0	6e 20 63 61 6e 63 65 6c 65 64 00 00 00 00 00 00 	n canceled000000
  0x50d0	74 6f 6f 20 6d 61 6e 79 20 66 69 6c 65 73 20 6f 	too many files o
  0x50e0	70 65 6e 00 00 00 00 00 70 65 72 6d 69 73 73 69 	pen00000permissi
  0x50f0	6f 6e 5f 64 65 6e 69 65 64 00 00 00 00 00 00 00 	on_denied0000000
  0x5100	61 64 64 72 65 73 73 5f 69 6e 5f 75 73 65 00 00 	address_in_use00
  0x5110	61 64 64 72 65 73 73 5f 6e 6f 74 5f 61 76 61 69 	address_not_avai
  0x5120	6c 61 62 6c 65 00 00 00 61 64 64 72 65 73 73 5f 	lable000address_
  0x5130	66 61 6d 69 6c 79 5f 6e 6f 74 5f 73 75 70 70 6f 	family_not_suppo
  0x5140	72 74 65 64 00 00 00 00 63 6f 6e 6e 65 63 74 69 	rted0000connecti
  0x5150	6f 6e 5f 61 6c 72 65 61 64 79 5f 69 6e 5f 70 72 	on_already_in_pr
  0x5160	6f 67 72 65 73 73 00 00 62 61 64 5f 66 69 6c 65 	ogress00bad_file
  0x5170	5f 64 65 73 63 72 69 70 74 6f 72 00 00 00 00 00 	_descriptor00000
  0x5180	63 6f 6e 6e 65 63 74 69 6f 6e 5f 61 62 6f 72 74 	connection_abort
  0x5190	65 64 00 00 00 00 00 00 63 6f 6e 6e 65 63 74 69 	ed000000connecti
  0x51a0	6f 6e 5f 72 65 66 75 73 65 64 00 00 00 00 00 00 	on_refused000000
  0x51b0	63 6f 6e 6e 65 63 74 69 6f 6e 5f 72 65 73 65 74 	connection_reset
  0x51c0	00 00 00 00 00 00 00 00 64 65 73 74 69 6e 61 74 	00000000destinat
  0x51d0	69 6f 6e 5f 61 64 64 72 65 73 73 5f 72 65 71 75 	ion_address_requ
  0x51e0	69 72 65 64 00 00 00 00 62 61 64 5f 61 64 64 72 	ired0000bad_addr
  0x51f0	65 73 73 00 00 00 00 00 68 6f 73 74 5f 75 6e 72 	ess00000host_unr
  0x5200	65 61 63 68 61 62 6c 65 00 00 00 00 00 00 00 00 	eachable00000000
  0x5210	6f 70 65 72 61 74 69 6f 6e 5f 69 6e 5f 70 72 6f 	operation_in_pro
  0x5220	67 72 65 73 73 00 00 00 69 6e 74 65 72 72 75 70 	gress000interrup
  0x5230	74 65 64 00 00 00 00 00 69 6e 76 61 6c 69 64 5f 	ted00000invalid_
  0x5240	61 72 67 75 6d 65 6e 74 00 00 00 00 00 00 00 00 	argument00000000
  0x5250	61 6c 72 65 61 64 79 5f 63 6f 6e 6e 65 63 74 65 	already_connecte
  0x5260	64 00 00 00 00 00 00 00 74 6f 6f 5f 6d 61 6e 79 	d0000000too_many
  0x5270	5f 66 69 6c 65 73 5f 6f 70 65 6e 00 00 00 00 00 	_files_open00000
  0x5280	6d 65 73 73 61 67 65 5f 73 69 7a 65 00 00 00 00 	message_size0000
  0x5290	66 69 6c 65 6e 61 6d 65 5f 74 6f 6f 5f 6c 6f 6e 	filename_too_lon
  0x52a0	67 00 00 00 00 00 00 00 6e 65 74 77 6f 72 6b 5f 	g0000000network_
  0x52b0	64 6f 77 6e 00 00 00 00 6e 65 74 77 6f 72 6b 5f 	down0000network_
  0x52c0	72 65 73 65 74 00 00 00 6e 65 74 77 6f 72 6b 5f 	reset000network_
  0x52d0	75 6e 72 65 61 63 68 61 62 6c 65 00 00 00 00 00 	unreachable00000
  0x52e0	6e 6f 5f 62 75 66 66 65 72 5f 73 70 61 63 65 00 	no_buffer_space0
  0x52f0	6e 6f 5f 70 72 6f 74 6f 63 6f 6c 5f 6f 70 74 69 	no_protocol_opti
  0x5300	6f 6e 00 00 00 00 00 00 6e 6f 74 5f 63 6f 6e 6e 	on000000not_conn
  0x5310	65 63 74 65 64 00 00 00 6e 6f 74 5f 61 5f 73 6f 	ected000not_a_so
  0x5320	63 6b 65 74 00 00 00 00 6f 70 65 72 61 74 69 6f 	cket0000operatio
  0x5330	6e 5f 6e 6f 74 5f 73 75 70 70 6f 72 74 65 64 00 	n_not_supported0
  0x5340	70 72 6f 74 6f 63 6f 6c 5f 6e 6f 74 5f 73 75 70 	protocol_not_sup
  0x5350	70 6f 72 74 65 64 00 00 77 72 6f 6e 67 5f 70 72 	ported00wrong_pr
  0x5360	6f 74 6f 63 6f 6c 5f 74 79 70 65 00 00 00 00 00 	otocol_type00000
  0x5370	74 69 6d 65 64 5f 6f 75 74 00 00 00 00 00 00 00 	timed_out0000000
  0x5380	6f 70 65 72 61 74 69 6f 6e 5f 77 6f 75 6c 64 5f 	operation_would_
  0x5390	62 6c 6f 63 6b 00 00 00 61 64 64 72 65 73 73 20 	block000address 
  0x53a0	66 61 6d 69 6c 79 20 6e 6f 74 20 73 75 70 70 6f 	family not suppo
  0x53b0	72 74 65 64 00 00 00 00 61 64 64 72 65 73 73 20 	rted0000address 
  0x53c0	69 6e 20 75 73 65 00 00 61 64 64 72 65 73 73 20 	in use00address 
  0x53d0	6e 6f 74 20 61 76 61 69 6c 61 62 6c 65 00 00 00 	not available000
  0x53e0	61 6c 72 65 61 64 79 20 63 6f 6e 6e 65 63 74 65 	already connecte
  0x53f0	64 00 00 00 00 00 00 00 61 72 67 75 6d 65 6e 74 	d0000000argument
  0x5400	20 6c 69 73 74 20 74 6f 6f 20 6c 6f 6e 67 00 00 	 list too long00
  0x5410	61 72 67 75 6d 65 6e 74 20 6f 75 74 20 6f 66 20 	argument out of 
  0x5420	64 6f 6d 61 69 6e 00 00 62 61 64 20 61 64 64 72 	domain00bad addr
  0x5430	65 73 73 00 00 00 00 00 62 61 64 20 66 69 6c 65 	ess00000bad file
  0x5440	20 64 65 73 63 72 69 70 74 6f 72 00 00 00 00 00 	 descriptor00000
  0x5450	62 61 64 20 6d 65 73 73 61 67 65 00 00 00 00 00 	bad message00000
  0x5460	62 72 6f 6b 65 6e 20 70 69 70 65 00 00 00 00 00 	broken pipe00000
  0x5470	63 6f 6e 6e 65 63 74 69 6f 6e 20 61 62 6f 72 74 	connection abort
  0x5480	65 64 00 00 00 00 00 00 63 6f 6e 6e 65 63 74 69 	ed000000connecti
  0x5490	6f 6e 20 61 6c 72 65 61 64 79 20 69 6e 20 70 72 	on already in pr
  0x54a0	6f 67 72 65 73 73 00 00 63 6f 6e 6e 65 63 74 69 	ogress00connecti
  0x54b0	6f 6e 20 72 65 66 75 73 65 64 00 00 00 00 00 00 	on refused000000
  0x54c0	63 6f 6e 6e 65 63 74 69 6f 6e 20 72 65 73 65 74 	connection reset
  0x54d0	00 00 00 00 00 00 00 00 64 65 73 74 69 6e 61 74 	00000000destinat
  0x54e0	69 6f 6e 20 61 64 64 72 65 73 73 20 72 65 71 75 	ion address requ
  0x54f0	69 72 65 64 00 00 00 00 65 78 65 63 75 74 61 62 	ired0000executab
  0x5500	6c 65 20 66 6f 72 6d 61 74 20 65 72 72 6f 72 00 	le format error0
  0x5510	66 69 6c 65 20 74 6f 6f 20 6c 61 72 67 65 00 00 	file too large00
  0x5520	68 6f 73 74 20 75 6e 72 65 61 63 68 61 62 6c 65 	host unreachable
  0x5530	00 00 00 00 00 00 00 00 69 64 65 6e 74 69 66 69 	00000000identifi
  0x5540	65 72 20 72 65 6d 6f 76 65 64 00 00 00 00 00 00 	er removed000000
  0x5550	69 6c 6c 65 67 61 6c 20 62 79 74 65 20 73 65 71 	illegal byte seq
  0x5560	75 65 6e 63 65 00 00 00 69 6e 61 70 70 72 6f 70 	uence000inapprop
  0x5570	72 69 61 74 65 20 69 6f 20 63 6f 6e 74 72 6f 6c 	riate io control
  0x5580	20 6f 70 65 72 61 74 69 6f 6e 00 00 00 00 00 00 	 operation000000
  0x5590	69 6e 76 61 6c 69 64 20 73 65 65 6b 00 00 00 00 	invalid seek0000
  0x55a0	69 73 20 61 20 64 69 72 65 63 74 6f 72 79 00 00 	is a directory00
  0x55b0	6d 65 73 73 61 67 65 20 73 69 7a 65 00 00 00 00 	message size0000
  0x55c0	6e 65 74 77 6f 72 6b 20 64 6f 77 6e 00 00 00 00 	network down0000
  0x55d0	6e 65 74 77 6f 72 6b 20 72 65 73 65 74 00 00 00 	network reset000
  0x55e0	6e 65 74 77 6f 72 6b 20 75 6e 72 65 61 63 68 61 	network unreacha
  0x55f0	62 6c 65 00 00 00 00 00 6e 6f 20 62 75 66 66 65 	ble00000no buffe
  0x5600	72 20 73 70 61 63 65 00 6e 6f 20 63 68 69 6c 64 	r space0no child
  0x5610	20 70 72 6f 63 65 73 73 00 00 00 00 00 00 00 00 	 process00000000
  0x5620	6e 6f 20 6c 69 6e 6b 00 6e 6f 20 6d 65 73 73 61 	no link0no messa
  0x5630	67 65 20 61 76 61 69 6c 61 62 6c 65 00 00 00 00 	ge available0000
  0x5640	6e 6f 20 6d 65 73 73 61 67 65 00 00 00 00 00 00 	no message000000
  0x5650	6e 6f 20 70 72 6f 74 6f 63 6f 6c 20 6f 70 74 69 	no protocol opti
  0x5660	6f 6e 00 00 00 00 00 00 6e 6f 20 73 74 72 65 61 	on000000no strea
  0x5670	6d 20 72 65 73 6f 75 72 63 65 73 00 00 00 00 00 	m resources00000
  0x5680	6e 6f 20 73 75 63 68 20 64 65 76 69 63 65 20 6f 	no such device o
  0x5690	72 20 61 64 64 72 65 73 73 00 00 00 00 00 00 00 	r address0000000
  0x56a0	6e 6f 20 73 75 63 68 20 70 72 6f 63 65 73 73 00 	no such process0
  0x56b0	6e 6f 74 20 61 20 64 69 72 65 63 74 6f 72 79 00 	not a directory0
  0x56c0	6e 6f 74 20 61 20 73 6f 63 6b 65 74 00 00 00 00 	not a socket0000
  0x56d0	6e 6f 74 20 61 20 73 74 72 65 61 6d 00 00 00 00 	not a stream0000
  0x56e0	6e 6f 74 20 63 6f 6e 6e 65 63 74 65 64 00 00 00 	not connected000
  0x56f0	6e 6f 74 20 73 75 70 70 6f 72 74 65 64 00 00 00 	not supported000
  0x5700	6f 70 65 72 61 74 69 6f 6e 20 69 6e 20 70 72 6f 	operation in pro
  0x5710	67 72 65 73 73 00 00 00 6f 70 65 72 61 74 69 6f 	gress000operatio
  0x5720	6e 20 6e 6f 74 20 70 65 72 6d 69 74 74 65 64 00 	n not permitted0
  0x5730	6f 70 65 72 61 74 69 6f 6e 20 6e 6f 74 20 73 75 	operation not su
  0x5740	70 70 6f 72 74 65 64 00 6f 70 65 72 61 74 69 6f 	pported0operatio
  0x5750	6e 20 77 6f 75 6c 64 20 62 6c 6f 63 6b 00 00 00 	n would block000
  0x5760	6f 77 6e 65 72 20 64 65 61 64 00 00 00 00 00 00 	owner dead000000
  0x5770	70 72 6f 74 6f 63 6f 6c 20 65 72 72 6f 72 00 00 	protocol error00
  0x5780	70 72 6f 74 6f 63 6f 6c 20 6e 6f 74 20 73 75 70 	protocol not sup
  0x5790	70 6f 72 74 65 64 00 00 72 65 61 64 20 6f 6e 6c 	ported00read onl
  0x57a0	79 20 66 69 6c 65 20 73 79 73 74 65 6d 00 00 00 	y file system000
  0x57b0	72 65 73 6f 75 72 63 65 20 64 65 61 64 6c 6f 63 	resource deadloc
  0x57c0	6b 20 77 6f 75 6c 64 20 6f 63 63 75 72 00 00 00 	k would occur000
  0x57d0	72 65 73 75 6c 74 20 6f 75 74 20 6f 66 20 72 61 	result out of ra
  0x57e0	6e 67 65 00 00 00 00 00 73 74 61 74 65 20 6e 6f 	nge00000state no
  0x57f0	74 20 72 65 63 6f 76 65 72 61 62 6c 65 00 00 00 	t recoverable000
  0x5800	73 74 72 65 61 6d 20 74 69 6d 65 6f 75 74 00 00 	stream timeout00
  0x5810	74 65 78 74 20 66 69 6c 65 20 62 75 73 79 00 00 	text file busy00
  0x5820	74 69 6d 65 64 20 6f 75 74 00 00 00 00 00 00 00 	timed out0000000
  0x5830	74 6f 6f 20 6d 61 6e 79 20 66 69 6c 65 73 20 6f 	too many files o
  0x5840	70 65 6e 20 69 6e 20 73 79 73 74 65 6d 00 00 00 	pen in system000
  0x5850	74 6f 6f 20 6d 61 6e 79 20 6c 69 6e 6b 73 00 00 	too many links00
  0x5860	74 6f 6f 20 6d 61 6e 79 20 73 79 6d 62 6f 6c 69 	too many symboli
  0x5870	63 20 6c 69 6e 6b 20 6c 65 76 65 6c 73 00 00 00 	c link levels000
  0x5880	76 61 6c 75 65 20 74 6f 6f 20 6c 61 72 67 65 00 	value too large0
  0x5890	77 72 6f 6e 67 20 70 72 6f 74 6f 63 6f 6c 20 74 	wrong protocol t
  0x58a0	79 70 65 00 00 00 00 00 68 00 00 00 3f 00 00 00 	ype00000h000?000
  0x58b0	68 00 65 00 6c 00 70 00 00 00 00 00 00 00 00 00 	h0e0l0p000000000
  0x58c0	62 61 64 20 61 6c 6c 6f 63 61 74 69 6f 6e 00 00 	bad allocation00
  0x58d0	52 00 65 00 67 00 69 00 73 00 74 00 65 00 72 00 	R0e0g0i0s0t0e0r0
  0x58e0	73 00 20 00 43 00 49 00 4d 00 20 00 50 00 72 00 	s0 0C0I0M0 0P0r0
  0x58f0	6f 00 76 00 69 00 64 00 65 00 72 00 20 00 69 00 	o0v0i0d0e0r0 0i0
  0x5900	6e 00 74 00 6f 00 20 00 73 00 79 00 73 00 74 00 	n0t0o0 0s0y0s0t0
  0x5910	65 00 6d 00 2e 00 0a 00 0a 00 09 00 52 00 65 00 	e0m0.0000000R0e0
  0x5920	67 00 69 00 73 00 74 00 65 00 72 00 2d 00 43 00 	g0i0s0t0e0r0-0C0
  0x5930	69 00 6d 00 50 00 72 00 6f 00 76 00 69 00 64 00 	i0m0P0r0o0v0i0d0
  0x5940	65 00 72 00 2e 00 65 00 78 00 65 00 20 00 2d 00 	e0r0.0e0x0e0 0-0
  0x5950	4e 00 61 00 6d 00 65 00 73 00 70 00 61 00 63 00 	N0a0m0e0s0p0a0c0
  0x5960	65 00 20 00 3c 00 4e 00 61 00 6d 00 65 00 73 00 	e0 0<0N0a0m0e0s0
  0x5970	70 00 61 00 63 00 65 00 4e 00 61 00 6d 00 65 00 	p0a0c0e0N0a0m0e0
  0x5980	3e 00 0a 00 09 00 09 00 2d 00 50 00 72 00 6f 00 	>0000000-0P0r0o0
  0x5990	76 00 69 00 64 00 65 00 72 00 4e 00 61 00 6d 00 	v0i0d0e0r0N0a0m0
  0x59a0	65 00 20 00 3c 00 50 00 72 00 6f 00 76 00 69 00 	e0 0<0P0r0o0v0i0
  0x59b0	64 00 65 00 72 00 4e 00 61 00 6d 00 65 00 3e 00 	d0e0r0N0a0m0e0>0
  0x59c0	0a 00 09 00 09 00 2d 00 50 00 61 00 74 00 68 00 	000000-0P0a0t0h0
  0x59d0	20 00 3c 00 50 00 72 00 6f 00 76 00 69 00 64 00 	 0<0P0r0o0v0i0d0
  0x59e0	65 00 72 00 44 00 6c 00 6c 00 50 00 61 00 74 00 	e0r0D0l0l0P0a0t0
  0x59f0	68 00 3e 00 0a 00 09 00 09 00 5b 00 2d 00 49 00 	h0>0000000[0-0I0
  0x5a00	6d 00 70 00 65 00 72 00 73 00 6f 00 6e 00 61 00 	m0p0e0r0s0o0n0a0
  0x5a10	74 00 69 00 6f 00 6e 00 20 00 3c 00 54 00 72 00 	t0i0o0n0 0<0T0r0
  0x5a20	75 00 65 00 20 00 6f 00 72 00 20 00 46 00 61 00 	u0e0 0o0r0 0F0a0
  0x5a30	6c 00 73 00 65 00 3e 00 5d 00 0a 00 09 00 09 00 	l0s0e0>0]0000000
  0x5a40	5b 00 2d 00 44 00 65 00 63 00 6f 00 75 00 70 00 	[0-0D0e0c0o0u0p0
  0x5a50	6c 00 65 00 64 00 20 00 3c 00 53 00 44 00 44 00 	l0e0d0 0<0S0D0D0
  0x5a60	4c 00 3e 00 5d 00 0a 00 09 00 09 00 5b 00 2d 00 	L0>0]0000000[0-0
  0x5a70	48 00 6f 00 73 00 74 00 69 00 6e 00 67 00 4d 00 	H0o0s0t0i0n0g0M0
  0x5a80	6f 00 64 00 65 00 6c 00 20 00 3c 00 48 00 6f 00 	o0d0e0l0 0<0H0o0
  0x5a90	73 00 74 00 69 00 6e 00 67 00 4d 00 6f 00 64 00 	s0t0i0n0g0M0o0d0
  0x5aa0	65 00 6c 00 3e 00 5d 00 0a 00 09 00 09 00 5b 00 	e0l0>0]0000000[0
  0x5ab0	2d 00 4c 00 6f 00 63 00 61 00 6c 00 69 00 7a 00 	-0L0o0c0a0l0i0z0
  0x5ac0	65 00 20 00 3c 00 6c 00 6f 00 63 00 61 00 6c 00 	e0 0<0l0o0c0a0l0
  0x5ad0	65 00 3e 00 5d 00 0a 00 09 00 09 00 5b 00 2d 00 	e0>0]0000000[0-0
  0x5ae0	4e 00 6f 00 41 00 75 00 74 00 6f 00 72 00 65 00 	N0o0A0u0t0o0r0e0
  0x5af0	63 00 6f 00 76 00 65 00 72 00 5d 00 0a 00 09 00 	c0o0v0e0r0]00000
  0x5b00	09 00 5b 00 2d 00 53 00 75 00 70 00 70 00 6f 00 	00[0-0S0u0p0p0o0
  0x5b10	72 00 74 00 57 00 51 00 4c 00 5d 00 0a 00 09 00 	r0t0W0Q0L0]00000
  0x5b20	09 00 5b 00 2d 00 47 00 65 00 6e 00 65 00 72 00 	00[0-0G0e0n0e0r0
  0x5b30	61 00 74 00 65 00 55 00 6e 00 72 00 65 00 67 00 	a0t0e0U0n0r0e0g0
  0x5b40	69 00 73 00 74 00 72 00 61 00 74 00 69 00 6f 00 	i0s0t0r0a0t0i0o0
  0x5b50	6e 00 5d 00 0a 00 09 00 09 00 5b 00 2d 00 46 00 	n0]0000000[0-0F0
  0x5b60	6f 00 72 00 63 00 65 00 55 00 70 00 64 00 61 00 	o0r0c0e0U0p0d0a0
  0x5b70	74 00 65 00 5d 00 0a 00 09 00 09 00 5b 00 2d 00 	t0e0]0000000[0-0
  0x5b80	56 00 65 00 72 00 62 00 6f 00 73 00 65 00 5d 00 	V0e0r0b0o0s0e0]0
  0x5b90	0a 00 0a 00 00 00 00 00 25 00 73 00 00 00 00 00 	00000000%0s00000
  0x5ba0	0a 00 25 00 73 00 00 00 0a 00 00 00 00 00 00 00 	00%0s00000000000
  0x5bb0	25 00 73 00 0a 00 00 00 00 00 00 00 00 00 00 00 	%0s0000000000000
  0x5bc0	57 00 61 00 72 00 6e 00 69 00 6e 00 67 00 3a 00 	W0a0r0n0i0n0g0:0
  0x5bd0	20 00 44 00 75 00 70 00 6c 00 69 00 63 00 61 00 	 0D0u0p0l0i0c0a0
  0x5be0	74 00 65 00 20 00 63 00 6c 00 61 00 73 00 73 00 	t0e0 0c0l0a0s0s0
  0x5bf0	20 00 6e 00 61 00 6d 00 65 00 20 00 69 00 6e 00 	 0n0a0m0e0 0i0n0
  0x5c00	20 00 27 00 2d 00 43 00 6c 00 61 00 73 00 73 00 	 0'0-0C0l0a0s0s0
  0x5c10	4c 00 69 00 73 00 74 00 27 00 20 00 70 00 61 00 	L0i0s0t0'0 0p0a0
  0x5c20	72 00 61 00 6d 00 65 00 74 00 65 00 72 00 20 00 	r0a0m0e0t0e0r0 0
  0x5c30	68 00 61 00 73 00 20 00 62 00 65 00 65 00 6e 00 	h0a0s0 0b0e0e0n0
  0x5c40	20 00 73 00 6b 00 69 00 70 00 70 00 65 00 64 00 	 0s0k0i0p0p0e0d0
  0x5c50	2e 00 00 00 00 00 00 00 25 00 38 00 58 00 00 00 	.0000000%080X000
  0x5c60	6d 61 70 2f 73 65 74 3c 54 3e 20 74 6f 6f 20 6c 	map/set<T> too l
  0x5c70	6f 6e 67 00 00 00 00 00 47 00 65 00 6e 00 65 00 	ong00000G0e0n0e0
  0x5c80	72 00 61 00 74 00 65 00 55 00 6e 00 72 00 65 00 	r0a0t0e0U0n0r0e0
  0x5c90	67 00 69 00 73 00 74 00 72 00 61 00 74 00 69 00 	g0i0s0t0r0a0t0i0
  0x5ca0	6f 00 6e 00 00 00 00 00 00 00 00 00 00 00 00 00 	o0n0000000000000
  0x5cb0	66 00 6f 00 72 00 63 00 65 00 75 00 70 00 64 00 	f0o0r0c0e0u0p0d0
  0x5cc0	61 00 74 00 65 00 00 00 4c 00 6f 00 63 00 61 00 	a0t0e000L0o0c0a0
  0x5cd0	6c 00 69 00 7a 00 65 00 00 00 00 00 00 00 00 00 	l0i0z0e000000000
  0x5ce0	50 00 61 00 74 00 68 00 00 00 00 00 00 00 00 00 	P0a0t0h000000000
  0x5cf0	44 00 65 00 63 00 6f 00 75 00 70 00 6c 00 65 00 	D0e0c0o0u0p0l0e0
  0x5d00	64 00 00 00 00 00 00 00 50 00 72 00 6f 00 76 00 	d0000000P0r0o0v0
  0x5d10	69 00 64 00 65 00 72 00 4e 00 61 00 6d 00 65 00 	i0d0e0r0N0a0m0e0
  0x5d20	00 00 00 00 00 00 00 00 56 00 65 00 72 00 62 00 	00000000V0e0r0b0
  0x5d30	6f 00 73 00 65 00 00 00 4e 00 6f 00 41 00 75 00 	o0s0e000N0o0A0u0
  0x5d40	74 00 6f 00 72 00 65 00 63 00 6f 00 76 00 65 00 	t0o0r0e0c0o0v0e0
  0x5d50	72 00 00 00 00 00 00 00 49 00 6d 00 70 00 65 00 	r0000000I0m0p0e0
  0x5d60	72 00 73 00 6f 00 6e 00 61 00 74 00 69 00 6f 00 	r0s0o0n0a0t0i0o0
  0x5d70	6e 00 00 00 00 00 00 00 48 00 6f 00 73 00 74 00 	n0000000H0o0s0t0
  0x5d80	69 00 6e 00 67 00 4d 00 6f 00 64 00 65 00 6c 00 	i0n0g0M0o0d0e0l0
  0x5d90	00 00 00 00 00 00 00 00 53 00 75 00 70 00 70 00 	00000000S0u0p0p0
  0x5da0	6f 00 72 00 74 00 57 00 51 00 4c 00 00 00 00 00 	o0r0t0W0Q0L00000
  0x5db0	4e 00 61 00 6d 00 65 00 53 00 70 00 61 00 63 00 	N0a0m0e0S0p0a0c0
  0x5dc0	65 00 00 00 20 00 00 00 43 00 6c 00 61 00 73 00 	e000 000C0l0a0s0
  0x5dd0	73 00 4c 00 69 00 73 00 74 00 00 00 00 00 00 00 	s0L0i0s0t0000000
  0x5de0	22 05 93 19 02 00 00 00 e0 64 00 00 01 00 00 00 	"00000000d000000
  0x5df0	98 66 00 00 02 00 00 00 c0 66 00 00 20 00 00 00 	0f0000000f00 000
  0x5e00	00 00 00 00 01 00 00 00 22 05 93 19 02 00 00 00 	00000000"0000000
  0x5e10	e0 64 00 00 01 00 00 00 40 66 00 00 02 00 00 00 	0d000000@f000000
  0x5e20	68 66 00 00 20 00 00 00 00 00 00 00 01 00 00 00 	hf00 00000000000
  0x5e30	22 05 93 19 02 00 00 00 e0 64 00 00 01 00 00 00 	"00000000d000000
  0x5e40	d4 65 00 00 04 00 00 00 00 66 00 00 20 00 00 00 	0e0000000f00 000
  0x5e50	00 00 00 00 01 00 00 00 22 05 93 19 02 00 00 00 	00000000"0000000
  0x5e60	e0 64 00 00 01 00 00 00 58 65 00 00 02 00 00 00 	0d000000Xe000000
  0x5e70	80 65 00 00 30 00 00 00 00 00 00 00 01 00 00 00 	0e00000000000000
  0x5e80	22 05 93 19 02 00 00 00 e0 64 00 00 01 00 00 00 	"00000000d000000
  0x5e90	f0 64 00 00 02 00 00 00 18 65 00 00 20 00 00 00 	0d0000000e00 000
  0x5ea0	00 00 00 00 01 00 00 00 22 05 93 19 03 00 00 00 	00000000"0000000
  0x5eb0	68 64 00 00 01 00 00 00 80 64 00 00 03 00 00 00 	hd0000000d000000
  0x5ec0	a8 64 00 00 20 00 00 00 00 00 00 00 01 00 00 00 	0d00 00000000000
  0x5ed0	22 05 93 19 00 00 00 00 00 00 00 00 00 00 00 00 	"000000000000000
  0x5ee0	00 00 00 00 01 00 00 00 38 64 00 00 20 00 00 00 	000000008d00 000
  0x5ef0	00 00 00 00 05 00 00 00 22 05 93 19 02 00 00 00 	00000000"0000000
  0x5f00	00 64 00 00 00 00 00 00 00 00 00 00 03 00 00 00 	0d00000000000000
  0x5f10	10 64 00 00 28 00 00 00 00 00 00 00 01 00 00 00 	0d00(00000000000
  0x5f20	22 05 93 19 03 00 00 00 48 63 00 00 01 00 00 00 	"0000000Hc000000
  0x5f30	60 63 00 00 08 00 00 00 90 63 00 00 40 00 00 00 	`c0000000c00@000
  0x5f40	00 00 00 00 01 00 00 00 22 05 93 19 01 00 00 00 	00000000"0000000
  0x5f50	08 63 00 00 00 00 00 00 00 00 00 00 03 00 00 00 	0c00000000000000
  0x5f60	10 63 00 00 38 00 00 00 00 00 00 00 01 00 00 00 	0c00800000000000
  0x5f70	00 00 00 00 76 77 f2 a3 00 00 00 00 02 00 00 00 	0000vw0000000000
  0x5f80	31 00 00 00 c4 5f 00 00 c4 51 00 00 00 00 00 00 	10000_000Q000000
  0x5f90	76 77 f2 a3 00 00 00 00 0d 00 00 00 78 02 00 00 	vw0000000000x000
  0x5fa0	f8 5f 00 00 f8 51 00 00 00 00 00 00 76 77 f2 a3 	0_000Q000000vw00
  0x5fb0	00 00 00 00 10 00 00 00 24 00 00 00 70 62 00 00 	00000000$000pb00
  0x5fc0	70 54 00 00 52 53 44 53 27 81 55 87 33 ab 25 c3 	pT00RSDS'0U030%0
  0x5fd0	13 95 cb 09 eb 3c 9a 5a 01 00 00 00 52 65 67 69 	00000<0Z0000Regi
  0x5fe0	73 74 65 72 2d 43 69 6d 50 72 6f 76 69 64 65 72 	ster-CimProvider
  0x5ff0	2e 70 64 62 00 00 00 00 47 43 54 4c 00 10 00 00 	.pdb0000GCTL0000
  0x6000	60 00 00 00 2e 74 65 78 74 24 64 69 00 00 00 00 	`000.text$di0000
  0x6010	60 10 00 00 20 2a 00 00 2e 74 65 78 74 24 6d 6e 	`000 *00.text$mn
  0x6020	00 00 00 00 80 3a 00 00 80 00 00 00 2e 74 65 78 	00000:000000.tex
  0x6030	74 24 6d 6e 24 30 30 00 00 3b 00 00 40 02 00 00 	t$mn$0000;00@000
  0x6040	2e 74 65 78 74 24 78 00 40 3d 00 00 5f 00 00 00 	.text$x0@=00_000
  0x6050	2e 74 65 78 74 24 79 64 00 00 00 00 00 40 00 00 	.text$yd00000@00
  0x6060	c8 0b 00 00 2e 72 64 61 74 61 24 62 72 63 00 00 	0000.rdata$brc00
  0x6070	c8 4b 00 00 10 02 00 00 2e 69 64 61 74 61 24 35 	0K000000.idata$5
  0x6080	00 00 00 00 d8 4d 00 00 10 00 00 00 2e 30 30 63 	00000M000000.00c
  0x6090	66 67 00 00 e8 4d 00 00 08 00 00 00 2e 43 52 54 	fg000M000000.CRT
  0x60a0	24 58 43 41 00 00 00 00 f0 4d 00 00 08 00 00 00 	$XCA00000M000000
  0x60b0	2e 43 52 54 24 58 43 41 41 00 00 00 f8 4d 00 00 	.CRT$XCAA0000M00
  0x60c0	18 00 00 00 2e 43 52 54 24 58 43 55 00 00 00 00 	0000.CRT$XCU0000
  0x60d0	10 4e 00 00 08 00 00 00 2e 43 52 54 24 58 43 5a 	0N000000.CRT$XCZ
  0x60e0	00 00 00 00 18 4e 00 00 08 00 00 00 2e 43 52 54 	00000N000000.CRT
  0x60f0	24 58 49 41 00 00 00 00 20 4e 00 00 08 00 00 00 	$XIA0000 N000000
  0x6100	2e 43 52 54 24 58 49 41 41 00 00 00 28 4e 00 00 	.CRT$XIAA000(N00
  0x6110	08 00 00 00 2e 43 52 54 24 58 49 59 00 00 00 00 	0000.CRT$XIY0000
  0x6120	30 4e 00 00 08 00 00 00 2e 43 52 54 24 58 49 5a 	0N000000.CRT$XIZ
  0x6130	00 00 00 00 38 4e 00 00 78 00 00 00 2e 67 66 69 	00008N00x000.gfi
  0x6140	64 73 00 00 b0 4e 00 00 10 00 00 00 2e 67 69 61 	ds000N000000.gia
  0x6150	74 73 00 00 c0 4e 00 00 04 11 00 00 2e 72 64 61 	ts000N000000.rda
  0x6160	74 61 00 00 c4 5f 00 00 dc 02 00 00 2e 72 64 61 	ta000_000000.rda
  0x6170	74 61 24 7a 7a 7a 64 62 67 00 00 00 a0 62 00 00 	ta$zzzdbg0000b00
  0x6180	18 06 00 00 2e 78 64 61 74 61 00 00 b8 68 00 00 	0000.xdata000h00
  0x6190	80 01 00 00 2e 78 64 61 74 61 24 78 00 00 00 00 	0000.xdata$x0000
  0x61a0	38 6a 00 00 dc 00 00 00 2e 69 64 61 74 61 24 32 	8j000000.idata$2
  0x61b0	00 00 00 00 14 6b 00 00 14 00 00 00 2e 69 64 61 	00000k000000.ida
  0x61c0	74 61 24 33 00 00 00 00 28 6b 00 00 10 02 00 00 	ta$30000(k000000
  0x61d0	2e 69 64 61 74 61 24 34 00 00 00 00 38 6d 00 00 	.idata$400008m00
  0x61e0	62 05 00 00 2e 69 64 61 74 61 24 36 00 00 00 00 	b000.idata$60000
  0x61f0	00 80 00 00 18 00 00 00 2e 64 61 74 61 24 62 72 	00000000.data$br
  0x6200	63 00 00 00 18 80 00 00 c8 00 00 00 2e 64 61 74 	c00000000000.dat
  0x6210	61 24 72 24 62 72 63 00 e0 80 00 00 20 00 00 00 	a$r$brc00000 000
  0x6220	2e 64 61 74 61 00 00 00 00 81 00 00 90 06 00 00 	.data00000000000
  0x6230	2e 62 73 73 00 00 00 00 00 90 00 00 c0 03 00 00 	.bss000000000000
  0x6240	2e 70 64 61 74 61 00 00 00 a0 00 00 f0 00 00 00 	.pdata0000000000
  0x6250	2e 72 73 72 63 24 30 31 00 00 00 00 f0 a0 00 00 	.rsrc$0100000000
  0x6260	e0 06 00 00 2e 72 73 72 63 24 30 32 00 00 00 00 	0000.rsrc$020000
  0x6270	20 00 00 00 27 81 55 87 33 ab 25 c3 13 95 cb 09 	 000'0U030%00000
  0x6280	eb 3c 9a 5a 29 c4 4f 96 dd 52 78 eb 9a 91 3c 1f 	0<0Z)0O00Rx000<0
  0x6290	76 77 f2 a3 00 00 00 00 00 00 00 00 00 00 00 00 	vw00000000000000
  0x62a0	01 12 05 00 12 42 0e 70 0d 60 0c 50 0b 30 00 00 	00000B0p0`0P0000
  0x62b0	01 06 02 00 06 32 02 30 01 0a 04 00 0a 34 06 00 	0000020000000400
  0x62c0	0a 32 06 70 19 21 03 00 0f 01 06 04 02 30 00 00 	020p0!0000000000
  0x62d0	78 39 00 00 20 20 00 00 19 1f 02 00 0d 01 07 04 	x900  0000000000
  0x62e0	78 39 00 00 20 20 00 00 19 3a 07 00 28 64 0e 04 	x900  000:00(d00
  0x62f0	20 34 0d 04 0f 01 0a 04 02 70 00 00 00 3a 00 00 	 40000000p000:00
  0x6300	48 5f 00 00 42 20 00 00 ff ff ff ff 03 3b 00 00 	H_00B 0000000;00
  0x6310	1f 14 00 00 ff ff ff ff 84 14 00 00 00 00 00 00 	0000000000000000
  0x6320	ad 15 00 00 ff ff ff ff 19 23 0a 00 23 64 17 00 	000000000#00#d00
  0x6330	1f 34 16 00 13 f2 0c f0 0a e0 08 d0 06 c0 04 70 	040000000000000p
  0x6340	c8 32 00 00 20 5f 00 00 ff ff ff ff 00 00 00 00 	0200 _0000000000
  0x6350	00 00 00 00 36 3b 00 00 ff ff ff ff 00 00 00 00 	00006;0000000000
  0x6360	00 00 00 00 01 00 00 00 02 00 00 00 01 00 00 00 	0000000000000000
  0x6370	74 63 00 00 09 00 00 00 90 80 00 00 00 00 00 00 	tc00000000000000
  0x6380	15 3b 00 00 58 00 00 00 00 00 00 00 00 00 00 00 	0;00X00000000000
  0x6390	fb 16 00 00 ff ff ff ff b1 17 00 00 00 00 00 00 	0000000000000000
  0x63a0	63 18 00 00 01 00 00 00 c3 18 00 00 00 00 00 00 	c000000000000000
  0x63b0	de 18 00 00 01 00 00 00 02 19 00 00 00 00 00 00 	0000000000000000
  0x63c0	b7 19 00 00 ff ff ff ff 8a 1b 00 00 00 00 00 00 	0000000000000000
  0x63d0	19 0a 02 00 0a 72 06 50 c8 32 00 00 20 5f 00 00 	00000r0P0200 _00
  0x63e0	19 2f 08 00 21 64 17 00 1d 34 16 00 11 f2 07 e0 	0/00!d0004000000
  0x63f0	05 70 04 50 00 3a 00 00 f8 5e 00 00 72 00 00 00 	0p0P0:000^00r000
  0x6400	ff ff ff ff 48 3b 00 00 00 00 00 00 5a 3b 00 00 	0000H;000000Z;00
  0x6410	4b 1c 00 00 01 00 00 00 36 1d 00 00 00 00 00 00 	K000000060000000
  0x6420	4c 1d 00 00 ff ff ff ff 19 0d 01 00 04 62 00 00 	L000000000000b00
  0x6430	c8 32 00 00 d0 5e 00 00 c0 1d 00 00 ff ff ff ff 	02000^0000000000
  0x6440	01 0f 06 00 0f 64 07 00 0f 34 06 00 0f 32 0b 70 	00000d000400020p
  0x6450	19 1c 06 00 1c 64 0a 00 18 34 09 00 0c 52 08 70 	00000d0004000R0p
  0x6460	c8 32 00 00 a8 5e 00 00 ff ff ff ff 92 3b 00 00 	02000^0000000;00
  0x6470	00 00 00 00 00 00 00 00 00 00 00 00 00 00 00 00 	0000000000000000
  0x6480	01 00 00 00 01 00 00 00 02 00 00 00 01 00 00 00 	0000000000000000
  0x6490	94 64 00 00 40 00 00 00 00 00 00 00 00 00 00 00 	0d00@00000000000
  0x64a0	6c 3b 00 00 38 00 00 00 8f 20 00 00 ff ff ff ff 	l;0080000 000000
  0x64b0	ac 20 00 00 01 00 00 00 7d 3b 00 00 02 00 00 00 	0 000000};000000
  0x64c0	19 0a 02 00 0a 32 06 50 c8 32 00 00 a8 5e 00 00 	0000020P02000^00
  0x64d0	19 12 01 00 09 82 00 00 c8 32 00 00 80 5e 00 00 	0000000002000^00
  0x64e0	ff ff ff ff 00 00 00 00 ff ff ff ff 00 00 00 00 	0000000000000000
  0x64f0	00 00 00 00 00 00 00 00 01 00 00 00 01 00 00 00 	0000000000000000
  0x6500	04 65 00 00 40 00 00 00 00 00 00 00 00 00 00 00 	0e00@00000000000
  0x6510	a4 3b 00 00 38 00 00 00 ca 21 00 00 ff ff ff ff 	0;0080000!000000
  0x6520	be 3b 00 00 01 00 00 00 19 0a 02 00 0a 32 06 50 	0;0000000000020P
  0x6530	c8 32 00 00 80 5e 00 00 19 21 0a 00 21 74 0f 00 	02000^000!00!t00
  0x6540	1d 64 0e 00 19 34 0d 00 0d 72 09 f0 07 e0 05 c0 	0d0004000r000000
  0x6550	c8 32 00 00 58 5e 00 00 00 00 00 00 00 00 00 00 	0200X^0000000000
  0x6560	01 00 00 00 01 00 00 00 6c 65 00 00 40 00 00 00 	00000000le00@000
  0x6570	00 00 00 00 00 00 00 00 ca 3b 00 00 48 00 00 00 	000000000;00H000
  0x6580	9f 22 00 00 00 00 00 00 db 3b 00 00 01 00 00 00 	0"0000000;000000
  0x6590	19 0a 02 00 0a 52 06 50 c8 32 00 00 58 5e 00 00 	00000R0P0200X^00
  0x65a0	01 19 0a 00 19 74 09 00 19 64 08 00 19 54 07 00 	00000t000d000T00
  0x65b0	19 34 06 00 19 32 15 e0 19 1f 08 00 1f 34 0e 00 	0400020000000400
  0x65c0	11 52 0d f0 0b e0 09 c0 07 70 06 60 c8 32 00 00 	0R0000000p0`0200
  0x65d0	30 5e 00 00 00 00 00 00 00 00 00 00 01 00 00 00 	0^00000000000000
  0x65e0	01 00 00 00 e8 65 00 00 40 00 00 00 00 00 00 00 	00000e00@0000000
  0x65f0	00 00 00 00 e7 3b 00 00 38 00 00 00 00 00 00 00 	00000;0080000000
  0x6600	4c 26 00 00 ff ff ff ff 78 26 00 00 00 00 00 00 	L&000000x&000000
  0x6610	96 26 00 00 ff ff ff ff fc 3b 00 00 01 00 00 00 	0&0000000;000000
  0x6620	19 0a 02 00 0a 32 06 50 c8 32 00 00 30 5e 00 00 	0000020P02000^00
  0x6630	19 0f 02 00 06 52 02 30 c8 32 00 00 08 5e 00 00 	00000R0002000^00
  0x6640	00 00 00 00 00 00 00 00 01 00 00 00 01 00 00 00 	0000000000000000
  0x6650	54 66 00 00 40 00 00 00 00 00 00 00 00 00 00 00 	Tf00@00000000000
  0x6660	11 3c 00 00 38 00 00 00 c6 26 00 00 ff ff ff ff 	0<0080000&000000
  0x6670	2b 3c 00 00 01 00 00 00 19 0a 02 00 0a 32 06 50 	+<0000000000020P
  0x6680	c8 32 00 00 08 5e 00 00 19 0f 02 00 06 72 02 30 	02000^0000000r00
  0x6690	c8 32 00 00 e0 5d 00 00 00 00 00 00 00 00 00 00 	02000]0000000000
  0x66a0	01 00 00 00 01 00 00 00 ac 66 00 00 40 00 00 00 	000000000f00@000
  0x66b0	00 00 00 00 00 00 00 00 37 3c 00 00 38 00 00 00 	000000007<008000
  0x66c0	60 27 00 00 ff ff ff ff 51 3c 00 00 01 00 00 00 	`'000000Q<000000
  0x66d0	19 0a 02 00 0a 32 06 50 c8 32 00 00 e0 5d 00 00 	0000020P02000]00
  0x66e0	01 04 01 00 04 82 00 00 01 14 08 00 14 64 08 00 	0000000000000d00
  0x66f0	14 54 07 00 14 34 06 00 14 32 10 70 19 20 05 00 	0T000400020p0 00
  0x6700	18 62 14 e0 12 70 11 60 10 30 00 00 c8 32 00 00 	0b000p0`00000200
  0x6710	c0 4e 00 00 ff ff ff ff 00 00 00 00 ff ff ff ff 	0N00000000000000
  0x6720	00 00 00 00 01 00 00 00 00 00 00 00 01 00 00 00 	0000000000000000
  0x6730	00 00 00 00 00 00 00 00 00 00 00 00 03 00 00 00 	0000000000000000
  0x6740	01 00 00 00 5c 67 00 00 02 00 00 00 02 00 00 00 	00000g0000000000
  0x6750	03 00 00 00 01 00 00 00 70 67 00 00 40 00 00 00 	00000000pg00@000
  0x6760	00 00 00 00 00 00 00 00 5d 3c 00 00 38 00 00 00 	00000000]<008000
  0x6770	40 00 00 00 00 00 00 00 00 00 00 00 a1 3c 00 00 	@000000000000<00
  0x6780	38 00 00 00 00 00 00 00 c2 28 00 00 00 00 00 00 	800000000(000000
  0x6790	3b 29 00 00 ff ff ff ff 80 3c 00 00 02 00 00 00 	;)0000000<000000
  0x67a0	93 3c 00 00 00 00 00 00 c0 3c 00 00 03 00 00 00 	0<0000000<000000
  0x67b0	19 0a 02 00 0a 32 06 50 c8 32 00 00 c0 4e 00 00 	0000020P02000N00
  0x67c0	01 04 01 00 04 42 00 00 01 0a 02 00 0a 32 06 30 	00000B0000000200
  0x67d0	01 06 02 00 06 52 02 30 01 04 01 00 04 62 00 00 	00000R0000000b00
  0x67e0	09 15 08 00 15 74 0a 00 15 64 09 00 15 34 08 00 	00000t000d000400
  0x67f0	15 52 11 f0 7a 37 00 00 01 00 00 00 f5 30 00 00 	0R00z70000000000
  0x6800	5b 32 00 00 cc 3c 00 00 5b 32 00 00 01 06 02 00 	[2000<00[2000000
  0x6810	06 32 02 50 00 00 00 00 01 00 00 00 11 06 02 00 	020P000000000000
  0x6820	06 32 02 30 7a 37 00 00 01 00 00 00 c5 33 00 00 	0200z70000000300
  0x6830	0a 34 00 00 f0 3c 00 00 00 00 00 00 09 04 01 00 	04000<0000000000
  0x6840	04 22 00 00 7a 37 00 00 01 00 00 00 fc 34 00 00 	0"00z70000000400
  0x6850	32 35 00 00 01 00 00 00 32 35 00 00 09 0a 04 00 	2500000025000000
  0x6860	0a 34 06 00 0a 32 06 70 7a 37 00 00 01 00 00 00 	0400020pz7000000
  0x6870	0d 36 00 00 40 36 00 00 20 3d 00 00 40 36 00 00 	0600@600 =00@600
  0x6880	01 0d 04 00 0d 34 09 00 0d 32 06 50 01 0c 02 00 	00000400020P0000
  0x6890	0c 01 11 00 00 00 00 00 01 00 00 00 01 02 01 00 	0000000000000000
  0x68a0	02 30 00 00 00 00 00 00 02 04 03 00 01 16 00 06 	0000000000000000
  0x68b0	04 12 00 00 00 00 00 00 00 00 00 00 18 80 00 00 	0000000000000000
  0x68c0	00 00 00 00 ff ff ff ff 00 00 00 00 18 00 00 00 	0000000000000000
  0x68d0	6c 27 00 00 00 00 00 00 00 00 00 00 00 00 00 00 	l'00000000000000
  0x68e0	00 00 00 00 cc 27 00 00 00 00 00 00 00 69 00 00 	00000'0000000i00
  0x68f0	00 00 00 00 00 00 00 00 00 00 00 00 00 00 00 00 	0000000000000000
  0x6900	03 00 00 00 20 69 00 00 b8 68 00 00 c8 69 00 00 	0000 i000h000i00
  0x6910	00 00 00 00 00 00 00 00 00 00 00 00 00 00 00 00 	0000000000000000
  0x6920	00 00 00 00 40 80 00 00 00 00 00 00 ff ff ff ff 	0000@00000000000
  0x6930	00 00 00 00 18 00 00 00 6c 27 00 00 00 00 00 00 	00000000l'000000
  0x6940	00 00 00 00 00 00 00 00 00 00 00 00 cc 27 00 00 	0000000000000'00
  0x6950	00 00 00 00 68 69 00 00 00 00 00 00 00 00 00 00 	0000hi0000000000
  0x6960	00 00 00 00 00 00 00 00 03 00 00 00 88 69 00 00 	0000000000000i00
  0x6970	b8 68 00 00 c8 69 00 00 00 00 00 00 00 00 00 00 	0h000i0000000000
  0x6980	00 00 00 00 00 00 00 00 00 00 00 00 68 80 00 00 	000000000000h000
  0x6990	00 00 00 00 ff ff ff ff 00 00 00 00 18 00 00 00 	0000000000000000
  0x69a0	6c 27 00 00 00 00 00 00 00 00 00 00 00 00 00 00 	l'00000000000000
  0x69b0	02 00 00 00 f0 69 00 00 c8 69 00 00 00 00 00 00 	00000i000i000000
  0x69c0	00 00 00 00 00 00 00 00 00 00 00 00 b8 80 00 00 	0000000000000000
  0x69d0	00 00 00 00 ff ff ff ff 00 00 00 00 18 00 00 00 	0000000000000000
  0x69e0	28 33 00 00 00 00 00 00 00 00 00 00 00 00 00 00 	(300000000000000
  0x69f0	10 00 00 00 90 80 00 00 00 00 00 00 ff ff ff ff 	0000000000000000
  0x6a00	00 00 00 00 18 00 00 00 d8 21 00 00 00 00 00 00 	000000000!000000
  0x6a10	00 00 00 00 00 00 00 00 00 00 00 00 30 11 00 00 	0000000000000000
  0x6a20	00 00 00 00 b0 69 00 00 00 00 00 00 00 00 00 00 	00000i0000000000
  0x6a30	00 00 00 00 00 00 00 00 10 6c 00 00 00 00 00 00 	000000000l000000
  0x6a40	00 00 00 00 f0 6e 00 00 b0 4c 00 00 40 6b 00 00 	00000n000L00@k00
  0x6a50	00 00 00 00 00 00 00 00 f0 70 00 00 e0 4b 00 00 	000000000p000K00
  0x6a60	68 6b 00 00 00 00 00 00 00 00 00 00 10 71 00 00 	hk00000000000q00
  0x6a70	08 4c 00 00 80 6b 00 00 00 00 00 00 00 00 00 00 	0L000k0000000000
  0x6a80	3a 71 00 00 20 4c 00 00 e8 6b 00 00 00 00 00 00 	:q00 L000k000000
  0x6a90	00 00 00 00 62 71 00 00 88 4c 00 00 28 6b 00 00 	0000bq000L00(k00
  0x6aa0	00 00 00 00 00 00 00 00 84 71 00 00 c8 4b 00 00 	000000000q000K00
  0x6ab0	b8 6b 00 00 00 00 00 00 00 00 00 00 ae 71 00 00 	0k00000000000q00
  0x6ac0	58 4c 00 00 90 6b 00 00 00 00 00 00 00 00 00 00 	XL000k0000000000
  0x6ad0	d2 71 00 00 30 4c 00 00 f8 6b 00 00 00 00 00 00 	0q000L000k000000
  0x6ae0	00 00 00 00 fc 71 00 00 98 4c 00 00 c8 6b 00 00 	00000q000L000k00
  0x6af0	00 00 00 00 00 00 00 00 20 72 00 00 68 4c 00 00 	00000000 r00hL00
  0x6b00	18 6d 00 00 00 00 00 00 00 00 00 00 8a 72 00 00 	0m00000000000r00
  0x6b10	b8 4d 00 00 00 00 00 00 00 00 00 00 00 00 00 00 	0M00000000000000
  0x6b20	00 00 00 00 00 00 00 00 ac 70 00 00 00 00 00 00 	000000000p000000
  0x6b30	dc 6f 00 00 00 00 00 00 00 00 00 00 00 00 00 00 	0o00000000000000
  0x6b40	52 6f 00 00 00 00 00 00 8e 6f 00 00 00 00 00 00 	Ro0000000o000000
  0x6b50	74 6f 00 00 00 00 00 00 5e 6f 00 00 00 00 00 00 	to000000^o000000
  0x6b60	00 00 00 00 00 00 00 00 80 6f 00 00 00 00 00 00 	000000000o000000
  0x6b70	a0 6f 00 00 00 00 00 00 00 00 00 00 00 00 00 00 	0o00000000000000
  0x6b80	b4 6f 00 00 00 00 00 00 00 00 00 00 00 00 00 00 	0o00000000000000
  0x6b90	c8 70 00 00 00 00 00 00 dc 70 00 00 00 00 00 00 	0p0000000p000000
  0x6ba0	2a 70 00 00 00 00 00 00 14 70 00 00 00 00 00 00 	*p0000000p000000
  0x6bb0	00 00 00 00 00 00 00 00 fa 6f 00 00 00 00 00 00 	000000000o000000
  0x6bc0	00 00 00 00 00 00 00 00 6a 70 00 00 00 00 00 00 	00000000jp000000
  0x6bd0	98 70 00 00 00 00 00 00 7e 70 00 00 00 00 00 00 	0p000000~p000000
  0x6be0	00 00 00 00 00 00 00 00 d4 6f 00 00 00 00 00 00 	000000000o000000
  0x6bf0	00 00 00 00 00 00 00 00 5a 70 00 00 00 00 00 00 	00000000Zp000000
  0x6c00	40 70 00 00 00 00 00 00 00 00 00 00 00 00 00 00 	@p00000000000000
  0x6c10	3a 6f 00 00 00 00 00 00 30 6f 00 00 00 00 00 00 	:o0000000o000000
  0x6c20	28 6f 00 00 00 00 00 00 38 6d 00 00 00 00 00 00 	(o0000008m000000
  0x6c30	10 6f 00 00 00 00 00 00 fc 6e 00 00 00 00 00 00 	0o0000000n000000
  0x6c40	e4 6e 00 00 00 00 00 00 da 6e 00 00 00 00 00 00 	0n0000000n000000
  0x6c50	c2 6e 00 00 00 00 00 00 b6 6e 00 00 00 00 00 00 	0n0000000n000000
  0x6c60	a2 6e 00 00 00 00 00 00 98 6e 00 00 00 00 00 00 	0n0000000n000000
  0x6c70	90 6e 00 00 00 00 00 00 7e 6e 00 00 00 00 00 00 	0n000000~n000000
  0x6c80	6c 6e 00 00 00 00 00 00 5e 6e 00 00 00 00 00 00 	ln000000^n000000
  0x6c90	50 6e 00 00 00 00 00 00 46 6e 00 00 00 00 00 00 	Pn000000Fn000000
  0x6ca0	3c 6e 00 00 00 00 00 00 26 6e 00 00 00 00 00 00 	<n000000&n000000
  0x6cb0	06 6e 00 00 00 00 00 00 fa 6d 00 00 00 00 00 00 	0n0000000m000000
  0x6cc0	dc 6d 00 00 00 00 00 00 bc 6d 00 00 00 00 00 00 	0m0000000m000000
  0x6cd0	a4 6d 00 00 00 00 00 00 86 6d 00 00 00 00 00 00 	0m0000000m000000
  0x6ce0	7a 6d 00 00 00 00 00 00 6e 6d 00 00 00 00 00 00 	zm000000nm000000
  0x6cf0	60 6d 00 00 00 00 00 00 58 6d 00 00 00 00 00 00 	`m000000Xm000000
  0x6d00	4e 6d 00 00 00 00 00 00 48 6f 00 00 00 00 00 00 	Nm000000Ho000000
  0x6d10	00 00 00 00 00 00 00 00 60 72 00 00 00 00 00 00 	00000000`r000000
  0x6d20	74 72 00 00 00 00 00 00 46 72 00 00 00 00 00 00 	tr000000Fr000000
  0x6d30	00 00 00 00 00 00 00 00 5b 00 5f 5f 43 78 78 46 	00000000[0__CxxF
  0x6d40	72 61 6d 65 48 61 6e 64 6c 65 72 33 00 00 20 05 	rameHandler300 0
  0x6d50	77 70 72 69 6e 74 66 00 32 04 65 78 69 74 00 00 	wprintf020exit00
  0x6d60	69 03 5f 76 73 6e 77 70 72 69 6e 74 66 00 b1 04 	i0_vsnwprintf000
  0x6d70	73 65 74 6c 6f 63 61 6c 65 00 8a 03 5f 77 63 73 	setlocale000_wcs
  0x6d80	69 63 6d 70 00 00 31 00 3f 77 68 61 74 40 65 78 	icmp0010?what@ex
  0x6d90	63 65 70 74 69 6f 6e 40 40 55 45 42 41 50 45 42 	ception@@UEBAPEB
  0x6da0	44 58 5a 00 11 00 3f 3f 31 65 78 63 65 70 74 69 	DXZ000??1excepti
  0x6db0	6f 6e 40 40 55 45 41 41 40 58 5a 00 0b 00 3f 3f 	on@@UEAA@XZ000??
  0x6dc0	30 65 78 63 65 70 74 69 6f 6e 40 40 51 45 41 41 	0exception@@QEAA
  0x6dd0	40 41 45 42 51 45 42 44 48 40 5a 00 0c 00 3f 3f 	@AEBQEBDH@Z000??
  0x6de0	30 65 78 63 65 70 74 69 6f 6e 40 40 51 45 41 41 	0exception@@QEAA
  0x6df0	40 41 45 42 56 30 40 40 5a 00 9e 02 5f 70 75 72 	@AEBV0@@Z000_pur
  0x6e00	65 63 61 6c 6c 00 0a 00 3f 3f 30 65 78 63 65 70 	ecall000??0excep
  0x6e10	74 69 6f 6e 40 40 51 45 41 41 40 41 45 42 51 45 	tion@@QEAA@AEBQE
  0x6e20	42 44 40 5a 00 00 4b 00 5f 43 78 78 54 68 72 6f 	BD@Z00K0_CxxThro
  0x6e30	77 45 78 63 65 70 74 69 6f 6e 00 00 92 04 6d 65 	wException0000me
  0x6e40	6d 63 70 79 00 00 94 04 6d 65 6d 6d 6f 76 65 00 	mcpy0000memmove0
  0x6e50	55 00 5f 58 63 70 74 46 69 6c 74 65 72 00 ae 00 	U0_XcptFilter000
  0x6e60	5f 61 6d 73 67 5f 65 78 69 74 00 00 9d 00 5f 5f 	_amsg_exit0000__
  0x6e70	77 67 65 74 6d 61 69 6e 61 72 67 73 00 00 8e 00 	wgetmainargs0000
  0x6e80	5f 5f 73 65 74 5f 61 70 70 5f 74 79 70 65 00 00 	__set_app_type00
  0x6e90	0e 01 5f 65 78 69 74 00 c1 00 5f 63 65 78 69 74 	00_exit000_cexit
  0x6ea0	00 00 90 00 5f 5f 73 65 74 75 73 65 72 6d 61 74 	0000__setusermat
  0x6eb0	68 65 72 72 00 00 7d 01 5f 69 6e 69 74 74 65 72 	herr00}0_initter
  0x6ec0	6d 00 57 00 5f 5f 43 5f 73 70 65 63 69 66 69 63 	m0W0__C_specific
  0x6ed0	5f 68 61 6e 64 6c 65 72 00 00 27 01 5f 66 6d 6f 	_handler00'0_fmo
  0x6ee0	64 65 00 00 d2 00 5f 63 6f 6d 6d 6f 64 65 00 00 	de0000_commode00
  0x6ef0	6d 73 76 63 72 74 2e 64 6c 6c 00 00 2f 00 3f 74 	msvcrt.dll00/0?t
  0x6f00	65 72 6d 69 6e 61 74 65 40 40 59 41 58 58 5a 00 	erminate@@YAXXZ0
  0x6f10	12 00 3f 3f 31 74 79 70 65 5f 69 6e 66 6f 40 40 	00??1type_info@@
  0x6f20	55 45 41 41 40 58 5a 00 e6 01 5f 6c 6f 63 6b 00 	UEAA@XZ000_lock0
  0x6f30	41 03 5f 75 6e 6c 6f 63 6b 00 7b 00 5f 5f 64 6c 	A0_unlock0{0__dl
  0x6f40	6c 6f 6e 65 78 69 74 00 90 02 5f 6f 6e 65 78 69 	lonexit000_onexi
  0x6f50	74 00 06 00 48 65 61 70 46 72 65 65 00 00 0a 00 	t000HeapFree0000
  0x6f60	48 65 61 70 53 65 74 49 6e 66 6f 72 6d 61 74 69 	HeapSetInformati
  0x6f70	6f 6e 00 00 02 00 48 65 61 70 41 6c 6c 6f 63 00 	on0000HeapAlloc0
  0x6f80	1c 00 4c 6f 61 64 53 74 72 69 6e 67 57 00 00 00 	00LoadStringW000
  0x6f90	47 65 74 50 72 6f 63 65 73 73 48 65 61 70 00 00 	GetProcessHeap00
  0x6fa0	14 00 47 65 74 4d 6f 64 75 6c 65 48 61 6e 64 6c 	00GetModuleHandl
  0x6fb0	65 57 00 00 3d 00 53 65 74 54 68 72 65 61 64 50 	eW00=0SetThreadP
  0x6fc0	72 65 66 65 72 72 65 64 55 49 4c 61 6e 67 75 61 	referredUILangua
  0x6fd0	67 65 73 00 2d 00 53 6c 65 65 70 00 0f 00 53 65 	ges0-0Sleep000Se
  0x6fe0	74 55 6e 68 61 6e 64 6c 65 64 45 78 63 65 70 74 	tUnhandledExcept
  0x6ff0	69 6f 6e 46 69 6c 74 65 72 00 00 00 51 75 65 72 	ionFilter000Quer
  0x7000	79 50 65 72 66 6f 72 6d 61 6e 63 65 43 6f 75 6e 	yPerformanceCoun
  0x7010	74 65 72 00 0d 00 47 65 74 43 75 72 72 65 6e 74 	ter000GetCurrent
  0x7020	50 72 6f 63 65 73 73 49 64 00 11 00 47 65 74 43 	ProcessId000GetC
  0x7030	75 72 72 65 6e 74 54 68 72 65 61 64 49 64 00 00 	urrentThreadId00
  0x7040	16 00 47 65 74 53 79 73 74 65 6d 54 69 6d 65 41 	00GetSystemTimeA
  0x7050	73 46 69 6c 65 54 69 6d 65 00 1a 00 47 65 74 54 	sFileTime000GetT
  0x7060	69 63 6b 43 6f 75 6e 74 00 00 02 00 52 74 6c 43 	ickCount0000RtlC
  0x7070	61 70 74 75 72 65 43 6f 6e 74 65 78 74 00 0a 00 	aptureContext000
  0x7080	52 74 6c 4c 6f 6f 6b 75 70 46 75 6e 63 74 69 6f 	RtlLookupFunctio
  0x7090	6e 45 6e 74 72 79 00 00 10 00 52 74 6c 56 69 72 	nEntry0000RtlVir
  0x70a0	74 75 61 6c 55 6e 77 69 6e 64 00 00 11 00 55 6e 	tualUnwind0000Un
  0x70b0	68 61 6e 64 6c 65 64 45 78 63 65 70 74 69 6f 6e 	handledException
  0x70c0	46 69 6c 74 65 72 00 00 0c 00 47 65 74 43 75 72 	Filter0000GetCur
  0x70d0	72 65 6e 74 50 72 6f 63 65 73 73 00 4e 00 54 65 	rentProcess0N0Te
  0x70e0	72 6d 69 6e 61 74 65 50 72 6f 63 65 73 73 00 00 	rminateProcess00
  0x70f0	61 70 69 2d 6d 73 2d 77 69 6e 2d 63 6f 72 65 2d 	api-ms-win-core-
  0x7100	68 65 61 70 2d 6c 31 2d 31 2d 30 2e 64 6c 6c 00 	heap-l1-1-0.dll0
  0x7110	61 70 69 2d 6d 73 2d 77 69 6e 2d 63 6f 72 65 2d 	api-ms-win-core-
  0x7120	6c 69 62 72 61 72 79 6c 6f 61 64 65 72 2d 6c 31 	libraryloader-l1
  0x7130	2d 32 2d 30 2e 64 6c 6c 00 00 61 70 69 2d 6d 73 	-2-0.dll00api-ms
  0x7140	2d 77 69 6e 2d 63 6f 72 65 2d 6c 6f 63 61 6c 69 	-win-core-locali
  0x7150	7a 61 74 69 6f 6e 2d 6c 31 2d 32 2d 30 2e 64 6c 	zation-l1-2-0.dl
  0x7160	6c 00 61 70 69 2d 6d 73 2d 77 69 6e 2d 63 6f 72 	l0api-ms-win-cor
  0x7170	65 2d 73 79 6e 63 68 2d 6c 31 2d 32 2d 30 2e 64 	e-synch-l1-2-0.d
  0x7180	6c 6c 00 00 61 70 69 2d 6d 73 2d 77 69 6e 2d 63 	ll00api-ms-win-c
  0x7190	6f 72 65 2d 65 72 72 6f 72 68 61 6e 64 6c 69 6e 	ore-errorhandlin
  0x71a0	67 2d 6c 31 2d 31 2d 30 2e 64 6c 6c 00 00 61 70 	g-l1-1-0.dll00ap
  0x71b0	69 2d 6d 73 2d 77 69 6e 2d 63 6f 72 65 2d 70 72 	i-ms-win-core-pr
  0x71c0	6f 66 69 6c 65 2d 6c 31 2d 31 2d 30 2e 64 6c 6c 	ofile-l1-1-0.dll
  0x71d0	00 00 61 70 69 2d 6d 73 2d 77 69 6e 2d 63 6f 72 	00api-ms-win-cor
  0x71e0	65 2d 70 72 6f 63 65 73 73 74 68 72 65 61 64 73 	e-processthreads
  0x71f0	2d 6c 31 2d 31 2d 30 2e 64 6c 6c 00 61 70 69 2d 	-l1-1-0.dll0api-
  0x7200	6d 73 2d 77 69 6e 2d 63 6f 72 65 2d 73 79 73 69 	ms-win-core-sysi
  0x7210	6e 66 6f 2d 6c 31 2d 31 2d 30 2e 64 6c 6c 00 00 	nfo-l1-1-0.dll00
  0x7220	61 70 69 2d 6d 73 2d 77 69 6e 2d 63 6f 72 65 2d 	api-ms-win-core-
  0x7230	72 74 6c 73 75 70 70 6f 72 74 2d 6c 31 2d 31 2d 	rtlsupport-l1-1-
  0x7240	30 2e 64 6c 6c 00 05 00 43 72 65 61 74 65 52 65 	0.dll000CreateRe
  0x7250	67 69 73 74 65 72 50 61 72 61 6d 65 74 65 72 00 	gisterParameter0
  0x7260	06 00 47 65 74 50 72 6f 76 69 64 65 72 53 63 68 	00GetProviderSch
  0x7270	65 6d 61 00 04 00 43 6f 6d 70 69 6c 65 53 63 68 	ema000CompileSch
  0x7280	65 6d 61 54 6f 57 4d 49 00 00 70 72 76 64 6d 6f 	emaToWMI00prvdmo
  0x7290	66 63 6f 6d 70 2e 64 6c 6c 00 00 00 00 00 00 00 	fcomp.dll0000000
  0x72a0	00 00 00 00 00 00 00 00 00 00 00 00 00 00 00 00 	0000000000000000
  0x72b0	00 00 00 00 00 00 00 00 00 00 00 00 00 00 00 00 	0000000000000000
  0x72c0	00 00 00 00 00 00 00 00 00 00 00 00 00 00 00 00 	0000000000000000
  0x72d0	00 00 00 00 00 00 00 00 00 00 00 00 00 00 00 00 	0000000000000000
  0x72e0	00 00 00 00 00 00 00 00 00 00 00 00 00 00 00 00 	0000000000000000
  0x72f0	00 00 00 00 00 00 00 00 00 00 00 00 00 00 00 00 	0000000000000000
  0x7300	00 00 00 00 00 00 00 00 00 00 00 00 00 00 00 00 	0000000000000000
  0x7310	00 00 00 00 00 00 00 00 00 00 00 00 00 00 00 00 	0000000000000000
  0x7320	00 00 00 00 00 00 00 00 00 00 00 00 00 00 00 00 	0000000000000000
  0x7330	00 00 00 00 00 00 00 00 00 00 00 00 00 00 00 00 	0000000000000000
  0x7340	00 00 00 00 00 00 00 00 00 00 00 00 00 00 00 00 	0000000000000000
  0x7350	00 00 00 00 00 00 00 00 00 00 00 00 00 00 00 00 	0000000000000000
  0x7360	00 00 00 00 00 00 00 00 00 00 00 00 00 00 00 00 	0000000000000000
  0x7370	00 00 00 00 00 00 00 00 00 00 00 00 00 00 00 00 	0000000000000000
  0x7380	00 00 00 00 00 00 00 00 00 00 00 00 00 00 00 00 	0000000000000000
  0x7390	00 00 00 00 00 00 00 00 00 00 00 00 00 00 00 00 	0000000000000000
  0x73a0	00 00 00 00 00 00 00 00 00 00 00 00 00 00 00 00 	0000000000000000
  0x73b0	00 00 00 00 00 00 00 00 00 00 00 00 00 00 00 00 	0000000000000000
  0x73c0	00 00 00 00 00 00 00 00 00 00 00 00 00 00 00 00 	0000000000000000
  0x73d0	00 00 00 00 00 00 00 00 00 00 00 00 00 00 00 00 	0000000000000000
  0x73e0	00 00 00 00 00 00 00 00 00 00 00 00 00 00 00 00 	0000000000000000
  0x73f0	00 00 00 00 00 00 00 00 00 00 00 00 00 00 00 00 	0000000000000000
=== DATA BLOCK END ===

=== DATA BLOCK ADDRESS 0x8000 ===
  0x8000	40 40 00 40 01 00 00 00 70 40 00 40 01 00 00 00 	@@0@0000p@0@0000
  0x8010	a0 40 00 40 01 00 00 00 70 4a 00 40 01 00 00 00 	0@0@0000pJ0@0000
  0x8020	00 00 00 00 00 00 00 00 2e 3f 41 56 6c 6f 67 69 	00000000.?AVlogi
  0x8030	63 5f 65 72 72 6f 72 40 73 74 64 40 40 00 00 00 	c_error@std@@000
  0x8040	70 4a 00 40 01 00 00 00 00 00 00 00 00 00 00 00 	pJ0@000000000000
  0x8050	2e 3f 41 56 6c 65 6e 67 74 68 5f 65 72 72 6f 72 	.?AVlength_error
  0x8060	40 73 74 64 40 40 00 00 70 4a 00 40 01 00 00 00 	@std@@00pJ0@0000
  0x8070	00 00 00 00 00 00 00 00 2e 3f 41 56 6f 75 74 5f 	00000000.?AVout_
  0x8080	6f 66 5f 72 61 6e 67 65 40 73 74 64 40 40 00 00 	of_range@std@@00
  0x8090	70 4a 00 40 01 00 00 00 00 00 00 00 00 00 00 00 	pJ0@000000000000
  0x80a0	2e 3f 41 56 62 61 64 5f 61 6c 6c 6f 63 40 73 74 	.?AVbad_alloc@st
  0x80b0	64 40 40 00 00 00 00 00 70 4a 00 40 01 00 00 00 	d@@00000pJ0@0000
  0x80c0	00 00 00 00 00 00 00 00 2e 3f 41 56 65 78 63 65 	00000000.?AVexce
  0x80d0	70 74 69 6f 6e 40 40 00 00 00 00 00 00 00 00 00 	ption@@000000000
  0x80e0	01 00 00 00 00 00 00 00 32 a2 df 2d 99 2b 00 00 	00000000200-0+00
  0x80f0	cd 5d 20 d2 66 d4 ff ff 00 00 00 00 00 00 00 00 	0] 0f00000000000
  0x8100	00 00 00 00 00 00 00 00 00 00 00 00 00 00 00 00 	0000000000000000
  0x8110	00 00 00 00 00 00 00 00 00 00 00 00 00 00 00 00 	0000000000000000
  0x8120	00 00 00 00 00 00 00 00 00 00 00 00 00 00 00 00 	0000000000000000
  0x8130	00 00 00 00 00 00 00 00 00 00 00 00 00 00 00 00 	0000000000000000
  0x8140	00 00 00 00 00 00 00 00 00 00 00 00 00 00 00 00 	0000000000000000
  0x8150	00 00 00 00 00 00 00 00 00 00 00 00 00 00 00 00 	0000000000000000
  0x8160	00 00 00 00 00 00 00 00 00 00 00 00 00 00 00 00 	0000000000000000
  0x8170	00 00 00 00 00 00 00 00 00 00 00 00 00 00 00 00 	0000000000000000
  0x8180	00 00 00 00 00 00 00 00 00 00 00 00 00 00 00 00 	0000000000000000
  0x8190	00 00 00 00 00 00 00 00 00 00 00 00 00 00 00 00 	0000000000000000
  0x81a0	00 00 00 00 00 00 00 00 00 00 00 00 00 00 00 00 	0000000000000000
  0x81b0	00 00 00 00 00 00 00 00 00 00 00 00 00 00 00 00 	0000000000000000
  0x81c0	00 00 00 00 00 00 00 00 00 00 00 00 00 00 00 00 	0000000000000000
  0x81d0	00 00 00 00 00 00 00 00 00 00 00 00 00 00 00 00 	0000000000000000
  0x81e0	00 00 00 00 00 00 00 00 00 00 00 00 00 00 00 00 	0000000000000000
  0x81f0	00 00 00 00 00 00 00 00 00 00 00 00 00 00 00 00 	0000000000000000
=== DATA BLOCK END ===

=== DATA BLOCK ADDRESS 0x9000 ===
  0x9000	64 10 00 00 e2 10 00 00 a0 62 00 00 e8 10 00 00 	d00000000b000000
  0x9010	28 11 00 00 b0 62 00 00 50 11 00 00 a9 11 00 00 	(0000b00P0000000
  0x9020	b8 62 00 00 b0 11 00 00 de 11 00 00 b0 62 00 00 	0b00000000000b00
  0x9030	e4 11 00 00 12 12 00 00 b0 62 00 00 24 12 00 00 	000000000b00$000
  0x9040	88 12 00 00 b8 62 00 00 90 12 00 00 1e 13 00 00 	00000b0000000000
  0x9050	c4 62 00 00 24 13 00 00 81 13 00 00 d8 62 00 00 	0b00$00000000b00
  0x9060	88 13 00 00 12 14 00 00 c4 62 00 00 18 14 00 00 	000000000b000000
  0x9070	c8 15 00 00 e8 62 00 00 d0 15 00 00 a8 1b 00 00 	00000b0000000000
  0x9080	28 63 00 00 b0 1b 00 00 9e 1d 00 00 e0 63 00 00 	(c00000000000c00
  0x9090	a4 1d 00 00 cd 1d 00 00 28 64 00 00 d4 1d 00 00 	00000000(d000000
  0x90a0	79 1e 00 00 40 64 00 00 80 1e 00 00 cf 1e 00 00 	y000@d0000000000
  0x90b0	b8 62 00 00 d8 1e 00 00 2c 1f 00 00 b8 62 00 00 	0b000000,0000b00
  0x90c0	34 1f 00 00 62 1f 00 00 b0 62 00 00 68 1f 00 00 	4000b0000b00h000
  0x90d0	ec 1f 00 00 40 64 00 00 f4 1f 00 00 5b 20 00 00 	0000@d000000[ 00
  0x90e0	40 64 00 00 64 20 00 00 24 21 00 00 50 64 00 00 	@d00d 00$!00Pd00
  0x90f0	2c 21 00 00 5a 21 00 00 b0 62 00 00 60 21 00 00 	,!00Z!000b00`!00
  0x9100	d0 21 00 00 d0 64 00 00 d8 21 00 00 01 22 00 00 	0!000d000!000"00
  0x9110	b0 62 00 00 08 22 00 00 68 23 00 00 38 65 00 00 	0b000"00h#008e00
  0x9120	70 23 00 00 0c 26 00 00 a0 65 00 00 14 26 00 00 	p#000&000e000&00
  0x9130	ac 26 00 00 b8 65 00 00 b4 26 00 00 e3 26 00 00 	0&000e000&000&00
  0x9140	30 66 00 00 ec 26 00 00 66 27 00 00 88 66 00 00 	0f000&00f'000f00
  0x9150	6c 27 00 00 8d 27 00 00 b0 62 00 00 94 27 00 00 	l'000'000b000'00
  0x9160	c3 27 00 00 c8 67 00 00 e0 27 00 00 06 28 00 00 	0'000g000'000(00
  0x9170	b0 62 00 00 10 28 00 00 3f 28 00 00 b8 62 00 00 	0b000(00?(000b00
  0x9180	48 28 00 00 3c 29 00 00 fc 66 00 00 44 29 00 00 	H(00<)000f00D)00
  0x9190	9c 29 00 00 40 64 00 00 a4 29 00 00 c4 29 00 00 	0)00@d000)000)00
  0x91a0	e0 66 00 00 cc 29 00 00 dd 29 00 00 c0 67 00 00 	0f000)000)000g00
  0x91b0	e4 29 00 00 07 2a 00 00 e0 66 00 00 10 2a 00 00 	0)000*000f000*00
  0x91c0	33 2a 00 00 e0 66 00 00 3c 2a 00 00 4d 2a 00 00 	3*000f00<*00M*00
  0x91d0	c0 67 00 00 54 2a 00 00 57 2b 00 00 e8 66 00 00 	0g00T*00W+000f00
  0x91e0	60 2b 00 00 53 2c 00 00 40 64 00 00 60 2c 00 00 	`+00S,00@d00`,00
  0x91f0	9f 2c 00 00 b8 62 00 00 f0 2c 00 00 2a 2d 00 00 	0,000b000,00*-00
  0x9200	d0 67 00 00 30 2d 00 00 c8 2d 00 00 b8 62 00 00 	0g000-000-000b00
  0x9210	d0 2d 00 00 27 2e 00 00 b0 62 00 00 30 2e 00 00 	0-00'.000b000.00
  0x9220	ae 2e 00 00 b0 62 00 00 c0 2e 00 00 17 2f 00 00 	0.000b000.000/00
  0x9230	b0 62 00 00 b0 2f 00 00 83 30 00 00 c0 67 00 00 	0b000/0000000g00
  0x9240	90 30 00 00 d9 30 00 00 d8 67 00 00 e0 30 00 00 	000000000g000000
  0x9250	9e 32 00 00 e0 67 00 00 b0 32 00 00 c2 32 00 00 	02000g0002000200
  0x9260	c0 67 00 00 e0 32 00 00 fe 32 00 00 18 68 00 00 	0g00020002000h00
  0x9270	40 33 00 00 70 33 00 00 b8 62 00 00 8c 33 00 00 	@300p3000b000300
  0x9280	19 34 00 00 1c 68 00 00 20 34 00 00 37 34 00 00 	04000h00 4007400
  0x9290	c0 67 00 00 80 34 00 00 b9 34 00 00 c0 67 00 00 	0g00040004000g00
  0x92a0	c0 34 00 00 d8 34 00 00 c0 67 00 00 ec 34 00 00 	040004000g000400
  0x92b0	40 35 00 00 3c 68 00 00 48 35 00 00 8d 35 00 00 	@500<h00H5000500
  0x92c0	b0 62 00 00 00 36 00 00 4d 36 00 00 5c 68 00 00 	0b000600M6000h00
  0x92d0	94 36 00 00 68 37 00 00 80 68 00 00 88 37 00 00 	0600h7000h000700
  0x92e0	bc 37 00 00 b0 62 00 00 d0 37 00 00 41 39 00 00 	07000b000700A900
  0x92f0	8c 68 00 00 78 39 00 00 95 39 00 00 c0 67 00 00 	0h00x90009000g00
  0x9300	9c 39 00 00 f7 39 00 00 9c 68 00 00 00 3a 00 00 	090009000h000:00
  0x9310	7f 3a 00 00 a0 65 00 00 90 3a 00 00 92 3a 00 00 	0:000e000:000:00
  0x9320	98 68 00 00 b0 3a 00 00 fd 3a 00 00 a8 68 00 00 	0h000:000:000h00
  0x9330	15 3b 00 00 30 3b 00 00 d0 63 00 00 6c 3b 00 00 	0;000;000c00l;00
  0x9340	8c 3b 00 00 c0 64 00 00 a4 3b 00 00 c4 3b 00 00 	0;000d000;000;00
  0x9350	28 65 00 00 ca 3b 00 00 e1 3b 00 00 90 65 00 00 	(e000;000;000e00
  0x9360	e7 3b 00 00 0b 3c 00 00 20 66 00 00 11 3c 00 00 	0;000<00 f000<00
  0x9370	31 3c 00 00 78 66 00 00 37 3c 00 00 57 3c 00 00 	1<00xf007<00W<00
  0x9380	d0 66 00 00 5d 3c 00 00 a1 3c 00 00 b0 67 00 00 	0f00]<000<000g00
  0x9390	a1 3c 00 00 c6 3c 00 00 b0 67 00 00 cc 3c 00 00 	0<000<000g000<00
  0x93a0	ea 3c 00 00 0c 68 00 00 f0 3c 00 00 0b 3d 00 00 	0<000h000<000=00
  0x93b0	0c 68 00 00 20 3d 00 00 40 3d 00 00 0c 68 00 00 	0h00 =00@=000h00
  0x93c0	00 00 00 00 00 00 00 00 00 00 00 00 00 00 00 00 	0000000000000000
  0x93d0	00 00 00 00 00 00 00 00 00 00 00 00 00 00 00 00 	0000000000000000
  0x93e0	00 00 00 00 00 00 00 00 00 00 00 00 00 00 00 00 	0000000000000000
  0x93f0	00 00 00 00 00 00 00 00 00 00 00 00 00 00 00 00 	0000000000000000
=== DATA BLOCK END ===
