===== Assembly blocks =====

=== CODE BLOCK ADDRESS 0x1000 ===
  0x1000	int3   	
  0x1001	int3   	
  0x1002	int3   	
  0x1003	int3   	
  0x1004	int3   	
  === BLOCK LINK ===
    0x1005
=== CODE BLOCK END ===

=== CODE BLOCK ADDRESS 0x1005 ===
  0x1005	int3   	
  0x1006	int3   	
  0x1007	int3   	
  0x1008	int3   	
  0x1009	int3   	
  === BLOCK LINK ===
    0x100a
=== CODE BLOCK END ===

=== CODE BLOCK ADDRESS 0x100a ===
  0x100a	int3   	
  0x100b	int3   	
  0x100c	int3   	
  0x100d	int3   	
  0x100e	int3   	
  === BLOCK LINK ===
    0x100f
=== CODE BLOCK END ===

=== CODE BLOCK ADDRESS 0x100f ===
  0x100f	int3   	
  0x1010	movups  	xmm0, xmmword ptr [0x59d1]
  0x1017	movdqu  	xmmword ptr [0x87b1], xmm0
=== CODE BLOCK END ===

=== DATA BLOCK ADDRESS 0x6000 ===
  0x6000	f0 91 00 40 01 00 00 00 90 92 00 40 01 00 00 00 	000@0000000@0000
  0x6010	50 25 00 40 01 00 00 00 f0 25 00 40 01 00 00 00 	P%0@00000%0@0000
  0x6020	10 26 00 40 01 00 00 00 80 4c 00 40 01 00 00 00 	0&0@00000L0@0000
  0x6030	20 2d 00 40 01 00 00 00 70 3a 00 40 01 00 00 00 	 -0@0000p:0@0000
  0x6040	10 3b 00 40 01 00 00 00 90 3a 00 40 01 00 00 00 	0;0@00000:0@0000
  0x6050	60 21 00 40 01 00 00 00 d0 21 00 40 01 00 00 00 	`!0@00000!0@0000
  0x6060	90 3f 00 40 01 00 00 00 40 3f 00 40 01 00 00 00 	0?0@0000@?0@0000
  0x6070	f0 3e 00 40 01 00 00 00 50 26 00 40 01 00 00 00 	0>0@0000P&0@0000
  0x6080	50 3f 00 40 01 00 00 00 00 3f 00 40 01 00 00 00 	P?0@00000?0@0000
  0x6090	a0 3f 00 40 01 00 00 00 e0 26 00 40 01 00 00 00 	0?0@00000&0@0000
  0x60a0	e0 3e 00 40 01 00 00 00 80 3f 00 40 01 00 00 00 	0>0@00000?0@0000
  0x60b0	30 3f 00 40 01 00 00 00 70 27 00 40 01 00 00 00 	0?0@0000p'0@0000
  0x60c0	f0 27 00 40 01 00 00 00 90 2a 00 40 01 00 00 00 	0'0@00000*0@0000
  0x60d0	10 2b 00 40 01 00 00 00 a0 2b 00 40 01 00 00 00 	0+0@00000+0@0000
  0x60e0	50 25 00 40 01 00 00 00 f0 25 00 40 01 00 00 00 	P%0@00000%0@0000
  0x60f0	10 26 00 40 01 00 00 00 a0 2e 00 40 01 00 00 00 	0&0@00000.0@0000
  0x6100	50 2f 00 40 01 00 00 00 c0 3c 00 40 01 00 00 00 	P/0@00000<0@0000
  0x6110	60 3d 00 40 01 00 00 00 e0 3c 00 40 01 00 00 00 	`=0@00000<0@0000
  0x6120	10 30 00 40 01 00 00 00 f0 3d 00 40 01 00 00 00 	000@00000=0@0000
  0x6130	20 3f 00 40 01 00 00 00 d0 3f 00 40 01 00 00 00 	 ?0@00000?0@0000
  0x6140	70 3f 00 40 01 00 00 00 d0 3e 00 40 01 00 00 00 	p?0@00000>0@0000
  0x6150	c0 3f 00 40 01 00 00 00 70 28 00 40 01 00 00 00 	0?0@0000p(0@0000
  0x6160	00 29 00 40 01 00 00 00 90 29 00 40 01 00 00 00 	0)0@00000)0@0000
  0x6170	10 2a 00 40 01 00 00 00 00 22 00 40 01 00 00 00 	0*0@00000"0@0000
  0x6180	20 22 00 40 01 00 00 00 40 22 00 40 01 00 00 00 	 "0@0000@"0@0000
  0x6190	10 30 00 40 01 00 00 00 b0 3b 00 40 01 00 00 00 	000@00000;0@0000
  0x61a0	a0 3c 00 40 01 00 00 00 20 3c 00 40 01 00 00 00 	0<0@0000 <0@0000
  0x61b0	80 3d 00 40 01 00 00 00 50 31 00 40 01 00 00 00 	0=0@0000P10@0000
  0x61c0	70 14 00 40 01 00 00 00 10 32 00 40 01 00 00 00 	p00@0000020@0000
  0x61d0	90 14 00 40 01 00 00 00 a0 14 00 40 01 00 00 00 	000@0000000@0000
  0x61e0	e0 31 00 40 01 00 00 00 10 3f 00 40 01 00 00 00 	010@00000?0@0000
  0x61f0	b0 3f 00 40 01 00 00 00 60 3f 00 40 01 00 00 00 	0?0@0000`?0@0000
  0x6200	20 2c 00 40 01 00 00 00 50 3b 00 40 01 00 00 00 	 ,0@0000P;0@0000
  0x6210	90 3b 00 40 01 00 00 00 70 3b 00 40 01 00 00 00 	0;0@0000p;0@0000
  0x6220	10 30 00 40 01 00 00 00 80 4c 00 40 01 00 00 00 	000@00000L0@0000
  0x6230	80 4c 00 40 01 00 00 00 80 4c 00 40 01 00 00 00 	0L0@00000L0@0000
  0x6240	60 21 00 40 01 00 00 00 d0 21 00 40 01 00 00 00 	`!0@00000!0@0000
  0x6250	98 6d 00 40 01 00 00 00 00 00 00 00 00 00 00 00 	0m0@000000000000
  0x6260	68 6d 00 40 01 00 00 00 08 00 00 00 00 00 00 00 	hm0@000000000000
  0x6270	b8 6d 00 40 01 00 00 00 10 00 00 00 00 00 00 00 	0m0@000000000000
  0x6280	a8 6d 00 40 01 00 00 00 18 00 00 00 00 00 00 00 	0m0@000000000000
  0x6290	58 6d 00 40 01 00 00 00 20 00 00 00 00 00 00 00 	Xm0@0000 0000000
  0x62a0	88 6d 00 40 01 00 00 00 28 00 00 00 00 00 00 00 	0m0@0000(0000000
  0x62b0	48 6d 00 40 01 00 00 00 28 00 00 00 00 00 00 00 	Hm0@0000(0000000
  0x62c0	00 00 00 00 00 00 00 00 00 00 00 00 00 00 00 00 	0000000000000000
  0x62d0	78 6d 00 40 01 00 00 00 00 00 00 00 00 00 00 00 	xm0@000000000000
  0x62e0	01 00 00 00 00 00 00 00 00 00 00 00 00 00 00 00 	0000000000000000
  0x62f0	00 00 00 00 00 00 00 00 00 00 00 00 00 00 00 00 	0000000000000000
  0x6300	68 6c 00 40 01 00 00 00 00 00 00 00 00 00 00 00 	hl0@000000000000
  0x6310	00 00 00 00 00 00 00 00 00 00 00 00 00 00 00 00 	0000000000000000
  0x6320	68 6c 00 40 01 00 00 00 00 00 00 00 00 00 00 00 	hl0@000000000000
  0x6330	01 00 00 00 00 00 00 00 00 00 00 00 00 00 00 00 	0000000000000000
  0x6340	00 00 00 00 00 00 00 00 00 00 00 00 00 00 00 00 	0000000000000000
  0x6350	18 01 00 00 00 00 00 00 00 00 00 00 00 00 00 00 	0000000000000000
  0x6360	00 00 00 00 00 00 00 00 00 00 00 00 00 00 00 00 	0000000000000000
  0x6370	00 00 00 00 00 00 00 00 00 00 00 00 00 00 00 00 	0000000000000000
  0x6380	00 00 00 00 00 00 00 00 00 00 00 00 00 00 00 00 	0000000000000000
  0x6390	00 00 00 00 00 00 00 00 00 00 00 00 00 00 00 00 	0000000000000000
  0x63a0	00 00 00 00 00 00 00 00 58 91 00 40 01 00 00 00 	00000000X00@0000
  0x63b0	00 00 00 00 00 00 00 00 00 00 00 00 00 00 00 00 	0000000000000000
  0x63c0	80 67 00 40 01 00 00 00 88 67 00 40 01 00 00 00 	0g0@00000g0@0000
  0x63d0	04 68 00 40 01 00 00 00 58 00 00 00 00 00 00 00 	0h0@0000X0000000
  0x63e0	00 75 41 00 00 00 00 00 00 00 00 00 00 00 00 00 	0uA0000000000000
  0x63f0	64 69 00 40 01 00 00 00 02 00 00 00 00 00 00 00 	di0@000000000000
  0x6400	00 00 00 00 00 00 00 00 00 00 00 00 00 00 00 00 	0000000000000000
  0x6410	00 00 00 00 00 00 00 00 00 00 00 00 00 00 00 00 	0000000000000000
  0x6420	00 00 00 00 00 00 00 00 00 00 00 00 00 00 00 00 	0000000000000000
  0x6430	00 00 00 00 00 00 00 00 00 00 00 00 00 00 00 00 	0000000000000000
  0x6440	00 00 00 00 00 00 00 00 00 00 00 00 00 00 00 00 	0000000000000000
  0x6450	00 00 00 00 00 00 00 00 f0 67 00 40 01 00 00 00 	000000000g0@0000
  0x6460	05 00 00 00 00 00 00 00 e0 7d 00 00 00 00 00 00 	000000000}000000
  0x6470	f0 7d 00 00 00 00 00 00 06 7e 00 00 00 00 00 00 	0}0000000~000000
  0x6480	1a 7e 00 00 00 00 00 00 d0 7d 00 00 00 00 00 00 	0~0000000}000000
  0x6490	00 00 00 00 00 00 00 00 36 7e 00 00 00 00 00 00 	000000006~000000
  0x64a0	48 7e 00 00 00 00 00 00 5c 7e 00 00 00 00 00 00 	H~0000000~000000
  0x64b0	72 7e 00 00 00 00 00 00 8e 7e 00 00 00 00 00 00 	r~0000000~000000
  0x64c0	a4 7e 00 00 00 00 00 00 ba 7e 00 00 00 00 00 00 	0~0000000~000000
  0x64d0	ca 7e 00 00 00 00 00 00 d2 7e 00 00 00 00 00 00 	0~0000000~000000
  0x64e0	e2 7e 00 00 00 00 00 00 ee 7e 00 00 00 00 00 00 	0~0000000~000000
  0x64f0	fc 7e 00 00 00 00 00 00 0e 7f 00 00 00 00 00 00 	0~00000000000000
  0x6500	1e 7f 00 00 00 00 00 00 30 7f 00 00 00 00 00 00 	0000000000000000
  0x6510	48 7f 00 00 00 00 00 00 5c 7f 00 00 00 00 00 00 	H000000000000000
  0x6520	90 83 00 00 00 00 00 00 b2 83 00 00 00 00 00 00 	0000000000000000
  0x6530	c4 83 00 00 00 00 00 00 dc 83 00 00 00 00 00 00 	0000000000000000
  0x6540	f0 83 00 00 00 00 00 00 06 84 00 00 00 00 00 00 	0000000000000000
  0x6550	1e 84 00 00 00 00 00 00 30 84 00 00 00 00 00 00 	0000000000000000
  0x6560	48 84 00 00 00 00 00 00 00 00 00 00 00 00 00 00 	H000000000000000
  0x6570	07 00 00 00 00 00 00 80 02 00 00 00 00 00 00 80 	0000000000000000
  0x6580	a3 00 00 00 00 00 00 80 06 00 00 00 00 00 00 80 	0000000000000000
  0x6590	a1 00 00 00 00 00 00 80 ba 00 00 00 00 00 00 80 	0000000000000000
  0x65a0	00 00 00 00 00 00 00 00 a6 7f 00 00 00 00 00 00 	0000000000000000
  0x65b0	b2 7f 00 00 00 00 00 00 c6 7f 00 00 00 00 00 00 	0000000000000000
  0x65c0	d4 7f 00 00 00 00 00 00 56 84 00 00 00 00 00 00 	00000000V0000000
  0x65d0	7c 7f 00 00 00 00 00 00 92 7f 00 00 00 00 00 00 	|000000000000000
  0x65e0	00 00 00 00 00 00 00 00 de 81 00 00 00 00 00 00 	0000000000000000
  0x65f0	c2 81 00 00 00 00 00 00 00 00 00 00 00 00 00 00 	0000000000000000
  0x6600	6e 81 00 00 00 00 00 00 fc 81 00 00 00 00 00 00 	n000000000000000
  0x6610	2a 82 00 00 00 00 00 00 00 00 00 00 00 00 00 00 	*000000000000000
  0x6620	10 82 00 00 00 00 00 00 00 00 00 00 00 00 00 00 	0000000000000000
  0x6630	ae 81 00 00 00 00 00 00 94 81 00 00 00 00 00 00 	0000000000000000
  0x6640	80 81 00 00 00 00 00 00 00 00 00 00 00 00 00 00 	0000000000000000
  0x6650	4e 81 00 00 00 00 00 00 00 00 00 00 00 00 00 00 	N000000000000000
  0x6660	62 81 00 00 00 00 00 00 00 00 00 00 00 00 00 00 	b000000000000000
  0x6670	40 82 00 00 00 00 00 00 5a 82 00 00 00 00 00 00 	@0000000Z0000000
  0x6680	00 00 00 00 00 00 00 00 6a 84 00 00 00 00 00 00 	00000000j0000000
  0x6690	00 00 00 00 00 00 00 00 ce 80 00 00 00 00 00 00 	0000000000000000
  0x66a0	d8 80 00 00 00 00 00 00 c2 80 00 00 00 00 00 00 	0000000000000000
  0x66b0	ae 80 00 00 00 00 00 00 22 81 00 00 00 00 00 00 	00000000"0000000
  0x66c0	30 81 00 00 00 00 00 00 e2 80 00 00 00 00 00 00 	0000000000000000
  0x66d0	a4 80 00 00 00 00 00 00 9c 80 00 00 00 00 00 00 	0000000000000000
  0x66e0	94 80 00 00 00 00 00 00 fa 80 00 00 00 00 00 00 	0000000000000000
  0x66f0	a0 84 00 00 00 00 00 00 82 80 00 00 00 00 00 00 	0000000000000000
  0x6700	70 80 00 00 00 00 00 00 62 80 00 00 00 00 00 00 	p0000000b0000000
  0x6710	54 80 00 00 00 00 00 00 10 81 00 00 00 00 00 00 	T000000000000000
  0x6720	48 80 00 00 00 00 00 00 3e 80 00 00 00 00 00 00 	H0000000>0000000
  0x6730	32 80 00 00 00 00 00 00 2a 80 00 00 00 00 00 00 	20000000*0000000
  0x6740	1e 80 00 00 00 00 00 00 12 80 00 00 00 00 00 00 	0000000000000000
  0x6750	06 80 00 00 00 00 00 00 ee 7f 00 00 00 00 00 00 	0000000000000000
  0x6760	3a 81 00 00 00 00 00 00 18 81 00 00 00 00 00 00 	:000000000000000
  0x6770	aa 84 00 00 00 00 00 00 00 00 00 00 00 00 00 00 	0000000000000000
  0x6780	b0 4f 00 40 01 00 00 00 d0 52 00 40 01 00 00 00 	0O0@00000R0@0000
  0x6790	00 00 00 00 00 00 00 00 d0 45 00 40 01 00 00 00 	000000000E0@0000
  0x67a0	40 11 00 40 01 00 00 00 80 11 00 40 01 00 00 00 	@00@0000000@0000
  0x67b0	c0 11 00 40 01 00 00 00 10 10 00 40 01 00 00 00 	000@0000000@0000
  0x67c0	30 10 00 40 01 00 00 00 00 00 00 00 00 00 00 00 	000@000000000000
  0x67d0	00 00 00 00 00 00 00 00 f0 44 00 40 01 00 00 00 	000000000D0@0000
  0x67e0	f0 4c 00 40 01 00 00 00 00 00 00 00 00 00 00 00 	0L0@000000000000
  0x67f0	5c 12 00 00 39 48 00 00 ad 4b 00 00 62 4d 00 00 	00009H000K00bM00
  0x6800	70 4e 00 00 10 10 00 00 30 10 00 00 40 11 00 00 	pN0000000000@000
  0x6810	80 11 00 00 c0 11 00 00 70 14 00 00 90 14 00 00 	00000000p0000000
  0x6820	a0 14 00 00 20 20 00 00 50 21 00 00 60 21 00 00 	0000  00P!00`!00
  0x6830	d0 21 00 00 00 22 00 00 20 22 00 00 40 22 00 00 	0!000"00 "00@"00
  0x6840	e0 22 00 00 50 25 00 00 f0 25 00 00 10 26 00 00 	0"00P%000%000&00
  0x6850	50 26 00 00 e0 26 00 00 70 27 00 00 f0 27 00 00 	P&000&00p'000'00
  0x6860	70 28 00 00 00 29 00 00 90 29 00 00 10 2a 00 00 	p(000)000)000*00
  0x6870	90 2a 00 00 10 2b 00 00 a0 2b 00 00 20 2c 00 00 	0*000+000+00 ,00
  0x6880	20 2d 00 00 a0 2e 00 00 50 2f 00 00 10 30 00 00 	 -000.00P/000000
  0x6890	50 31 00 00 e0 31 00 00 10 32 00 00 50 33 00 00 	P10001000200P300
  0x68a0	f0 34 00 00 70 3a 00 00 90 3a 00 00 10 3b 00 00 	0400p:000:000;00
  0x68b0	50 3b 00 00 70 3b 00 00 90 3b 00 00 b0 3b 00 00 	P;00p;000;000;00
  0x68c0	20 3c 00 00 a0 3c 00 00 c0 3c 00 00 e0 3c 00 00 	 <000<000<000<00
  0x68d0	60 3d 00 00 80 3d 00 00 f0 3d 00 00 50 3e 00 00 	`=000=000=00P>00
  0x68e0	d0 3e 00 00 e0 3e 00 00 f0 3e 00 00 00 3f 00 00 	0>000>000>000?00
  0x68f0	10 3f 00 00 20 3f 00 00 30 3f 00 00 40 3f 00 00 	0?00 ?000?00@?00
  0x6900	50 3f 00 00 60 3f 00 00 70 3f 00 00 80 3f 00 00 	P?00`?00p?000?00
  0x6910	90 3f 00 00 a0 3f 00 00 b0 3f 00 00 c0 3f 00 00 	0?000?000?000?00
  0x6920	d0 3f 00 00 d0 41 00 00 f0 41 00 00 60 42 00 00 	0?000A000A00`B00
  0x6930	f0 44 00 00 d0 45 00 00 90 48 00 00 20 49 00 00 	0D000E000H00 I00
  0x6940	80 4c 00 00 b0 4c 00 00 f0 4c 00 00 d0 4d 00 00 	0L000L000L000M00
  0x6950	b0 4f 00 00 b0 53 00 00 d0 53 00 00 60 54 00 00 	0O000S000S00`T00
  0x6960	c0 54 00 00 58 65 00 00 c0 66 00 00 00 00 00 00 	0T00Xe000f000000
  0x6970	22 05 93 19 02 00 00 00 5c 76 00 00 01 00 00 00 	"00000000v000000
  0x6980	6c 76 00 00 01 00 00 00 98 76 00 00 20 00 00 00 	lv0000000v00 000
  0x6990	00 00 00 00 01 00 00 00 00 00 00 00 00 00 00 00 	0000000000000000
  0x69a0	61 70 69 2d 6d 73 2d 77 69 6e 2d 63 6f 72 65 2d 	api-ms-win-core-
  0x69b0	63 6f 6d 2d 6c 31 2d 31 2d 30 2e 64 6c 6c 00 00 	com-l1-1-0.dll00
  0x69c0	6f 6c 65 33 32 2e 64 6c 6c 00 00 00 00 00 00 00 	ole32.dll0000000
  0x69d0	77 65 72 2e 64 6c 6c 00 05 e0 02 00 00 00 00 00 	wer.dll000000000
  0x69e0	c0 00 00 00 00 00 00 46 00 00 00 00 00 00 00 00 	0000000F00000000
  0x69f0	00 00 00 00 00 00 00 00 4b 03 00 00 00 00 00 00 	00000000K0000000
  0x6a00	c0 00 00 00 00 00 00 46 00 00 00 00 00 00 00 00 	0000000F00000000
  0x6a10	41 00 50 00 49 00 2d 00 4d 00 53 00 2d 00 57 00 	A0P0I0-0M0S0-0W0
  0x6a20	69 00 6e 00 2d 00 43 00 6f 00 72 00 65 00 2d 00 	i0n0-0C0o0r0e0-0
  0x6a30	4c 00 6f 00 63 00 61 00 6c 00 52 00 65 00 67 00 	L0o0c0a0l0R0e0g0
  0x6a40	69 00 73 00 74 00 72 00 79 00 2d 00 4c 00 31 00 	i0s0t0r0y0-0L010
  0x6a50	2d 00 31 00 2d 00 30 00 2e 00 64 00 6c 00 6c 00 	-010-000.0d0l0l0
  0x6a60	00 00 00 00 00 00 00 00 52 65 67 44 65 6c 65 74 	00000000RegDelet
  0x6a70	65 4b 65 79 45 78 57 00 61 00 64 00 76 00 61 00 	eKeyExW0a0d0v0a0
  0x6a80	70 00 69 00 33 00 32 00 2e 00 64 00 6c 00 6c 00 	p0i03020.0d0l0l0
  0x6a90	00 00 00 00 00 00 00 00 52 65 67 44 65 6c 65 74 	00000000RegDelet
  0x6aa0	65 4b 65 79 57 00 00 00 00 00 00 00 00 00 00 00 	eKeyW00000000000
  0x6ab0	2e 00 74 00 6c 00 62 00 00 00 00 00 00 00 00 00 	.0t0l0b000000000
  0x6ac0	43 00 4c 00 53 00 49 00 44 00 5c 00 00 00 00 00 	C0L0S0I0D0000000
  0x6ad0	5c 00 52 00 65 00 71 00 75 00 69 00 72 00 65 00 	00R0e0q0u0i0r0e0
  0x6ae0	64 00 20 00 43 00 61 00 74 00 65 00 67 00 6f 00 	d0 0C0a0t0e0g0o0
  0x6af0	72 00 69 00 65 00 73 00 00 00 00 00 00 00 00 00 	r0i0e0s000000000
  0x6b00	5c 00 49 00 6d 00 70 00 6c 00 65 00 6d 00 65 00 	00I0m0p0l0e0m0e0
  0x6b10	6e 00 74 00 65 00 64 00 20 00 43 00 61 00 74 00 	n0t0e0d0 0C0a0t0
  0x6b20	65 00 67 00 6f 00 72 00 69 00 65 00 73 00 00 00 	e0g0o0r0i0e0s000
  0x6b30	57 00 69 00 6e 00 64 00 6f 00 77 00 73 00 45 00 	W0i0n0d0o0w0s0E0
  0x6b40	78 00 70 00 6c 00 6f 00 72 00 65 00 72 00 00 00 	x0p0l0o0r0e0r000
  0x6b50	30 00 2e 00 30 00 2e 00 30 00 2e 00 30 00 00 00 	00.000.000.00000
  0x6b60	53 00 68 00 65 00 6c 00 6c 00 54 00 68 00 75 00 	S0h0e0l0l0T0h0u0
  0x6b70	6d 00 62 00 6e 00 61 00 69 00 6c 00 45 00 78 00 	m0b0n0a0i0l0E0x0
  0x6b80	74 00 72 00 61 00 63 00 74 00 69 00 6f 00 6e 00 	t0r0a0c0t0i0o0n0
  0x6b90	54 00 69 00 6d 00 65 00 6f 00 75 00 74 00 00 00 	T0i0m0e0o0u0t000
  0x6ba0	41 00 70 00 70 00 4e 00 61 00 6d 00 65 00 00 00 	A0p0p0N0a0m0e000
  0x6bb0	41 00 70 00 70 00 56 00 65 00 72 00 73 00 69 00 	A0p0p0V0e0r0s0i0
  0x6bc0	6f 00 6e 00 00 00 00 00 43 00 6c 00 73 00 69 00 	o0n00000C0l0s0i0
  0x6bd0	64 00 00 00 00 00 00 00 45 00 78 00 74 00 72 00 	d0000000E0x0t0r0
  0x6be0	61 00 63 00 74 00 69 00 6f 00 6e 00 54 00 69 00 	a0c0t0i0o0n0T0i0
  0x6bf0	6d 00 65 00 6f 00 75 00 74 00 49 00 6e 00 4d 00 	m0e0o0u0t0I0n0M0
  0x6c00	53 00 00 00 00 00 00 00 41 00 50 00 50 00 49 00 	S0000000A0P0P0I0
  0x6c10	44 00 00 00 00 00 00 00 4d 00 73 00 63 00 6f 00 	D0000000M0s0c0o0
  0x6c20	72 00 65 00 65 00 2e 00 64 00 6c 00 6c 00 00 00 	r0e0e0.0d0l0l000
  0x6c30	2d 00 2f 00 00 00 00 00 55 00 6e 00 72 00 65 00 	-0/00000U0n0r0e0
  0x6c40	67 00 53 00 65 00 72 00 76 00 65 00 72 00 00 00 	g0S0e0r0v0e0r000
  0x6c50	52 00 65 00 67 00 53 00 65 00 72 00 76 00 65 00 	R0e0g0S0e0r0v0e0
  0x6c60	72 00 00 00 00 00 00 00 52 19 12 75 d0 e0 e5 43 	r0000000R00u000C
  0x6c70	93 80 1d 80 48 3a cf 72 a0 de 45 45 fc 2d 06 49 	0000H:0r00EE0-0I
  0x6c80	a7 28 6d 98 6b a3 99 a9 00 00 00 00 00 00 00 00 	0(m0k00000000000
  0x6c90	53 00 4f 00 46 00 54 00 57 00 41 00 52 00 45 00 	S0O0F0T0W0A0R0E0
  0x6ca0	5c 00 4d 00 69 00 63 00 72 00 6f 00 73 00 6f 00 	00M0i0c0r0o0s0o0
  0x6cb0	66 00 74 00 5c 00 57 00 69 00 6e 00 64 00 6f 00 	f0t000W0i0n0d0o0
  0x6cc0	77 00 73 00 5c 00 43 00 75 00 72 00 72 00 65 00 	w0s000C0u0r0r0e0
  0x6cd0	6e 00 74 00 56 00 65 00 72 00 73 00 69 00 6f 00 	n0t0V0e0r0s0i0o0
  0x6ce0	6e 00 5c 00 54 00 68 00 75 00 6d 00 62 00 6e 00 	n000T0h0u0m0b0n0
  0x6cf0	61 00 69 00 6c 00 43 00 61 00 63 00 68 00 65 00 	a0i0l0C0a0c0h0e0
  0x6d00	00 00 00 00 00 00 00 00 5b 01 00 00 00 00 00 00 	00000000[0000000
  0x6d10	c0 00 00 00 00 00 00 46 59 18 00 10 04 00 59 18 	0000000FY00000Y0
  0x6d20	00 00 01 00 00 00 00 80 12 e0 02 00 00 00 00 00 	0000000000000000
  0x6d30	c0 00 00 00 00 00 00 46 00 00 00 00 00 00 00 00 	0000000F00000000
  0x6d40	c0 00 00 00 00 00 00 46 0c 01 00 00 00 00 00 00 	0000000F00000000
  0x6d50	c0 00 00 00 00 00 00 46 09 01 00 00 00 00 00 00 	0000000F00000000
  0x6d60	c0 00 00 00 00 00 00 46 3f be 73 7f 79 fb 3c 49 	0000000F?0s0y0<I
  0x6d70	a6 c7 7e e1 4e 24 58 41 01 00 00 00 00 00 00 00 	00~0N$XA00000000
  0x6d80	c0 00 00 00 00 00 00 46 0b 01 00 00 00 00 00 00 	0000000F00000000
  0x6d90	c0 00 00 00 00 00 00 46 cd fc 57 e3 95 a9 76 45 	0000000F00W000vE
  0x6da0	b0 1f 23 46 30 15 4e 96 66 45 d1 b7 09 05 ce 4c 	00#F00N0fE00000L
  0x6db0	a7 1f 0a 55 42 33 bd 9b 9d b4 24 b8 ac 22 61 41 	000UB30000$00"aA
  0x6dc0	ac 8a 99 16 e8 fa 3f 7f 00 00 00 00 00 00 00 00 	000000?000000000
  0x6dd0	00 00 01 00 00 00 00 80 00 00 00 00 00 00 08 80 	0000000000000000
  0x6de0	00 00 01 00 01 00 00 80 00 00 00 20 00 00 00 80 	00000000000 0000
  0x6df0	00 00 00 40 00 00 00 80 00 00 00 40 00 00 00 80 	000@0000000@0000
  0x6e00	00 00 01 00 00 00 00 20 00 00 01 00 00 00 08 80 	0000000 00000000
  0x6e10	00 00 01 02 00 00 00 80 00 00 01 00 00 00 00 80 	0000000000000000
  0x6e20	00 00 01 00 00 00 01 80 00 00 01 00 01 00 08 80 	0000000000000000
  0x6e30	00 00 01 02 00 00 01 80 00 00 01 04 00 00 00 80 	0000000000000000
  0x6e40	00 00 01 04 00 00 00 20 00 00 01 04 00 00 08 80 	0000000 00000000
  0x6e50	00 00 01 00 00 00 00 20 00 00 08 00 00 00 00 80 	0000000 00000000
  0x6e60	00 00 02 00 00 00 00 80 00 00 00 10 00 00 00 80 	0000000000000000
  0x6e70	00 00 80 00 00 00 00 80 00 00 00 00 00 00 00 80 	0000000000000000
  0x6e80	00 00 10 00 00 00 00 80 00 00 00 01 00 00 00 80 	0000000000000000
  0x6e90	00 00 04 00 00 00 00 80 00 00 01 02 02 00 01 80 	0000000000000000
  0x6ea0	00 00 40 00 00 00 00 80 00 00 20 00 00 00 00 80 	00@0000000 00000
  0x6eb0	00 00 00 08 00 00 00 80 00 00 01 80 00 20 00 80 	0000000000000 00
  0x6ec0	00 00 01 80 00 00 00 80 00 00 01 00 00 00 00 80 	0000000000000000
  0x6ed0	00 00 00 02 00 00 00 40 00 00 00 00 02 00 01 20 	0000000@0000000 
  0x6ee0	00 00 00 00 00 00 00 80 00 00 01 00 04 00 00 80 	0000000000000000
  0x6ef0	00 00 01 00 08 00 00 20 00 00 01 04 00 20 00 20 	0000000 00000 0 
  0x6f00	00 00 00 00 10 00 00 08 00 00 00 00 00 00 00 10 	0000000000000000
  0x6f10	00 00 01 00 20 00 00 20 04 04 04 04 04 05 02 04 	0000 00 00000000
  0x6f20	04 02 04 04 04 04 04 04 04 04 04 04 04 04 04 04 	0000000000000000
  0x6f30	04 04 04 04 04 04 04 03 04 04 02 04 04 04 04 04 	0000000000000000
  0x6f40	04 00 00 00 00 00 00 00 23 03 00 00 00 00 00 00 	00000000#0000000
  0x6f50	c0 00 00 00 00 00 00 46 46 01 00 00 00 00 00 00 	0000000FF0000000
  0x6f60	c0 00 00 00 00 00 00 46 e0 3d 4c 39 6f 3c d2 11 	0000000F0=L9o<00
  0x6f70	81 7b 00 c0 4f 79 7a b7 00 00 00 00 00 00 00 00 	0{00Oyz000000000
  0x6f80	61 00 70 00 69 00 2d 00 6d 00 73 00 2d 00 77 00 	a0p0i0-0m0s0-0w0
  0x6f90	69 00 6e 00 2d 00 63 00 6f 00 72 00 65 00 2d 00 	i0n0-0c0o0r0e0-0
  0x6fa0	64 00 65 00 6c 00 61 00 79 00 6c 00 6f 00 61 00 	d0e0l0a0y0l0o0a0
  0x6fb0	64 00 2d 00 6c 00 31 00 2d 00 31 00 2d 00 31 00 	d0-0l010-010-010
  0x6fc0	2e 00 64 00 6c 00 6c 00 00 00 00 00 00 00 00 00 	.0d0l0l000000000
  0x6fd0	4b 00 45 00 52 00 4e 00 45 00 4c 00 33 00 32 00 	K0E0R0N0E0L03020
  0x6fe0	2e 00 44 00 4c 00 4c 00 00 00 00 00 00 00 00 00 	.0D0L0L000000000
  0x6ff0	52 65 73 6f 6c 76 65 44 65 6c 61 79 4c 6f 61 64 	ResolveDelayLoad
  0x7000	65 64 41 50 49 00 00 00 52 65 73 6f 6c 76 65 44 	edAPI000ResolveD
  0x7010	65 6c 61 79 4c 6f 61 64 73 46 72 6f 6d 44 6c 6c 	elayLoadsFromDll
  0x7020	00 00 00 00 00 00 00 00 00 00 00 00 00 00 00 00 	0000000000000000
  0x7030	00 00 00 00 33 b9 3c 50 00 00 00 00 02 00 00 00 	000030<P00000000
  0x7040	34 00 00 00 84 70 00 00 84 5a 00 00 00 00 00 00 	40000p000Z000000
  0x7050	33 b9 3c 50 00 00 00 00 0d 00 00 00 20 03 00 00 	30<P00000000 000
  0x7060	b8 70 00 00 b8 5a 00 00 00 00 00 00 33 b9 3c 50 	0p000Z00000030<P
  0x7070	00 00 00 00 10 00 00 00 24 00 00 00 d8 73 00 00 	00000000$0000s00
  0x7080	d8 5d 00 00 52 53 44 53 fe dc 41 b9 58 f0 fb e0 	0]00RSDS00A0X000
  0x7090	49 f7 9f de bf 61 c5 bc 01 00 00 00 54 68 75 6d 	I0000a000000Thum
  0x70a0	62 6e 61 69 6c 45 78 74 72 61 63 74 69 6f 6e 48 	bnailExtractionH
  0x70b0	6f 73 74 2e 70 64 62 00 47 43 54 4c 00 10 00 00 	ost.pdb0GCTL0000
  0x70c0	00 02 00 00 2e 74 65 78 74 24 64 69 00 00 00 00 	0000.text$di0000
  0x70d0	00 12 00 00 c0 40 00 00 2e 74 65 78 74 24 6d 6e 	00000@00.text$mn
  0x70e0	00 00 00 00 c0 52 00 00 20 00 00 00 2e 74 65 78 	00000R00 000.tex
  0x70f0	74 24 6d 6e 24 30 30 00 e0 52 00 00 c0 00 00 00 	t$mn$0000R000000
  0x7100	2e 74 65 78 74 24 78 00 a0 53 00 00 1e 02 00 00 	.text$x00S000000
  0x7110	2e 74 65 78 74 24 79 64 00 00 00 00 00 60 00 00 	.text$yd00000`00
  0x7120	68 04 00 00 2e 72 64 61 74 61 24 62 72 63 00 00 	h000.rdata$brc00
  0x7130	68 64 00 00 18 03 00 00 2e 69 64 61 74 61 24 35 	hd000000.idata$5
  0x7140	00 00 00 00 80 67 00 00 10 00 00 00 2e 30 30 63 	00000g000000.00c
  0x7150	66 67 00 00 90 67 00 00 08 00 00 00 2e 43 52 54 	fg000g000000.CRT
  0x7160	24 58 43 41 00 00 00 00 98 67 00 00 08 00 00 00 	$XCA00000g000000
  0x7170	2e 43 52 54 24 58 43 41 41 00 00 00 a0 67 00 00 	.CRT$XCAA0000g00
  0x7180	18 00 00 00 2e 43 52 54 24 58 43 4c 00 00 00 00 	0000.CRT$XCL0000
  0x7190	b8 67 00 00 10 00 00 00 2e 43 52 54 24 58 43 55 	0g000000.CRT$XCU
  0x71a0	00 00 00 00 c8 67 00 00 08 00 00 00 2e 43 52 54 	00000g000000.CRT
  0x71b0	24 58 43 5a 00 00 00 00 d0 67 00 00 08 00 00 00 	$XCZ00000g000000
  0x71c0	2e 43 52 54 24 58 49 41 00 00 00 00 d8 67 00 00 	.CRT$XIA00000g00
  0x71d0	08 00 00 00 2e 43 52 54 24 58 49 41 41 00 00 00 	0000.CRT$XIAA000
  0x71e0	e0 67 00 00 08 00 00 00 2e 43 52 54 24 58 49 59 	0g000000.CRT$XIY
  0x71f0	00 00 00 00 e8 67 00 00 08 00 00 00 2e 43 52 54 	00000g000000.CRT
  0x7200	24 58 49 5a 00 00 00 00 f0 67 00 00 14 00 00 00 	$XIZ00000g000000
  0x7210	2e 67 65 68 63 6f 6e 74 00 00 00 00 04 68 00 00 	.gehcont00000h00
  0x7220	60 01 00 00 2e 67 66 69 64 73 00 00 64 69 00 00 	`000.gfids00di00
  0x7230	0c 00 00 00 2e 67 69 61 74 73 00 00 70 69 00 00 	0000.giats00pi00
  0x7240	14 07 00 00 2e 72 64 61 74 61 00 00 84 70 00 00 	0000.rdata000p00
  0x7250	7c 03 00 00 2e 72 64 61 74 61 24 7a 7a 7a 64 62 	|000.rdata$zzzdb
  0x7260	67 00 00 00 00 74 00 00 48 03 00 00 2e 78 64 61 	g0000t00H000.xda
  0x7270	74 61 00 00 48 77 00 00 08 00 00 00 41 54 4c 24 	ta00Hw000000ATL$
  0x7280	5f 5f 61 00 50 77 00 00 08 00 00 00 41 54 4c 24 	__a0Pw000000ATL$
  0x7290	5f 5f 6d 00 58 77 00 00 08 00 00 00 41 54 4c 24 	__m0Xw000000ATL$
  0x72a0	5f 5f 7a 00 60 77 00 00 60 00 00 00 2e 64 69 64 	__z0`w00`000.did
  0x72b0	61 74 24 32 00 00 00 00 c0 77 00 00 20 00 00 00 	at$200000w00 000
  0x72c0	2e 64 69 64 61 74 24 33 00 00 00 00 e0 77 00 00 	.didat$300000w00
  0x72d0	70 00 00 00 2e 64 69 64 61 74 24 34 00 00 00 00 	p000.didat$40000
  0x72e0	50 78 00 00 e0 00 00 00 2e 64 69 64 61 74 24 36 	Px000000.didat$6
  0x72f0	00 00 00 00 30 79 00 00 70 00 00 00 2e 64 69 64 	00000y00p000.did
  0x7300	61 74 24 37 00 00 00 00 a0 79 00 00 04 01 00 00 	at$700000y000000
  0x7310	2e 69 64 61 74 61 24 32 00 00 00 00 a4 7a 00 00 	.idata$200000z00
  0x7320	14 00 00 00 2e 69 64 61 74 61 24 33 00 00 00 00 	0000.idata$30000
  0x7330	b8 7a 00 00 18 03 00 00 2e 69 64 61 74 61 24 34 	0z000000.idata$4
  0x7340	00 00 00 00 d0 7d 00 00 e4 06 00 00 2e 69 64 61 	00000}000000.ida
  0x7350	74 61 24 36 00 00 00 00 00 90 00 00 50 01 00 00 	ta$600000000P000
  0x7360	2e 64 61 74 61 24 62 72 63 00 00 00 50 91 00 00 	.data$brc000P000
  0x7370	70 00 00 00 2e 64 61 74 61 00 00 00 c0 91 00 00 	p000.data0000000
  0x7380	48 07 00 00 2e 62 73 73 00 00 00 00 00 a0 00 00 	H000.bss00000000
  0x7390	50 04 00 00 2e 70 64 61 74 61 00 00 00 b0 00 00 	P000.pdata000000
  0x73a0	70 00 00 00 2e 64 69 64 61 74 24 35 00 00 00 00 	p000.didat$50000
  0x73b0	00 c0 00 00 a0 00 00 00 2e 72 73 72 63 24 30 31 	00000000.rsrc$01
  0x73c0	00 00 00 00 a0 c0 00 00 90 08 00 00 2e 72 73 72 	000000000000.rsr
  0x73d0	63 24 30 32 00 00 00 00 20 00 00 00 fe dc 41 b9 	c$020000 00000A0
  0x73e0	58 f0 fb e0 49 f7 9f de bf 61 c5 bc 92 e0 be e8 	X000I0000a000000
  0x73f0	bf ff 0a 3e 1a 5b 2c 51 33 b9 3c 50 00 00 00 00 	000>0[,Q30<P0000
  0x7400	01 04 01 00 04 42 00 00 09 04 01 00 04 62 00 00 	00000B0000000b00
  0x7410	a8 48 00 00 01 00 00 00 48 12 00 00 5c 12 00 00 	0H000000H0000000
  0x7420	e0 52 00 00 5c 12 00 00 01 06 02 00 06 32 02 50 	0R0000000000020P
  0x7430	01 11 04 00 11 52 0d 70 0c 60 0b 30 01 0f 06 00 	00000R0p0`000000
  0x7440	0f 64 07 00 0f 34 06 00 0f 32 0b 70 01 0f 06 00 	0d000400020p0000
  0x7450	0f 64 09 00 0f 34 08 00 0f 52 0b 70 01 14 08 00 	0d0004000R0p0000
  0x7460	14 64 08 00 14 54 07 00 14 34 06 00 14 32 10 70 	0d000T000400020p
  0x7470	01 0a 04 00 0a 34 08 00 0a 52 06 70 19 20 07 00 	000004000R0p0 00
  0x7480	0e 01 4c 00 07 e0 05 70 04 60 03 50 02 30 00 00 	00L0000p0`0P0000
  0x7490	f8 4f 00 00 50 02 00 00 19 2f 09 00 1e e4 55 00 	0O00P0000/0000U0
  0x74a0	1e 74 54 00 1e 64 53 00 1e 01 50 00 10 50 00 00 	0tT00dS000P00P00
  0x74b0	f8 4f 00 00 70 02 00 00 19 32 0b 00 21 64 51 00 	0O00p0000200!dQ0
  0x74c0	21 34 50 00 21 01 48 00 12 f0 10 e0 0e c0 0c 70 	!4P0!0H00000000p
  0x74d0	0b 50 00 00 f8 4f 00 00 30 02 00 00 01 18 0a 00 	0P000O0000000000
  0x74e0	18 64 0c 00 18 54 0b 00 18 34 0a 00 18 52 14 f0 	0d000T0004000R00
  0x74f0	12 e0 10 70 01 06 02 00 06 32 02 30 01 04 01 00 	000p000002000000
  0x7500	04 62 00 00 19 2f 09 00 1e 74 4b 01 1e 64 4a 01 	0b000/000tK00dJ0
  0x7510	1e 34 49 01 1e 01 46 01 10 50 00 00 f8 4f 00 00 	04I000F00P000O00
  0x7520	20 0a 00 00 01 0a 04 00 0a 34 07 00 0a 32 06 70 	 00000000400020p
  0x7530	01 0a 04 00 0a 34 06 00 0a 32 06 70 01 0a 04 00 	00000400020p0000
  0x7540	0a 34 0a 00 0a 72 06 70 01 14 08 00 14 64 0b 00 	04000r0p00000d00
  0x7550	14 54 0a 00 14 34 09 00 14 52 10 70 01 14 08 00 	0T0004000R0p0000
  0x7560	14 64 0a 00 14 54 09 00 14 34 08 00 14 52 10 70 	0d000T0004000R0p
  0x7570	01 19 0a 00 19 e4 09 00 19 74 08 00 19 64 07 00 	000000000t000d00
  0x7580	19 34 06 00 19 32 15 f0 01 18 0a 00 18 64 0a 00 	0400020000000d00
  0x7590	18 54 09 00 18 34 08 00 18 32 14 f0 12 e0 10 70 	0T0004000200000p
  0x75a0	01 1a 08 00 1a 74 14 00 1a 64 13 00 1a 34 12 00 	00000t000d000400
  0x75b0	1a f2 10 50 19 1b 06 00 0c 34 0a 00 0c 52 08 70 	000P000004000R0p
  0x75c0	07 60 06 50 f8 4f 00 00 28 00 00 00 01 17 08 00 	0`0P0O00(0000000
  0x75d0	17 54 0d 00 17 34 0c 00 17 72 13 f0 11 70 10 60 	0T0004000r000p0`
  0x75e0	01 1f 0d 00 1f 64 1b 00 1f 54 1a 00 1f 34 19 00 	00000d000T000400
  0x75f0	1f 01 12 00 18 f0 16 e0 14 d0 12 c0 10 70 00 00 	0000000000000p00
  0x7600	09 1c 0b 00 1c e4 1b 00 1c 74 1a 00 1c 64 19 00 	000000000t000d00
  0x7610	1c 34 18 00 1c 01 16 00 15 f0 00 00 a8 48 00 00 	0400000000000H00
  0x7620	01 00 00 00 4f 46 00 00 39 48 00 00 06 53 00 00 	0000OF009H000S00
  0x7630	39 48 00 00 00 00 00 00 01 00 00 00 01 04 01 00 	9H00000000000000
  0x7640	04 e2 00 00 01 0c 02 00 0c 01 11 00 19 0d 01 00 	0000000000000000
  0x7650	04 62 00 00 b9 4f 00 00 70 69 00 00 ff ff ff ff 	0b000O00pi000000
  0x7660	00 00 00 00 ff ff ff ff 00 00 00 00 00 00 00 00 	0000000000000000
  0x7670	00 00 00 00 01 00 00 00 01 00 00 00 80 76 00 00 	0000000000000v00
  0x7680	40 00 00 00 00 00 00 00 00 00 00 00 2a 53 00 00 	@00000000000*S00
  0x7690	38 00 00 00 00 00 00 00 a5 4b 00 00 00 00 00 00 	800000000K000000
  0x76a0	19 0a 02 00 0a 32 06 50 b9 4f 00 00 70 69 00 00 	0000020P0O00pi00
  0x76b0	11 06 02 00 06 32 02 30 a8 48 00 00 01 00 00 00 	000002000H000000
  0x76c0	f9 4b 00 00 3e 4c 00 00 50 53 00 00 00 00 00 00 	0K00>L00PS000000
  0x76d0	09 04 01 00 04 22 00 00 a8 48 00 00 01 00 00 00 	00000"000H000000
  0x76e0	2c 4d 00 00 62 4d 00 00 01 00 00 00 62 4d 00 00 	,M00bM000000bM00
  0x76f0	09 0a 04 00 0a 34 06 00 0a 32 06 70 a8 48 00 00 	00000400020p0H00
  0x7700	01 00 00 00 3d 4e 00 00 70 4e 00 00 80 53 00 00 	0000=N00pN000S00
  0x7710	70 4e 00 00 01 0d 04 00 0d 34 09 00 0d 32 06 50 	pN0000000400020P
  0x7720	01 00 00 00 01 02 01 00 02 30 00 00 01 18 01 00 	0000000000000000
  0x7730	18 c2 00 00 01 18 01 00 18 c2 00 00 01 18 01 00 	0000000000000000
  0x7740	18 c2 00 00 00 00 00 00 00 00 00 00 00 00 00 00 	0000000000000000
  0x7750	00 90 00 40 01 00 00 00 00 00 00 00 00 00 00 00 	000@000000000000
  0x7760	01 00 00 00 a0 69 00 00 70 97 00 00 00 b0 00 00 	00000i00p0000000
  0x7770	e0 77 00 00 30 79 00 00 00 00 00 00 00 00 00 00 	0w000y0000000000
  0x7780	01 00 00 00 c0 69 00 00 78 97 00 00 30 b0 00 00 	00000i00x0000000
  0x7790	10 78 00 00 60 79 00 00 00 00 00 00 00 00 00 00 	0x00`y0000000000
  0x77a0	01 00 00 00 d0 69 00 00 80 97 00 00 40 b0 00 00 	00000i000000@000
  0x77b0	20 78 00 00 70 79 00 00 00 00 00 00 00 00 00 00 	 x00py0000000000
  0x77c0	00 00 00 00 00 00 00 00 00 00 00 00 00 00 00 00 	0000000000000000
  0x77d0	00 00 00 00 00 00 00 00 00 00 00 00 00 00 00 00 	0000000000000000
  0x77e0	a0 78 00 00 00 00 00 00 62 78 00 00 00 00 00 00 	0x000000bx000000
  0x77f0	74 78 00 00 00 00 00 00 88 78 00 00 00 00 00 00 	tx0000000x000000
  0x7800	50 78 00 00 00 00 00 00 00 00 00 00 00 00 00 00 	Px00000000000000
  0x7810	b6 78 00 00 00 00 00 00 00 00 00 00 00 00 00 00 	0x00000000000000
  0x7820	1c 79 00 00 00 00 00 00 da 78 00 00 00 00 00 00 	0y0000000x000000
  0x7830	f2 78 00 00 00 00 00 00 0a 79 00 00 00 00 00 00 	0x0000000y000000
  0x7840	c6 78 00 00 00 00 00 00 00 00 00 00 00 00 00 00 	0x00000000000000
  0x7850	54 00 53 74 72 69 6e 67 46 72 6f 6d 47 55 49 44 	T0StringFromGUID
  0x7860	32 00 46 00 43 6f 55 6e 69 6e 69 74 69 61 6c 69 	20F0CoUninitiali
  0x7870	7a 65 00 00 09 00 43 6f 43 72 65 61 74 65 49 6e 	ze0000CoCreateIn
  0x7880	73 74 61 6e 63 65 00 00 34 00 43 6f 52 65 67 69 	stance0040CoRegi
  0x7890	73 74 65 72 43 6c 61 73 73 4f 62 6a 65 63 74 00 	sterClassObject0
  0x78a0	3c 00 43 6f 52 65 76 6f 6b 65 43 6c 61 73 73 4f 	<0CoRevokeClassO
  0x78b0	62 6a 65 63 74 00 60 00 43 6f 49 6e 69 74 69 61 	bject0`0CoInitia
  0x78c0	6c 69 7a 65 00 00 07 00 57 65 72 52 65 70 6f 72 	lize0000WerRepor
  0x78d0	74 41 64 64 44 75 6d 70 00 00 0b 00 57 65 72 52 	tAddDump0000WerR
  0x78e0	65 70 6f 72 74 53 65 74 50 61 72 61 6d 65 74 65 	eportSetParamete
  0x78f0	72 00 09 00 57 65 72 52 65 70 6f 72 74 43 6c 6f 	r000WerReportClo
  0x7900	73 65 48 61 6e 64 6c 65 00 00 0d 00 57 65 72 52 	seHandle0000WerR
  0x7910	65 70 6f 72 74 53 75 62 6d 69 74 00 0a 00 57 65 	eportSubmit000We
  0x7920	72 52 65 70 6f 72 74 43 72 65 61 74 65 00 00 00 	rReportCreate000
  0x7930	00 00 00 00 00 00 00 00 00 00 00 00 00 00 00 00 	0000000000000000
  0x7940	00 00 00 00 00 00 00 00 00 00 00 00 00 00 00 00 	0000000000000000
  0x7950	00 00 00 00 00 00 00 00 00 00 00 00 00 00 00 00 	0000000000000000
  0x7960	00 00 00 00 00 00 00 00 00 00 00 00 00 00 00 00 	0000000000000000
  0x7970	00 00 00 00 00 00 00 00 00 00 00 00 00 00 00 00 	0000000000000000
  0x7980	00 00 00 00 00 00 00 00 00 00 00 00 00 00 00 00 	0000000000000000
  0x7990	00 00 00 00 00 00 00 00 00 00 00 00 00 00 00 00 	0000000000000000
  0x79a0	b8 7a 00 00 00 00 00 00 00 00 00 00 28 7e 00 00 	0z0000000000(~00
  0x79b0	68 64 00 00 e8 7a 00 00 00 00 00 00 00 00 00 00 	hd000z0000000000
  0x79c0	6e 7f 00 00 98 64 00 00 f8 7b 00 00 00 00 00 00 	n0000d000{000000
  0x79d0	00 00 00 00 e2 7f 00 00 a8 65 00 00 e8 7c 00 00 	000000000e000|00
  0x79e0	00 00 00 00 00 00 00 00 ee 80 00 00 98 66 00 00 	0000000000000f00
  0x79f0	c0 7b 00 00 00 00 00 00 00 00 00 00 6a 82 00 00 	0{0000000000j000
  0x7a00	70 65 00 00 a0 7c 00 00 00 00 00 00 00 00 00 00 	pe000|0000000000
  0x7a10	78 82 00 00 50 66 00 00 b0 7c 00 00 00 00 00 00 	x000Pf000|000000
  0x7a20	00 00 00 00 a2 82 00 00 60 66 00 00 50 7c 00 00 	00000000`f00P|00
  0x7a30	00 00 00 00 00 00 00 00 ce 82 00 00 00 66 00 00 	0000000000000f00
  0x7a40	80 7c 00 00 00 00 00 00 00 00 00 00 f8 82 00 00 	0|00000000000000
  0x7a50	30 66 00 00 38 7c 00 00 00 00 00 00 00 00 00 00 	0f008|0000000000
  0x7a60	1e 83 00 00 e8 65 00 00 70 7c 00 00 00 00 00 00 	00000e00p|000000
  0x7a70	00 00 00 00 48 83 00 00 20 66 00 00 c0 7c 00 00 	0000H000 f000|00
  0x7a80	00 00 00 00 00 00 00 00 6c 83 00 00 70 66 00 00 	00000000l000pf00
  0x7a90	d8 7c 00 00 00 00 00 00 00 00 00 00 7c 84 00 00 	0|0000000000|000
  0x7aa0	88 66 00 00 00 00 00 00 00 00 00 00 00 00 00 00 	0f00000000000000
  0x7ab0	00 00 00 00 00 00 00 00 e0 7d 00 00 00 00 00 00 	000000000}000000
  0x7ac0	f0 7d 00 00 00 00 00 00 06 7e 00 00 00 00 00 00 	0}0000000~000000
  0x7ad0	1a 7e 00 00 00 00 00 00 d0 7d 00 00 00 00 00 00 	0~0000000}000000
  0x7ae0	00 00 00 00 00 00 00 00 36 7e 00 00 00 00 00 00 	000000006~000000
  0x7af0	48 7e 00 00 00 00 00 00 5c 7e 00 00 00 00 00 00 	H~0000000~000000
  0x7b00	72 7e 00 00 00 00 00 00 8e 7e 00 00 00 00 00 00 	r~0000000~000000
  0x7b10	a4 7e 00 00 00 00 00 00 ba 7e 00 00 00 00 00 00 	0~0000000~000000
  0x7b20	ca 7e 00 00 00 00 00 00 d2 7e 00 00 00 00 00 00 	0~0000000~000000
  0x7b30	e2 7e 00 00 00 00 00 00 ee 7e 00 00 00 00 00 00 	0~0000000~000000
  0x7b40	fc 7e 00 00 00 00 00 00 0e 7f 00 00 00 00 00 00 	0~00000000000000
  0x7b50	1e 7f 00 00 00 00 00 00 30 7f 00 00 00 00 00 00 	0000000000000000
  0x7b60	48 7f 00 00 00 00 00 00 5c 7f 00 00 00 00 00 00 	H000000000000000
  0x7b70	90 83 00 00 00 00 00 00 b2 83 00 00 00 00 00 00 	0000000000000000
  0x7b80	c4 83 00 00 00 00 00 00 dc 83 00 00 00 00 00 00 	0000000000000000
  0x7b90	f0 83 00 00 00 00 00 00 06 84 00 00 00 00 00 00 	0000000000000000
  0x7ba0	1e 84 00 00 00 00 00 00 30 84 00 00 00 00 00 00 	0000000000000000
  0x7bb0	48 84 00 00 00 00 00 00 00 00 00 00 00 00 00 00 	H000000000000000
  0x7bc0	07 00 00 00 00 00 00 80 02 00 00 00 00 00 00 80 	0000000000000000
  0x7bd0	a3 00 00 00 00 00 00 80 06 00 00 00 00 00 00 80 	0000000000000000
  0x7be0	a1 00 00 00 00 00 00 80 ba 00 00 00 00 00 00 80 	0000000000000000
  0x7bf0	00 00 00 00 00 00 00 00 a6 7f 00 00 00 00 00 00 	0000000000000000
  0x7c00	b2 7f 00 00 00 00 00 00 c6 7f 00 00 00 00 00 00 	0000000000000000
  0x7c10	d4 7f 00 00 00 00 00 00 56 84 00 00 00 00 00 00 	00000000V0000000
  0x7c20	7c 7f 00 00 00 00 00 00 92 7f 00 00 00 00 00 00 	|000000000000000
  0x7c30	00 00 00 00 00 00 00 00 de 81 00 00 00 00 00 00 	0000000000000000
  0x7c40	c2 81 00 00 00 00 00 00 00 00 00 00 00 00 00 00 	0000000000000000
  0x7c50	6e 81 00 00 00 00 00 00 fc 81 00 00 00 00 00 00 	n000000000000000
  0x7c60	2a 82 00 00 00 00 00 00 00 00 00 00 00 00 00 00 	*000000000000000
  0x7c70	10 82 00 00 00 00 00 00 00 00 00 00 00 00 00 00 	0000000000000000
  0x7c80	ae 81 00 00 00 00 00 00 94 81 00 00 00 00 00 00 	0000000000000000
  0x7c90	80 81 00 00 00 00 00 00 00 00 00 00 00 00 00 00 	0000000000000000
  0x7ca0	4e 81 00 00 00 00 00 00 00 00 00 00 00 00 00 00 	N000000000000000
  0x7cb0	62 81 00 00 00 00 00 00 00 00 00 00 00 00 00 00 	b000000000000000
  0x7cc0	40 82 00 00 00 00 00 00 5a 82 00 00 00 00 00 00 	@0000000Z0000000
  0x7cd0	00 00 00 00 00 00 00 00 6a 84 00 00 00 00 00 00 	00000000j0000000
  0x7ce0	00 00 00 00 00 00 00 00 ce 80 00 00 00 00 00 00 	0000000000000000
  0x7cf0	d8 80 00 00 00 00 00 00 c2 80 00 00 00 00 00 00 	0000000000000000
  0x7d00	ae 80 00 00 00 00 00 00 22 81 00 00 00 00 00 00 	00000000"0000000
  0x7d10	30 81 00 00 00 00 00 00 e2 80 00 00 00 00 00 00 	0000000000000000
  0x7d20	a4 80 00 00 00 00 00 00 9c 80 00 00 00 00 00 00 	0000000000000000
  0x7d30	94 80 00 00 00 00 00 00 fa 80 00 00 00 00 00 00 	0000000000000000
  0x7d40	a0 84 00 00 00 00 00 00 82 80 00 00 00 00 00 00 	0000000000000000
  0x7d50	70 80 00 00 00 00 00 00 62 80 00 00 00 00 00 00 	p0000000b0000000
  0x7d60	54 80 00 00 00 00 00 00 10 81 00 00 00 00 00 00 	T000000000000000
  0x7d70	48 80 00 00 00 00 00 00 3e 80 00 00 00 00 00 00 	H0000000>0000000
  0x7d80	32 80 00 00 00 00 00 00 2a 80 00 00 00 00 00 00 	20000000*0000000
  0x7d90	1e 80 00 00 00 00 00 00 12 80 00 00 00 00 00 00 	0000000000000000
  0x7da0	06 80 00 00 00 00 00 00 ee 7f 00 00 00 00 00 00 	0000000000000000
  0x7db0	3a 81 00 00 00 00 00 00 18 81 00 00 00 00 00 00 	:000000000000000
  0x7dc0	aa 84 00 00 00 00 00 00 00 00 00 00 00 00 00 00 	0000000000000000
  0x7dd0	81 02 52 65 67 47 65 74 56 61 6c 75 65 57 00 00 	00RegGetValueW00
  0x7de0	8c 02 52 65 67 4f 70 65 6e 4b 65 79 45 78 57 00 	00RegOpenKeyExW0
  0x7df0	29 01 45 76 65 6e 74 57 72 69 74 65 54 72 61 6e 	)0EventWriteTran
  0x7e00	73 66 65 72 00 00 93 02 52 65 67 51 75 65 72 79 	sfer0000RegQuery
  0x7e10	49 6e 66 6f 4b 65 79 57 00 00 5b 02 52 65 67 43 	InfoKeyW00[0RegC
  0x7e20	6c 6f 73 65 4b 65 79 00 41 44 56 41 50 49 33 32 	loseKey0ADVAPI32
  0x7e30	2e 64 6c 6c 00 00 e0 01 47 65 74 43 6f 6d 6d 61 	.dll0000GetComma
  0x7e40	6e 64 4c 69 6e 65 57 00 20 02 47 65 74 43 75 72 	ndLineW0 0GetCur
  0x7e50	72 65 6e 74 50 72 6f 63 65 73 73 00 7d 02 47 65 	rentProcess0}0Ge
  0x7e60	74 4d 6f 64 75 6c 65 46 69 6c 65 4e 61 6d 65 57 	tModuleFileNameW
  0x7e70	00 00 6a 03 49 6e 69 74 69 61 6c 69 7a 65 43 72 	00j0InitializeCr
  0x7e80	69 74 69 63 61 6c 53 65 63 74 69 6f 6e 00 ea 05 	iticalSection000
  0x7e90	57 61 69 74 46 6f 72 53 69 6e 67 6c 65 4f 62 6a 	WaitForSingleObj
  0x7ea0	65 63 74 00 25 02 47 65 74 43 75 72 72 65 6e 74 	ect0%0GetCurrent
  0x7eb0	54 68 72 65 61 64 49 64 00 00 c2 00 43 72 65 61 	ThreadId0000Crea
  0x7ec0	74 65 45 76 65 6e 74 57 00 00 8f 05 53 6c 65 65 	teEventW0000Slee
  0x7ed0	70 00 6a 02 47 65 74 4c 61 73 74 45 72 72 6f 72 	p0j0GetLastError
  0x7ee0	00 00 26 05 53 65 74 45 76 65 6e 74 00 00 89 00 	00&0SetEvent0000
  0x7ef0	43 6c 6f 73 65 48 61 6e 64 6c 65 00 68 04 52 61 	CloseHandle0h0Ra
  0x7f00	69 73 65 45 78 63 65 70 74 69 6f 6e 00 00 f5 00 	iseException0000
  0x7f10	43 72 65 61 74 65 54 68 72 65 61 64 00 00 b8 02 	CreateThread0000
  0x7f20	47 65 74 50 72 6f 63 41 64 64 72 65 73 73 00 00 	GetProcAddress00
  0x7f30	14 01 44 65 6c 65 74 65 43 72 69 74 69 63 61 6c 	00DeleteCritical
  0x7f40	53 65 63 74 69 6f 6e 00 81 02 47 65 74 4d 6f 64 	Section000GetMod
  0x7f50	75 6c 65 48 61 6e 64 6c 65 57 00 00 ca 03 4c 6f 	uleHandleW0000Lo
  0x7f60	61 64 4c 69 62 72 61 72 79 45 78 57 00 00 4b 45 	adLibraryExW00KE
  0x7f70	52 4e 45 4c 33 32 2e 64 6c 6c 00 00 b2 02 50 6f 	RNEL32.dll0000Po
  0x7f80	73 74 54 68 72 65 61 64 4d 65 73 73 61 67 65 57 	stThreadMessageW
  0x7f90	00 00 ad 03 54 72 61 6e 73 6c 61 74 65 4d 65 73 	0000TranslateMes
  0x7fa0	73 61 67 65 00 00 34 00 43 68 61 72 4e 65 78 74 	sage0040CharNext
  0x7fb0	57 00 bd 00 44 69 73 70 61 74 63 68 4d 65 73 73 	W000DispatchMess
  0x7fc0	61 67 65 57 00 00 3f 00 43 68 61 72 55 70 70 65 	ageW00?0CharUppe
  0x7fd0	72 57 00 00 89 01 47 65 74 4d 65 73 73 61 67 65 	rW0000GetMessage
  0x7fe0	57 00 55 53 45 52 33 32 2e 64 6c 6c 00 00 57 00 	W0USER32.dll00W0
  0x7ff0	5f 5f 43 5f 73 70 65 63 69 66 69 63 5f 68 61 6e 	__C_specific_han
  0x8000	64 6c 65 72 00 00 05 05 77 63 73 63 70 79 5f 73 	dler0000wcscpy_s
  0x8010	00 00 00 05 77 63 73 63 61 74 5f 73 00 00 9e 02 	0000wcscat_s0000
  0x8020	5f 70 75 72 65 63 61 6c 6c 00 4c 04 66 72 65 65 	_purecall0L0free
  0x8030	00 00 0d 05 77 63 73 6e 63 70 79 5f 73 00 86 04 	0000wcsncpy_s000
  0x8040	6d 61 6c 6c 6f 63 00 00 bf 00 5f 63 61 6c 6c 6e 	malloc0000_calln
  0x8050	65 77 68 00 55 00 5f 58 63 70 74 46 69 6c 74 65 	ewh0U0_XcptFilte
  0x8060	72 00 ae 00 5f 61 6d 73 67 5f 65 78 69 74 00 00 	r000_amsg_exit00
  0x8070	9d 00 5f 5f 77 67 65 74 6d 61 69 6e 61 72 67 73 	00__wgetmainargs
  0x8080	00 00 8e 00 5f 5f 73 65 74 5f 61 70 70 5f 74 79 	0000__set_app_ty
  0x8090	70 65 00 00 32 04 65 78 69 74 00 00 0e 01 5f 65 	pe0020exit0000_e
  0x80a0	78 69 74 00 c1 00 5f 63 65 78 69 74 00 00 90 00 	xit000_cexit0000
  0x80b0	5f 5f 73 65 74 75 73 65 72 6d 61 74 68 65 72 72 	__setusermatherr
  0x80c0	00 00 7d 01 5f 69 6e 69 74 74 65 72 6d 00 82 03 	00}0_initterm000
  0x80d0	5f 77 63 6d 64 6c 6e 00 27 01 5f 66 6d 6f 64 65 	_wcmdln0'0_fmode
  0x80e0	00 00 d2 00 5f 63 6f 6d 6d 6f 64 65 00 00 6d 73 	0000_commode00ms
  0x80f0	76 63 72 74 2e 64 6c 6c 00 00 5b 00 5f 5f 43 78 	vcrt.dll00[0__Cx
  0x8100	78 46 72 61 6d 65 48 61 6e 64 6c 65 72 33 00 00 	xFrameHandler300
  0x8110	e6 01 5f 6c 6f 63 6b 00 41 03 5f 75 6e 6c 6f 63 	00_lock0A0_unloc
  0x8120	6b 00 7b 00 5f 5f 64 6c 6c 6f 6e 65 78 69 74 00 	k0{0__dllonexit0
  0x8130	90 02 5f 6f 6e 65 78 69 74 00 2f 00 3f 74 65 72 	00_onexit0/0?ter
  0x8140	6d 69 6e 61 74 65 40 40 59 41 58 58 5a 00 18 00 	minate@@YAXXZ000
  0x8150	50 61 74 68 46 69 6e 64 46 69 6c 65 4e 61 6d 65 	PathFindFileName
  0x8160	57 00 00 00 51 49 53 65 61 72 63 68 00 00 20 00 	W000QISearch00 0
  0x8170	47 65 74 53 74 61 72 74 75 70 49 6e 66 6f 57 00 	GetStartupInfoW0
  0x8180	f3 02 52 74 6c 43 61 70 74 75 72 65 43 6f 6e 74 	00RtlCaptureCont
  0x8190	65 78 74 00 e9 04 52 74 6c 4c 6f 6f 6b 75 70 46 	ext000RtlLookupF
  0x81a0	75 6e 63 74 69 6f 6e 45 6e 74 72 79 00 00 28 06 	unctionEntry00(0
  0x81b0	52 74 6c 56 69 72 74 75 61 6c 55 6e 77 69 6e 64 	RtlVirtualUnwind
  0x81c0	00 00 11 00 55 6e 68 61 6e 64 6c 65 64 45 78 63 	0000UnhandledExc
  0x81d0	65 70 74 69 6f 6e 46 69 6c 74 65 72 00 00 0f 00 	eptionFilter0000
  0x81e0	53 65 74 55 6e 68 61 6e 64 6c 65 64 45 78 63 65 	SetUnhandledExce
  0x81f0	70 74 69 6f 6e 46 69 6c 74 65 72 00 4f 00 54 65 	ptionFilter0O0Te
  0x8200	72 6d 69 6e 61 74 65 50 72 6f 63 65 73 73 00 00 	rminateProcess00
  0x8210	00 00 51 75 65 72 79 50 65 72 66 6f 72 6d 61 6e 	00QueryPerforman
  0x8220	63 65 43 6f 75 6e 74 65 72 00 0d 00 47 65 74 43 	ceCounter000GetC
  0x8230	75 72 72 65 6e 74 50 72 6f 63 65 73 73 49 64 00 	urrentProcessId0
  0x8240	16 00 47 65 74 53 79 73 74 65 6d 54 69 6d 65 41 	00GetSystemTimeA
  0x8250	73 46 69 6c 65 54 69 6d 65 00 1a 00 47 65 74 54 	sFileTime000GetT
  0x8260	69 63 6b 43 6f 75 6e 74 00 00 4f 4c 45 41 55 54 	ickCount00OLEAUT
  0x8270	33 32 2e 64 6c 6c 00 00 61 70 69 2d 6d 73 2d 77 	32.dll00api-ms-w
  0x8280	69 6e 2d 63 6f 72 65 2d 73 68 6c 77 61 70 69 2d 	in-core-shlwapi-
  0x8290	6c 65 67 61 63 79 2d 6c 31 2d 31 2d 30 2e 64 6c 	legacy-l1-1-0.dl
  0x82a0	6c 00 61 70 69 2d 6d 73 2d 77 69 6e 2d 63 6f 72 	l0api-ms-win-cor
  0x82b0	65 2d 73 68 6c 77 61 70 69 2d 6f 62 73 6f 6c 65 	e-shlwapi-obsole
  0x82c0	74 65 2d 6c 31 2d 31 2d 30 2e 64 6c 6c 00 61 70 	te-l1-1-0.dll0ap
  0x82d0	69 2d 6d 73 2d 77 69 6e 2d 63 6f 72 65 2d 70 72 	i-ms-win-core-pr
  0x82e0	6f 63 65 73 73 74 68 72 65 61 64 73 2d 6c 31 2d 	ocessthreads-l1-
  0x82f0	31 2d 30 2e 64 6c 6c 00 61 70 69 2d 6d 73 2d 77 	1-0.dll0api-ms-w
  0x8300	69 6e 2d 63 6f 72 65 2d 72 74 6c 73 75 70 70 6f 	in-core-rtlsuppo
  0x8310	72 74 2d 6c 31 2d 31 2d 30 2e 64 6c 6c 00 61 70 	rt-l1-1-0.dll0ap
  0x8320	69 2d 6d 73 2d 77 69 6e 2d 63 6f 72 65 2d 65 72 	i-ms-win-core-er
  0x8330	72 6f 72 68 61 6e 64 6c 69 6e 67 2d 6c 31 2d 31 	rorhandling-l1-1
  0x8340	2d 30 2e 64 6c 6c 00 00 61 70 69 2d 6d 73 2d 77 	-0.dll00api-ms-w
  0x8350	69 6e 2d 63 6f 72 65 2d 70 72 6f 66 69 6c 65 2d 	in-core-profile-
  0x8360	6c 31 2d 31 2d 30 2e 64 6c 6c 00 00 61 70 69 2d 	l1-1-0.dll00api-
  0x8370	6d 73 2d 77 69 6e 2d 63 6f 72 65 2d 73 79 73 69 	ms-win-core-sysi
  0x8380	6e 66 6f 2d 6c 31 2d 31 2d 30 2e 64 6c 6c 00 00 	nfo-l1-1-0.dll00
  0x8390	e8 05 57 61 69 74 46 6f 72 54 68 72 65 61 64 70 	00WaitForThreadp
  0x83a0	6f 6f 6c 54 69 6d 65 72 43 61 6c 6c 62 61 63 6b 	oolTimerCallback
  0x83b0	73 00 30 01 44 75 70 6c 69 63 61 74 65 48 61 6e 	s000DuplicateHan
  0x83c0	64 6c 65 00 93 00 43 6c 6f 73 65 54 68 72 65 61 	dle000CloseThrea
  0x83d0	64 70 6f 6f 6c 54 69 6d 65 72 00 00 22 02 47 65 	dpoolTimer00"0Ge
  0x83e0	74 43 75 72 72 65 6e 74 54 68 72 65 61 64 00 00 	tCurrentThread00
  0x83f0	73 05 53 65 74 54 68 72 65 61 64 70 6f 6f 6c 54 	s0SetThreadpoolT
  0x8400	69 6d 65 72 00 00 f7 00 43 72 65 61 74 65 54 68 	imer0000CreateTh
  0x8410	72 65 61 64 70 6f 6f 6c 54 69 6d 65 72 00 c9 03 	readpoolTimer000
  0x8420	4c 6f 61 64 4c 69 62 72 61 72 79 45 78 41 00 00 	LoadLibraryExA00
  0x8430	11 01 44 65 6c 61 79 4c 6f 61 64 46 61 69 6c 75 	00DelayLoadFailu
  0x8440	72 65 48 6f 6f 6b 00 00 b4 01 46 72 65 65 4c 69 	reHook0000FreeLi
  0x8450	62 72 61 72 79 00 b7 03 55 6e 72 65 67 69 73 74 	brary000Unregist
  0x8460	65 72 43 6c 61 73 73 41 00 00 01 00 53 48 43 72 	erClassA0000SHCr
  0x8470	65 61 74 65 54 68 72 65 61 64 00 00 61 70 69 2d 	eateThread00api-
  0x8480	6d 73 2d 77 69 6e 2d 73 68 63 6f 72 65 2d 74 68 	ms-win-shcore-th
  0x8490	72 65 61 64 2d 6c 31 2d 31 2d 30 2e 64 6c 6c 00 	read-l1-1-0.dll0
  0x84a0	91 04 6d 65 6d 63 6d 70 00 00 96 04 6d 65 6d 73 	00memcmp0000mems
  0x84b0	65 74 00 00 00 00 00 00 00 00 00 00 00 00 00 00 	et00000000000000
  0x84c0	00 00 00 00 00 00 00 00 00 00 00 00 00 00 00 00 	0000000000000000
  0x84d0	00 00 00 00 00 00 00 00 00 00 00 00 00 00 00 00 	0000000000000000
  0x84e0	00 00 00 00 00 00 00 00 00 00 00 00 00 00 00 00 	0000000000000000
  0x84f0	00 00 00 00 00 00 00 00 00 00 00 00 00 00 00 00 	0000000000000000
  0x8500	00 00 00 00 00 00 00 00 00 00 00 00 00 00 00 00 	0000000000000000
  0x8510	00 00 00 00 00 00 00 00 00 00 00 00 00 00 00 00 	0000000000000000
  0x8520	00 00 00 00 00 00 00 00 00 00 00 00 00 00 00 00 	0000000000000000
  0x8530	00 00 00 00 00 00 00 00 00 00 00 00 00 00 00 00 	0000000000000000
  0x8540	00 00 00 00 00 00 00 00 00 00 00 00 00 00 00 00 	0000000000000000
  0x8550	00 00 00 00 00 00 00 00 00 00 00 00 00 00 00 00 	0000000000000000
  0x8560	00 00 00 00 00 00 00 00 00 00 00 00 00 00 00 00 	0000000000000000
  0x8570	00 00 00 00 00 00 00 00 00 00 00 00 00 00 00 00 	0000000000000000
  0x8580	00 00 00 00 00 00 00 00 00 00 00 00 00 00 00 00 	0000000000000000
  0x8590	00 00 00 00 00 00 00 00 00 00 00 00 00 00 00 00 	0000000000000000
  0x85a0	00 00 00 00 00 00 00 00 00 00 00 00 00 00 00 00 	0000000000000000
  0x85b0	00 00 00 00 00 00 00 00 00 00 00 00 00 00 00 00 	0000000000000000
  0x85c0	00 00 00 00 00 00 00 00 00 00 00 00 00 00 00 00 	0000000000000000
  0x85d0	00 00 00 00 00 00 00 00 00 00 00 00 00 00 00 00 	0000000000000000
  0x85e0	00 00 00 00 00 00 00 00 00 00 00 00 00 00 00 00 	0000000000000000
  0x85f0	00 00 00 00 00 00 00 00 00 00 00 00 00 00 00 00 	0000000000000000
=== DATA BLOCK END ===

=== DATA BLOCK ADDRESS 0x9000 ===
  0x9000	78 6c 00 40 01 00 00 00 20 20 00 40 01 00 00 00 	xl0@0000  0@0000
  0x9010	f0 34 00 40 01 00 00 00 50 33 00 40 01 00 00 00 	040@0000P30@0000
  0x9020	00 00 00 00 00 00 00 00 00 00 00 00 00 00 00 00 	0000000000000000
  0x9030	20 20 00 40 01 00 00 00 20 20 00 40 01 00 00 00 	  0@0000  0@0000
  0x9040	50 21 00 40 01 00 00 00 00 00 00 00 00 00 00 00 	P!0@000000000000
  0x9050	00 00 00 00 00 00 00 00 00 00 00 00 00 00 00 00 	0000000000000000
  0x9060	00 00 00 00 00 00 00 00 00 00 00 00 00 00 00 00 	0000000000000000
  0x9070	00 00 00 00 00 00 00 00 00 00 29 00 00 00 00 00 	0000000000)00000
  0x9080	c0 97 00 40 01 00 00 00 d0 6d 00 40 01 00 00 00 	000@00000m0@0000
  0x9090	18 6f 00 40 01 00 00 00 00 00 00 00 00 00 00 00 	0o0@000000000000
  0x90a0	00 00 00 00 00 00 00 00 00 00 00 40 01 00 00 00 	00000000000@0000
  0x90b0	50 77 00 40 01 00 00 00 58 77 00 40 01 00 00 00 	Pw0@0000Xw0@0000
  0x90c0	00 00 00 00 00 00 00 00 00 00 00 00 00 00 00 00 	0000000000000000
  0x90d0	00 00 00 00 00 00 00 00 00 00 00 00 00 00 00 00 	0000000000000000
  0x90e0	00 00 00 00 00 00 00 00 00 00 00 00 00 00 00 00 	0000000000000000
  0x90f0	60 00 00 00 00 00 00 00 00 00 00 40 01 00 00 00 	`0000000000@0000
  0x9100	00 00 00 40 01 00 00 00 01 00 00 00 00 08 00 00 	000@000000000000
  0x9110	68 6f 00 40 01 00 00 00 00 00 00 00 00 00 00 00 	ho0@000000000000
  0x9120	00 00 00 00 00 00 00 00 00 00 00 00 00 00 00 00 	0000000000000000
  0x9130	00 00 00 00 00 00 00 00 00 00 00 00 00 00 00 00 	0000000000000000
  0x9140	00 00 00 00 00 00 00 00 00 00 00 00 00 00 00 00 	0000000000000000
  0x9150	01 00 00 00 00 00 00 00 32 a2 df 2d 99 2b 00 00 	00000000200-0+00
  0x9160	cd 5d 20 d2 66 d4 ff ff 00 00 00 00 00 00 00 00 	0] 0f00000000000
  0x9170	48 00 00 00 00 00 00 00 00 00 00 00 00 00 00 00 	H000000000000000
  0x9180	00 00 00 00 00 00 00 00 00 00 00 00 00 00 00 00 	0000000000000000
  0x9190	00 00 00 00 00 00 00 00 00 00 00 00 00 00 00 00 	0000000000000000
  0x91a0	00 00 00 00 00 00 00 00 00 00 00 00 00 00 00 00 	0000000000000000
  0x91b0	00 00 00 00 00 00 00 00 00 00 00 00 00 00 00 00 	0000000000000000
  0x91c0	00 00 00 00 00 00 00 00 00 00 00 00 00 00 00 00 	0000000000000000
  0x91d0	00 00 00 00 00 00 00 00 00 00 00 00 00 00 00 00 	0000000000000000
  0x91e0	00 00 00 00 00 00 00 00 00 00 00 00 00 00 00 00 	0000000000000000
  0x91f0	00 00 00 00 00 00 00 00 00 00 00 00 00 00 00 00 	0000000000000000
=== DATA BLOCK END ===

=== DATA BLOCK ADDRESS 0xa000 ===
  0xa000	30 10 00 00 37 11 00 00 f4 74 00 00 40 11 00 00 	000070000t00@000
  0xa010	77 11 00 00 00 74 00 00 80 11 00 00 b7 11 00 00 	w0000t0000000000
  0xa020	00 74 00 00 c0 11 00 00 f2 11 00 00 00 74 00 00 	0t00000000000t00
  0xa030	1c 12 00 00 3b 12 00 00 00 74 00 00 44 12 00 00 	0000;0000t00D000
  0xa040	6b 12 00 00 08 74 00 00 74 12 00 00 99 12 00 00 	k0000t00t0000000
  0xa050	00 74 00 00 a0 12 00 00 d4 13 00 00 30 74 00 00 	0t00000000000t00
  0xa060	dc 13 00 00 6a 14 00 00 3c 74 00 00 a0 14 00 00 	0000j000<t000000
  0xa070	1d 15 00 00 4c 74 00 00 24 15 00 00 16 16 00 00 	0000Lt00$0000000
  0xa080	5c 74 00 00 1c 16 00 00 f1 16 00 00 70 74 00 00 	0t0000000000pt00
  0xa090	f8 16 00 00 c4 18 00 00 7c 74 00 00 cc 18 00 00 	00000000|t000000
  0xa0a0	e3 1a 00 00 98 74 00 00 ec 1a 00 00 12 20 00 00 	00000t0000000 00
  0xa0b0	b8 74 00 00 2c 20 00 00 43 21 00 00 dc 74 00 00 	0t00, 00C!000t00
  0xa0c0	60 21 00 00 c4 21 00 00 00 74 00 00 d0 21 00 00 	`!000!000t000!00
  0xa0d0	fa 21 00 00 00 74 00 00 40 22 00 00 70 22 00 00 	0!000t00@"00p"00
  0xa0e0	f4 74 00 00 78 22 00 00 da 22 00 00 fc 74 00 00 	0t00x"000"000t00
  0xa0f0	e0 22 00 00 41 25 00 00 04 75 00 00 50 25 00 00 	0"00A%000u00P%00
  0xa100	e5 25 00 00 5c 74 00 00 10 26 00 00 41 26 00 00 	0%000t000&00A&00
  0xa110	f4 74 00 00 50 26 00 00 d6 26 00 00 24 75 00 00 	0t00P&000&00$u00
  0xa120	e0 26 00 00 66 27 00 00 24 75 00 00 70 27 00 00 	0&00f'00$u00p'00
  0xa130	e7 27 00 00 f4 74 00 00 f0 27 00 00 61 28 00 00 	0'000t000'00a(00
  0xa140	f4 74 00 00 70 28 00 00 f6 28 00 00 24 75 00 00 	0t00p(000(00$u00
  0xa150	00 29 00 00 86 29 00 00 24 75 00 00 90 29 00 00 	0)000)00$u000)00
  0xa160	07 2a 00 00 f4 74 00 00 10 2a 00 00 87 2a 00 00 	0*000t000*000*00
  0xa170	f4 74 00 00 90 2a 00 00 07 2b 00 00 f4 74 00 00 	0t000*000+000t00
  0xa180	10 2b 00 00 96 2b 00 00 24 75 00 00 a0 2b 00 00 	0+000+00$u000+00
  0xa190	17 2c 00 00 f4 74 00 00 20 2c 00 00 a6 2c 00 00 	0,000t00 ,000,00
  0xa1a0	24 75 00 00 ac 2c 00 00 0d 2d 00 00 00 74 00 00 	$u000,000-000t00
  0xa1b0	20 2d 00 00 50 2d 00 00 30 75 00 00 58 2d 00 00 	 -00P-000u00X-00
  0xa1c0	8b 2e 00 00 3c 75 00 00 a0 2e 00 00 45 2f 00 00 	0.00<u000.00E/00
  0xa1d0	48 75 00 00 50 2f 00 00 07 30 00 00 3c 74 00 00 	Hu00P/000000<t00
  0xa1e0	10 30 00 00 40 31 00 00 5c 75 00 00 50 31 00 00 	0000@1000u00P100
  0xa1f0	80 31 00 00 30 75 00 00 88 31 00 00 cf 31 00 00 	01000u0001000100
  0xa200	fc 74 00 00 10 32 00 00 60 32 00 00 f4 74 00 00 	0t000200`2000t00
  0xa210	68 32 00 00 45 33 00 00 3c 74 00 00 50 33 00 00 	h200E300<t00P300
  0xa220	df 34 00 00 70 75 00 00 f0 34 00 00 f9 35 00 00 	0400pu0004000500
  0xa230	88 75 00 00 00 36 00 00 55 38 00 00 a0 75 00 00 	0u000600U8000u00
  0xa240	5c 38 00 00 5d 3a 00 00 b4 75 00 00 90 3a 00 00 	0800]:000u000:00
  0xa250	09 3b 00 00 30 75 00 00 b0 3b 00 00 15 3c 00 00 	0;000u000;000<00
  0xa260	f4 74 00 00 20 3c 00 00 97 3c 00 00 30 75 00 00 	0t00 <000<000u00
  0xa270	e0 3c 00 00 57 3d 00 00 30 75 00 00 80 3d 00 00 	0<00W=000u000=00
  0xa280	db 3d 00 00 30 75 00 00 f0 3d 00 00 4a 3e 00 00 	0=000u000=00J>00
  0xa290	30 75 00 00 50 3e 00 00 c5 3e 00 00 f4 74 00 00 	0u00P>000>000t00
  0xa2a0	e0 3f 00 00 44 41 00 00 cc 75 00 00 4c 41 00 00 	0?00DA000u00LA00
  0xa2b0	c0 41 00 00 f4 74 00 00 f0 41 00 00 54 42 00 00 	0A000t000A00TB00
  0xa2c0	00 74 00 00 60 42 00 00 77 44 00 00 e0 75 00 00 	0t00`B00wD000u00
  0xa2d0	a4 44 00 00 dd 44 00 00 30 75 00 00 f0 44 00 00 	0D000D000u000D00
  0xa2e0	c3 45 00 00 00 74 00 00 d0 45 00 00 19 46 00 00 	0E000t000E000F00
  0xa2f0	fc 74 00 00 20 46 00 00 84 48 00 00 00 76 00 00 	0t00 F000H000v00
  0xa300	90 48 00 00 a2 48 00 00 00 74 00 00 c0 48 00 00 	0H000H000t000H00
  0xa310	de 48 00 00 38 76 00 00 e4 48 00 00 18 49 00 00 	0H008v000H000I00
  0xa320	f4 74 00 00 20 49 00 00 91 4a 00 00 44 76 00 00 	0t00 I000J00Dv00
  0xa330	98 4a 00 00 8f 4b 00 00 3c 76 00 00 98 4b 00 00 	0J000K00<v000K00
  0xa340	b7 4b 00 00 4c 76 00 00 c0 4b 00 00 4d 4c 00 00 	0K00Lv000K00ML00
  0xa350	b0 76 00 00 54 4c 00 00 6b 4c 00 00 00 74 00 00 	0v00TL00kL000t00
  0xa360	b0 4c 00 00 e9 4c 00 00 00 74 00 00 f0 4c 00 00 	0L000L000t000L00
  0xa370	08 4d 00 00 00 74 00 00 1c 4d 00 00 70 4d 00 00 	0M000t000M00pM00
  0xa380	d0 76 00 00 78 4d 00 00 bd 4d 00 00 f4 74 00 00 	0v00xM000M000t00
  0xa390	30 4e 00 00 7d 4e 00 00 f0 76 00 00 c4 4e 00 00 	0N00}N000v000N00
  0xa3a0	98 4f 00 00 14 77 00 00 f8 4f 00 00 15 50 00 00 	0O000w000O000P00
  0xa3b0	00 74 00 00 1c 50 00 00 77 50 00 00 24 77 00 00 	0t000P00wP00$w00
  0xa3c0	89 50 00 00 00 51 00 00 2c 77 00 00 5c 51 00 00 	0P000Q00,w000Q00
  0xa3d0	d3 51 00 00 34 77 00 00 e7 51 00 00 5e 52 00 00 	0Q004w000Q00^R00
  0xa3e0	3c 77 00 00 d0 52 00 00 d2 52 00 00 20 77 00 00 	<w000R000R00 w00
  0xa3f0	e0 52 00 00 00 53 00 00 28 74 00 00 06 53 00 00 	0R000S00(t000S00
  0xa400	24 53 00 00 28 74 00 00 2a 53 00 00 4a 53 00 00 	$S00(t00*S00JS00
  0xa410	a0 76 00 00 50 53 00 00 6b 53 00 00 28 74 00 00 	0v00PS00kS00(t00
  0xa420	80 53 00 00 a0 53 00 00 28 74 00 00 d0 53 00 00 	0S000S00(t000S00
  0xa430	4c 54 00 00 30 75 00 00 60 54 00 00 ab 54 00 00 	LT000u00`T000T00
  0xa440	00 74 00 00 c0 54 00 00 be 55 00 00 3c 74 00 00 	0t000T000U00<t00
  0xa450	00 00 00 00 00 00 00 00 00 00 00 00 00 00 00 00 	0000000000000000
  0xa460	00 00 00 00 00 00 00 00 00 00 00 00 00 00 00 00 	0000000000000000
  0xa470	00 00 00 00 00 00 00 00 00 00 00 00 00 00 00 00 	0000000000000000
  0xa480	00 00 00 00 00 00 00 00 00 00 00 00 00 00 00 00 	0000000000000000
  0xa490	00 00 00 00 00 00 00 00 00 00 00 00 00 00 00 00 	0000000000000000
  0xa4a0	00 00 00 00 00 00 00 00 00 00 00 00 00 00 00 00 	0000000000000000
  0xa4b0	00 00 00 00 00 00 00 00 00 00 00 00 00 00 00 00 	0000000000000000
  0xa4c0	00 00 00 00 00 00 00 00 00 00 00 00 00 00 00 00 	0000000000000000
  0xa4d0	00 00 00 00 00 00 00 00 00 00 00 00 00 00 00 00 	0000000000000000
  0xa4e0	00 00 00 00 00 00 00 00 00 00 00 00 00 00 00 00 	0000000000000000
  0xa4f0	00 00 00 00 00 00 00 00 00 00 00 00 00 00 00 00 	0000000000000000
  0xa500	00 00 00 00 00 00 00 00 00 00 00 00 00 00 00 00 	0000000000000000
  0xa510	00 00 00 00 00 00 00 00 00 00 00 00 00 00 00 00 	0000000000000000
  0xa520	00 00 00 00 00 00 00 00 00 00 00 00 00 00 00 00 	0000000000000000
  0xa530	00 00 00 00 00 00 00 00 00 00 00 00 00 00 00 00 	0000000000000000
  0xa540	00 00 00 00 00 00 00 00 00 00 00 00 00 00 00 00 	0000000000000000
  0xa550	00 00 00 00 00 00 00 00 00 00 00 00 00 00 00 00 	0000000000000000
  0xa560	00 00 00 00 00 00 00 00 00 00 00 00 00 00 00 00 	0000000000000000
  0xa570	00 00 00 00 00 00 00 00 00 00 00 00 00 00 00 00 	0000000000000000
  0xa580	00 00 00 00 00 00 00 00 00 00 00 00 00 00 00 00 	0000000000000000
  0xa590	00 00 00 00 00 00 00 00 00 00 00 00 00 00 00 00 	0000000000000000
  0xa5a0	00 00 00 00 00 00 00 00 00 00 00 00 00 00 00 00 	0000000000000000
  0xa5b0	00 00 00 00 00 00 00 00 00 00 00 00 00 00 00 00 	0000000000000000
  0xa5c0	00 00 00 00 00 00 00 00 00 00 00 00 00 00 00 00 	0000000000000000
  0xa5d0	00 00 00 00 00 00 00 00 00 00 00 00 00 00 00 00 	0000000000000000
  0xa5e0	00 00 00 00 00 00 00 00 00 00 00 00 00 00 00 00 	0000000000000000
  0xa5f0	00 00 00 00 00 00 00 00 00 00 00 00 00 00 00 00 	0000000000000000
=== DATA BLOCK END ===
