===== Assembly blocks =====

=== CODE BLOCK ADDRESS 0x1000 ===
=== CODE BLOCK END ===

=== DATA BLOCK ADDRESS 0x7000 ===
  0x7000	20 a1 00 40 01 00 00 00 c0 a1 00 40 01 00 00 00 	 00@0000000@0000
  0x7010	88 85 00 40 01 00 00 00 00 5e 00 40 01 00 00 00 	000@00000^0@0000
  0x7020	00 86 00 40 01 00 00 00 20 14 00 40 01 00 00 00 	000@0000 00@0000
  0x7030	00 14 00 40 01 00 00 00 78 86 00 40 01 00 00 00 	000@0000x00@0000
  0x7040	70 67 00 40 01 00 00 00 00 14 00 40 01 00 00 00 	pg0@0000000@0000
  0x7050	f8 86 00 40 01 00 00 00 70 67 00 40 01 00 00 00 	000@0000pg0@0000
  0x7060	00 14 00 40 01 00 00 00 50 22 00 40 01 00 00 00 	000@0000P"0@0000
  0x7070	90 21 00 40 01 00 00 00 00 00 00 00 00 00 00 00 	0!0@000000000000
  0x7080	18 01 00 00 00 00 00 00 00 00 00 00 00 00 00 00 	0000000000000000
  0x7090	00 00 00 00 00 00 00 00 00 00 00 00 00 00 00 00 	0000000000000000
  0x70a0	00 00 00 00 00 00 00 00 00 00 00 00 00 00 00 00 	0000000000000000
  0x70b0	00 00 00 00 00 00 00 00 00 00 00 00 00 00 00 00 	0000000000000000
  0x70c0	00 00 00 00 00 00 00 00 00 00 00 00 00 00 00 00 	0000000000000000
  0x70d0	00 00 00 00 00 00 00 00 e0 a0 00 40 01 00 00 00 	00000000000@0000
  0x70e0	00 00 00 00 00 00 00 00 00 00 00 00 00 00 00 00 	0000000000000000
  0x70f0	80 74 00 40 01 00 00 00 88 74 00 40 01 00 00 00 	0t0@00000t0@0000
  0x7100	30 75 00 40 01 00 00 00 24 00 00 00 00 00 00 00 	0u0@0000$0000000
  0x7110	00 75 01 00 00 00 00 00 00 00 00 00 00 00 00 00 	0u00000000000000
  0x7120	00 00 00 00 00 00 00 00 00 00 00 00 00 00 00 00 	0000000000000000
  0x7130	00 00 00 00 00 00 00 00 00 00 00 00 00 00 00 00 	0000000000000000
  0x7140	00 00 00 00 00 00 00 00 00 00 00 00 00 00 00 00 	0000000000000000
  0x7150	00 00 00 00 00 00 00 00 00 00 00 00 00 00 00 00 	0000000000000000
  0x7160	00 00 00 00 00 00 00 00 00 00 00 00 00 00 00 00 	0000000000000000
  0x7170	00 00 00 00 00 00 00 00 00 00 00 00 00 00 00 00 	0000000000000000
  0x7180	00 00 00 00 00 00 00 00 00 00 00 00 00 00 00 00 	0000000000000000
  0x7190	00 00 00 00 00 00 00 00 d0 96 00 00 00 00 00 00 	0000000000000000
  0x71a0	e6 96 00 00 00 00 00 00 fc 96 00 00 00 00 00 00 	0000000000000000
  0x71b0	08 97 00 00 00 00 00 00 18 97 00 00 00 00 00 00 	0000000000000000
  0x71c0	2c 97 00 00 00 00 00 00 42 97 00 00 00 00 00 00 	,0000000B0000000
  0x71d0	58 97 00 00 00 00 00 00 6e 97 00 00 00 00 00 00 	X0000000n0000000
  0x71e0	7e 97 00 00 00 00 00 00 90 97 00 00 00 00 00 00 	~000000000000000
  0x71f0	a0 97 00 00 00 00 00 00 b6 97 00 00 00 00 00 00 	0000000000000000
  0x7200	ce 97 00 00 00 00 00 00 e0 97 00 00 00 00 00 00 	0000000000000000
  0x7210	ee 97 00 00 00 00 00 00 fa 97 00 00 00 00 00 00 	0000000000000000
  0x7220	0c 98 00 00 00 00 00 00 1e 98 00 00 00 00 00 00 	0000000000000000
  0x7230	34 98 00 00 00 00 00 00 46 98 00 00 00 00 00 00 	40000000F0000000
  0x7240	5a 98 00 00 00 00 00 00 68 98 00 00 00 00 00 00 	Z0000000h0000000
  0x7250	00 00 00 00 00 00 00 00 e0 9b 00 00 00 00 00 00 	0000000000000000
  0x7260	f2 9b 00 00 00 00 00 00 06 9c 00 00 00 00 00 00 	0000000000000000
  0x7270	ce 9b 00 00 00 00 00 00 00 00 00 00 00 00 00 00 	0000000000000000
  0x7280	5c 9c 00 00 00 00 00 00 78 9c 00 00 00 00 00 00 	00000000x0000000
  0x7290	00 00 00 00 00 00 00 00 0e 9d 00 00 00 00 00 00 	0000000000000000
  0x72a0	00 00 00 00 00 00 00 00 96 9c 00 00 00 00 00 00 	0000000000000000
  0x72b0	aa 9c 00 00 00 00 00 00 00 00 00 00 00 00 00 00 	0000000000000000
  0x72c0	be 9c 00 00 00 00 00 00 00 00 00 00 00 00 00 00 	0000000000000000
  0x72d0	da 9c 00 00 00 00 00 00 00 00 00 00 00 00 00 00 	0000000000000000
  0x72e0	58 9e 00 00 00 00 00 00 00 00 00 00 00 00 00 00 	X000000000000000
  0x72f0	48 9c 00 00 00 00 00 00 2e 9c 00 00 00 00 00 00 	H0000000.0000000
  0x7300	1a 9c 00 00 00 00 00 00 00 00 00 00 00 00 00 00 	0000000000000000
  0x7310	f4 9c 00 00 00 00 00 00 00 00 00 00 00 00 00 00 	0000000000000000
  0x7320	80 99 00 00 00 00 00 00 a0 99 00 00 00 00 00 00 	0000000000000000
  0x7330	be 99 00 00 00 00 00 00 ce 99 00 00 00 00 00 00 	0000000000000000
  0x7340	da 99 00 00 00 00 00 00 f4 99 00 00 00 00 00 00 	0000000000000000
  0x7350	0e 9a 00 00 00 00 00 00 20 9a 00 00 00 00 00 00 	00000000 0000000
  0x7360	2c 9a 00 00 00 00 00 00 38 9a 00 00 00 00 00 00 	,000000080000000
  0x7370	5c 9a 00 00 00 00 00 00 7a 9a 00 00 00 00 00 00 	00000000z0000000
  0x7380	9c 9a 00 00 00 00 00 00 bc 9a 00 00 00 00 00 00 	0000000000000000
  0x7390	dc 9a 00 00 00 00 00 00 f2 9a 00 00 00 00 00 00 	0000000000000000
  0x73a0	06 9b 00 00 00 00 00 00 16 9b 00 00 00 00 00 00 	0000000000000000
  0x73b0	62 99 00 00 00 00 00 00 2a 9b 00 00 00 00 00 00 	b0000000*0000000
  0x73c0	38 9b 00 00 00 00 00 00 42 9b 00 00 00 00 00 00 	80000000B0000000
  0x73d0	4c 9b 00 00 00 00 00 00 58 9b 00 00 00 00 00 00 	L0000000X0000000
  0x73e0	68 9b 00 00 00 00 00 00 48 99 00 00 00 00 00 00 	h0000000H0000000
  0x73f0	36 99 00 00 00 00 00 00 24 99 00 00 00 00 00 00 	60000000$0000000
  0x7400	14 99 00 00 00 00 00 00 fe 98 00 00 00 00 00 00 	0000000000000000
  0x7410	bc 9e 00 00 00 00 00 00 20 9f 00 00 00 00 00 00 	00000000 0000000
  0x7420	00 00 00 00 00 00 00 00 8a 98 00 00 00 00 00 00 	0000000000000000
  0x7430	a4 98 00 00 00 00 00 00 ae 98 00 00 00 00 00 00 	0000000000000000
  0x7440	96 98 00 00 00 00 00 00 00 00 00 00 00 00 00 00 	0000000000000000
  0x7450	80 9b 00 00 00 00 00 00 00 00 00 00 00 00 00 00 	0000000000000000
  0x7460	d2 9e 00 00 00 00 00 00 00 00 00 00 00 00 00 00 	0000000000000000
  0x7470	8c 9e 00 00 00 00 00 00 00 00 00 00 00 00 00 00 	0000000000000000
  0x7480	30 5f 00 40 01 00 00 00 a0 69 00 40 01 00 00 00 	0_0@00000i0@0000
  0x7490	00 00 00 00 00 00 00 00 70 57 00 40 01 00 00 00 	00000000pW0@0000
  0x74a0	10 10 00 40 01 00 00 00 50 10 00 40 01 00 00 00 	000@0000P00@0000
  0x74b0	70 10 00 40 01 00 00 00 90 10 00 40 01 00 00 00 	p00@0000000@0000
  0x74c0	d0 10 00 40 01 00 00 00 20 11 00 40 01 00 00 00 	000@0000 00@0000
  0x74d0	00 00 00 00 00 00 00 00 00 00 00 00 00 00 00 00 	0000000000000000
  0x74e0	a0 56 00 40 01 00 00 00 50 57 00 40 01 00 00 00 	0V0@0000PW0@0000
  0x74f0	00 56 00 40 01 00 00 00 30 56 00 40 01 00 00 00 	0V0@00000V0@0000
  0x7500	70 56 00 40 01 00 00 00 00 00 00 00 00 00 00 00 	pV0@000000000000
  0x7510	00 00 00 00 00 00 00 00 00 00 00 00 00 00 00 00 	0000000000000000
  0x7520	00 00 00 00 00 00 00 00 00 00 00 00 00 00 00 00 	0000000000000000
  0x7530	10 10 00 00 50 10 00 00 70 10 00 00 90 10 00 00 	0000P000p0000000
  0x7540	d0 10 00 00 20 11 00 00 00 14 00 00 20 14 00 00 	0000 0000000 000
  0x7550	d0 18 00 00 50 1a 00 00 a0 1a 00 00 c0 1a 00 00 	0000P00000000000
  0x7560	90 21 00 00 50 22 00 00 c0 23 00 00 e0 23 00 00 	0!00P"000#000#00
  0x7570	20 25 00 00 20 35 00 00 80 36 00 00 00 37 00 00 	 %00 50006000700
  0x7580	00 56 00 00 30 56 00 00 70 56 00 00 a0 56 00 00 	0V000V00pV000V00
  0x7590	50 57 00 00 70 57 00 00 20 59 00 00 e0 59 00 00 	PW00pW00 Y000Y00
  0x75a0	00 5e 00 00 30 5f 00 00 60 61 00 00 f0 61 00 00 	0^000_00`a000a00
  0x75b0	70 67 00 00 c0 6d 00 00 f0 6d 00 00 70 6e 00 00 	pg000m000m00pn00
  0x75c0	62 61 64 20 61 6c 6c 6f 63 61 74 69 6f 6e 00 00 	bad allocation00
  0x75d0	62 61 64 20 61 72 72 61 79 20 6e 65 77 20 6c 65 	bad array new le
  0x75e0	6e 67 74 68 00 00 00 00 55 6e 6b 6e 6f 77 6e 20 	ngth0000Unknown 
  0x75f0	65 78 63 65 70 74 69 6f 6e 00 00 00 00 00 00 00 	exception0000000
  0x7600	45 78 63 65 70 74 69 6f 6e 00 00 00 00 00 00 00 	Exception0000000
  0x7610	52 65 74 75 72 6e 48 72 00 00 00 00 4c 6f 67 48 	ReturnHr0000LogH
  0x7620	72 00 00 00 00 00 00 00 46 61 69 6c 46 61 73 74 	r0000000FailFast
  0x7630	00 00 00 00 00 00 00 00 25 00 68 00 73 00 28 00 	00000000%0h0s0(0
  0x7640	25 00 75 00 29 00 5c 00 25 00 68 00 73 00 21 00 	%0u0)000%0h0s0!0
  0x7650	25 00 70 00 3a 00 20 00 00 00 00 00 00 00 00 00 	%0p0:0 000000000
  0x7660	25 00 68 00 73 00 21 00 25 00 70 00 3a 00 20 00 	%0h0s0!0%0p0:0 0
  0x7670	00 00 00 00 00 00 00 00 28 00 63 00 61 00 6c 00 	00000000(0c0a0l0
  0x7680	6c 00 65 00 72 00 3a 00 20 00 25 00 70 00 29 00 	l0e0r0:0 0%0p0)0
  0x7690	20 00 00 00 00 00 00 00 25 00 68 00 73 00 28 00 	 0000000%0h0s0(0
  0x76a0	25 00 64 00 29 00 20 00 74 00 69 00 64 00 28 00 	%0d0)0 0t0i0d0(0
  0x76b0	25 00 78 00 29 00 20 00 25 00 30 00 38 00 58 00 	%0x0)0 0%00080X0
  0x76c0	20 00 25 00 77 00 73 00 00 00 00 00 00 00 00 00 	 0%0w0s000000000
  0x76d0	20 00 20 00 20 00 20 00 00 00 00 00 00 00 00 00 	 0 0 0 000000000
  0x76e0	4d 00 73 00 67 00 3a 00 5b 00 25 00 77 00 73 00 	M0s0g0:0[0%0w0s0
  0x76f0	5d 00 20 00 00 00 00 00 43 00 61 00 6c 00 6c 00 	]0 00000C0a0l0l0
  0x7700	43 00 6f 00 6e 00 74 00 65 00 78 00 74 00 3a 00 	C0o0n0t0e0x0t0:0
  0x7710	5b 00 25 00 68 00 73 00 5d 00 20 00 00 00 00 00 	[0%0h0s0]0 00000
  0x7720	5b 00 25 00 68 00 73 00 28 00 25 00 68 00 73 00 	[0%0h0s0(0%0h0s0
  0x7730	29 00 5d 00 0a 00 00 00 5b 00 25 00 68 00 73 00 	)0]00000[0%0h0s0
  0x7740	5d 00 0a 00 00 00 00 00 0a 00 00 00 00 00 00 00 	]000000000000000
  0x7750	6b 00 65 00 72 00 6e 00 65 00 6c 00 62 00 61 00 	k0e0r0n0e0l0b0a0
  0x7760	73 00 65 00 2e 00 64 00 6c 00 6c 00 00 00 00 00 	s0e0.0d0l0l00000
  0x7770	52 61 69 73 65 46 61 69 6c 46 61 73 74 45 78 63 	RaiseFailFastExc
  0x7780	65 70 74 69 6f 6e 00 00 25 77 73 00 77 69 6c 00 	eption00%ws0wil0
  0x7790	73 00 74 00 64 00 3a 00 3a 00 65 00 78 00 63 00 	s0t0d0:0:0e0x0c0
  0x77a0	65 00 70 00 74 00 69 00 6f 00 6e 00 3a 00 20 00 	e0p0t0i0o0n0:0 0
  0x77b0	25 00 68 00 73 00 00 00 6f 6e 65 63 6f 72 65 5c 	%0h0s000onecore0
  0x77c0	69 6e 74 65 72 6e 61 6c 5c 73 64 6b 5c 69 6e 63 	internal0sdk0inc
  0x77d0	5c 77 69 6c 5c 6f 70 65 6e 73 6f 75 72 63 65 5c 	0wil0opensource0
  0x77e0	77 69 6c 5c 72 65 73 6f 75 72 63 65 2e 68 00 00 	wil0resource.h00
  0x77f0	5f 00 70 00 30 00 00 00 68 00 00 00 00 00 00 00 	_0p00000h0000000
  0x7800	57 69 6c 45 72 72 6f 72 5f 30 33 00 00 00 00 00 	WilError_0300000
  0x7810	6e 00 74 00 64 00 6c 00 6c 00 2e 00 64 00 6c 00 	n0t0d0l0l0.0d0l0
  0x7820	6c 00 00 00 00 00 00 00 52 74 6c 44 6c 6c 53 68 	l0000000RtlDllSh
  0x7830	75 74 64 6f 77 6e 49 6e 50 72 6f 67 72 65 73 73 	utdownInProgress
  0x7840	00 00 00 00 00 00 00 00 52 74 6c 44 69 73 6f 77 	00000000RtlDisow
  0x7850	6e 4d 6f 64 75 6c 65 48 65 61 70 41 6c 6c 6f 63 	nModuleHeapAlloc
  0x7860	61 74 69 6f 6e 00 00 00 4c 00 6f 00 63 00 61 00 	ation000L0o0c0a0
  0x7870	6c 00 5c 00 53 00 4d 00 30 00 3a 00 25 00 64 00 	l000S0M000:0%0d0
  0x7880	3a 00 25 00 64 00 3a 00 25 00 68 00 73 00 00 00 	:0%0d0:0%0h0s000
  0x7890	53 00 74 00 61 00 72 00 74 00 49 00 6e 00 73 00 	S0t0a0r0t0I0n0s0
  0x78a0	74 00 61 00 6c 00 6c 00 00 00 00 00 00 00 00 00 	t0a0l0l000000000
  0x78b0	ac af f3 07 8a 7c e7 4c a5 e0 3d 24 ee 8a 77 e0 	00000|0L00=$00w0
  0x78c0	41 f8 57 b3 30 21 4e 45 80 2c 5c 39 8b 54 9f 8e 	A0W00!NE0,090T00
  0x78d0	31 58 1d b9 bd b1 08 46 81 98 d7 2e 15 50 20 f7 	1X00000F000.0P 0
  0x78e0	49 00 73 00 43 00 6f 00 6e 00 76 00 65 00 72 00 	I0s0C0o0n0v0e0r0
  0x78f0	67 00 65 00 64 00 55 00 70 00 64 00 61 00 74 00 	g0e0d0U0p0d0a0t0
  0x7900	65 00 53 00 74 00 61 00 63 00 6b 00 45 00 6e 00 	e0S0t0a0c0k0E0n0
  0x7910	61 00 62 00 6c 00 65 00 64 00 00 00 00 00 00 00 	a0b0l0e0d0000000
  0x7920	57 00 69 00 6e 00 64 00 6f 00 77 00 73 00 55 00 	W0i0n0d0o0w0s0U0
  0x7930	70 00 64 00 61 00 74 00 65 00 55 00 58 00 52 00 	p0d0a0t0e0U0X0R0
  0x7940	6f 00 6f 00 74 00 00 00 55 00 70 00 64 00 61 00 	o0o0t000U0p0d0a0
  0x7950	74 00 65 00 4f 00 72 00 63 00 68 00 65 00 73 00 	t0e0O0r0c0h0e0s0
  0x7960	74 00 72 00 61 00 74 00 6f 00 72 00 53 00 68 00 	t0r0a0t0o0r0S0h0
  0x7970	61 00 72 00 65 00 64 00 52 00 6f 00 6f 00 74 00 	a0r0e0d0R0o0o0t0
  0x7980	00 00 00 00 00 00 00 00 00 00 00 00 00 00 00 00 	0000000000000000
  0x7990	53 00 6f 00 66 00 74 00 77 00 61 00 72 00 65 00 	S0o0f0t0w0a0r0e0
  0x79a0	5c 00 4d 00 69 00 63 00 72 00 6f 00 73 00 6f 00 	00M0i0c0r0o0s0o0
  0x79b0	66 00 74 00 5c 00 57 00 69 00 6e 00 64 00 6f 00 	f0t000W0i0n0d0o0
  0x79c0	77 00 73 00 55 00 70 00 64 00 61 00 74 00 65 00 	w0s0U0p0d0a0t0e0
  0x79d0	5c 00 4f 00 72 00 63 00 68 00 65 00 73 00 74 00 	00O0r0c0h0e0s0t0
  0x79e0	72 00 61 00 74 00 6f 00 72 00 5c 00 55 00 53 00 	r0a0t0o0r000U0S0
  0x79f0	4f 00 53 00 68 00 61 00 72 00 65 00 64 00 00 00 	O0S0h0a0r0e0d000
  0x7a00	55 00 70 00 64 00 61 00 74 00 65 00 4f 00 72 00 	U0p0d0a0t0e0O0r0
  0x7a10	63 00 68 00 65 00 73 00 74 00 72 00 61 00 74 00 	c0h0e0s0t0r0a0t0
  0x7a20	6f 00 72 00 43 00 6f 00 6e 00 66 00 69 00 67 00 	o0r0C0o0n0f0i0g0
  0x7a30	75 00 72 00 61 00 74 00 69 00 6f 00 6e 00 52 00 	u0r0a0t0i0o0n0R0
  0x7a40	6f 00 6f 00 74 00 00 00 00 00 00 00 00 00 00 00 	o0o0t00000000000
  0x7a50	53 00 6f 00 66 00 74 00 77 00 61 00 72 00 65 00 	S0o0f0t0w0a0r0e0
  0x7a60	5c 00 4d 00 69 00 63 00 72 00 6f 00 73 00 6f 00 	00M0i0c0r0o0s0o0
  0x7a70	66 00 74 00 5c 00 57 00 69 00 6e 00 64 00 6f 00 	f0t000W0i0n0d0o0
  0x7a80	77 00 73 00 55 00 70 00 64 00 61 00 74 00 65 00 	w0s0U0p0d0a0t0e0
  0x7a90	5c 00 4f 00 72 00 63 00 68 00 65 00 73 00 74 00 	00O0r0c0h0e0s0t0
  0x7aa0	72 00 61 00 74 00 6f 00 72 00 5c 00 43 00 6f 00 	r0a0t0o0r000C0o0
  0x7ab0	6e 00 66 00 69 00 67 00 75 00 72 00 61 00 74 00 	n0f0i0g0u0r0a0t0
  0x7ac0	69 00 6f 00 6e 00 73 00 00 00 00 00 00 00 00 00 	i0o0n0s000000000
  0x7ad0	55 00 70 00 64 00 61 00 74 00 65 00 4f 00 72 00 	U0p0d0a0t0e0O0r0
  0x7ae0	63 00 68 00 65 00 73 00 74 00 72 00 61 00 74 00 	c0h0e0s0t0r0a0t0
  0x7af0	6f 00 72 00 43 00 75 00 72 00 72 00 65 00 6e 00 	o0r0C0u0r0r0e0n0
  0x7b00	74 00 56 00 65 00 72 00 73 00 69 00 6f 00 6e 00 	t0V0e0r0s0i0o0n0
  0x7b10	52 00 6f 00 6f 00 74 00 00 00 00 00 00 00 00 00 	R0o0o0t000000000
  0x7b20	53 00 6f 00 66 00 74 00 77 00 61 00 72 00 65 00 	S0o0f0t0w0a0r0e0
  0x7b30	5c 00 4d 00 69 00 63 00 72 00 6f 00 73 00 6f 00 	00M0i0c0r0o0s0o0
  0x7b40	66 00 74 00 5c 00 57 00 69 00 6e 00 64 00 6f 00 	f0t000W0i0n0d0o0
  0x7b50	77 00 73 00 5c 00 43 00 75 00 72 00 72 00 65 00 	w0s000C0u0r0r0e0
  0x7b60	6e 00 74 00 56 00 65 00 72 00 73 00 69 00 6f 00 	n0t0V0e0r0s0i0o0
  0x7b70	6e 00 5c 00 57 00 69 00 6e 00 64 00 6f 00 77 00 	n000W0i0n0d0o0w0
  0x7b80	73 00 55 00 70 00 64 00 61 00 74 00 65 00 5c 00 	s0U0p0d0a0t0e000
  0x7b90	4f 00 72 00 63 00 68 00 65 00 73 00 74 00 72 00 	O0r0c0h0e0s0t0r0
  0x7ba0	61 00 74 00 6f 00 72 00 00 00 00 00 00 00 00 00 	a0t0o0r000000000
  0x7bb0	55 00 70 00 64 00 61 00 74 00 65 00 4f 00 72 00 	U0p0d0a0t0e0O0r0
  0x7bc0	63 00 68 00 65 00 73 00 74 00 72 00 61 00 74 00 	c0h0e0s0t0r0a0t0
  0x7bd0	6f 00 72 00 52 00 6f 00 6f 00 74 00 00 00 00 00 	o0r0R0o0o0t00000
  0x7be0	53 00 6f 00 66 00 74 00 77 00 61 00 72 00 65 00 	S0o0f0t0w0a0r0e0
  0x7bf0	5c 00 4d 00 69 00 63 00 72 00 6f 00 73 00 6f 00 	00M0i0c0r0o0s0o0
  0x7c00	66 00 74 00 5c 00 57 00 69 00 6e 00 64 00 6f 00 	f0t000W0i0n0d0o0
  0x7c10	77 00 73 00 55 00 70 00 64 00 61 00 74 00 65 00 	w0s0U0p0d0a0t0e0
  0x7c20	5c 00 4f 00 72 00 63 00 68 00 65 00 73 00 74 00 	00O0r0c0h0e0s0t0
  0x7c30	72 00 61 00 74 00 6f 00 72 00 00 00 00 00 00 00 	r0a0t0o0r0000000
  0x7c40	53 00 6f 00 66 00 74 00 77 00 61 00 72 00 65 00 	S0o0f0t0w0a0r0e0
  0x7c50	5c 00 4d 00 69 00 63 00 72 00 6f 00 73 00 6f 00 	00M0i0c0r0o0s0o0
  0x7c60	66 00 74 00 5c 00 57 00 69 00 6e 00 64 00 6f 00 	f0t000W0i0n0d0o0
  0x7c70	77 00 73 00 55 00 70 00 64 00 61 00 74 00 65 00 	w0s0U0p0d0a0t0e0
  0x7c80	5c 00 55 00 58 00 00 00 57 00 69 00 6e 00 64 00 	00U0X000W0i0n0d0
  0x7c90	6f 00 77 00 73 00 55 00 70 00 64 00 61 00 74 00 	o0w0s0U0p0d0a0t0
  0x7ca0	65 00 00 00 00 00 00 00 00 00 00 00 00 00 00 00 	e000000000000000
  0x7cb0	53 00 6f 00 66 00 74 00 77 00 61 00 72 00 65 00 	S0o0f0t0w0a0r0e0
  0x7cc0	5c 00 4d 00 69 00 63 00 72 00 6f 00 73 00 6f 00 	00M0i0c0r0o0s0o0
  0x7cd0	66 00 74 00 5c 00 57 00 69 00 6e 00 64 00 6f 00 	f0t000W0i0n0d0o0
  0x7ce0	77 00 73 00 55 00 70 00 64 00 61 00 74 00 65 00 	w0s0U0p0d0a0t0e0
  0x7cf0	00 00 00 00 00 00 00 00 57 00 55 00 43 00 75 00 	00000000W0U0C0u0
  0x7d00	72 00 72 00 65 00 6e 00 74 00 56 00 65 00 72 00 	r0r0e0n0t0V0e0r0
  0x7d10	73 00 69 00 6f 00 6e 00 00 00 00 00 00 00 00 00 	s0i0o0n000000000
  0x7d20	53 00 6f 00 66 00 74 00 77 00 61 00 72 00 65 00 	S0o0f0t0w0a0r0e0
  0x7d30	5c 00 4d 00 69 00 63 00 72 00 6f 00 73 00 6f 00 	00M0i0c0r0o0s0o0
  0x7d40	66 00 74 00 5c 00 57 00 69 00 6e 00 64 00 6f 00 	f0t000W0i0n0d0o0
  0x7d50	77 00 73 00 5c 00 43 00 75 00 72 00 72 00 65 00 	w0s000C0u0r0r0e0
  0x7d60	6e 00 74 00 56 00 65 00 72 00 73 00 69 00 6f 00 	n0t0V0e0r0s0i0o0
  0x7d70	6e 00 5c 00 57 00 69 00 6e 00 64 00 6f 00 77 00 	n000W0i0n0d0o0w0
  0x7d80	73 00 55 00 70 00 64 00 61 00 74 00 65 00 00 00 	s0U0p0d0a0t0e000
  0x7d90	57 00 69 00 6e 00 64 00 6f 00 77 00 73 00 55 00 	W0i0n0d0o0w0s0U0
  0x7da0	70 00 64 00 61 00 74 00 65 00 50 00 6f 00 6c 00 	p0d0a0t0e0P0o0l0
  0x7db0	69 00 63 00 69 00 65 00 73 00 00 00 00 00 00 00 	i0c0i0e0s0000000
  0x7dc0	53 00 6f 00 66 00 74 00 77 00 61 00 72 00 65 00 	S0o0f0t0w0a0r0e0
  0x7dd0	5c 00 50 00 6f 00 6c 00 69 00 63 00 69 00 65 00 	00P0o0l0i0c0i0e0
  0x7de0	73 00 5c 00 4d 00 69 00 63 00 72 00 6f 00 73 00 	s000M0i0c0r0o0s0
  0x7df0	6f 00 66 00 74 00 5c 00 57 00 69 00 6e 00 64 00 	o0f0t000W0i0n0d0
  0x7e00	6f 00 77 00 73 00 5c 00 57 00 69 00 6e 00 64 00 	o0w0s000W0i0n0d0
  0x7e10	6f 00 77 00 73 00 55 00 70 00 64 00 61 00 74 00 	o0w0s0U0p0d0a0t0
  0x7e20	65 00 00 00 00 00 00 00 44 00 65 00 76 00 69 00 	e0000000D0e0v0i0
  0x7e30	63 00 65 00 55 00 70 00 64 00 61 00 74 00 65 00 	c0e0U0p0d0a0t0e0
  0x7e40	00 00 00 00 00 00 00 00 00 00 00 00 00 00 00 00 	0000000000000000
  0x7e50	53 00 6f 00 66 00 74 00 77 00 61 00 72 00 65 00 	S0o0f0t0w0a0r0e0
  0x7e60	5c 00 4d 00 69 00 63 00 72 00 6f 00 73 00 6f 00 	00M0i0c0r0o0s0o0
  0x7e70	66 00 74 00 5c 00 57 00 69 00 6e 00 64 00 6f 00 	f0t000W0i0n0d0o0
  0x7e80	77 00 73 00 5c 00 43 00 75 00 72 00 72 00 65 00 	w0s000C0u0r0r0e0
  0x7e90	6e 00 74 00 56 00 65 00 72 00 73 00 69 00 6f 00 	n0t0V0e0r0s0i0o0
  0x7ea0	6e 00 5c 00 44 00 65 00 76 00 69 00 63 00 65 00 	n000D0e0v0i0c0e0
  0x7eb0	55 00 70 00 64 00 61 00 74 00 65 00 00 00 00 00 	U0p0d0a0t0e00000
  0x7ec0	44 00 74 00 75 00 53 00 65 00 6c 00 66 00 68 00 	D0t0u0S0e0l0f0h0
  0x7ed0	6f 00 73 00 74 00 00 00 53 00 6f 00 66 00 74 00 	o0s0t000S0o0f0t0
  0x7ee0	77 00 61 00 72 00 65 00 5c 00 4d 00 69 00 63 00 	w0a0r0e000M0i0c0
  0x7ef0	72 00 6f 00 73 00 6f 00 66 00 74 00 5c 00 44 00 	r0o0s0o0f0t000D0
  0x7f00	54 00 55 00 00 00 00 00 44 00 74 00 75 00 00 00 	T0U00000D0t0u000
  0x7f10	53 00 6f 00 66 00 74 00 77 00 61 00 72 00 65 00 	S0o0f0t0w0a0r0e0
  0x7f20	5c 00 4d 00 69 00 63 00 72 00 6f 00 73 00 6f 00 	00M0i0c0r0o0s0o0
  0x7f30	66 00 74 00 5c 00 57 00 69 00 6e 00 64 00 6f 00 	f0t000W0i0n0d0o0
  0x7f40	77 00 73 00 5c 00 43 00 75 00 72 00 72 00 65 00 	w0s000C0u0r0r0e0
  0x7f50	6e 00 74 00 56 00 65 00 72 00 73 00 69 00 6f 00 	n0t0V0e0r0s0i0o0
  0x7f60	6e 00 5c 00 57 00 69 00 6e 00 64 00 6f 00 77 00 	n000W0i0n0d0o0w0
  0x7f70	73 00 55 00 70 00 64 00 61 00 74 00 65 00 5c 00 	s0U0p0d0a0t0e000
  0x7f80	44 00 54 00 55 00 00 00 53 00 79 00 73 00 74 00 	D0T0U000S0y0s0t0
  0x7f90	65 00 6d 00 53 00 65 00 74 00 75 00 70 00 00 00 	e0m0S0e0t0u0p000
  0x7fa0	53 00 79 00 73 00 74 00 65 00 6d 00 5c 00 53 00 	S0y0s0t0e0m000S0
  0x7fb0	65 00 74 00 75 00 70 00 00 00 00 00 00 00 00 00 	e0t0u0p000000000
  0x7fc0	53 00 79 00 73 00 74 00 65 00 6d 00 56 00 65 00 	S0y0s0t0e0m0V0e0
  0x7fd0	72 00 73 00 69 00 6f 00 6e 00 73 00 00 00 00 00 	r0s0i0o0n0s00000
  0x7fe0	53 00 79 00 73 00 74 00 65 00 6d 00 5c 00 56 00 	S0y0s0t0e0m000V0
  0x7ff0	65 00 72 00 73 00 69 00 6f 00 6e 00 73 00 00 00 	e0r0s0i0o0n0s000
  0x8000	55 00 49 00 58 00 50 00 72 00 6f 00 64 00 75 00 	U0I0X0P0r0o0d0u0
  0x8010	63 00 74 00 46 00 65 00 61 00 74 00 75 00 72 00 	c0t0F0e0a0t0u0r0
  0x8020	65 00 73 00 00 00 00 00 00 00 00 00 00 00 00 00 	e0s0000000000000
  0x8030	53 00 6f 00 66 00 74 00 77 00 61 00 72 00 65 00 	S0o0f0t0w0a0r0e0
  0x8040	5c 00 4d 00 69 00 63 00 72 00 6f 00 73 00 6f 00 	00M0i0c0r0o0s0o0
  0x8050	66 00 74 00 5c 00 55 00 49 00 58 00 5c 00 50 00 	f0t000U0I0X000P0
  0x8060	72 00 6f 00 64 00 75 00 63 00 74 00 46 00 65 00 	r0o0d0u0c0t0F0e0
  0x8070	61 00 74 00 75 00 72 00 65 00 73 00 00 00 00 00 	a0t0u0r0e0s00000
  0x8080	55 00 53 00 4f 00 5f 00 4e 00 65 00 74 00 77 00 	U0S0O0_0N0e0t0w0
  0x8090	6f 00 72 00 6b 00 00 00 00 00 00 00 00 00 00 00 	o0r0k00000000000
  0x80a0	53 00 4f 00 46 00 54 00 57 00 41 00 52 00 45 00 	S0O0F0T0W0A0R0E0
  0x80b0	5c 00 4d 00 69 00 63 00 72 00 6f 00 73 00 6f 00 	00M0i0c0r0o0s0o0
  0x80c0	66 00 74 00 5c 00 57 00 69 00 6e 00 64 00 6f 00 	f0t000W0i0n0d0o0
  0x80d0	77 00 73 00 5c 00 43 00 75 00 72 00 72 00 65 00 	w0s000C0u0r0r0e0
  0x80e0	6e 00 74 00 56 00 65 00 72 00 73 00 69 00 6f 00 	n0t0V0e0r0s0i0o0
  0x80f0	6e 00 5c 00 43 00 6f 00 6e 00 74 00 72 00 6f 00 	n000C0o0n0t0r0o0
  0x8100	6c 00 20 00 50 00 61 00 6e 00 65 00 6c 00 5c 00 	l0 0P0a0n0e0l000
  0x8110	53 00 65 00 74 00 74 00 69 00 6e 00 67 00 73 00 	S0e0t0t0i0n0g0s0
  0x8120	5c 00 4e 00 65 00 74 00 77 00 6f 00 72 00 6b 00 	00N0e0t0w0o0r0k0
  0x8130	00 00 00 00 00 00 00 00 44 00 79 00 6e 00 61 00 	00000000D0y0n0a0
  0x8140	6d 00 69 00 63 00 49 00 6e 00 73 00 74 00 61 00 	m0i0c0I0n0s0t0a0
  0x8150	6c 00 6c 00 65 00 64 00 50 00 72 00 6f 00 64 00 	l0l0e0d0P0r0o0d0
  0x8160	75 00 63 00 74 00 73 00 00 00 00 00 00 00 00 00 	u0c0t0s000000000
  0x8170	53 00 4f 00 46 00 54 00 57 00 41 00 52 00 45 00 	S0O0F0T0W0A0R0E0
  0x8180	5c 00 4d 00 69 00 63 00 72 00 6f 00 73 00 6f 00 	00M0i0c0r0o0s0o0
  0x8190	66 00 74 00 5c 00 57 00 69 00 6e 00 64 00 6f 00 	f0t000W0i0n0d0o0
  0x81a0	77 00 73 00 20 00 4e 00 54 00 5c 00 43 00 75 00 	w0s0 0N0T000C0u0
  0x81b0	72 00 72 00 65 00 6e 00 74 00 56 00 65 00 72 00 	r0r0e0n0t0V0e0r0
  0x81c0	73 00 69 00 6f 00 6e 00 5c 00 55 00 70 00 64 00 	s0i0o0n000U0p0d0
  0x81d0	61 00 74 00 65 00 5c 00 54 00 61 00 72 00 67 00 	a0t0e000T0a0r0g0
  0x81e0	65 00 74 00 69 00 6e 00 67 00 49 00 6e 00 66 00 	e0t0i0n0g0I0n0f0
  0x81f0	6f 00 5c 00 44 00 79 00 6e 00 61 00 6d 00 69 00 	o000D0y0n0a0m0i0
  0x8200	63 00 49 00 6e 00 73 00 74 00 61 00 6c 00 6c 00 	c0I0n0s0t0a0l0l0
  0x8210	65 00 64 00 00 00 00 00 52 00 65 00 73 00 65 00 	e0d00000R0e0s0e0
  0x8220	72 00 76 00 65 00 4d 00 61 00 6e 00 61 00 67 00 	r0v0e0M0a0n0a0g0
  0x8230	65 00 72 00 00 00 00 00 00 00 00 00 00 00 00 00 	e0r0000000000000
  0x8240	53 00 4f 00 46 00 54 00 57 00 41 00 52 00 45 00 	S0O0F0T0W0A0R0E0
  0x8250	5c 00 4d 00 69 00 63 00 72 00 6f 00 73 00 6f 00 	00M0i0c0r0o0s0o0
  0x8260	66 00 74 00 5c 00 57 00 69 00 6e 00 64 00 6f 00 	f0t000W0i0n0d0o0
  0x8270	77 00 73 00 5c 00 43 00 75 00 72 00 72 00 65 00 	w0s000C0u0r0r0e0
  0x8280	6e 00 74 00 56 00 65 00 72 00 73 00 69 00 6f 00 	n0t0V0e0r0s0i0o0
  0x8290	6e 00 5c 00 52 00 65 00 73 00 65 00 72 00 76 00 	n000R0e0s0e0r0v0
  0x82a0	65 00 4d 00 61 00 6e 00 61 00 67 00 65 00 72 00 	e0M0a0n0a0g0e0r0
  0x82b0	00 00 00 00 00 00 00 00 44 00 65 00 76 00 69 00 	00000000D0e0v0i0
  0x82c0	63 00 65 00 41 00 63 00 63 00 65 00 73 00 73 00 	c0e0A0c0c0e0s0s0
  0x82d0	00 00 00 00 00 00 00 00 00 00 00 00 00 00 00 00 	0000000000000000
  0x82e0	53 00 4f 00 46 00 54 00 57 00 41 00 52 00 45 00 	S0O0F0T0W0A0R0E0
  0x82f0	5c 00 4d 00 69 00 63 00 72 00 6f 00 73 00 6f 00 	00M0i0c0r0o0s0o0
  0x8300	66 00 74 00 5c 00 57 00 69 00 6e 00 64 00 6f 00 	f0t000W0i0n0d0o0
  0x8310	77 00 73 00 5c 00 43 00 75 00 72 00 72 00 65 00 	w0s000C0u0r0r0e0
  0x8320	6e 00 74 00 56 00 65 00 72 00 73 00 69 00 6f 00 	n0t0V0e0r0s0i0o0
  0x8330	6e 00 5c 00 44 00 65 00 76 00 69 00 63 00 65 00 	n000D0e0v0i0c0e0
  0x8340	41 00 63 00 63 00 65 00 73 00 73 00 00 00 00 00 	A0c0c0e0s0s00000
  0x8350	43 00 42 00 53 00 49 00 6e 00 74 00 65 00 72 00 	C0B0S0I0n0t0e0r0
  0x8360	66 00 61 00 63 00 65 00 00 00 00 00 00 00 00 00 	f0a0c0e000000000
  0x8370	53 00 4f 00 46 00 54 00 57 00 41 00 52 00 45 00 	S0O0F0T0W0A0R0E0
  0x8380	5c 00 4d 00 69 00 63 00 72 00 6f 00 73 00 6f 00 	00M0i0c0r0o0s0o0
  0x8390	66 00 74 00 5c 00 57 00 69 00 6e 00 64 00 6f 00 	f0t000W0i0n0d0o0
  0x83a0	77 00 73 00 5c 00 43 00 75 00 72 00 72 00 65 00 	w0s000C0u0r0r0e0
  0x83b0	6e 00 74 00 56 00 65 00 72 00 73 00 69 00 6f 00 	n0t0V0e0r0s0i0o0
  0x83c0	6e 00 5c 00 43 00 6f 00 6d 00 70 00 6f 00 6e 00 	n000C0o0m0p0o0n0
  0x83d0	65 00 6e 00 74 00 20 00 42 00 61 00 73 00 65 00 	e0n0t0 0B0a0s0e0
  0x83e0	64 00 20 00 53 00 65 00 72 00 76 00 69 00 63 00 	d0 0S0e0r0v0i0c0
  0x83f0	69 00 6e 00 67 00 5c 00 49 00 6e 00 74 00 65 00 	i0n0g000I0n0t0e0
  0x8400	72 00 66 00 61 00 63 00 65 00 00 00 00 00 00 00 	r0f0a0c0e0000000
  0x8410	53 00 69 00 68 00 00 00 53 00 4f 00 46 00 54 00 	S0i0h000S0O0F0T0
  0x8420	57 00 41 00 52 00 45 00 5c 00 4d 00 69 00 63 00 	W0A0R0E000M0i0c0
  0x8430	72 00 6f 00 73 00 6f 00 66 00 74 00 5c 00 73 00 	r0o0s0o0f0t000s0
  0x8440	69 00 68 00 00 00 00 00 00 00 00 00 00 00 00 00 	i0h0000000000000
  0x8450	6f 6e 65 63 6f 72 65 5c 65 6e 64 75 73 65 72 5c 	onecore0enduser0
  0x8460	77 69 6e 64 6f 77 73 75 70 64 61 74 65 5c 6d 75 	windowsupdate0mu
  0x8470	73 65 5c 6f 72 63 68 65 73 74 72 61 74 6f 72 5c 	se0orchestrator0
  0x8480	63 6f 6d 6d 6f 6e 5c 6c 69 62 5c 75 73 6f 63 6f 	common0lib0usoco
  0x8490	6d 6d 6f 6e 5c 72 65 67 69 73 74 72 79 6d 61 6e 	mmon0registryman
  0x84a0	61 67 65 72 2e 63 70 70 00 00 00 00 00 00 00 00 	ager.cpp00000000
  0x84b0	46 61 69 6c 65 64 20 74 6f 20 72 65 61 64 20 72 	Failed to read r
  0x84c0	65 67 69 73 74 72 79 20 76 61 6c 75 65 20 48 4b 	egistry value HK
  0x84d0	4c 4d 5c 25 77 73 5c 25 77 73 5b 25 77 73 5d 00 	LM0%ws0%ws[%ws]0
  0x84e0	52 65 64 69 72 65 63 74 69 6f 6e 20 49 64 20 25 	Redirection Id %
  0x84f0	77 73 20 6e 6f 74 20 66 6f 75 6e 64 20 69 6e 20 	ws not found in 
  0x8500	64 65 66 61 75 6c 74 20 6d 61 70 2e 00 00 00 00 	default map.0000
  0x8510	6d 61 70 2f 73 65 74 3c 54 3e 20 74 6f 6f 20 6c 	map/set<T> too l
  0x8520	6f 6e 67 00 00 00 00 00 25 00 68 00 73 00 00 00 	ong00000%0h0s000
  0x8530	00 00 00 00 4b 5e 29 ec 00 00 00 00 02 00 00 00 	0000K^)000000000
  0x8540	3b 00 00 00 80 87 00 00 80 7b 00 00 00 00 00 00 	;00000000{000000
  0x8550	4b 5e 29 ec 00 00 00 00 0d 00 00 00 30 03 00 00 	K^)0000000000000
  0x8560	bc 87 00 00 bc 7b 00 00 00 00 00 00 4b 5e 29 ec 	00000{000000K^)0
  0x8570	00 00 00 00 10 00 00 00 24 00 00 00 ec 8a 00 00 	00000000$0000000
  0x8580	ec 7e 00 00 00 00 00 00 01 00 00 00 00 00 00 00 	0~00000000000000
  0x8590	00 00 00 00 10 a0 00 00 b0 85 00 00 88 85 00 00 	0000000000000000
  0x85a0	00 00 00 00 00 00 00 00 00 00 00 00 00 00 00 00 	0000000000000000
  0x85b0	00 00 00 00 00 00 00 00 01 00 00 00 c8 85 00 00 	0000000000000000
  0x85c0	00 00 00 00 00 00 00 00 d8 85 00 00 00 00 00 00 	0000000000000000
  0x85d0	00 00 00 00 00 00 00 00 10 a0 00 00 00 00 00 00 	0000000000000000
  0x85e0	00 00 00 00 ff ff ff ff 00 00 00 00 40 00 00 00 	000000000000@000
  0x85f0	b0 85 00 00 00 00 00 00 00 00 00 00 00 00 00 00 	0000000000000000
  0x8600	01 00 00 00 00 00 00 00 00 00 00 00 b8 a0 00 00 	0000000000000000
  0x8610	28 86 00 00 00 86 00 00 00 00 00 00 00 00 00 00 	(000000000000000
  0x8620	00 00 00 00 00 00 00 00 00 00 00 00 00 00 00 00 	0000000000000000
  0x8630	01 00 00 00 40 86 00 00 00 00 00 00 00 00 00 00 	0000@00000000000
  0x8640	50 86 00 00 00 00 00 00 00 00 00 00 00 00 00 00 	P000000000000000
  0x8650	b8 a0 00 00 00 00 00 00 00 00 00 00 ff ff ff ff 	0000000000000000
  0x8660	00 00 00 00 40 00 00 00 28 86 00 00 00 00 00 00 	0000@000(0000000
  0x8670	00 00 00 00 00 00 00 00 01 00 00 00 00 00 00 00 	0000000000000000
  0x8680	00 00 00 00 60 a0 00 00 a0 86 00 00 78 86 00 00 	0000`0000000x000
  0x8690	00 00 00 00 00 00 00 00 00 00 00 00 00 00 00 00 	0000000000000000
  0x86a0	00 00 00 00 00 00 00 00 02 00 00 00 b8 86 00 00 	0000000000000000
  0x86b0	00 00 00 00 00 00 00 00 d0 86 00 00 50 86 00 00 	000000000000P000
  0x86c0	00 00 00 00 00 00 00 00 00 00 00 00 00 00 00 00 	0000000000000000
  0x86d0	60 a0 00 00 01 00 00 00 00 00 00 00 ff ff ff ff 	`000000000000000
  0x86e0	00 00 00 00 40 00 00 00 a0 86 00 00 00 00 00 00 	0000@00000000000
  0x86f0	00 00 00 00 00 00 00 00 01 00 00 00 00 00 00 00 	0000000000000000
  0x8700	00 00 00 00 30 a0 00 00 20 87 00 00 f8 86 00 00 	00000000 0000000
  0x8710	00 00 00 00 00 00 00 00 00 00 00 00 00 00 00 00 	0000000000000000
  0x8720	00 00 00 00 00 00 00 00 03 00 00 00 38 87 00 00 	0000000000008000
  0x8730	00 00 00 00 00 00 00 00 58 87 00 00 d0 86 00 00 	00000000X0000000
  0x8740	50 86 00 00 00 00 00 00 00 00 00 00 00 00 00 00 	P000000000000000
  0x8750	00 00 00 00 00 00 00 00 30 a0 00 00 02 00 00 00 	0000000000000000
  0x8760	00 00 00 00 ff ff ff ff 00 00 00 00 40 00 00 00 	000000000000@000
  0x8770	20 87 00 00 00 00 00 00 00 00 00 00 00 00 00 00 	 000000000000000
  0x8780	52 53 44 53 97 18 91 ff 6c 8d e1 b4 60 c6 d3 cb 	RSDS0000l000`000
  0x8790	76 8c e7 35 01 00 00 00 57 69 6e 64 6f 77 73 55 	v0050000WindowsU
  0x87a0	70 64 61 74 65 45 6c 65 76 61 74 65 64 49 6e 73 	pdateElevatedIns
  0x87b0	74 61 6c 6c 65 72 2e 70 64 62 00 00 47 43 54 4c 	taller.pdb00GCTL
  0x87c0	00 10 00 00 40 01 00 00 2e 74 65 78 74 24 64 69 	0000@000.text$di
  0x87d0	00 00 00 00 40 11 00 00 50 58 00 00 2e 74 65 78 	0000@000PX00.tex
  0x87e0	74 24 6d 6e 00 00 00 00 90 69 00 00 12 00 00 00 	t$mn00000i000000
  0x87f0	2e 74 65 78 74 24 6d 6e 24 30 30 00 a2 69 00 00 	.text$mn$0000i00
  0x8800	0e 04 00 00 2e 74 65 78 74 24 78 00 b0 6d 00 00 	0000.text$x00m00
  0x8810	1a 01 00 00 2e 74 65 78 74 24 79 64 00 00 00 00 	0000.text$yd0000
  0x8820	00 70 00 00 98 01 00 00 2e 72 64 61 74 61 24 62 	0p000000.rdata$b
  0x8830	72 63 00 00 98 71 00 00 e8 02 00 00 2e 69 64 61 	rc000q000000.ida
  0x8840	74 61 24 35 00 00 00 00 80 74 00 00 10 00 00 00 	ta$500000t000000
  0x8850	2e 30 30 63 66 67 00 00 90 74 00 00 08 00 00 00 	.00cfg000t000000
  0x8860	2e 43 52 54 24 58 43 41 00 00 00 00 98 74 00 00 	.CRT$XCA00000t00
  0x8870	08 00 00 00 2e 43 52 54 24 58 43 41 41 00 00 00 	0000.CRT$XCAA000
  0x8880	a0 74 00 00 30 00 00 00 2e 43 52 54 24 58 43 55 	0t000000.CRT$XCU
  0x8890	00 00 00 00 d0 74 00 00 08 00 00 00 2e 43 52 54 	00000t000000.CRT
  0x88a0	24 58 43 5a 00 00 00 00 d8 74 00 00 08 00 00 00 	$XCZ00000t000000
  0x88b0	2e 43 52 54 24 58 49 41 00 00 00 00 e0 74 00 00 	.CRT$XIA00000t00
  0x88c0	08 00 00 00 2e 43 52 54 24 58 49 41 41 00 00 00 	0000.CRT$XIAA000
  0x88d0	e8 74 00 00 08 00 00 00 2e 43 52 54 24 58 49 41 	0t000000.CRT$XIA
  0x88e0	43 00 00 00 f0 74 00 00 18 00 00 00 2e 43 52 54 	C0000t000000.CRT
  0x88f0	24 58 49 43 00 00 00 00 08 75 00 00 08 00 00 00 	$XIC00000u000000
  0x8900	2e 43 52 54 24 58 49 5a 00 00 00 00 10 75 00 00 	.CRT$XIZ00000u00
  0x8910	08 00 00 00 2e 43 52 54 24 58 50 41 00 00 00 00 	0000.CRT$XPA0000
  0x8920	18 75 00 00 08 00 00 00 2e 43 52 54 24 58 50 5a 	0u000000.CRT$XPZ
  0x8930	00 00 00 00 20 75 00 00 08 00 00 00 2e 43 52 54 	0000 u000000.CRT
  0x8940	24 58 54 41 00 00 00 00 28 75 00 00 08 00 00 00 	$XTA0000(u000000
  0x8950	2e 43 52 54 24 58 54 5a 00 00 00 00 30 75 00 00 	.CRT$XTZ00000u00
  0x8960	90 00 00 00 2e 67 66 69 64 73 00 00 c0 75 00 00 	0000.gfids000u00
  0x8970	c8 0f 00 00 2e 72 64 61 74 61 00 00 88 85 00 00 	0000.rdata000000
  0x8980	f8 01 00 00 2e 72 64 61 74 61 24 72 00 00 00 00 	0000.rdata$r0000
  0x8990	80 87 00 00 90 03 00 00 2e 72 64 61 74 61 24 7a 	00000000.rdata$z
  0x89a0	7a 7a 64 62 67 00 00 00 10 8b 00 00 08 00 00 00 	zzdbg00000000000
  0x89b0	2e 72 74 63 24 49 41 41 00 00 00 00 18 8b 00 00 	.rtc$IAA00000000
  0x89c0	08 00 00 00 2e 72 74 63 24 49 5a 5a 00 00 00 00 	0000.rtc$IZZ0000
  0x89d0	20 8b 00 00 08 00 00 00 2e 72 74 63 24 54 41 41 	 0000000.rtc$TAA
  0x89e0	00 00 00 00 28 8b 00 00 08 00 00 00 2e 72 74 63 	0000(0000000.rtc
  0x89f0	24 54 5a 5a 00 00 00 00 30 8b 00 00 28 06 00 00 	$TZZ00000000(000
  0x8a00	2e 78 64 61 74 61 00 00 58 91 00 00 50 01 00 00 	.xdata00X000P000
  0x8a10	2e 78 64 61 74 61 24 78 00 00 00 00 a8 92 00 00 	.xdata$x00000000
  0x8a20	2c 01 00 00 2e 69 64 61 74 61 24 32 00 00 00 00 	,000.idata$20000
  0x8a30	d4 93 00 00 14 00 00 00 2e 69 64 61 74 61 24 33 	00000000.idata$3
  0x8a40	00 00 00 00 e8 93 00 00 e8 02 00 00 2e 69 64 61 	000000000000.ida
  0x8a50	74 61 24 34 00 00 00 00 d0 96 00 00 5a 08 00 00 	ta$400000000Z000
  0x8a60	2e 69 64 61 74 61 24 36 00 00 00 00 00 a0 00 00 	.idata$600000000
  0x8a70	10 00 00 00 2e 64 61 74 61 24 62 72 63 00 00 00 	0000.data$brc000
  0x8a80	10 a0 00 00 d0 00 00 00 2e 64 61 74 61 24 72 24 	00000000.data$r$
  0x8a90	62 72 63 00 e0 a0 00 00 30 00 00 00 2e 64 61 74 	brc000000000.dat
  0x8aa0	61 00 00 00 10 a1 00 00 40 08 00 00 2e 62 73 73 	a0000000@000.bss
  0x8ab0	00 00 00 00 00 b0 00 00 84 06 00 00 2e 70 64 61 	000000000000.pda
  0x8ac0	74 61 00 00 00 c0 00 00 a0 00 00 00 2e 72 73 72 	ta0000000000.rsr
  0x8ad0	63 24 30 31 00 00 00 00 a0 c0 00 00 d8 07 00 00 	c$01000000000000
  0x8ae0	2e 72 73 72 63 24 30 32 00 00 00 00 20 00 00 00 	.rsrc$020000 000
  0x8af0	97 18 91 ff 6c 8d e1 b4 60 c6 d3 cb 76 8c e7 35 	0000l000`000v005
  0x8b00	d2 08 2b c7 12 08 8c 89 88 34 44 54 4b 5e 29 ec 	00+0000004DTK^)0
  0x8b10	00 00 00 00 00 00 00 00 00 00 00 00 00 00 00 00 	0000000000000000
  0x8b20	00 00 00 00 00 00 00 00 00 00 00 00 00 00 00 00 	0000000000000000
  0x8b30	01 0f 06 00 0f 64 07 00 0f 34 06 00 0f 32 0b 70 	00000d000400020p
  0x8b40	01 05 02 00 05 34 01 00 01 12 05 00 12 42 0e 70 	0000040000000B0p
  0x8b50	0d 60 0c 50 0b 30 00 00 01 06 02 00 06 32 02 30 	0`0P000000000200
  0x8b60	01 0a 04 00 0a 34 06 00 0a 32 06 70 01 11 04 00 	00000400020p0000
  0x8b70	11 32 0d 70 0c 60 0b 30 19 25 09 00 13 34 53 00 	020p0`000%0004S0
  0x8b80	13 01 4a 00 0c f0 0a e0 08 70 07 60 06 50 00 00 	00J000000p0`0P00
  0x8b90	10 68 00 00 40 02 00 00 01 14 08 00 14 64 08 00 	0h00@00000000d00
  0x8ba0	14 54 07 00 14 34 06 00 14 32 10 70 01 04 01 00 	0T000400020p0000
  0x8bb0	04 42 00 00 19 21 07 00 0f 34 31 00 0f 01 2a 00 	0B000!00041000*0
  0x8bc0	08 70 07 60 06 50 00 00 10 68 00 00 40 01 00 00 	0p0`0P000h00@000
  0x8bd0	01 04 01 00 04 82 00 00 01 12 04 00 12 52 0e 70 	0000000000000R0p
  0x8be0	0d 60 0c 30 01 1c 0c 00 1c 64 0d 00 1c 54 0c 00 	0`0000000d000T00
  0x8bf0	1c 34 0b 00 1c 32 18 f0 16 e0 14 d0 12 c0 10 70 	040002000000000p
  0x8c00	19 21 03 00 0f 01 86 02 02 30 00 00 10 68 00 00 	0!00000000000h00
  0x8c10	20 14 00 00 19 0f 02 00 0f 52 0b 30 06 64 00 00 	 00000000R000d00
  0x8c20	24 8c 00 00 38 31 8c 00 00 34 8c 00 00 50 8c 00 	$000810004000P00
  0x8c30	00 04 08 10 02 00 00 02 3c 8c 00 00 04 17 10 b8 	00000000<0000000
  0x8c40	a0 00 00 40 a8 69 00 00 5c 11 80 0e 6a 00 00 5c 	000@0i000000j000
  0x8c50	04 32 00 48 02 00 00 00 01 0b 03 00 0b 42 07 50 	020H000000000B0P
  0x8c60	06 30 00 00 01 0a 02 00 0a 32 06 50 01 07 02 00 	00000000020P0000
  0x8c70	07 01 1f 00 19 0d 06 00 0d 34 13 00 0d b2 09 e0 	0000000004000000
  0x8c80	07 70 06 60 06 64 00 00 8c 8c 00 00 38 99 8c 00 	0p0`0d0000008000
  0x8c90	00 9e 8c 00 00 fb 8c 00 00 08 08 10 18 20 04 00 	0000000000000 00
  0x8ca0	00 02 ad 8c 00 00 04 04 06 ce 8c 00 00 06 17 12 	0000000000000000
  0x8cb0	88 a0 00 00 70 32 6a 00 00 f2 17 12 60 a0 00 00 	0000p2j00000`000
  0x8cc0	90 8a 6a 00 00 e4 21 80 e1 6a 00 00 f2 fe 08 17 	00j000!00j000000
  0x8cd0	12 88 a0 00 00 80 25 6b 00 00 f2 17 12 60 a0 00 	000000%k00000`00
  0x8ce0	00 a0 7d 6b 00 00 e4 17 10 b8 a0 00 00 b0 d4 6b 	00}k00000000000k
  0x8cf0	00 00 4d 02 11 80 0e 6a 00 00 fe 08 80 00 60 02 	00M0000j000000`0
  0x8d00	68 06 14 00 01 11 09 00 11 c2 0d f0 0b e0 09 d0 	h000000000000000
  0x8d10	07 c0 05 70 04 60 03 50 02 30 00 00 01 09 03 00 	000p0`0P00000000
  0x8d20	09 01 18 00 02 30 00 00 19 22 04 00 10 01 a5 02 	000000000"000000
  0x8d30	03 70 02 30 10 68 00 00 10 15 00 00 01 04 01 00 	0p000h0000000000
  0x8d40	04 a2 00 00 01 14 08 00 14 64 0e 00 14 54 0d 00 	000000000d000T00
  0x8d50	14 34 0c 00 14 92 10 70 19 04 01 00 04 42 00 00 	0400000p00000B00
  0x8d60	06 64 00 00 68 8d 00 00 60 6d 8d 00 00 00 00 00 	0d00h000`m000000
  0x8d70	01 0a 04 00 0a 64 06 00 0a 32 06 70 01 1c 0c 00 	00000d00020p0000
  0x8d80	1c 64 0c 00 1c 54 0b 00 1c 34 0a 00 1c 32 18 f0 	0d000T0004000200
  0x8d90	16 e0 14 d0 12 c0 10 70 01 1d 0c 00 1d 74 0b 00 	0000000p00000t00
  0x8da0	1d 64 0a 00 1d 54 09 00 1d 34 08 00 1d 32 19 f0 	0d000T0004000200
  0x8db0	17 e0 15 c0 01 19 0a 00 19 74 09 00 19 64 08 00 	000000000t000d00
  0x8dc0	19 54 07 00 19 34 06 00 19 32 15 e0 19 2c 09 00 	0T00040002000,00
  0x8dd0	1b 34 56 00 1b 01 4e 00 0c f0 0a e0 08 70 07 60 	04V000N000000p0`
  0x8de0	06 50 00 00 98 68 00 00 f0 8d 00 00 62 02 00 00 	0P000h000000b000
  0x8df0	28 f9 8d 00 00 06 8e 00 00 04 0a 7c 3b 00 00 60 	(0000000000|;00`
  0x8e00	32 44 2d 00 00 80 04 05 06 00 54 04 01 12 08 00 	2D-0000000T00000
  0x8e10	12 54 0a 00 12 34 08 00 12 32 0e e0 0c 70 0b 60 	0T00040002000p0`
  0x8e20	19 29 0b 00 17 34 54 00 17 01 4c 00 10 f0 0e e0 	0)0004T000L00000
  0x8e30	0c d0 0a c0 08 70 07 60 06 50 00 00 10 68 00 00 	00000p0`0P000h00
  0x8e40	50 02 00 00 19 33 0b 00 22 74 51 00 22 64 50 00 	P0000300"tQ0"dP0
  0x8e50	22 34 4e 00 22 01 4a 00 14 f0 12 e0 10 50 00 00 	"4N0"0J000000P00
  0x8e60	10 68 00 00 40 02 00 00 19 25 07 00 13 64 1b 00 	0h00@0000%000d00
  0x8e70	13 34 1a 00 13 01 16 00 0c 70 00 00 98 68 00 00 	040000000p000h00
  0x8e80	88 8e 00 00 a3 00 00 00 38 95 8e 00 00 aa 8e 00 	0000000080000000
  0x8e90	00 bb 8e 00 00 0a 0a 10 43 00 00 a0 32 10 43 00 	00000000C00020C0
  0x8ea0	00 90 32 04 44 00 00 80 30 38 02 06 06 08 b2 8e 	0020D00008000000
  0x8eb0	00 00 02 11 80 85 6c 00 00 bd 03 10 f2 06 9e 08 	000000l000000000
  0x8ec0	1d 02 06 e6 04 48 02 30 00 5c 08 12 00 00 00 00 	00000H0000000000
  0x8ed0	01 0a 02 00 0a 72 06 50 19 04 01 00 04 42 00 00 	00000r0P00000B00
  0x8ee0	06 64 00 00 e8 8e 00 00 60 ed 8e 00 00 02 26 00 	0d000000`00000&0
  0x8ef0	01 04 01 00 04 22 00 00 19 0a 02 00 0a 52 06 30 	00000"0000000R00
  0x8f00	06 64 00 00 08 8f 00 00 38 15 8f 00 00 1d 8f 00 	0d00000080000000
  0x8f10	00 2e 8f 00 00 06 0e b1 6c 00 00 28 30 02 02 02 	0.000000l00(0000
  0x8f20	04 25 8f 00 00 02 11 80 de 6c 00 00 51 0b 06 5a 	0%0000000l00Q00Z
  0x8f30	02 6c 04 bd 09 02 00 00 01 06 02 00 06 32 02 50 	0l0000000000020P
  0x8f40	01 0e 01 00 0e 82 00 00 19 27 09 00 15 54 50 00 	000000000'000TP0
  0x8f50	15 34 4e 00 15 01 4a 00 0e e0 0c 70 0b 60 00 00 	04N000J0000p0`00
  0x8f60	10 68 00 00 40 02 00 00 19 1f 05 00 0d 34 4d 00 	0h00@000000004M0
  0x8f70	0d 01 4a 00 06 70 00 00 10 68 00 00 40 02 00 00 	00J00p000h00@000
  0x8f80	11 14 06 00 14 64 0c 00 14 34 0b 00 14 72 10 70 	00000d0004000r0p
  0x8f90	06 64 00 00 98 8f 00 00 28 a1 8f 00 00 a8 8f 00 	0d000000(0000000
  0x8fa0	00 02 0a a4 53 00 00 60 04 d6 02 62 00 00 00 00 	0000S00`000b0000
  0x8fb0	01 10 06 00 10 64 0d 00 10 34 0c 00 10 92 0c 70 	00000d000400000p
  0x8fc0	19 0f 06 00 0f 64 0b 00 0f 34 0a 00 0f 72 0b 70 	00000d0004000r0p
  0x8fd0	06 64 00 00 d8 8f 00 00 38 31 8c 00 00 e5 8f 00 	0d00000081000000
  0x8fe0	00 f4 8f 00 00 02 00 00 02 ed 8f 00 00 02 01 80 	0000000000000000
  0x8ff0	24 6d 00 00 06 68 02 85 06 00 40 02 01 0a 02 00 	$m000h0000@00000
  0x9000	0a 52 06 50 19 0f 04 00 0f 34 09 00 0f 52 0b 70 	0R0P000004000R0p
  0x9010	06 64 00 00 18 90 00 00 38 31 8c 00 00 25 90 00 	0d00000081000%00
  0x9020	00 34 90 00 00 02 00 00 02 2d 90 00 00 02 01 80 	040000000-000000
  0x9030	4a 6d 00 00 02 dc 02 00 01 06 02 00 06 92 02 30 	Jm00000000000000
  0x9040	19 2b 09 00 19 34 15 04 19 01 0c 04 0c f0 0a e0 	0+00040000000000
  0x9050	08 70 07 60 06 50 00 00 10 68 00 00 50 20 00 00 	0p0`0P000h00P 00
  0x9060	01 07 01 00 07 a2 00 00 01 06 02 00 06 72 02 30 	0000000000000r00
  0x9070	09 0f 06 00 0f 64 09 00 0f 34 08 00 0f 52 0b 70 	00000d0004000R0p
  0x9080	4a 65 00 00 02 00 00 00 b9 57 00 00 be 58 00 00 	Je0000000W000X00
  0x9090	70 6d 00 00 be 58 00 00 f2 58 00 00 04 59 00 00 	pm000X000X000Y00
  0x90a0	70 6d 00 00 be 58 00 00 01 00 00 00 01 09 01 00 	pm000X0000000000
  0x90b0	09 62 00 00 01 08 04 00 08 72 04 70 03 60 02 30 	0b0000000r0p0`00
  0x90c0	09 04 01 00 04 22 00 00 4a 65 00 00 01 00 00 00 	00000"00Je000000
  0x90d0	7f 5c 00 00 09 5d 00 00 94 6d 00 00 09 5d 00 00 	00000]000m000]00
  0x90e0	01 02 01 00 02 50 00 00 01 0d 04 00 0d 34 09 00 	00000P0000000400
  0x90f0	0d 32 06 50 01 15 05 00 15 34 ba 00 15 01 b8 00 	020P000004000000
  0x9100	06 50 00 00 01 0f 06 00 0f 64 06 00 0f 34 05 00 	0P0000000d000400
  0x9110	0f 12 0b 70 00 00 00 00 01 00 00 00 01 14 08 00 	000p000000000000
  0x9120	14 64 0a 00 14 54 09 00 14 34 08 00 14 52 10 70 	0d000T0004000R0p
  0x9130	01 14 08 00 14 64 0c 00 14 54 0b 00 14 34 0a 00 	00000d000T000400
  0x9140	14 72 10 70 01 02 01 00 02 30 00 00 00 00 00 00 	0r0p000000000000
  0x9150	01 04 01 00 04 12 00 00 00 00 00 00 50 67 00 00 	000000000000Pg00
  0x9160	00 00 00 00 78 91 00 00 00 00 00 00 00 00 00 00 	0000x00000000000
  0x9170	00 00 00 00 00 00 00 00 02 00 00 00 90 91 00 00 	0000000000000000
  0x9180	60 92 00 00 00 00 00 00 00 00 00 00 00 00 00 00 	`000000000000000
  0x9190	10 00 00 00 60 a0 00 00 00 00 00 00 ff ff ff ff 	0000`00000000000
  0x91a0	00 00 00 00 18 00 00 00 80 66 00 00 00 00 00 00 	000000000f000000
  0x91b0	00 00 00 00 00 00 00 00 00 00 00 00 50 67 00 00 	000000000000Pg00
  0x91c0	00 00 00 00 d8 91 00 00 00 00 00 00 00 00 00 00 	0000000000000000
  0x91d0	00 00 00 00 00 00 00 00 03 00 00 00 f8 91 00 00 	0000000000000000
  0x91e0	90 91 00 00 60 92 00 00 00 00 00 00 00 00 00 00 	0000`00000000000
  0x91f0	00 00 00 00 00 00 00 00 00 00 00 00 30 a0 00 00 	0000000000000000
  0x9200	00 00 00 00 ff ff ff ff 00 00 00 00 18 00 00 00 	0000000000000000
  0x9210	e8 66 00 00 00 00 00 00 00 00 00 00 00 00 00 00 	0f00000000000000
  0x9220	02 00 00 00 38 92 00 00 60 92 00 00 00 00 00 00 	00008000`0000000
  0x9230	00 00 00 00 00 00 00 00 00 00 00 00 88 a0 00 00 	0000000000000000
  0x9240	00 00 00 00 ff ff ff ff 00 00 00 00 c8 00 00 00 	0000000000000000
  0x9250	0c 24 00 00 00 00 00 00 00 00 00 00 00 00 00 00 	0$00000000000000
  0x9260	00 00 00 00 b8 a0 00 00 00 00 00 00 ff ff ff ff 	0000000000000000
  0x9270	00 00 00 00 18 00 00 00 c0 13 00 00 00 00 00 00 	0000000000000000
  0x9280	00 00 00 00 00 00 00 00 00 00 00 00 8c 22 00 00 	0000000000000"00
  0x9290	00 00 00 00 20 92 00 00 00 00 00 00 00 00 00 00 	0000 00000000000
  0x92a0	00 00 00 00 00 00 00 00 e8 93 00 00 00 00 00 00 	0000000000000000
  0x92b0	00 00 00 00 7c 98 00 00 98 71 00 00 78 96 00 00 	0000|0000q00x000
  0x92c0	00 00 00 00 00 00 00 00 dc 98 00 00 28 74 00 00 	000000000000(t00
  0x92d0	70 95 00 00 00 00 00 00 00 00 00 00 8a 9b 00 00 	p000000000000000
  0x92e0	20 73 00 00 a0 96 00 00 00 00 00 00 00 00 00 00 	 s00000000000000
  0x92f0	ac 9b 00 00 50 74 00 00 a8 94 00 00 00 00 00 00 	0000Pt0000000000
  0x9300	00 00 00 00 24 9d 00 00 58 72 00 00 40 95 00 00 	0000$000Xr00@000
  0x9310	00 00 00 00 00 00 00 00 44 9d 00 00 f0 72 00 00 	00000000D0000r00
  0x9320	d0 94 00 00 00 00 00 00 00 00 00 00 6a 9d 00 00 	000000000000j000
  0x9330	80 72 00 00 f8 94 00 00 00 00 00 00 00 00 00 00 	0r00000000000000
  0x9340	94 9d 00 00 a8 72 00 00 10 95 00 00 00 00 00 00 	00000r0000000000
  0x9350	00 00 00 00 be 9d 00 00 c0 72 00 00 20 95 00 00 	000000000r00 000
  0x9360	00 00 00 00 00 00 00 00 e8 9d 00 00 d0 72 00 00 	0000000000000r00
  0x9370	60 95 00 00 00 00 00 00 00 00 00 00 0c 9e 00 00 	`000000000000000
  0x9380	10 73 00 00 e8 94 00 00 00 00 00 00 00 00 00 00 	0s00000000000000
  0x9390	30 9e 00 00 98 72 00 00 30 95 00 00 00 00 00 00 	00000r0000000000
  0x93a0	00 00 00 00 68 9e 00 00 e0 72 00 00 c0 96 00 00 	0000h0000r000000
  0x93b0	00 00 00 00 00 00 00 00 ae 9e 00 00 70 74 00 00 	000000000000pt00
  0x93c0	b0 96 00 00 00 00 00 00 00 00 00 00 f2 9e 00 00 	0000000000000000
  0x93d0	60 74 00 00 00 00 00 00 00 00 00 00 00 00 00 00 	`t00000000000000
  0x93e0	00 00 00 00 00 00 00 00 d0 96 00 00 00 00 00 00 	0000000000000000
  0x93f0	e6 96 00 00 00 00 00 00 fc 96 00 00 00 00 00 00 	0000000000000000
  0x9400	08 97 00 00 00 00 00 00 18 97 00 00 00 00 00 00 	0000000000000000
  0x9410	2c 97 00 00 00 00 00 00 42 97 00 00 00 00 00 00 	,0000000B0000000
  0x9420	58 97 00 00 00 00 00 00 6e 97 00 00 00 00 00 00 	X0000000n0000000
  0x9430	7e 97 00 00 00 00 00 00 90 97 00 00 00 00 00 00 	~000000000000000
  0x9440	a0 97 00 00 00 00 00 00 b6 97 00 00 00 00 00 00 	0000000000000000
  0x9450	ce 97 00 00 00 00 00 00 e0 97 00 00 00 00 00 00 	0000000000000000
  0x9460	ee 97 00 00 00 00 00 00 fa 97 00 00 00 00 00 00 	0000000000000000
  0x9470	0c 98 00 00 00 00 00 00 1e 98 00 00 00 00 00 00 	0000000000000000
  0x9480	34 98 00 00 00 00 00 00 46 98 00 00 00 00 00 00 	40000000F0000000
  0x9490	5a 98 00 00 00 00 00 00 68 98 00 00 00 00 00 00 	Z0000000h0000000
  0x94a0	00 00 00 00 00 00 00 00 e0 9b 00 00 00 00 00 00 	0000000000000000
  0x94b0	f2 9b 00 00 00 00 00 00 06 9c 00 00 00 00 00 00 	0000000000000000
  0x94c0	ce 9b 00 00 00 00 00 00 00 00 00 00 00 00 00 00 	0000000000000000
  0x94d0	5c 9c 00 00 00 00 00 00 78 9c 00 00 00 00 00 00 	00000000x0000000
  0x94e0	00 00 00 00 00 00 00 00 0e 9d 00 00 00 00 00 00 	0000000000000000
  0x94f0	00 00 00 00 00 00 00 00 96 9c 00 00 00 00 00 00 	0000000000000000
  0x9500	aa 9c 00 00 00 00 00 00 00 00 00 00 00 00 00 00 	0000000000000000
  0x9510	be 9c 00 00 00 00 00 00 00 00 00 00 00 00 00 00 	0000000000000000
  0x9520	da 9c 00 00 00 00 00 00 00 00 00 00 00 00 00 00 	0000000000000000
  0x9530	58 9e 00 00 00 00 00 00 00 00 00 00 00 00 00 00 	X000000000000000
  0x9540	48 9c 00 00 00 00 00 00 2e 9c 00 00 00 00 00 00 	H0000000.0000000
  0x9550	1a 9c 00 00 00 00 00 00 00 00 00 00 00 00 00 00 	0000000000000000
  0x9560	f4 9c 00 00 00 00 00 00 00 00 00 00 00 00 00 00 	0000000000000000
  0x9570	80 99 00 00 00 00 00 00 a0 99 00 00 00 00 00 00 	0000000000000000
  0x9580	be 99 00 00 00 00 00 00 ce 99 00 00 00 00 00 00 	0000000000000000
  0x9590	da 99 00 00 00 00 00 00 f4 99 00 00 00 00 00 00 	0000000000000000
  0x95a0	0e 9a 00 00 00 00 00 00 20 9a 00 00 00 00 00 00 	00000000 0000000
  0x95b0	2c 9a 00 00 00 00 00 00 38 9a 00 00 00 00 00 00 	,000000080000000
  0x95c0	5c 9a 00 00 00 00 00 00 7a 9a 00 00 00 00 00 00 	00000000z0000000
  0x95d0	9c 9a 00 00 00 00 00 00 bc 9a 00 00 00 00 00 00 	0000000000000000
  0x95e0	dc 9a 00 00 00 00 00 00 f2 9a 00 00 00 00 00 00 	0000000000000000
  0x95f0	06 9b 00 00 00 00 00 00 16 9b 00 00 00 00 00 00 	0000000000000000
  0x9600	62 99 00 00 00 00 00 00 2a 9b 00 00 00 00 00 00 	b0000000*0000000
  0x9610	38 9b 00 00 00 00 00 00 42 9b 00 00 00 00 00 00 	80000000B0000000
  0x9620	4c 9b 00 00 00 00 00 00 58 9b 00 00 00 00 00 00 	L0000000X0000000
  0x9630	68 9b 00 00 00 00 00 00 48 99 00 00 00 00 00 00 	h0000000H0000000
  0x9640	36 99 00 00 00 00 00 00 24 99 00 00 00 00 00 00 	60000000$0000000
  0x9650	14 99 00 00 00 00 00 00 fe 98 00 00 00 00 00 00 	0000000000000000
  0x9660	bc 9e 00 00 00 00 00 00 20 9f 00 00 00 00 00 00 	00000000 0000000
  0x9670	00 00 00 00 00 00 00 00 8a 98 00 00 00 00 00 00 	0000000000000000
  0x9680	a4 98 00 00 00 00 00 00 ae 98 00 00 00 00 00 00 	0000000000000000
  0x9690	96 98 00 00 00 00 00 00 00 00 00 00 00 00 00 00 	0000000000000000
  0x96a0	80 9b 00 00 00 00 00 00 00 00 00 00 00 00 00 00 	0000000000000000
  0x96b0	d2 9e 00 00 00 00 00 00 00 00 00 00 00 00 00 00 	0000000000000000
  0x96c0	8c 9e 00 00 00 00 00 00 00 00 00 00 00 00 00 00 	0000000000000000
  0x96d0	7b 02 47 65 74 4d 6f 64 75 6c 65 46 69 6c 65 4e 	{0GetModuleFileN
  0x96e0	61 6d 65 41 00 00 ed 00 43 72 65 61 74 65 53 65 	ameA0000CreateSe
  0x96f0	6d 61 70 68 6f 72 65 45 78 57 00 00 54 03 48 65 	maphoreExW00T0He
  0x9700	61 70 46 72 65 65 00 00 40 05 53 65 74 4c 61 73 	apFree00@0SetLas
  0x9710	74 45 72 72 6f 72 00 00 b9 04 52 65 6c 65 61 73 	tError0000Releas
  0x9720	65 53 65 6d 61 70 68 6f 72 65 00 00 7f 02 47 65 	eSemaphore0000Ge
  0x9730	74 4d 6f 64 75 6c 65 48 61 6e 64 6c 65 45 78 57 	tModuleHandleExW
  0x9740	00 00 e8 05 57 61 69 74 46 6f 72 53 69 6e 67 6c 	0000WaitForSingl
  0x9750	65 4f 62 6a 65 63 74 00 24 02 47 65 74 43 75 72 	eObject0$0GetCur
  0x9760	72 65 6e 74 54 68 72 65 61 64 49 64 00 00 b5 04 	rentThreadId0000
  0x9770	52 65 6c 65 61 73 65 4d 75 74 65 78 00 00 af 01 	ReleaseMutex0000
  0x9780	46 6f 72 6d 61 74 4d 65 73 73 61 67 65 57 00 00 	FormatMessageW00
  0x9790	69 02 47 65 74 4c 61 73 74 45 72 72 6f 72 00 00 	i0GetLastError00
  0x97a0	1d 04 4f 75 74 70 75 74 44 65 62 75 67 53 74 72 	00OutputDebugStr
  0x97b0	69 6e 67 57 00 00 e9 05 57 61 69 74 46 6f 72 53 	ingW0000WaitForS
  0x97c0	69 6e 67 6c 65 4f 62 6a 65 63 74 45 78 00 15 04 	ingleObjectEx000
  0x97d0	4f 70 65 6e 53 65 6d 61 70 68 6f 72 65 57 00 00 	OpenSemaphoreW00
  0x97e0	88 00 43 6c 6f 73 65 48 61 6e 64 6c 65 00 50 03 	00CloseHandle0P0
  0x97f0	48 65 61 70 41 6c 6c 6f 63 00 b7 02 47 65 74 50 	HeapAlloc000GetP
  0x9800	72 6f 63 41 64 64 72 65 73 73 00 00 db 00 43 72 	rocAddress0000Cr
  0x9810	65 61 74 65 4d 75 74 65 78 45 78 57 00 00 20 02 	eateMutexExW00 0
  0x9820	47 65 74 43 75 72 72 65 6e 74 50 72 6f 63 65 73 	GetCurrentProces
  0x9830	73 49 64 00 bd 02 47 65 74 50 72 6f 63 65 73 73 	sId000GetProcess
  0x9840	48 65 61 70 00 00 80 02 47 65 74 4d 6f 64 75 6c 	Heap0000GetModul
  0x9850	65 48 61 6e 64 6c 65 57 00 00 09 01 44 65 62 75 	eHandleW0000Debu
  0x9860	67 42 72 65 61 6b 00 00 84 03 49 73 44 65 62 75 	gBreak0000IsDebu
  0x9870	67 67 65 72 50 72 65 73 65 6e 74 00 4b 45 52 4e 	ggerPresent0KERN
  0x9880	45 4c 33 32 2e 64 6c 6c 00 00 36 00 5f 69 6e 69 	EL32.dll0060_ini
  0x9890	74 74 65 72 6d 00 37 00 5f 69 6e 69 74 74 65 72 	tterm070_initter
  0x98a0	6d 5f 65 00 15 00 5f 63 5f 65 78 69 74 00 3d 00 	m_e000_c_exit0=0
  0x98b0	5f 72 65 67 69 73 74 65 72 5f 74 68 72 65 61 64 	_register_thread
  0x98c0	5f 6c 6f 63 61 6c 5f 65 78 65 5f 61 74 65 78 69 	_local_exe_atexi
  0x98d0	74 5f 63 61 6c 6c 62 61 63 6b 00 00 61 70 69 2d 	t_callback00api-
  0x98e0	6d 73 2d 77 69 6e 2d 63 72 74 2d 72 75 6e 74 69 	ms-win-crt-runti
  0x98f0	6d 65 2d 6c 31 2d 31 2d 30 2e 64 6c 6c 00 13 00 	me-l1-1-0.dll000
  0x9900	5f 5f 43 78 78 46 72 61 6d 65 48 61 6e 64 6c 65 	__CxxFrameHandle
  0x9910	72 34 00 00 4f 00 5f 6f 5f 5f 5f 70 5f 5f 5f 61 	r400O0_o___p___a
  0x9920	72 67 63 00 51 00 5f 6f 5f 5f 5f 70 5f 5f 5f 77 	rgc0Q0_o___p___w
  0x9930	61 72 67 76 00 00 53 00 5f 6f 5f 5f 5f 70 5f 5f 	argv00S0_o___p__
  0x9940	63 6f 6d 6d 6f 64 65 00 5e 00 5f 6f 5f 5f 5f 73 	commode0^0_o___s
  0x9950	74 64 5f 65 78 63 65 70 74 69 6f 6e 5f 63 6f 70 	td_exception_cop
  0x9960	79 00 5f 00 5f 6f 5f 5f 5f 73 74 64 5f 65 78 63 	y0_0_o___std_exc
  0x9970	65 70 74 69 6f 6e 5f 64 65 73 74 72 6f 79 00 00 	eption_destroy00
  0x9980	6a 00 5f 6f 5f 5f 5f 73 74 64 69 6f 5f 63 6f 6d 	j0_o___stdio_com
  0x9990	6d 6f 6e 5f 76 73 6e 70 72 69 6e 74 66 5f 73 00 	mon_vsnprintf_s0
  0x99a0	70 00 5f 6f 5f 5f 5f 73 74 64 69 6f 5f 63 6f 6d 	p0_o___stdio_com
  0x99b0	6d 6f 6e 5f 76 73 77 70 72 69 6e 74 66 00 91 00 	mon_vswprintf000
  0x99c0	5f 6f 5f 5f 63 61 6c 6c 6e 65 77 68 00 00 93 00 	_o__callnewh0000
  0x99d0	5f 6f 5f 5f 63 65 78 69 74 00 9f 00 5f 6f 5f 5f 	_o__cexit000_o__
  0x99e0	63 6f 6e 66 69 67 74 68 72 65 61 64 6c 6f 63 61 	configthreadloca
  0x99f0	6c 65 00 00 a1 00 5f 6f 5f 5f 63 6f 6e 66 69 67 	le0000_o__config
  0x9a00	75 72 65 5f 77 69 64 65 5f 61 72 67 76 00 a7 00 	ure_wide_argv000
  0x9a10	5f 6f 5f 5f 63 72 74 5f 61 74 65 78 69 74 00 00 	_o__crt_atexit00
  0x9a20	c0 00 5f 6f 5f 5f 65 72 72 6e 6f 00 c7 00 5f 6f 	00_o__errno000_o
  0x9a30	5f 5f 65 78 69 74 00 00 0f 01 5f 6f 5f 5f 67 65 	__exit0000_o__ge
  0x9a40	74 5f 69 6e 69 74 69 61 6c 5f 77 69 64 65 5f 65 	t_initial_wide_e
  0x9a50	6e 76 69 72 6f 6e 6d 65 6e 74 00 00 3d 01 5f 6f 	nvironment00=0_o
  0x9a60	5f 5f 69 6e 69 74 69 61 6c 69 7a 65 5f 6f 6e 65 	__initialize_one
  0x9a70	78 69 74 5f 74 61 62 6c 65 00 3e 01 5f 6f 5f 5f 	xit_table0>0_o__
  0x9a80	69 6e 69 74 69 61 6c 69 7a 65 5f 77 69 64 65 5f 	initialize_wide_
  0x9a90	65 6e 76 69 72 6f 6e 6d 65 6e 74 00 3f 01 5f 6f 	environment0?0_o
  0x9aa0	5f 5f 69 6e 76 61 6c 69 64 5f 70 61 72 61 6d 65 	__invalid_parame
  0x9ab0	74 65 72 5f 6e 6f 69 6e 66 6f 00 00 51 02 5f 6f 	ter_noinfo00Q0_o
  0x9ac0	5f 5f 72 65 67 69 73 74 65 72 5f 6f 6e 65 78 69 	__register_onexi
  0x9ad0	74 5f 66 75 6e 63 74 69 6f 6e 00 00 5a 02 5f 6f 	t_function00Z0_o
  0x9ae0	5f 5f 73 65 68 5f 66 69 6c 74 65 72 5f 65 78 65 	__seh_filter_exe
  0x9af0	00 00 5c 02 5f 6f 5f 5f 73 65 74 5f 61 70 70 5f 	0000_o__set_app_
  0x9b00	74 79 70 65 00 00 5f 02 5f 6f 5f 5f 73 65 74 5f 	type00_0_o__set_
  0x9b10	66 6d 6f 64 65 00 62 02 5f 6f 5f 5f 73 65 74 5f 	fmode0b0_o__set_
  0x9b20	6e 65 77 5f 6d 6f 64 65 00 00 cd 02 5f 6f 5f 5f 	new_mode0000_o__
  0x9b30	77 63 73 69 63 6d 70 00 6d 03 5f 6f 5f 65 78 69 	wcsicmp0m0_o_exi
  0x9b40	74 00 8c 03 5f 6f 5f 66 72 65 65 00 d7 03 5f 6f 	t000_o_free000_o
  0x9b50	5f 6d 61 6c 6c 6f 63 00 35 04 5f 6f 5f 74 65 72 	_malloc050_o_ter
  0x9b60	6d 69 6e 61 74 65 00 00 0c 00 5f 5f 43 5f 73 70 	minate0000__C_sp
  0x9b70	65 63 69 66 69 63 5f 68 61 6e 64 6c 65 72 00 00 	ecific_handler00
  0x9b80	83 00 6d 65 6d 73 65 74 00 00 61 70 69 2d 6d 73 	00memset00api-ms
  0x9b90	2d 77 69 6e 2d 63 72 74 2d 70 72 69 76 61 74 65 	-win-crt-private
  0x9ba0	2d 6c 31 2d 31 2d 30 2e 64 6c 6c 00 61 70 69 2d 	-l1-1-0.dll0api-
  0x9bb0	6d 73 2d 77 69 6e 2d 63 72 74 2d 73 74 72 69 6e 	ms-win-crt-strin
  0x9bc0	67 2d 6c 31 2d 31 2d 30 2e 64 6c 6c 00 00 46 00 	g-l1-1-0.dll00F0
  0x9bd0	43 6f 55 6e 69 6e 69 74 69 61 6c 69 7a 65 00 00 	CoUninitialize00
  0x9be0	28 00 43 6f 49 6e 69 74 69 61 6c 69 7a 65 45 78 	(0CoInitializeEx
  0x9bf0	00 00 3f 00 43 6f 53 65 74 50 72 6f 78 79 42 6c 	00?0CoSetProxyBl
  0x9c00	61 6e 6b 65 74 00 09 00 43 6f 43 72 65 61 74 65 	anket000CoCreate
  0x9c10	49 6e 73 74 61 6e 63 65 00 00 f2 02 52 74 6c 43 	Instance0000RtlC
  0x9c20	61 70 74 75 72 65 43 6f 6e 74 65 78 74 00 e8 04 	aptureContext000
  0x9c30	52 74 6c 4c 6f 6f 6b 75 70 46 75 6e 63 74 69 6f 	RtlLookupFunctio
  0x9c40	6e 45 6e 74 72 79 00 00 27 06 52 74 6c 56 69 72 	nEntry00'0RtlVir
  0x9c50	74 75 61 6c 55 6e 77 69 6e 64 00 00 11 00 55 6e 	tualUnwind0000Un
  0x9c60	68 61 6e 64 6c 65 64 45 78 63 65 70 74 69 6f 6e 	handledException
  0x9c70	46 69 6c 74 65 72 00 00 0f 00 53 65 74 55 6e 68 	Filter0000SetUnh
  0x9c80	61 6e 64 6c 65 64 45 78 63 65 70 74 69 6f 6e 46 	andledExceptionF
  0x9c90	69 6c 74 65 72 00 0c 00 47 65 74 43 75 72 72 65 	ilter000GetCurre
  0x9ca0	6e 74 50 72 6f 63 65 73 73 00 4e 00 54 65 72 6d 	ntProcess0N0Term
  0x9cb0	69 6e 61 74 65 50 72 6f 63 65 73 73 00 00 2f 00 	inateProcess00/0
  0x9cc0	49 73 50 72 6f 63 65 73 73 6f 72 46 65 61 74 75 	IsProcessorFeatu
  0x9cd0	72 65 50 72 65 73 65 6e 74 00 00 00 51 75 65 72 	rePresent000Quer
  0x9ce0	79 50 65 72 66 6f 72 6d 61 6e 63 65 43 6f 75 6e 	yPerformanceCoun
  0x9cf0	74 65 72 00 16 00 47 65 74 53 79 73 74 65 6d 54 	ter000GetSystemT
  0x9d00	69 6d 65 41 73 46 69 6c 65 54 69 6d 65 00 00 00 	imeAsFileTime000
  0x9d10	49 6e 69 74 69 61 6c 69 7a 65 53 4c 69 73 74 48 	InitializeSListH
  0x9d20	65 61 64 00 61 70 69 2d 6d 73 2d 77 69 6e 2d 63 	ead0api-ms-win-c
  0x9d30	6f 72 65 2d 63 6f 6d 2d 6c 31 2d 31 2d 30 2e 64 	ore-com-l1-1-0.d
  0x9d40	6c 6c 00 00 61 70 69 2d 6d 73 2d 77 69 6e 2d 63 	ll00api-ms-win-c
  0x9d50	6f 72 65 2d 72 74 6c 73 75 70 70 6f 72 74 2d 6c 	ore-rtlsupport-l
  0x9d60	31 2d 31 2d 30 2e 64 6c 6c 00 61 70 69 2d 6d 73 	1-1-0.dll0api-ms
  0x9d70	2d 77 69 6e 2d 63 6f 72 65 2d 65 72 72 6f 72 68 	-win-core-errorh
  0x9d80	61 6e 64 6c 69 6e 67 2d 6c 31 2d 31 2d 30 2e 64 	andling-l1-1-0.d
  0x9d90	6c 6c 00 00 61 70 69 2d 6d 73 2d 77 69 6e 2d 63 	ll00api-ms-win-c
  0x9da0	6f 72 65 2d 70 72 6f 63 65 73 73 74 68 72 65 61 	ore-processthrea
  0x9db0	64 73 2d 6c 31 2d 31 2d 30 2e 64 6c 6c 00 61 70 	ds-l1-1-0.dll0ap
  0x9dc0	69 2d 6d 73 2d 77 69 6e 2d 63 6f 72 65 2d 70 72 	i-ms-win-core-pr
  0x9dd0	6f 63 65 73 73 74 68 72 65 61 64 73 2d 6c 31 2d 	ocessthreads-l1-
  0x9de0	31 2d 31 2e 64 6c 6c 00 61 70 69 2d 6d 73 2d 77 	1-1.dll0api-ms-w
  0x9df0	69 6e 2d 63 6f 72 65 2d 70 72 6f 66 69 6c 65 2d 	in-core-profile-
  0x9e00	6c 31 2d 31 2d 30 2e 64 6c 6c 00 00 61 70 69 2d 	l1-1-0.dll00api-
  0x9e10	6d 73 2d 77 69 6e 2d 63 6f 72 65 2d 73 79 73 69 	ms-win-core-sysi
  0x9e20	6e 66 6f 2d 6c 31 2d 31 2d 30 2e 64 6c 6c 00 00 	nfo-l1-1-0.dll00
  0x9e30	61 70 69 2d 6d 73 2d 77 69 6e 2d 63 6f 72 65 2d 	api-ms-win-core-
  0x9e40	69 6e 74 65 72 6c 6f 63 6b 65 64 2d 6c 31 2d 31 	interlocked-l1-1
  0x9e50	2d 30 2e 64 6c 6c 00 00 14 00 52 65 67 47 65 74 	-0.dll0000RegGet
  0x9e60	56 61 6c 75 65 57 00 00 61 70 69 2d 6d 73 2d 77 	ValueW00api-ms-w
  0x9e70	69 6e 2d 63 6f 72 65 2d 72 65 67 69 73 74 72 79 	in-core-registry
  0x9e80	2d 6c 31 2d 31 2d 30 2e 64 6c 6c 00 8e 02 3f 5f 	-l1-1-0.dll000?_
  0x9e90	58 6c 65 6e 67 74 68 5f 65 72 72 6f 72 40 73 74 	Xlength_error@st
  0x9ea0	64 40 40 59 41 58 50 45 42 44 40 5a 00 00 6d 73 	d@@YAXPEBD@Z00ms
  0x9eb0	76 63 70 5f 77 69 6e 2e 64 6c 6c 00 01 00 5f 43 	vcp_win.dll000_C
  0x9ec0	78 78 54 68 72 6f 77 45 78 63 65 70 74 69 6f 6e 	xxThrowException
  0x9ed0	00 00 01 00 47 65 74 50 65 72 73 69 73 74 65 64 	0000GetPersisted
  0x9ee0	52 65 67 69 73 74 72 79 4c 6f 63 61 74 69 6f 6e 	RegistryLocation
  0x9ef0	57 00 61 70 69 2d 6d 73 2d 77 69 6e 2d 73 74 61 	W0api-ms-win-sta
  0x9f00	74 65 73 65 70 61 72 61 74 69 6f 6e 2d 68 65 6c 	teseparation-hel
  0x9f10	70 65 72 73 2d 6c 31 2d 31 2d 30 2e 64 6c 6c 00 	pers-l1-1-0.dll0
  0x9f20	62 04 6d 65 6d 63 70 79 00 00 00 00 00 00 00 00 	b0memcpy00000000
  0x9f30	00 00 00 00 00 00 00 00 00 00 00 00 00 00 00 00 	0000000000000000
  0x9f40	00 00 00 00 00 00 00 00 00 00 00 00 00 00 00 00 	0000000000000000
  0x9f50	00 00 00 00 00 00 00 00 00 00 00 00 00 00 00 00 	0000000000000000
  0x9f60	00 00 00 00 00 00 00 00 00 00 00 00 00 00 00 00 	0000000000000000
  0x9f70	00 00 00 00 00 00 00 00 00 00 00 00 00 00 00 00 	0000000000000000
  0x9f80	00 00 00 00 00 00 00 00 00 00 00 00 00 00 00 00 	0000000000000000
  0x9f90	00 00 00 00 00 00 00 00 00 00 00 00 00 00 00 00 	0000000000000000
  0x9fa0	00 00 00 00 00 00 00 00 00 00 00 00 00 00 00 00 	0000000000000000
  0x9fb0	00 00 00 00 00 00 00 00 00 00 00 00 00 00 00 00 	0000000000000000
  0x9fc0	00 00 00 00 00 00 00 00 00 00 00 00 00 00 00 00 	0000000000000000
  0x9fd0	00 00 00 00 00 00 00 00 00 00 00 00 00 00 00 00 	0000000000000000
  0x9fe0	00 00 00 00 00 00 00 00 00 00 00 00 00 00 00 00 	0000000000000000
  0x9ff0	00 00 00 00 00 00 00 00 00 00 00 00 00 00 00 00 	0000000000000000
=== DATA BLOCK END ===

=== DATA BLOCK ADDRESS 0xa000 ===
  0xa000	00 78 00 40 01 00 00 00 00 00 00 00 00 00 00 00 	0x0@000000000000
  0xa010	18 70 00 40 01 00 00 00 00 00 00 00 00 00 00 00 	0p0@000000000000
  0xa020	2e 3f 41 56 74 79 70 65 5f 69 6e 66 6f 40 40 00 	.?AVtype_info@@0
  0xa030	18 70 00 40 01 00 00 00 00 00 00 00 00 00 00 00 	0p0@000000000000
  0xa040	2e 3f 41 56 62 61 64 5f 61 72 72 61 79 5f 6e 65 	.?AVbad_array_ne
  0xa050	77 5f 6c 65 6e 67 74 68 40 73 74 64 40 40 00 00 	w_length@std@@00
  0xa060	18 70 00 40 01 00 00 00 00 00 00 00 00 00 00 00 	0p0@000000000000
  0xa070	2e 3f 41 56 62 61 64 5f 61 6c 6c 6f 63 40 73 74 	.?AVbad_alloc@st
  0xa080	64 40 40 00 00 00 00 00 18 70 00 40 01 00 00 00 	d@@000000p0@0000
  0xa090	00 00 00 00 00 00 00 00 2e 3f 41 56 52 65 73 75 	00000000.?AVResu
  0xa0a0	6c 74 45 78 63 65 70 74 69 6f 6e 40 77 69 6c 40 	ltException@wil@
  0xa0b0	40 00 00 00 00 00 00 00 18 70 00 40 01 00 00 00 	@00000000p0@0000
  0xa0c0	00 00 00 00 00 00 00 00 2e 3f 41 56 65 78 63 65 	00000000.?AVexce
  0xa0d0	70 74 69 6f 6e 40 73 74 64 40 40 00 00 00 00 00 	ption@std@@00000
  0xa0e0	32 a2 df 2d 99 2b 00 00 cd 5d 20 d2 66 d4 ff ff 	200-0+000] 0f000
  0xa0f0	01 00 00 00 02 00 00 00 2f 20 00 00 00 00 00 00 	00000000/ 000000
  0xa100	01 00 00 00 01 00 00 00 01 01 01 00 00 00 00 00 	0000000000000000
  0xa110	00 00 00 00 00 00 00 00 00 00 00 00 00 00 00 00 	0000000000000000
  0xa120	00 00 00 00 00 00 00 00 00 00 00 00 00 00 00 00 	0000000000000000
  0xa130	00 00 00 00 00 00 00 00 00 00 00 00 00 00 00 00 	0000000000000000
  0xa140	00 00 00 00 00 00 00 00 00 00 00 00 00 00 00 00 	0000000000000000
  0xa150	00 00 00 00 00 00 00 00 00 00 00 00 00 00 00 00 	0000000000000000
  0xa160	00 00 00 00 00 00 00 00 00 00 00 00 00 00 00 00 	0000000000000000
  0xa170	00 00 00 00 00 00 00 00 00 00 00 00 00 00 00 00 	0000000000000000
  0xa180	00 00 00 00 00 00 00 00 00 00 00 00 00 00 00 00 	0000000000000000
  0xa190	00 00 00 00 00 00 00 00 00 00 00 00 00 00 00 00 	0000000000000000
  0xa1a0	00 00 00 00 00 00 00 00 00 00 00 00 00 00 00 00 	0000000000000000
  0xa1b0	00 00 00 00 00 00 00 00 00 00 00 00 00 00 00 00 	0000000000000000
  0xa1c0	00 00 00 00 00 00 00 00 00 00 00 00 00 00 00 00 	0000000000000000
  0xa1d0	00 00 00 00 00 00 00 00 00 00 00 00 00 00 00 00 	0000000000000000
  0xa1e0	00 00 00 00 00 00 00 00 00 00 00 00 00 00 00 00 	0000000000000000
  0xa1f0	00 00 00 00 00 00 00 00 00 00 00 00 00 00 00 00 	0000000000000000
=== DATA BLOCK END ===

=== DATA BLOCK ADDRESS 0xb000 ===
  0xb000	20 11 00 00 39 11 00 00 ac 8b 00 00 40 11 00 00 	 00090000000@000
  0xb010	d6 11 00 00 30 8b 00 00 dc 11 00 00 5f 12 00 00 	000000000000_000
  0xb020	40 8b 00 00 68 12 00 00 38 13 00 00 40 8b 00 00 	@000h0008000@000
  0xb030	40 13 00 00 b7 13 00 00 48 8b 00 00 c0 13 00 00 	@0000000H0000000
  0xb040	f3 13 00 00 58 8b 00 00 20 14 00 00 63 14 00 00 	0000X000 000c000
  0xb050	60 8b 00 00 6c 14 00 00 ea 14 00 00 6c 8b 00 00 	`000l0000000l000
  0xb060	f0 14 00 00 54 17 00 00 78 8b 00 00 5c 17 00 00 	0000T000x0000000
  0xb070	5d 18 00 00 98 8b 00 00 e4 18 00 00 09 19 00 00 	]000000000000000
  0xb080	ac 8b 00 00 10 19 00 00 4a 1a 00 00 b4 8b 00 00 	00000000J0000000
  0xb090	50 1a 00 00 8d 1a 00 00 ac 8b 00 00 c0 1a 00 00 	P000000000000000
  0xb0a0	26 1b 00 00 30 8b 00 00 2c 1b 00 00 89 1b 00 00 	&0000000,0000000
  0xb0b0	d0 8b 00 00 90 1b 00 00 0a 1c 00 00 d8 8b 00 00 	0000000000000000
  0xb0c0	10 1c 00 00 32 21 00 00 e4 8b 00 00 38 21 00 00 	00002!0000008!00
  0xb0d0	85 21 00 00 58 8b 00 00 90 21 00 00 41 22 00 00 	0!00X0000!00A"00
  0xb0e0	00 8c 00 00 50 22 00 00 85 22 00 00 60 8b 00 00 	0000P"000"00`000
  0xb0f0	8c 22 00 00 45 23 00 00 58 8b 00 00 4c 23 00 00 	0"00E#00X000L#00
  0xb100	68 23 00 00 ac 8b 00 00 70 23 00 00 b4 23 00 00 	h#000000p#000#00
  0xb110	14 8c 00 00 c0 23 00 00 ce 23 00 00 ac 8b 00 00 	00000#000#000000
  0xb120	e0 23 00 00 06 24 00 00 6c 8c 00 00 0c 24 00 00 	0#000$00l0000$00
  0xb130	10 25 00 00 60 8b 00 00 20 25 00 00 cf 25 00 00 	0%00`000 %000%00
  0xb140	74 8c 00 00 d8 25 00 00 8c 28 00 00 04 8d 00 00 	t0000%000(000000
  0xb150	94 28 00 00 28 29 00 00 1c 8d 00 00 30 29 00 00 	0(00()0000000)00
  0xb160	3d 2a 00 00 28 8d 00 00 44 2a 00 00 89 2a 00 00 	=*00(000D*000*00
  0xb170	3c 8d 00 00 90 2a 00 00 4e 2b 00 00 44 8d 00 00 	<0000*00N+00D000
  0xb180	54 2b 00 00 10 2c 00 00 44 8d 00 00 18 2c 00 00 	T+000,00D0000,00
  0xb190	47 2c 00 00 d0 8b 00 00 50 2c 00 00 69 2c 00 00 	G,000000P,00i,00
  0xb1a0	d0 8b 00 00 70 2c 00 00 89 2c 00 00 d0 8b 00 00 	0000p,000,000000
  0xb1b0	90 2c 00 00 ce 2c 00 00 d0 8b 00 00 e4 2c 00 00 	0,000,0000000,00
  0xb1c0	0e 2d 00 00 ac 8b 00 00 14 2d 00 00 3e 2d 00 00 	0-0000000-00>-00
  0xb1d0	ac 8b 00 00 44 2d 00 00 5c 2d 00 00 58 8d 00 00 	0000D-000-00X000
  0xb1e0	64 2d 00 00 dd 2e 00 00 70 8d 00 00 e4 2e 00 00 	d-000.00p0000.00
  0xb1f0	37 31 00 00 7c 8d 00 00 40 31 00 00 ea 31 00 00 	7100|000@1000100
  0xb200	98 8b 00 00 f0 31 00 00 47 33 00 00 98 8d 00 00 	00000100G3000000
  0xb210	50 33 00 00 15 34 00 00 60 8b 00 00 1c 34 00 00 	P3000400`0000400
  0xb220	11 35 00 00 98 8b 00 00 20 35 00 00 77 36 00 00 	05000000 500w600
  0xb230	b4 8d 00 00 80 36 00 00 ed 36 00 00 58 8b 00 00 	000006000600X000
  0xb240	00 37 00 00 8c 37 00 00 30 8b 00 00 94 37 00 00 	0700070000000700
  0xb250	74 39 00 00 cc 8d 00 00 7c 39 00 00 76 3b 00 00 	t9000000|900v;00
  0xb260	0c 8e 00 00 7c 3b 00 00 94 3b 00 00 58 8d 00 00 	0000|;000;00X000
  0xb270	9c 3b 00 00 4b 3e 00 00 20 8e 00 00 54 3e 00 00 	0;00K>00 000T>00
  0xb280	d5 3e 00 00 98 8b 00 00 dc 3e 00 00 cc 40 00 00 	0>0000000>000@00
  0xb290	44 8e 00 00 d4 40 00 00 0a 43 00 00 68 8e 00 00 	D0000@000C00h000
  0xb2a0	10 43 00 00 30 43 00 00 d8 8e 00 00 38 43 00 00 	0C000C0000008C00
  0xb2b0	73 43 00 00 d0 8b 00 00 7c 43 00 00 bb 43 00 00 	sC000000|C000C00
  0xb2c0	ac 8b 00 00 c4 43 00 00 fc 43 00 00 d0 8b 00 00 	00000C000C000000
  0xb2d0	04 44 00 00 23 44 00 00 ac 8b 00 00 2c 44 00 00 	0D00#D000000,D00
  0xb2e0	59 44 00 00 f0 8e 00 00 60 44 00 00 45 47 00 00 	YD000000`D00EG00
  0xb2f0	f8 8e 00 00 4c 47 00 00 a6 47 00 00 58 8b 00 00 	0000LG000G00X000
  0xb300	ac 47 00 00 54 48 00 00 40 8f 00 00 5c 48 00 00 	0G00TH00@0000H00
  0xb310	82 49 00 00 48 8f 00 00 88 49 00 00 ec 4a 00 00 	0I00H0000I000J00
  0xb320	68 8f 00 00 c4 4b 00 00 7f 4c 00 00 80 8f 00 00 	h0000K000L000000
  0xb330	88 4c 00 00 3b 4d 00 00 b0 8f 00 00 44 4d 00 00 	0L00;M000000DM00
  0xb340	99 4d 00 00 30 8b 00 00 a0 4d 00 00 a6 4f 00 00 	0M0000000M000O00
  0xb350	c0 8f 00 00 c0 4f 00 00 6c 52 00 00 60 8b 00 00 	00000O00lR00`000
  0xb360	74 52 00 00 9d 53 00 00 04 90 00 00 a4 53 00 00 	tR000S0000000S00
  0xb370	c1 53 00 00 ac 8b 00 00 c8 53 00 00 2b 54 00 00 	0S0000000S00+T00
  0xb380	38 90 00 00 34 54 00 00 52 54 00 00 d0 8b 00 00 	80004T00RT000000
  0xb390	58 54 00 00 6c 55 00 00 40 90 00 00 80 55 00 00 	XT00lU00@0000U00
  0xb3a0	af 55 00 00 60 90 00 00 b8 55 00 00 f9 55 00 00 	0U00`0000U000U00
  0xb3b0	68 90 00 00 00 56 00 00 14 56 00 00 ac 8b 00 00 	h0000V000V000000
  0xb3c0	30 56 00 00 4d 56 00 00 ac 8b 00 00 70 56 00 00 	0V00MV000000pV00
  0xb3d0	8d 56 00 00 ac 8b 00 00 a0 56 00 00 41 57 00 00 	0V0000000V00AW00
  0xb3e0	58 8b 00 00 50 57 00 00 60 57 00 00 ac 8b 00 00 	X000PW00`W000000
  0xb3f0	70 57 00 00 89 57 00 00 ac 8b 00 00 90 57 00 00 	pW000W0000000W00
  0xb400	0c 59 00 00 70 90 00 00 20 59 00 00 32 59 00 00 	0Y00p000 Y002Y00
  0xb410	ac 8b 00 00 50 59 00 00 71 59 00 00 a8 90 00 00 	0000PY00qY000000
  0xb420	78 59 00 00 d5 59 00 00 58 8b 00 00 e0 59 00 00 	xY000Y00X0000Y00
  0xb430	b2 5a 00 00 ac 90 00 00 b8 5a 00 00 29 5b 00 00 	0Z0000000Z00)[00
  0xb440	b4 90 00 00 30 5b 00 00 69 5b 00 00 ac 8b 00 00 	00000[00i[000000
  0xb450	70 5b 00 00 b9 5b 00 00 58 8b 00 00 c0 5b 00 00 	p[000[00X0000[00
  0xb460	70 5c 00 00 58 8b 00 00 78 5c 00 00 10 5d 00 00 	p000X000x0000]00
  0xb470	c0 90 00 00 18 5d 00 00 3c 5d 00 00 58 8b 00 00 	00000]00<]00X000
  0xb480	44 5d 00 00 6d 5d 00 00 58 8b 00 00 74 5d 00 00 	D]00m]00X000t]00
  0xb490	c3 5d 00 00 58 8b 00 00 cc 5d 00 00 e3 5d 00 00 	0]00X0000]000]00
  0xb4a0	ac 8b 00 00 00 5e 00 00 26 5e 00 00 58 8b 00 00 	00000^00&^00X000
  0xb4b0	2c 5e 00 00 d8 5e 00 00 e8 90 00 00 3c 5f 00 00 	,^000^000000<_00
  0xb4c0	57 5f 00 00 ac 8b 00 00 90 5f 00 00 db 60 00 00 	W_0000000_000`00
  0xb4d0	f4 90 00 00 f0 60 00 00 42 61 00 00 ac 8b 00 00 	00000`00Ba000000
  0xb4e0	60 61 00 00 98 61 00 00 ac 8b 00 00 a0 61 00 00 	`a000a0000000a00
  0xb4f0	dc 61 00 00 60 8b 00 00 f0 61 00 00 2c 62 00 00 	0a00`0000a00,b00
  0xb500	60 8b 00 00 34 62 00 00 af 63 00 00 04 91 00 00 	`0004b000c000000
  0xb510	64 65 00 00 c6 65 00 00 1c 91 00 00 cc 65 00 00 	de000e0000000e00
  0xb520	34 66 00 00 30 91 00 00 3c 66 00 00 78 66 00 00 	4f000000<f00xf00
  0xb530	58 8b 00 00 80 66 00 00 bc 66 00 00 58 8b 00 00 	X0000f000f00X000
  0xb540	e8 66 00 00 24 67 00 00 58 8b 00 00 70 67 00 00 	0f00$g00X000pg00
  0xb550	ad 67 00 00 60 8b 00 00 b4 67 00 00 d4 67 00 00 	0g00`0000g000g00
  0xb560	d0 8b 00 00 dc 67 00 00 fc 67 00 00 d0 8b 00 00 	00000g000g000000
  0xb570	10 68 00 00 2d 68 00 00 ac 8b 00 00 34 68 00 00 	0h00-h0000004h00
  0xb580	8f 68 00 00 44 91 00 00 98 68 00 00 17 69 00 00 	0h00D0000h000i00
  0xb590	b4 8d 00 00 30 69 00 00 81 69 00 00 50 91 00 00 	00000i000i00P000
  0xb5a0	a0 69 00 00 a2 69 00 00 18 91 00 00 a8 69 00 00 	0i000i0000000i00
  0xb5b0	08 6a 00 00 58 8c 00 00 0e 6a 00 00 2c 6a 00 00 	0j00X0000j00,j00
  0xb5c0	64 8c 00 00 32 6a 00 00 84 6a 00 00 58 8c 00 00 	d0002j000j00X000
  0xb5d0	8a 6a 00 00 db 6a 00 00 58 8c 00 00 e1 6a 00 00 	0j000j00X0000j00
  0xb5e0	1f 6b 00 00 64 8c 00 00 25 6b 00 00 77 6b 00 00 	0k00d000%k00wk00
  0xb5f0	58 8c 00 00 7d 6b 00 00 ce 6b 00 00 58 8c 00 00 	X000}k000k00X000
  0xb600	d4 6b 00 00 25 6c 00 00 58 8c 00 00 85 6c 00 00 	0k00%l00X0000l00
  0xb610	ab 6c 00 00 d0 8e 00 00 b1 6c 00 00 d8 6c 00 00 	0l0000000l000l00
  0xb620	38 8f 00 00 de 6c 00 00 0c 6d 00 00 64 8c 00 00 	80000l000m00d000
  0xb630	24 6d 00 00 44 6d 00 00 fc 8f 00 00 4a 6d 00 00 	$m00Dm000000Jm00
  0xb640	6a 6d 00 00 fc 8f 00 00 70 6d 00 00 8e 6d 00 00 	jm000000pm000m00
  0xb650	38 8f 00 00 94 6d 00 00 ac 6d 00 00 e0 90 00 00 	80000m000m000000
  0xb660	c0 6d 00 00 db 6d 00 00 ac 8b 00 00 f0 6d 00 00 	0m000m0000000m00
  0xb670	5b 6e 00 00 30 8b 00 00 70 6e 00 00 ca 6e 00 00 	[n000000pn000n00
  0xb680	58 8b 00 00 00 00 00 00 00 00 00 00 00 00 00 00 	X000000000000000
  0xb690	00 00 00 00 00 00 00 00 00 00 00 00 00 00 00 00 	0000000000000000
  0xb6a0	00 00 00 00 00 00 00 00 00 00 00 00 00 00 00 00 	0000000000000000
  0xb6b0	00 00 00 00 00 00 00 00 00 00 00 00 00 00 00 00 	0000000000000000
  0xb6c0	00 00 00 00 00 00 00 00 00 00 00 00 00 00 00 00 	0000000000000000
  0xb6d0	00 00 00 00 00 00 00 00 00 00 00 00 00 00 00 00 	0000000000000000
  0xb6e0	00 00 00 00 00 00 00 00 00 00 00 00 00 00 00 00 	0000000000000000
  0xb6f0	00 00 00 00 00 00 00 00 00 00 00 00 00 00 00 00 	0000000000000000
  0xb700	00 00 00 00 00 00 00 00 00 00 00 00 00 00 00 00 	0000000000000000
  0xb710	00 00 00 00 00 00 00 00 00 00 00 00 00 00 00 00 	0000000000000000
  0xb720	00 00 00 00 00 00 00 00 00 00 00 00 00 00 00 00 	0000000000000000
  0xb730	00 00 00 00 00 00 00 00 00 00 00 00 00 00 00 00 	0000000000000000
  0xb740	00 00 00 00 00 00 00 00 00 00 00 00 00 00 00 00 	0000000000000000
  0xb750	00 00 00 00 00 00 00 00 00 00 00 00 00 00 00 00 	0000000000000000
  0xb760	00 00 00 00 00 00 00 00 00 00 00 00 00 00 00 00 	0000000000000000
  0xb770	00 00 00 00 00 00 00 00 00 00 00 00 00 00 00 00 	0000000000000000
  0xb780	00 00 00 00 00 00 00 00 00 00 00 00 00 00 00 00 	0000000000000000
  0xb790	00 00 00 00 00 00 00 00 00 00 00 00 00 00 00 00 	0000000000000000
  0xb7a0	00 00 00 00 00 00 00 00 00 00 00 00 00 00 00 00 	0000000000000000
  0xb7b0	00 00 00 00 00 00 00 00 00 00 00 00 00 00 00 00 	0000000000000000
  0xb7c0	00 00 00 00 00 00 00 00 00 00 00 00 00 00 00 00 	0000000000000000
  0xb7d0	00 00 00 00 00 00 00 00 00 00 00 00 00 00 00 00 	0000000000000000
  0xb7e0	00 00 00 00 00 00 00 00 00 00 00 00 00 00 00 00 	0000000000000000
  0xb7f0	00 00 00 00 00 00 00 00 00 00 00 00 00 00 00 00 	0000000000000000
=== DATA BLOCK END ===
